0.9472861305568706	-0.3091425524374232	-0.0841419581841695
0.2219101921033186	-0.8640430261425278	0.45186891419429526
0.09166648779499685	-0.8660066779127958	0.49155842869975563
0.07748094701433297	-0.8660356360000727	0.4939422841058575
0.3080761118580152	-0.8513512688555743	0.424605848193888
0.13685849435390582	-0.8659685012778342	0.48100759590447584
0.019932742349776798	-0.8704478904668149	0.49185684478747405
0.10267145957616194	-0.8660692718593918	0.489267399005333
0.09420577269092925	-0.8667239703577376	0.4898110162083173
0.0657563474975929	-0.866910212637863	0.4941080711625251
0.03605427325166159	-0.873589935580364	0.48532536903915324
0.9980109377559522	0.003581617220348529	0.06293917808147599
1.1681843908342314e-7	-0.8790997273193539	0.4766378808141709
0.032293340071491684	-0.8698149528095225	0.49232010730417586
0.014532203708089879	-0.8661522683962454	0.4995688771405051
0.0238519249475799	-0.8753058057002726	0.48298119237056353
0.02123102201813839	-0.8678172001137322	0.4964298045956024
0.0017766895630186353	-0.8938307579458149	0.44840095843363964
0.00020630210234206278	-0.9012355820500648	0.4333294163639522
0.0058620325029022004	-0.8857713100431734	0.46408493067469403
0.03106362301621783	-0.8682388393089695	0.49517306998717064
0.0032359324668855614	-0.8688018295125847	0.49514938127463676
0.0036038959873150385	-0.8681013269946851	0.49637394976346116
0.06970784475846202	-0.8672270566697267	0.4930091769522071
0.9972625166103342	-0.04153349489641532	0.061175499717718414
0.013987835634508077	-0.8761877144232851	0.48176698677676294
0.0005983592888526951	-0.8948295502549038	0.446407569331847
0.002926412340287398	-0.8871864324896734	0.46140185317904886
0.0003740863607593865	-0.8838616231085281	0.46774832041959596
0.0007695680539027387	-0.8813714166940273	0.4724233626735387
0.0000920825010658291	-0.9141840077459976	0.4052993850257843
0.001949090580147286	-0.8821942549086088	0.47088161744981594
0.0018397077929215224	-0.8728302349606576	0.4880204876987852
0.0008611954821691743	-0.8669680528912369	0.4983629737533872
0.03083365819062501	-0.8675445117607848	0.49640286626521946
0.0032404504121154383	-0.8762855181016843	0.4817812680526189
0.0070331595800596294	-0.8746339612410101	0.48473288366912015
0.00010331647762773231	-0.873969242613627	0.4859812262742963
0.000055266045211659566	-0.86997426264407	0.4930971296636909
0.00024335316462042078	-0.9285675450805235	0.37116338047060515
0.042909800093389384	-0.8678202876983357	0.49502191599476
0.006915792666268437	-0.8713086443240055	0.49068668021259837
0.0003117585095293935	-0.9061851136656622	0.42288112109360304
0.000026739697774293907	-0.900322476812197	0.4352234334588841
0.0007694911031594635	-0.8894053988736474	0.45711863267411273
0.9911215144265532	0.02648045476900322	0.1302955454190297
0.0037098460446432363	-0.8774041730639265	0.4797375888257377
0.12628522701605954	-0.86587573399323	0.4840570779558825
0.988824122587105	-0.04876474549078709	-0.1408859616394094
0.047833604783811545	-0.8686488051161891	0.4931137795920969
0.06566356273744421	-0.8694754305931495	0.48959245513333116
0.04602768641825356	-0.8660632174413722	0.49781116447713547
0.9999684112613257	-0.002947495424173176	-0.007381649559857798
0.9919609588763326	-0.04033085057883283	-0.11994531485945717
0.006324625253160323	-0.8911008841959769	0.4537611853172935
0.9902546147015617	0.02644193249017564	0.13673559254432033
0.44564234865225455	-0.819741977292631	0.3597582351414213
0.9929246618298875	0.014657458211151348	0.11783791770390346
0.9875300836280998	-0.04311318850494354	-0.15141197742059748
0.9952978953169671	0.017929056342912128	0.09518743885759515
0.9976970627076756	0.013023433193164262	0.06656546591394007
0.9880576863447966	0.027525890418718963	0.15160585018931252
0.9998876731935677	0.003385923994119054	0.014600565545856195
0.9239318694853429	0.04475631292231352	0.3799299580224223
0.9598576415891987	0.04355357644751757	0.2770855352800858
0.9517235613478175	0.0474983644286796	0.30325924248409514
0.016120526494612354	-0.8794554619396661	0.47570812384278793
0.9944625023036896	0.021793798218468944	0.10280740183030079
0.047250345552874745	-0.8675588558631178	0.49508487803467766
0.9926132259359517	-0.00796066998793616	0.12106036275497684
0.019604793691382093	-0.8662777346658235	0.49917786257662483
0.008599595739807245	-0.8790124807780315	0.47672120320955197
0.9965875722771037	0.007440797359128311	0.08220611484244252
0.012489587452055294	-0.8690914377069892	0.49449376448007515
0.9658239015399782	0.04313728328138168	0.2555843618165954
0.12429009296593665	-0.8660251862328342	0.4843060495192101
0.9999781526460594	0.0015725929999544298	0.0064203724059286055
0.9896461681709863	-0.06892545841854567	0.12589576246354472
0.9987742013513564	0.011495454883185775	0.048145085231917566
0.00015525477279169472	-0.8899242844091538	0.45610825898552965
0.00047204448347196106	-0.9079096321399428	0.4191656916322225
0.988986511166266	0.01958953992530821	0.14670354684428022
0.9833495497617228	0.03200444011752044	0.17888370187409774
0.9722156807889181	0.039818901486510655	0.23067536737273847
0.6739533862240743	-0.6898877992377805	0.2642757227971491
0.9999896093456465	0.0012041146329421948	0.004396738415230065
0.9970731458830109	-0.023399620643981815	-0.07278461041094964
0.9768132413723412	-0.08192587720445246	-0.1977979831139375
0.9327892857184903	-0.3604220289610845	-0.00033089025992349334
0.9858839619174228	-0.13681468254330162	-0.09651194886946105
0.9889514399736029	-0.07151799462210198	-0.12984693226784547
0.9939476137902754	-0.046452415414606436	-0.09955056073556856
0.9961384179134838	-0.03221788342235941	-0.0816716618210071
0.9834667735614534	-0.08294131649773069	-0.16097777274595443
0.9939542755806459	-0.028890018615116652	-0.10592575172908404
0.9963168251948015	-0.022643419987461853	-0.08270465141104612
0.9974598719198668	-0.011142078931557824	-0.0703538057725776
0.9834028338595958	-0.051898519307299565	-0.17385456580321998
0.13915425079933677	-0.8660470412278369	0.48020684799884394
0.130684525369178	-0.8662526138798599	0.4822115342620324
0.00045521339186058065	-0.9209483044348536	0.3896845048745663
0.0018625951749073524	-0.9342834746558001	0.3565261837850053
0.001677323610278051	-0.9198525650901381	0.39226068510953244
0.00028678722910408275	-0.9568811038911044	0.29047972522919135
0.00003380150751427939	-0.9522566366145176	0.3052987010798841
0.000862537261261619	-0.9542906034784285	0.298879072774006
0.00006026355710708583	-0.944091103480691	0.32968467464672213
0.00010059266332919362	-0.9149807783527312	0.4034974165049217
1.2067448169756586e-8	-0.9295562542480947	0.36868030892393927
0.000010654007995750698	-0.9378488827871639	0.3470439063596425
0.00028533752426076624	-0.9388107907855021	0.34443318319696986
0.008922377172207233	-0.8917512095032412	0.4524380306020965
0.007727438985365062	-0.8998122054635873	0.43620898842811867
0.0051883006389210565	-0.9034719053806503	0.4286159093224815
0.009395781788309035	-0.9023364891140125	0.43092990114168667
0.012926006160414939	-0.8869343585793275	0.4617145892607444
0.01517869841325752	-0.8902696173148615	0.4551808603187628
0.020943777330068313	-0.8855870915002094	0.4640009284035414
0.005667141659857006	-0.9097782900260086	0.4150558354038148
0.00006965683668294475	-0.8930921481797407	0.44987377119323274
0.00242212896218977	-0.8918175207389926	0.4523888183788888
0.9790273803617758	0.029616707150826378	0.2015644789130782
0.9671681625241243	0.01382888425995525	0.25376072856104753
0.9732477841131454	0.03457116779971817	0.2271422133286017
0.9674985141391182	0.029001531798136585	0.25120815331505514
0.9520419306905461	0.023010867107407212	0.30510106883126975
0.9604742880475486	0.03455122752856928	0.27621613760934355
0.9727593650069539	0.0033283714745568366	0.23179331253208127
0.9323636603455917	0.016001189256019555	0.3611675051958068
0.9509319524849245	-0.004401110520037088	0.30936879604995654
0.9436988375245892	0.04518098586201012	0.3277059391760785
0.923018402721029	0.027010306526012225	0.3838065548941174
0.9105685077235134	0.01297610189456934	0.4131544669028714
0.9945073386997824	0.009104801481897188	0.10427011010951967
0.9761142777063629	0.037767620799591825	0.21394981579081485
0.9120036741895332	0.050717536447245894	0.4070344331398934
0.9981266140123488	0.013980798150556478	0.05956340892961963
0.998773565668257	0.01082260992006399	0.0483139279797648
0.9993273025882652	-0.010259715345140202	-0.035209097442263054
0.9929136265777013	-0.022541030944920274	-0.11668089852352476
0.9950070050982257	-0.01275495853678183	-0.09898672051434278
0.9815806581280085	0.034755141111518235	0.18786029850743888
0.9854678656224721	0.02938011159484662	0.16730180772533088
0.9991897792709779	-0.009570235429821885	-0.03909214235920768
0.9978031060424151	-0.014361266146193513	-0.0646739175153894
0.9973826880500943	-0.03106299735660213	-0.06529061014565589
0.9920145729539014	-0.049053883489474356	-0.11619295831370129
0.9895770098251536	-0.027607337896074124	-0.14133356473180728
0.7498969501263559	-0.6482184096937829	0.13216450932551016
0.9813836817035709	-0.0406630559947786	-0.18770345005649097
0.9836981511013946	-0.02700784992877328	-0.1777878611208389
0.9877704182828192	-0.02147632000735844	-0.15442916966792897
0.9499467693081126	0.04685321682647415	0.3088784737628881
0.9996358946729367	-0.004264960070795538	-0.02664372716103731
0.9975551058755497	0.012923204512912897	0.06867897441530453
0.9393972960875748	0.04647122078916151	0.33966622696658877
0.9998144950853496	-0.004169490144886024	-0.018804009390528717
0.9715783379466023	0.03584692679971871	0.23398831396446615
0.9927354045484741	0.014546921970150435	0.11943535329697041
0.9627869509080612	0.019353003474932167	0.2695677065556216
0.9713714443486149	0.02670764558176871	0.23605977796220295
0.9889262126096314	0.01303972569292908	0.14783406768205742
0.9570722679871018	0.04030540656266205	0.28703335703685007
0.9780683720564657	0.01846278964899471	0.20746417758541305
0.10055503230266838	-0.8668759072924769	0.4882774281435242
0.05516310029757284	-0.8732780012430708	0.4840894183004492
0.0016005425855097205	-0.9051011932430287	0.4251932128497321
0.0026338791079903176	-0.9119831884974153	0.41021912020154844
0.0007279952845472711	-0.924429944943251	0.38135121202781486
0.0001881578730050606	-0.9227513813073654	0.38539570948826607
0.0007415155965361881	-0.9321974844704275	0.36194930598307173
0.001690299844346554	-0.9202157231663222	0.39140792751797826
0.004245958600728473	-0.8982921134518749	0.43937825474837167
0.00040582966217852124	-0.9454593698021354	0.32573979700926003
0.0023353229996393885	-0.9256849038655153	0.3782882565213715
0.004887179557682747	-0.916526227395401	0.39994473364744376
0.006901302853291824	-0.915795628330011	0.40158528253730513
0.008868867629956576	-0.9094699938703643	0.41567496128153053
0.005264653197370159	-0.9249021102651869	0.3801688701797081
0.0036423615987211415	-0.9245002342283036	0.3811640724331138
0.004150439352453319	-0.9105852324533501	0.41330050603774965
0.0022382780946619183	-0.9130872346692603	0.4077581292815808
0.003266991929437896	-0.9458572355299567	0.3245665059111321
0.0028557655373605668	-0.9393456495397025	0.34296004912238726
0.00544132602078399	-0.930807694933518	0.3654687770845636
0.003969385015407572	-0.9312026333595903	0.36448031442968765
0.0010834952052758422	-0.9458167360989892	0.32469913420456675
0.012859978489922673	-0.8976935460782436	0.44043264897451345
0.0017610037007423321	-0.9395933121056217	0.34228833855735363
0.00028569196056281443	-0.9640907893974023	0.26557271730958604
0.00022490176252362826	-0.9526231672866163	0.30415300519313104
0.00014652869943717115	-0.967411618801589	0.2532088828162027
0.0007518379305963985	-0.9760014300792317	0.2177628141419483
0.0008446139707141468	-0.9658093281183311	0.2592520556270646
0.003042419821459156	-0.9528935720348135	0.3032896042668849
0.0015606070889695558	-0.9326203831128258	0.36085562973022856
0.0011360432169432548	-0.9534358840697614	0.3015936411364165
0.000014799886574724935	-0.9639094496427757	0.2662303000605388
0.012565806795184797	-0.9586091450524393	0.2844478994849802
0.010179902472480695	-0.9652130423104879	0.26126643974950786
0.0022971774814217294	-0.971388185766227	0.23748624282138298
0.005851022759465992	-0.9738617791473253	0.2270660711085533
0.0010985981779693072	-0.9834653472498706	0.18109308059872092
0.000046894536553841534	-0.9674992315107596	0.2528739504713606
0.0033687807133305904	-0.957877757709337	0.2871564949678802
0.005471385209482014	-0.9378453668067875	0.34701027636502574
0.0006763756229179643	-0.9740401964068267	0.2263741113726733
0.0004837873681439898	-0.9643203173607072	0.26473777870777604
0.003070491317832858	-0.9658482902762696	0.2590900466121261
0.002479556549909476	-0.9837159668343042	0.17971296112013171
0.0020754882538555593	-0.9801797347129362	0.19809941950088195
0.0017842108735193912	-0.9854955607307302	0.16969182765113522
0.008224944738506637	-0.9763422975970344	0.2160742192094942
0.00745158277017688	-0.9815751430736177	0.19093117192911666
0.012553853743616472	-0.9688074744494282	0.24749642059453084
0.01771709325161876	-0.9669119543263269	0.2544943559051095
0.009784379839617266	-0.9839364240044773	0.17825088899760197
0.00395322576223268	-0.9849580717955081	0.17274828164397868
0.0027793392245161214	-0.9767079653939811	0.21455494776262973
0.0050018075170519885	-0.9822445835094923	0.1875381563517842
0.0012054719091085123	-0.9798381361192006	0.1997893236485059
0.00028223219248507133	-0.9825584934658256	0.18595356211473074
0.0006605006584462119	-0.9849474403271151	0.1728528377896768
0.00007235704617539353	-0.9847496040140404	0.17397761970623865
0.00010104105850716279	-0.9738619187743046	0.22714082185273143
0.0005601823141675005	-0.9575790820318378	0.2881700675830813
0.018996127660188364	-0.9556527031981875	0.29388272831848194
0.010169685559912113	-0.9544657424525586	0.2981471515545613
0.01125027658751097	-0.9743870374632595	0.2245959316200475
0.023580037023292484	-0.9480401956921821	0.31727554145554504
0.02174152872737416	-0.9604067831039108	0.27775189809719447
0.02124238109219905	-0.8748656821734002	0.4838995757394348
0.0010932365697097666	-0.9849356575852205	0.17291777020009202
0.0017148962328189723	-0.9831528961553302	0.18277702785716127
0.01919952754147085	-0.971711637167705	0.23538876849807944
0.001009385398068938	-0.9773022146971652	0.2118474977174247
0.0008018699685417817	-0.9825347634334746	0.18607739155867262
1.250120658567738e-8	-0.9822682380858323	0.1874809548934366
0.03169720733530346	-0.8759247002305816	0.481405449255727
0.04340644043010674	-0.8815358007616343	0.47011755221936957
0.006743264147008494	-0.8964889101929854	0.44301485560829357
0.009831207022964961	-0.8892463063159733	0.4573230303318099
0.002868355089150485	-0.898407062531633	0.4391543265554431
0.9961349712326548	0.018969851297207484	0.08576283477754179
0.9434060419523622	0.029733493255347396	0.3303043435781796
0.9670957594523961	-0.03023845341156743	0.2526092397052601
0.9591310548758245	-0.007399847569561253	0.2828654482766237
0.9012832121163968	0.041923865665009545	0.43119712550624967
0.8622834734565091	0.038575983482190095	0.5049545572644726
0.8680163741253281	0.05620531829648584	0.49334423726796395
0.9370095307915998	0.03257514641368702	0.34778153924817945
0.955156967483178	0.02858050962059081	0.294717359410955
0.9457576359650325	0.021549824992325176	0.32415752198064635
0.9243252875402101	0.02472172753893714	0.3808038852233501
0.8976290039162955	0.027813875868136283	0.4398733449953871
0.04691829314099342	-0.8804534571113249	0.47180545103829846
0.9701225998135549	-0.06047095752404721	-0.23495830401821116
0.9985845025819108	-0.016320628424782654	-0.050622408981179534
0.01763247925835223	-0.8989905690664676	0.4376129024660411
0.30681246198494816	-0.8569269964342123	0.41417657581395684
0.014075492132509344	-0.9021234437007629	0.431248388804763
0.9769235172639454	-0.04215010962155531	-0.20938913456894642
0.300338750659488	-0.8618717704969793	0.40862413789777574
0.22436657466635035	-0.8649974047592793	0.4488197076022849
0.9745237425733605	-0.06313312758016072	-0.2152154347688797
0.03227816193772802	-0.8909856568655288	0.4528826332746975
0.9455739233703359	-0.305181356091578	-0.11293491637281844
0.019925905246464492	-0.9045354875523504	0.42593251819806016
0.957585734483693	-0.15211606012817244	-0.2447248768809757
0.9428559270226949	-0.2414635887532989	-0.22960408573140056
0.9599000716570684	-0.07772386273914911	-0.2693526565557893
0.954295670629382	-0.10024874954715046	-0.2815492163587938
0.9985952496859001	-0.006102742229501935	-0.05263348593846847
0.9999671670898466	-0.0009812516065827604	-0.008043748354558204
0.9647520794343593	0.04105586643177382	0.2599381485250215
0.9844497570094136	0.021764732190471765	0.17431285769209257
0.9931564700647462	0.02038131402070878	0.11499925220331758
0.02625750621434706	-0.8779866800287983	0.4779643637965201
0.0361301182579219	-0.8793041872972635	0.47488815604957724
0.027722029109222304	-0.8867067273771474	0.4615004536576063
0.02206037571549164	-0.88975853450716	0.4558981137216541
0.03843074502923485	-0.8837388324415596	0.4663997790215246
0.0074004797623658065	-0.9156318943762481	0.40194958253523533
0.00629282155196292	-0.9572838494740533	0.2890813586744281
0.0016843584265683667	-0.975052536431988	0.22196782229466863
0.037913163777123046	-0.9500831912057343	0.3096845520860495
0.024927617526649834	-0.9704641677515129	0.239953980993874
0.030288200491544074	-0.958112533966957	0.28478587950669304
0.000034984665129577916	-0.9847190166947634	0.1741506730844628
0.0003758879565944853	-0.9847106433977015	0.17419761045298232
0.00018020594127983667	-0.9822421490242093	0.18761750506315272
0.04735584292233177	-0.8855966580837125	0.46203461269917384
0.015599378254178701	-0.8971149415260395	0.44152173342748774
0.07233810102119669	-0.8669984809824185	0.49303228404925536
0.9826249013531453	-0.025082810848687884	0.18389985274776763
0.8235551611814469	-0.4056455142849782	0.39649541388504944
0.9843290033197459	0.008132956827958553	0.17615410366151024
0.9496603968138027	-0.12436773753096336	0.28753746987980616
0.8651934845602437	-0.3116102057177664	0.39286042555471873
0.9791134537307267	0.015408454488699833	0.20272992934877174
0.19310700588527985	-0.839703850809275	0.5075501228589129
0.9571232730808179	-0.04060658661304659	0.286820754567551
0.9373774554401774	-0.11716632324209922	0.3280176195426488
0.9131536782676998	-0.1705555224330255	0.37021773814036496
0.9230103279063889	-0.11461370119834902	0.3673086359939771
0.3724211719049736	-0.7692330070845977	0.5192138784051458
0.15627173103903483	-0.8525201838719234	0.49878701082630994
0.9377552668998639	-0.041921967110852935	0.3447573176527537
0.9275668195256951	-0.04206898042965799	0.37128155919813155
0.7443292601723857	-0.4640365491466228	0.4802541342948783
0.401984392525656	-0.7520974717723997	0.5222623297915939
0.2369651165597145	-0.830488676632659	0.5041191243335008
0.01775899016195823	-0.9023702145154214	0.43059565049338316
0.12841250332924833	-0.8695868478379466	0.47679025058822194
0.08832119054989364	-0.8747888058457726	0.476386305918607
0.5188497665671876	-0.6723184569263082	0.5279988751971
0.8817180053464865	-0.21298133590864912	0.42096592451453896
0.023966688438043157	-0.9128966840048187	0.4074864932464879
0.10934237136591739	-0.893874159428834	0.43477952220576493
0.008609005605147088	-0.9009411028038377	0.43385598336440573
0.08644978023249869	-0.8802914143967496	0.4664905800089887
0.2867528725255281	-0.8118577658727106	0.5085860380412826
0.11235352498205178	-0.8802297150077407	0.4610556736897391
0.2734183148575801	-0.8270867282286753	0.4910905915291258
0.07729050026556657	-0.9018368369940631	0.4251076310879893
0.05348397727183839	-0.9013260786485328	0.4298264348818535
0.1741966684400834	-0.8663867185035472	0.46800595584354565
0.4817297982243226	-0.6992395025169569	0.5282049977258754
0.7535809912594887	-0.4416074915363569	0.4869276260711986
0.8838583733284079	-0.18175348509945222	0.43099889390979185
0.17959489288018457	-0.859163987652672	0.4791481156929602
0.03377146536169046	-0.9448001749438049	0.32590200605930625
0.0065969480594162385	-0.9443962659507787	0.3287433240911932
0.16404001751282493	-0.8840970835661348	0.4375651031380895
0.2522320939474782	-0.8434059077382482	0.4743895504488818
0.011673453054773875	-0.9270138592815024	0.374845348368888
0.006909757245344235	-0.9308374267545954	0.3653682255036603
0.002655380557408926	-0.9268750647881205	0.37536057761586067
0.9007879085169146	0.021626894985861914	0.4337204413939848
0.857096308133844	0.03199618330591381	0.5141616115942429
0.8647729179624384	0.017357116001155158	0.5018630598906961
0.8882096059899016	0.04372632841600416	0.4573529315862308
0.8178178364670666	-0.025171176238148005	0.5749264285481354
0.8299256618393738	0.011884608638013633	0.5577473907585753
0.8311259534141568	-0.01013009224172134	0.555991934107486
0.8815552943375499	0.05496618983098568	0.4688698977337957
0.845240391669453	0.056017481065010144	0.5314421154797585
0.856154307857842	0.0609797302990312	0.5131094168197626
0.8657524424093515	0.05160891604746456	0.49780440762075234
0.8400051566907698	0.04512696618526067	0.5406985238151013
0.8878929927350646	0.04131455235574008	0.4581911623063187
0.8711710048352247	0.029077227405846385	0.4901179400723599
0.9135946989833778	0.0376492562443285	0.40487931472689503
0.9689870433048733	-0.12389895343762838	-0.21380635922334038
0.9570995410444854	-0.19704554650446302	-0.21244651358681513
0.9635319091835037	-0.17987673631491993	-0.19811769158226417
0.16131803208424958	-0.8661521438407458	0.47302955113242673
0.8992676797053835	-0.41003844119486005	-0.15226988205086708
0.9979401090735527	0.008584291768597955	0.06357553489430727
0.9998196699960816	0.0029517450776028005	0.018759389380344646
0.999319143958607	0.003989933347171495	0.036678726119127716
0.9996645952006817	0.005589714495663611	0.025287391999058117
0.005135053898310848	-0.9390416178621286	0.3437651395129202
0.0021837366947521767	-0.9466463595164198	0.3222668169519741
0.0010469199116342695	-0.9476941149937167	0.3191782705087776
0.004478615080305109	-0.9447761392849071	0.32768580781728746
0.004566357445117	-0.9558865289245265	0.29370068471201066
0.006903561212447456	-0.9384192272518616	0.34542972478726414
0.006489285187304183	-0.9460169215846456	0.3240522693228185
0.007062011881618064	-0.9233796033525825	0.383823183380852
0.0029060283109658535	-0.9651213987805681	0.2617866318498626
0.002100807862841229	-0.9785318369079298	0.20608500858605872
0.002016186514465154	-0.9852003740870326	0.1713947428911096
0.01722523612438076	-0.906636709714898	0.4215603964295069
0.0035120812823924304	-0.969743972464068	0.24409894132231474
0.008892722051347094	-0.9234384869520403	0.3836434286029724
0.01364046191628583	-0.9162083491760787	0.4004699722810126
0.010338662960269578	-0.9472775119716892	0.32024744707947395
0.0047064959181029814	-0.97654879682737	0.21524473585012208
0.007533599845246477	-0.9484973544192644	0.31669545865551674
0.014594769708117142	-0.924780590665584	0.38022079352052846
0.005218141590114093	-0.9792451801063118	0.20261206340418672
0.003583061610469838	-0.9788686693294428	0.20445852849588278
0.003223439842720011	-0.9832316324275079	0.18233257095077138
0.00941312774989467	-0.9439963639232589	0.32982155467105334
0.009561422061295498	-0.9540292745351847	0.29956088285694904
0.005492924294645693	-0.9848372882433604	0.17339360849857702
0.00534251402188394	-0.9601399228716971	0.27946875684386846
0.004745476551161304	-0.9668538780212015	0.2552862295692146
0.007886628036506058	-0.9589196214486737	0.2835682646188499
0.007599891559228195	-0.9646752534422385	0.26333229396418706
0.02404169041817535	-0.9084722931314086	0.4172530284304674
0.01999076366477387	-0.9177164471228434	0.3967327715834989
0.0030205383614583044	-0.9761654889254178	0.21700648510818055
0.0039400221921650925	-0.9848325357273243	0.17346282828898363
0.0025916548198577655	-0.9851235960828861	0.17182777355834225
0.00484016413003342	-0.9831099824280529	0.18295172932090004
0.016779898035569306	-0.9316552612883647	0.3629557950159011
0.013947307164959984	-0.9358668116983243	0.3520778087077619
0.012374190847302244	-0.9433469939857088	0.3315770322851113
0.019751737161444006	-0.922706701602775	0.38499637880950616
0.019786409386875325	-0.933511467024779	0.3580011716975513
0.023329019167748332	-0.9241962270203744	0.38120478856642837
0.026056765008207777	-0.9222919743625383	0.3856145212822752
0.028413461320999374	-0.9086751193483816	0.41653595606257604
0.033355843713700775	-0.903861459201328	0.4265229774122297
0.033809560575879145	-0.9070903873844252	0.41957590818401325
0.0248748148306165	-0.9290392938012554	0.3691439206602314
0.04091176762621782	-0.9021980688007809	0.4293773071808055
0.03261740416645015	-0.8957191132104934	0.4434223440184874
0.030387380058595564	-0.914722632309123	0.4029381007979308
0.029834938158284696	-0.9257247143315342	0.3770194023401058
0.028317958942191333	-0.903961500776479	0.4266751672118779
0.03975166212116916	-0.8909099182981748	0.4524370926842139
0.040423849808070386	-0.8942841359761899	0.44567005341172944
0.0401333991768658	-0.9002294863738582	0.43356220099723813
0.054113359902676	-0.8861498952646194	0.4602283209479261
0.04520600716993748	-0.8924859075258152	0.4488043246043576
0.04813841854173591	-0.8829348760141732	0.4670210887937906
0.03904015650459479	-0.9094711729876616	0.41393000819527875
0.020796018604722234	-0.9507265782773137	0.30933234387516434
0.022991244363482682	-0.9434616059283812	0.33068353575837167
0.008285036498119234	-0.971313967828688	0.2376563360634742
0.023858526419162022	-0.9391352769417651	0.34271810912267286
0.007710175668711807	-0.9845070277390572	0.17517552775306594
0.014400465716437546	-0.9827802723400837	0.18421607662280787
0.013331606668793433	-0.9833298601575116	0.1813412649846617
0.011853568434313217	-0.983562046386535	0.18018100294788209
0.05172190515570424	-0.8945812681896032	0.44390224051174326
0.01654097044283706	-0.9534392657753145	0.301131138832633
0.014338965783290575	-0.9806203667063554	0.19539214534100077
0.01610263455213296	-0.9714740413686997	0.23659858855717236
0.04763719246491954	-0.8958889850083839	0.44171667891840793
0.042003444912307834	-0.9673166025947812	0.2500685925101125
0.03293909561934248	-0.9734921186414085	0.22633627840636
0.05458473712772918	-0.9530175584847718	0.2979564392531592
0.02035709583106778	-0.9428880241179086	0.3324872367841373
0.013322901666957316	-0.9463625531801997	0.32283187300733873
0.7792204224342925	-0.35638854272436843	0.5155606073742678
0.010873889166678861	-0.9415434961744812	0.33671590895876224
0.01436258736295003	-0.9323180486779894	0.36135408146789716
0.023493895959629137	-0.927587368676439	0.3728668801657747
0.027158624489672236	-0.9333052655693433	0.35805542919548966
0.029933147958385403	-0.9175355722284743	0.3965255103378186
0.04319201164125086	-0.9361949737231992	0.34881717461415324
0.04321395520949512	-0.9118505550044804	0.40824149643706326
0.04020222070755971	-0.9298047672415317	0.3658508934868157
0.8850125711496866	-0.10411267657629236	0.4537767066334956
0.863661600615394	-0.1661919536769584	0.47588745954846445
0.8519374031001707	-0.16705546483444686	0.49628130416920235
0.841584595777753	-0.13913282906745938	0.5218979057490856
0.8552667507513614	-0.12574088046655094	0.5027007221386351
0.8356298264386683	-0.11768167094153283	0.5365387381079669
0.8323015526142343	-0.21134911415431817	0.5124506585634561
0.8052169723087284	-0.2881038153521054	0.5182873904365458
0.8189058359002339	-0.20466300860950268	0.5361961253454239
0.8426893177011745	-0.08166580481911603	0.5321704709541621
0.8359867198007561	-0.060816823951660264	0.5453691577649076
0.7997576731453416	-0.26976940973660285	0.5362948161370887
0.8313797474362028	-0.18336264492239035	0.5245816008973067
0.8597715736268007	-0.06479485623965098	0.5065515450456921
0.7843086760402341	-0.29987241906122	0.5430805032169607
0.5802389962306506	-0.6154841360121902	0.5333872754111919
0.7802911685374241	-0.33094068446555996	0.5306825375570294
0.6995853366851721	-0.47155136475043624	0.5368609383230404
0.3636327183561861	-0.792846530048274	0.48904562765789245
0.3837702456171281	-0.7744633585070291	0.5029183879209251
0.8676913775070965	-0.03048975548590721	0.49616735907377757
0.8910161558394368	-0.03436753128085875	0.45266884455059603
0.8877373497480101	0.009536751712469925	0.46025150540672227
0.8798437091649256	0.024556013444867617	0.4746283279015292
0.8662455298288131	-0.08738306937469771	0.4919175553263531
0.8426269962524094	-0.025153568506135662	0.5379098838820953
0.7939535516292854	-0.25577994088946615	0.5515563250419895
0.8054199043001325	-0.20213274789257393	0.5571724418764469
0.665250216467273	-0.518308843915388	0.5373993783112707
0.06260908213883688	-0.9320047593925057	0.35699752282536884
0.7918497814805858	-0.14757930634222177	0.5926164627385044
0.5086258771583755	-0.688727456159386	0.5166761153925096
0.7350893733470696	-0.40805725077429245	0.5414174852022593
0.480065116629744	-0.7186298149628118	0.5030990686155018
0.23451089356010302	-0.8721847155177648	0.42929996834246065
0.16506966202069867	-0.8908023851531977	0.4233475136170595
0.2403474916131963	-0.8623791130628127	0.44557305644331885
0.7562926381442665	-0.3576282662632931	0.547835256859484
0.33093791467297934	-0.8260299155169025	0.45623971254488455
0.9370427705933194	-0.31121982189473213	-0.1584079181689069
0.9288173795421074	-0.33021789759120346	-0.16809049815792143
0.3144329127809613	-0.8585508303037352	0.4049968088082266
0.8235771243135979	-0.5660129175768035	0.03674367215643205
0.5718313298169703	-0.7819183034390467	0.24821905041063674
0.4555642758173622	-0.8329933946092737	0.3139796094276207
0.6055855459779116	-0.7724754830345376	0.19117472273601657
0.07758713453461885	-0.8713762026302857	0.4844416890032588
0.07581647688713423	-0.8703496200588247	0.48656284352165874
0.1540720588287409	-0.8661053834065621	0.4755242007747291
0.1673214503269317	-0.8660255258141525	0.47117228367001057
0.09830983663384474	-0.8684220760998884	0.48598176278887906
0.08002080444459225	-0.8738647585064592	0.47953837666706944
0.12124453527533759	-0.8672648719311857	0.4828575406681057
0.06196018956578314	-0.8774884057306457	0.47557862937401013
0.0637792376597706	-0.8790501200222419	0.4724437483261057
0.0558948857615418	-0.887556100356791	0.4572963267566778
0.08137008093796884	-0.8751285020816889	0.477000015484704
0.12440801451365884	-0.8674650589661251	0.48169182824464285
0.24500930337032772	-0.8649189717519125	0.4380475014945309
0.3177941807631144	-0.861509297867086	0.39599064176020793
0.24871652552783619	-0.8653606542928608	0.435075887554336
0.18720509923356712	-0.8660254072610519	0.4636315830476602
0.9620799074760845	-0.09916309037103226	-0.25410417772810284
0.9414539379269672	-0.20062270976693938	-0.27095204573425313
0.006827384162198368	-0.9566588086681506	0.29113108838311413
0.008796336411491348	-0.9656297503050957	0.2597726117038792
0.01041036826838492	-0.9606139162716967	0.27769142604277586
0.007413689418445565	-0.9816573060760341	0.19050976520050106
0.011230739474611442	-0.981632031547915	0.1904532098179667
0.009166362260229953	-0.9823307545740432	0.18692850617523554
0.009901009587809768	-0.9838969184603003	0.17846238778372184
0.011105617600807687	-0.9748936189558404	0.22239401290702357
0.008783967545761044	-0.977310777083296	0.2116281808053915
0.00916835250761229	-0.972727537753724	0.23176945141211683
0.043291505868809525	-0.9802083890294321	0.19317701622070946
0.11081263928629204	-0.9004195648226015	0.42067227892872006
0.8820030377995643	-0.07206470765983515	0.4657008902957377
0.8831626812755409	-0.015820439136528187	0.468799948920352
0.9011978231708813	-0.0806908513393317	0.4258303300872298
0.9121020552935036	-0.032368123323975095	0.408683429223464
0.9265649769317894	-0.013488523043506971	0.3758928082173126
0.9057298228969047	-0.016881260432050488	0.4235191978663621
0.906882514348662	-0.09839821247326425	0.40973393434119565
0.7843504376611332	-0.16354090899568255	0.5983717590475462
0.7144797480508334	-0.4436529351183814	0.5410090228323952
0.6090007523588441	-0.5942562558915154	0.5253356888315882
0.7832592777449126	-0.280010251407632	0.5550668094321193
0.7774792428686176	-0.22485156582926444	0.5873395953386502
0.7710443976250316	-0.3063443568956083	0.5582505458029292
0.7821226606253674	-0.2531698436322345	0.5693761270122997
0.7877900353719741	-0.2421193699664765	0.5663612547267515
0.7861474220501485	-0.1862962610952625	0.5892927404150091
0.7804882560730999	-0.19372448958242877	0.5943979342729906
0.8015567597831126	-0.06787189256764084	0.5940540102089071
0.7952683389952447	-0.09299625874087658	0.5990826026951079
0.8164676044657206	-0.17937325467850776	0.5488222721100583
0.8016805071611975	-0.15299183972398211	0.5778424191902461
0.8121506610449472	-0.1289819208808892	0.5690122739011273
0.8222647579433235	-0.1376503697829284	0.5522074280042153
0.8209970524619914	-0.07294508780431136	0.5662533479052849
0.7892934613355294	-0.12828273199426773	0.6004659628697251
0.810509541590045	-0.10334639984126688	0.5765360393170094
0.11891044055932576	-0.9118963453829844	0.39281721245783474
0.07944255049115628	-0.9507207365040851	0.2996981187004519
0.09191041395910492	-0.9317262326439161	0.35133844538997056
0.16629133215292138	-0.90418554347841	0.39344084157018977
0.2154841516803023	-0.894812021155937	0.3909961984079222
0.3153064086439476	-0.8423015759788185	0.43716121027791854
0.6339722940039534	-0.7498819406802929	0.1890931132456242
0.010900301592516579	-0.9547465008031979	0.2972209659987693
0.011612099632304746	-0.961497755394183	0.2745673424026929
0.013522115809149469	-0.9564921288038687	0.2914446086656729
0.010844041461179734	-0.9679876733933535	0.2507633763596881
0.014502751801239458	-0.9582517225023869	0.2855578864458134
0.014188004785061601	-0.9670921823398059	0.2540303355456803
0.009762920280220515	-0.9781736183037997	0.2075597693245358
0.01498010565887108	-0.9494544677675473	0.3135471417039115
0.011803816722465875	-0.9693211169554573	0.24551424018782936
0.05396020792702976	-0.9659476703321299	0.25304820517127297
0.032587028446184975	-0.9784048308159369	0.20411289183460574
0.0579349911836424	-0.9778727981359647	0.2010182266917352
0.14168764497119482	-0.9332341887846622	0.3301492997810994
0.07159086322381461	-0.9732013755826748	0.21852649923260722
0.053422223996573454	-0.9713319018867389	0.2316471505552155
0.0694968801538867	-0.9692538021071926	0.2360450184808555
0.09150350614316007	-0.9559026364967214	0.27906497075434866
0.09350378050471919	-0.9704347807831294	0.22251602027207976
0.07830817848153748	-0.915656191158317	0.3942607877742184
0.05497846801352771	-0.9200257855630156	0.38798185776404737
0.7976147403391227	-0.10774386545895161	0.5934660777582129
0.46492761793059934	-0.8321699465442209	0.30221762052197926
0.8466563387631343	-0.5309709745992406	-0.035254335411940466
0.8085428940983536	-0.5884185901409311	-0.004685208599153321
0.0891380559280448	-0.96168433476393	0.25926366358405495
0.07212962487529645	-0.9581268588768082	0.27711051859178865
0.9361160200506065	-0.2612438616668502	-0.23545369342187847
0.9517178112037274	-0.16899154471927685	-0.25627146866356154
0.025772370962146653	-0.9822359167740156	0.18587196855389082
0.04112303104379321	-0.9775985341472635	0.20642190375755443
0.022052938111438103	-0.9800965519002429	0.19729271875542528
0.025719817086878823	-0.9748306697700816	0.22145802375310733
0.01727273693515477	-0.9826170135512837	0.18483900356343996
0.946626061184873	-0.1487733241969367	-0.2859468452230347
0.04627919543435779	-0.8993957861749531	0.43467856616203954
0.06371161104369055	-0.8851707230794424	0.4608835228354714
0.06717468836319421	-0.8818269662697428	0.46676414044226827
0.10232412834142697	-0.8705195105174851	0.4813788056900359
0.592896183303013	-0.6181250265519839	0.5161352219862826
0.6925102350578604	-0.48542133007652116	0.5336625400445941
0.7484317952631586	-0.3747127637654606	0.5472112868996907
0.7486716907565748	-0.37716537602817135	0.5451944410806294
0.7813178328870045	-0.220482739464792	0.5838919468624787
0.7695879988187263	-0.30805630845659937	0.559317104060193
0.6942013730596921	-0.48736329015446755	0.5296805424516274
0.7725847000078991	-0.32271111447326506	0.5467818741592737
0.5947655587431058	-0.6292220166796044	0.5003334726546416
0.44227398349950003	-0.7624307384592504	0.4723273150813601
0.29844362632635	-0.8670585551605114	0.3989246342708661
0.43935608683552274	-0.7722037346833182	0.4589854258053434
0.12155207612492254	-0.9602588935806995	0.25125276135575414
0.7762354031872593	-0.25988682505432525	0.5743843982925508
0.7693746951494391	-0.32089074471503615	0.552351073521123
0.7748513116048884	-0.259689870847348	0.5763389765437281
0.7527275463011887	-0.38677802760804064	0.5327325768141327
0.7656144046590243	-0.36067376013683233	0.5326809759390383
0.7731518791944177	-0.30435985853816916	0.5564182313770514
0.747803004366676	-0.4110370374653431	0.5213820293142901
0.7073799451684851	-0.5042080784566367	0.4953663561370483
0.6348105046035198	-0.6135995335712632	0.46958623877425626
0.20596449639811049	-0.9065086564038767	0.36853857611966634
0.6150676519255296	-0.6123999347246746	0.4966468599558742
0.15436827261160774	-0.939923783175141	0.3044892744131374
0.22039354108545525	-0.916710615722511	0.3332691615938514
0.17231050693481773	-0.9464256183260911	0.27310737481060865
0.11928554612100155	-0.9553562401486755	0.2703061466108398
0.12940754278719008	-0.9429632211149861	0.30671493523177384
0.19526966525668088	-0.9429067662077352	0.269808428464003
0.47863761769328217	-0.7572116705620067	0.44445080368202117
0.5005521911990741	-0.7468558822271101	0.43778281723769225
0.3601949165385761	-0.8560251792833975	0.3707836492249831
0.24324479340771238	-0.9141714880230083	0.3242259412290108
0.7203694760908752	-0.45965952562076284	0.5194044073962536
0.6388509358566361	-0.5989902288967962	0.48278378953861323
0.7166180711796051	-0.45892734104319466	0.525208754403281
0.5140350384810847	-0.7512804469197942	0.41393920965492487
0.2924181366202328	-0.9028820515437365	0.31511209811069557
0.3789203394685873	-0.8514657096337107	0.3625265806185417
0.309204414292126	-0.8693500436260544	0.3855167075881931
0.7709611811641837	-0.301120158902281	0.5612000597296761
0.7728886460425978	-0.28997964912476776	0.5644067185212421
0.05046607284750612	-0.8661538714121662	0.49722293443591975
0.9729644188937215	-0.22690073031081548	0.0430847786488626
0.041003011332229694	-0.8740815247405731	0.4840457015291884
0.0015406055364224854	-0.907271347669148	0.4205428970190667
0.7995956929797192	-0.5660335593684407	0.20063084866733882
0.2038547599555629	-0.8571612934198822	0.472988111802204
0.992234106720507	-0.09713050987521986	-0.07769904447248474
0.9812505657963155	-0.07163963924147672	-0.1789276088639245
0.974983155431581	-0.1483684608291422	-0.16551328181106423
0.9742214000707895	-0.11166839841497644	-0.1960174289178004
0.0007103271264347176	-0.9348771470416744	0.3549707246726029
0.0004889039053878841	-0.9421553123183972	0.33517626473721973
0.9337785545888515	0.050024236055795625	0.35433767340912126
0.9312214054328242	0.05264107399583327	0.3606322384261855
0.9184468171706383	0.05249228379442096	0.39204592099799995
0.9998446509792513	-0.005074192298352711	-0.0168797654219054
0.0024700733958816297	-0.899579829278703	0.4367493898018849
0.00002481659381703138	-0.9558710138997165	0.293786664385
0.0002811680311171542	-0.9772333622250525	0.2121670961738824
0.00005679292090331273	-0.9739561391266964	0.22673648985547804
1.0493459955991891e-6	-0.9768203332022579	0.214060824630591
0.05918239866344594	-0.8740371459265386	0.48224113390401646
0.995647438407745	0.018255391219988478	0.09139430553103735
0.0776867785761864	-0.8946513927975712	0.4399586910152138
0.012641454208895309	-0.9120963968039936	0.4097808640879367
0.0027879751830114873	-0.9404917746098032	0.33980501627504295
0.01057599828437162	-0.9366349547850413	0.35014726863865825
0.008651130910889426	-0.9314586138740232	0.3637444275502319
0.011338865665099418	-0.9158128910280893	0.40144511300077107
0.012800991988364794	-0.9235306054823281	0.38331104255103116
0.013095565818108713	-0.932449995895211	0.36106164475186814
0.0053593461410765255	-0.9710006899028664	0.23901660531665547
0.007003992007485007	-0.9738134393952825	0.22724068594573824
0.006356693479339824	-0.9779150784469118	0.20890594006437466
0.006446081767040951	-0.9818343919145381	0.18963036382304715
0.006543960860029116	-0.9695726078118723	0.24471643744780988
0.017150427917355857	-0.9365096321133771	0.35022217488491314
0.031210624592575006	-0.9171839045750976	0.39723995531784045
0.021726953421116472	-0.9380705394722546	0.34576234969884984
0.03474521911660203	-0.9152520677615658	0.4013806450325151
0.021389304167524218	-0.9433103579892328	0.331222079845916
0.027584393194789662	-0.9257704406168253	0.37707849651260217
0.6397720364724466	-0.5531412585207288	0.5335976850305881
0.800725398064432	-0.18466748326243068	0.5698567868509391
0.0983494457688342	-0.869294049285124	0.48441226490917366
0.9673182489290565	-0.09131044165920502	-0.23655402878163906
0.08328345281253376	-0.9210619377771669	0.3804060636553954
0.014698917006775386	-0.945410494956139	0.3255502079028919
0.012725656061946299	-0.9480385704515475	0.3179008125406089
0.9508771254532655	-0.1367253558768833	-0.2777388509914923
0.9802245237742868	-0.12835568734170735	-0.15061441006261808
0.0015034252093160713	-0.9642264631156152	0.2650755883520605
0.0008607430110592159	-0.9679820747524193	0.2510178521130935
0.0020029078172975395	-0.9680819910679197	0.2506257108324038
0.030626916197069108	-0.8969156554365162	0.44113977267657717
0.05251668379915144	-0.8957010638322072	0.4415445641977624
0.6195811057354605	-0.5815435483685698	0.527187210359391
0.8336881202289453	-0.2603964096334376	0.4869885296792345
0.03397316542455843	-0.9019833951040619	0.4304320840592459
0.8255323983295934	-0.2988676623302907	0.47872160983333206
0.03539742840910943	-0.9115487029704464	0.4096656980696806
0.019371885533994136	-0.9405910033460384	0.3389886347288811
0.026967397722030332	-0.9305635094196724	0.3651360217735921
0.7925661787381157	-0.2022520123461116	0.5752677427271667
0.8139913871976756	-0.053238122280145815	0.5784321255809433
0.0925872159112702	-0.9369334198341531	0.3370213261021899
0.16069430988228667	-0.9130199021927422	0.3749293226348285
0.12244042679608474	-0.9173005366873811	0.3789037704735009
0.013554028389900455	-0.964586398054098	0.26341861931804933
0.753357918869993	-0.3684825641963627	0.5446764598907743
0.015346863254519335	-0.9174747475719484	0.3974978759138677
0.010307509326051621	-0.9311655907079258	0.36445081689173475
0.017152339357248136	-0.9475806301375796	0.31905602430081376
0.09972952551195405	-0.8660248601680895	0.489954042040681
0.00027401697378419274	-0.9768222625146735	0.214051845052577
0.012964955365282136	-0.9812781766583927	0.19215891846686933
0.015188119670710178	-0.975114120496415	0.22118266891728022
0.011521071961667814	-0.9094292555038775	0.4156990427394763
0.007985491695179592	-0.880217192079351	0.4745038742627176
0.00602341747599942	-0.8867886911462693	0.46213584117334605
0.9869215182350556	-0.0676901132129591	-0.14630094127458537
0.001100697835265823	-0.9710249954727563	0.2389754100977949
0.014910942533855503	-0.9728353913989947	0.23101723969071422
0.01318131134071361	-0.9736975788429592	0.22746269581339829
0.011837019321002255	-0.9768014464277214	0.21381959505692025
0.8949261905329586	0.05703104581068092	0.44255459924387514
0.9997493001927319	0.005641206183849013	0.021668261511580165
0.004195602126306279	-0.9774935799090356	0.21092344146494368
0.01987820362406835	-0.8842203111311129	0.46664686691745616
0.8556724755250524	0.05818021239538942	0.5142369857511768
0.01733262541797242	-0.965054255928879	0.26147631481585093
0.017592753569513384	-0.9620962712381615	0.27214198480107493
0.02455611555298547	-0.8873980088798059	0.4603496182523719
0.04215091410194291	-0.9615174942988692	0.27149108382706555
0.03202539945597108	-0.9633961147347955	0.2661621684304257
0.013665708116841514	-0.9762700392029491	0.21612510029225546
0.9986340093375113	-0.01880638155288973	-0.04874869646846411
0.004931465541565644	-0.9646460556683645	0.2635026905575713
0.8836644210592224	0.05989410071270822	0.4642735052249757
0.01580980208525866	-0.9630915408706527	0.2687093858826238
0.051937860317841346	-0.9468766833353468	0.3173751805378895
0.0670911417726652	-0.9373833757547023	0.3417765140473503
0.01602801710881278	-0.9662642444192725	0.2570535209337
0.0013959717748203205	-0.9597174273731981	0.2809635400883434
0.0023824843167942157	-0.959346429650955	0.282221104250631
0.023830749181523992	-0.9182436850774807	0.3952981535610505
0.8572422480725522	-0.01206072523102768	0.5147720534629072
0.11041672059672872	-0.9392683921293149	0.3249354326008102
0.07097647825979261	-0.9486419106293967	0.30828698469323174
0.9091506256063302	0.05697949767794526	0.41255118082970943
0.11941852469459961	-0.9304544711013564	0.3464010582652144
0.006482714749881372	-0.9683788782162881	0.24939992508827083
0.014104340296099041	-0.9808250398201341	0.19437929119801872
0.057747098433422774	-0.8695061726732531	0.49053469633210595
0.004983318492036293	-0.9521067637090752	0.30572516585364373
0.02555298140734781	-0.8937189428425499	0.44789898006759366
0.04230420180802554	-0.8784189503236512	0.47601523318238514
0.005053852491037873	-0.9498400909046446	0.31269515551932625
0.07608368226036397	-0.8692795092655848	0.48843055603093477
0.019639821360672553	-0.9103897749213005	0.41328529508762407
0.02371896336344951	-0.9045857693403272	0.4256312919463651
0.01749243289301986	-0.9189598495931602	0.3939629546381226
0.019283847071809235	-0.9547743233745326	0.2967054510230888
0.054999379791268566	-0.9129675617253245	0.40430842120823024
0.8415530545226418	0.027622483267118258	0.5394677514381829
0.014742699053034634	-0.9763926220853506	0.2154996528116117
0.9991848889981881	-0.01716464873725754	-0.03653672715781592
0.9997437014867584	-0.007486380617581254	-0.021365519951645737
0.027589456029105543	-0.8952582413429702	0.4446925940731533
0.9474807340093476	-0.17254382609668556	0.26927474214457
0.1520784836506071	-0.8512664618616743	0.5022126499004563
0.9837391623977562	-0.05820011979345263	0.16991176069062677
0.2084515538996782	-0.8366086924123459	0.5065904119275398
0.002680136469784781	-0.9529605247822883	0.3030825878785662
0.01722976277221042	-0.9557412250556979	0.29370367039560014
0.019138719117841856	-0.9516481243707076	0.3065934715747268
0.0017259396390986888	-0.9563543334589898	0.292204397650983