12 15 16 17 18 19 20 21 22 23 24 25 26 27 29 31 32 33 34 35 36 37 38 39 40 41 42 44 45 46 47 48 49 50 51 52 53 54 55 56 57 60 61 62 63 64 65 66 67 68 69 70 71 72 73 74 75 78 79 80 81 82 83 84 85 86 87 88 89 92 94 95 96 97 98 99 100 101 102 103 104 105 106 107 108 111 112 113 114 115 116 117 118 119 120 121 122 123 124 125 128 129 130 131 132 133 134 135 136 137 138 139 140 141 142 143 144 145 146 151 152 153 154 155 156 157 158 159 160 161 162 163 164 165 166 167 168 169 170 171 172 174 175 176 177 178 179 180 181 182 183 184 185 186 187 188 189 190 191 192 193 194 195 196 198 199 201 202 203 204 205 206 207 208 209 210 211 212 213 214 215 216 217 218 219 220 221 222 226 227 228 229 230 231 232 233 234 235 236 237 238 239 240 241 242 243 244 245 247 248 249 250 251 252 253 254 255 256 257 258 259 260 261 262 265 266 267 268 269 270 271 272 273 274 275 276 279 282 283 284 285 286 287 288 289 290 291 292 293 294 295 296 301 310 
-0.7435520009898287 0.311558530571531 2.3055784567035738 1.769479895129486 -0.5449942932072872 1.0300212683667902 0.701110104135564 2 15 1 
-0.6568423730216487 0.2062839460716993 2.2502987610113427 1.7571952061110807 -0.5210326262358126 1.0026223146291833 0.6901081844456506 14 0 16 
-0.9087875282093238 0.5328959659173345 2.3718904383857655 1.7773693716724355 -0.5629560008232268 1.0612989013297873 0.7108028354336582 0 3 17 
-0.9899111422288625 0.6559778645514323 2.3891820485404587 1.7771576900893957 -0.5736292074793596 1.091579950190141 0.7175075238123773 2 18 
-0.983243801528162 0.8263357778777468 2.4281758015175248 1.7760936185769909 -0.5638553327785395 1.1537134806963851 0.7338625021212435 19 18 
-0.9129479310964732 1.2215326307862988 2.4439693289976727 1.7380901760622227 -0.6034082518399928 1.2404738975346403 0.7339867773774287 20 6 
-0.898288984552912 1.1488683238936317 2.4505452928179237 1.7436854892194826 -0.5722550087590818 1.2154650219377143 0.739184524932911 5 21 19 
-0.7736352139462542 1.5731224921325644 2.4153903122491096 1.715026240486491 -0.6524046530141607 1.3264785844275668 0.7227379383067253 22 8 
-0.755147007731179 1.508133672820243 2.4270201774237816 1.716625828540295 -0.6203030181738789 1.3016143413356782 0.7284809263423543 20 7 23 
-0.910466456660558 1.8625462613018589 2.334933288809366 1.708746486981204 -0.7034572719452228 1.4035360431351571 0.7022105335564435 12 10 
-0.7698057473423898 1.7966916513931555 2.3688202280628747 1.712310933939048 -0.6733356112109712 1.3851957912831443 0.7097317759818809 24 22 9 
-1.0891142289902718 1.9069426965198202 2.280496730046797 1.6995702031299658 -0.7211397163858788 1.447459354437966 0.6862802895509987 26 12 
-0.8448776944707173 1.9175006501947072 2.3373411385596614 1.7191153849648682 -0.6911125958757607 1.4358762621532895 0.6944662931920074 27 24 9 11 
-1.2129454526949224 2.1353314931751535 2.145507292763345 1.6830023289422338 -0.7396668295731293 1.4769554709451977 0.6708391418166649 26 
-0.573391651049092 0.08892448489228057 2.160094618917011 1.7302489401350252 -0.49741415168078684 0.9801581174242895 0.6792150977591943 29 28 1 
-0.687307909534214 0.3515470376301408 2.33245703884522 1.771672568582532 -0.5007627493788249 1.060019489122987 0.7197636882956115 17 31 16 0 
-0.6037797187918579 0.2405715839421022 2.274859990259388 1.7597110982388515 -0.47869301051572566 1.0277963894445772 0.7064072292555255 32 29 1 15 
-0.8531863355576073 0.5781490931339704 2.3986699774464832 1.7784242280573315 -0.5226988561766683 1.0934259367430452 0.7292852216026421 2 18 33 15 
-1.0122509337196077 0.7905291772981812 2.418236003391949 1.7810319496908185 -0.5430721377776706 1.1250305977804609 0.7332746103004064 3 4 34 17 
-0.9243405532869752 1.053096871105962 2.4488239389382707 1.7528830083697917 -0.5389455242808106 1.1889972438439889 0.7445465780799042 35 34 4 6 
-0.8173256372046752 1.4536166196246536 2.4323418255158447 1.7225157585548447 -0.5832595717037802 1.2767876488938357 0.7352862685057444 37 21 5 8 
-0.8602777024047239 1.3798167657259697 2.4380257108282115 1.728523918680877 -0.5453024021274732 1.2522644004018622 0.7435647945277598 38 35 6 20 
-0.696201809322118 1.734964768482933 2.3862164064272524 1.7117242087917433 -0.6370159550621165 1.3630734455975562 0.7167143512721017 7 10 25 23 
-0.7065388540735996 1.6870556979501485 2.3964490434324346 1.7121744992005645 -0.5982888847376274 1.3393943369612413 0.7237716422342676 37 8 22 39 
-0.7302976382179697 1.8899571797990027 2.3570297368565742 1.7228485471931045 -0.6556493345796407 1.4213043932076619 0.7011122624184201 10 12 41 25 
-0.6521650789017222 1.8521750962248156 2.36675215238472 1.7197878380550327 -0.6155735875144239 1.401929052350267 0.7076972261486036 39 22 24 42 
-0.9880152722418906 2.1129564329793795 2.236355254160609 1.7059186214675774 -0.7077030031554575 1.4774982317736247 0.6784287937723701 43 27 11 13 
-0.7745067176540766 2.0603205766598887 2.3047527685502 1.7271316174815374 -0.6720799578054655 1.4724144078972132 0.684273438606676 41 12 26 44 
-0.5806699694100057 0.057434267445618775 2.1354403668302 1.725923896367462 -0.4769495146266245 0.9623597708129481 0.6695957060394104 30 14 
-0.5455349884588213 0.157231213085222 2.2130040843094134 1.7405535316128928 -0.4582683964890259 0.9987414238030808 0.6922009788724124 16 45 30 14 
-0.51983895172514 0.09217714752890245 2.1723090761755266 1.7363392833992772 -0.440604758246657 0.9737610655742542 0.6787648660904027 28 29 46 
-0.6325114895888232 0.3947473362689588 2.3425921635348814 1.7580433468621113 -0.45256774473898304 1.090251658464524 0.7384879430768259 33 48 32 15 
-0.5491420655516822 0.26237038851832784 2.2768544056719806 1.747986793506927 -0.43074889042409903 1.053969390868084 0.7233285261587987 62 45 16 31 
-0.7996880608583807 0.6646680141698437 2.419226148300801 1.7639938758832936 -0.4788009373705972 1.1262644262636505 0.7476255288348124 34 47 31 17 
-0.9528181641744299 0.9395956742758741 2.4405720133397617 1.7636942226457837 -0.5077208429860052 1.1597910621737675 0.748585387481653 19 36 33 18 
-0.8941246880331563 1.2881571781904153 2.4434725864328333 1.7358992543906504 -0.5065765570899526 1.2260830144970551 0.7529038242129319 21 49 36 19 
-0.839402008486385 1.1271644451918439 2.4661596800552683 1.7467262133739412 -0.4682381865979735 1.1952209532390445 0.761099660940798 35 50 47 34 
-0.7627547865826421 1.6540491098237873 2.401926548353471 1.7160468442069732 -0.5569147458432806 1.3149109752860089 0.7327348140690791 23 40 38 20 
-0.8295079504963955 1.610086683880495 2.4070950083437412 1.7228089113741334 -0.5138258129666597 1.2903513746567281 0.7443061213637839 51 49 21 37 
-0.657410753005781 1.8412412271436218 2.3691713266012715 1.7194619145887782 -0.5719736013704574 1.3789563143015107 0.7156167549756571 25 53 40 23 
-0.7139036775900519 1.8382444985035622 2.3705340393374863 1.7244418013406069 -0.5263213632544624 1.3542323184467755 0.7265030127079729 54 51 37 39 
-0.6313222902874766 2.029469981148543 2.3236009708018788 1.7307268359608323 -0.6326347122348057 1.460332739953405 0.6894653778155476 24 27 57 42 
-0.5734353621051623 2.002206400176199 2.327745146019328 1.7261574970745288 -0.5894599729743434 1.4418148117933403 0.6955559145169451 41 55 53 25 
-0.914737744488732 2.199691887154095 2.195415869119123 1.6914366685952078 -0.6864876223298507 1.5107245596176302 0.6679118133147313 44 26 
-0.6737226971969366 2.159381513017335 2.2590506034508318 1.7160930488612898 -0.6467080716017174 1.5111701902163914 0.6706538262626712 57 27 43 58 
-0.5047979438713265 0.18900511191641334 2.228185653269969 1.736450332627742 -0.4128848595324962 1.019266180370949 0.7062436043437764 32 60 46 29 
-0.45889732611895795 0.11486083821696011 2.185729368003418 1.7338218317714902 -0.39829570148569304 0.9871456620903278 0.6888404190005745 45 61 59 30 
-0.6440681966475846 0.8350657193583918 2.4573528703863086 1.7386137862560485 -0.43221228980529697 1.15927939560496 0.7628820059172312 63 48 33 36 
-0.4511310842860758 0.5156227687076025 2.367296926519575 1.7237818061990133 -0.40133859837742847 1.1203021302700096 0.7543160521922473 31 47 64 62 
-0.8310974949333114 1.5147327230805032 2.4276807294470255 1.727502857718428 -0.4704097124334768 1.263686167153467 0.7574358779659104 38 52 50 35 
-0.705676617590083 1.3216291329777057 2.479188086097797 1.7358099690459259 -0.4274944982324388 1.231790581812294 0.7686205212179065 65 63 36 49 
-0.7647603390062606 1.835818002123556 2.372421227379508 1.7326098211276775 -0.4796047894855511 1.328895900677047 0.740800645181619 66 52 38 40 
-0.7128562785790536 1.7562713834758175 2.4089248010647974 1.7368242710212163 -0.43314182687773767 1.301224292226038 0.7567338813128659 51 67 65 49 
-0.5900569858651643 1.9979240587875464 2.3279473777216744 1.7250479447112106 -0.5427559058622362 1.4188948754119073 0.7041076473231535 39 42 56 54 
-0.6630864306836466 2.002405249876261 2.327114858576183 1.7303337002778543 -0.49412730759369233 1.3936417204708305 0.716708257794887 53 68 66 40 
-0.5006517835492295 2.144837644431396 2.262144659265536 1.717268989209244 -0.56062133362834 1.4812074468593701 0.6798502642609505 42 57 70 56 
-0.5204442633529458 2.148205961409971 2.26236326105007 1.7184439954798643 -0.5123579232979742 1.4578102375625492 0.6891919202749751 55 71 68 53 
-0.5180504444054345 2.133933962779321 2.2700346732785914 1.7197633120462232 -0.6054280497791095 1.5001041386083613 0.6740993400261226 44 73 55 41 
-0.5139790158779509 2.2830928841676488 2.172886476385783 1.6910842097536714 -0.6165231245942095 1.5515621366399397 0.6520620864070973 76 73 44 
-0.4444974200201599 0.061337237412614584 2.153060441911121 1.7325664829019178 -0.38607979576379403 0.95773906606084 0.6717708910240496 46 77 
-0.3231020505197777 0.2818852090571407 2.246791888560995 1.7073432501340235 -0.36304268696761266 1.0400273500763288 0.7179636015655197 62 78 61 45 
-0.2725045739060713 0.13797063774875315 2.1746542165377747 1.7136936811192895 -0.3532541641457264 1.00082265517604 0.6966154212078787 46 60 79 77 
-0.35696544182790274 0.35194756970379387 2.2859027655476467 1.711486818238398 -0.37850889244725894 1.080133369578849 0.7376947768101516 48 80 60 32 
-0.4556077026861708 1.0304596593859754 2.482037357490301 1.7196530755509187 -0.38634092744043325 1.1944062078216755 0.7720960622737842 64 47 50 81 
-0.1779329630751255 0.6900585813244419 2.3774476378705733 1.688324631262392 -0.35043754830736595 1.1528165804892199 0.7634973054618559 82 80 48 63 
-0.5761282450602098 1.5463800616601582 2.4690454949916996 1.732272473877594 -0.38795183572844183 1.2691235364086744 0.7699448246906644 83 81 50 52 
-0.7007904368390443 1.9813964673205466 2.334117491956901 1.733999040390096 -0.44491163321757177 1.3671439495327786 0.7333607911333864 54 69 67 51 
-0.6640307256130292 1.8876836189113448 2.3753936399514544 1.7354082149985786 -0.39637700436971657 1.3384366436845074 0.7515817605613524 84 83 52 66 
-0.6024236255461153 2.1679041844233677 2.2577493459778184 1.7259130645060348 -0.46204631083456826 1.4318490359493992 0.7034879512490481 54 56 72 69 
-0.6161442466062137 2.1484587774533557 2.2655983121483754 1.725990806317118 -0.41098315248661327 1.404280213280453 0.7223745289128891 85 84 66 68 
-0.39929250957745804 2.3152072685714677 2.150897369663147 1.695596606856162 -0.5305564657147173 1.5183804940229626 0.6604166685438128 71 55 73 75 
-0.42559252608474435 2.3230722642485193 2.1514961157342003 1.6983790754896801 -0.4819656767078353 1.4944434047678854 0.6705474236317419 70 86 72 56 
-0.4953551522526538 2.346906623642943 2.1458810413073373 1.7055853197061408 -0.43070599933397763 1.4679597338439159 0.686190383660646 87 85 68 71 
-0.3919506407760173 2.278463429720108 2.166766162307734 1.693835556205176 -0.5755229338252666 1.5382694978126183 0.654727999606566 74 70 57 58 
-0.3008323594819364 2.4148344600208502 2.0531178559001075 1.6703016564023454 -0.5454372303051206 1.5747793791326872 0.6307546058892826 76 88 75 73 
-0.3169823235870216 2.4446587866853213 2.0436110701281063 1.6758112129575153 -0.5011128326688301 1.5530381898878527 0.6371594986111858 89 86 70 74 
-0.3562135745675277 2.407380631174761 2.066870641634149 1.67051576242146 -0.5837440461379773 1.5932805260434586 0.6264657866058081 58 90 74 
-0.2621299708322699 0.09296493719505443 2.1484117222287593 1.7141151206860645 -0.3481106466285542 0.9633111448103399 0.674509568603046 61 91 59 
0.04904731330077512 0.3786015679831215 2.1940246319370234 1.663085469300884 -0.31099995342186326 1.0611884499124395 0.7213660803015283 79 60 80 94 
0.07808171377762207 0.22352204024554767 2.118328144058927 1.6719315356375537 -0.306593783600592 1.0134859750517449 0.6963515739420355 78 92 91 61 
-0.02154603949088078 0.47679435291702726 2.257959069549784 1.668087335175389 -0.32457670534584904 1.1083043400516128 0.744626466642946 62 64 95 78 
-0.2892981931236934 1.230062152203708 2.4787544434894384 1.7056101642415384 -0.344791743020164 1.2320959022620996 0.7745132351282761 96 82 63 65 
0.060580105465739754 0.8910436308170402 2.35856545625131 1.6621001017482184 -0.3053325548050392 1.1897456199726089 0.7655381548842614 97 95 64 81 
-0.5216407380297636 1.680163525136414 2.4417877032061566 1.725356503358028 -0.349821626373382 1.3064761428254283 0.7666309698898844 67 98 96 65 
-0.5797770979876015 2.0577447951759886 2.30701919039612 1.7212859347141896 -0.36090649204799663 1.3751871949856578 0.7425881042601086 98 67 69 100 
-0.5027198065572464 2.3243526321301293 2.1581759724769123 1.7048383746557174 -0.3785172441450135 1.4400113168761166 0.7065070483102511 102 100 69 72 
-0.33400952076407225 2.4661839419976963 2.032339921385274 1.6767761157210876 -0.4523474806112181 1.5282479587894693 0.6480109566498047 71 75 104 87 
-0.3760550060061982 2.4999554733405867 2.015801017623801 1.6809721417089851 -0.4005941967414007 1.5015730319935503 0.6642454620697522 105 102 72 86 
-0.2023546302630804 2.5401335918254526 1.9302295060260872 1.6518041230390856 -0.5172183262567145 1.6095956240890348 0.6027569310184577 90 106 89 74 
-0.2013544302578405 2.5597136942058074 1.9150282780145127 1.6513056844768785 -0.4732595559493564 1.5856330438013728 0.6101654389211195 104 75 88 107 
-0.19859687034848056 2.517313425610014 1.9478127027067322 1.6541453097078924 -0.5535700022785556 1.6320715719577341 0.5967285378448519 108 88 76 
0.07516744700680812 0.1402408918199116 2.072326007972118 1.6724733002312673 -0.3067741242876667 0.968896283752745 0.6710500029639511 77 79 93 
0.39468271816365147 0.30245549773910735 1.9888426272959716 1.6287254563553708 -0.262072990978457 1.0221199591514274 0.6842549755692069 79 94 111 93 
0.3694455795664064 0.1822732144063016 1.9295184268498622 1.627109581957169 -0.26806314897066863 0.9696729017159467 0.6567817425583435 92 110 91 
0.3895106103649593 0.44876824052156217 2.0601696685571276 1.6244672620397138 -0.258342657045908 1.0828150629650986 0.7129534891459006 92 78 95 112 
0.3033728663806987 0.629908690673851 2.1791625758734594 1.630679043267898 -0.27197201083166245 1.1412590373480016 0.7423340906389403 94 80 82 113 
-0.24488346919301826 1.341777142510383 2.4665506420870353 1.6970096248208362 -0.30607158842193777 1.2707503479202638 0.7725923839845643 99 97 81 83 
0.08680353658730772 0.9604490171249832 2.35999732941583 1.6564934506912636 -0.2655218110486116 1.230917342606582 0.7647052822069913 114 113 82 96 
-0.41294325957232875 1.8641946083968233 2.3761278397610464 1.7020268363370803 -0.3131255603641117 1.3440023645357169 0.7591009242258162 101 99 83 84 
-0.12717681645761386 1.5689514517621923 2.4078443929049937 1.6681856514533555 -0.2682380703061743 1.3100085969960735 0.7664021348714929 115 114 96 98 
-0.44598064547822774 2.2565656990021665 2.1883972965196126 1.6922113924725417 -0.3273401054710842 1.4112456239398894 0.7278066824893719 85 103 101 84 
-0.2549041714199223 2.0801368970960636 2.256063031419522 1.6655617903107633 -0.2784290977439257 1.3813362250994272 0.7448830554630286 115 98 100 116 
-0.3465594086599246 2.488450117286471 2.013995046724573 1.6728265998984049 -0.3481499989339678 1.473895457820955 0.6845624924624356 87 117 103 85 
-0.25290930261276284 2.452166144892903 2.0175799944606863 1.6547925380577517 -0.29647764658440523 1.4458420031153845 0.705282115639843 118 116 100 102 
-0.22585234851111854 2.5933154858201957 1.8965407677056365 1.6537874230924612 -0.42407403552712514 1.5595762996742732 0.6215505756506279 86 89 119 105 
-0.23866688716870604 2.6234106302634754 1.873825602568058 1.6545813844316595 -0.37226294347744215 1.5325755067196707 0.6375823074647495 120 117 87 104 
-0.10387231103263765 2.632203102644041 1.8144148124428299 1.6360018566589174 -0.49059583026871634 1.6415388819575107 0.571720803496586 108 124 107 88 
-0.10556998456807916 2.6531955548467407 1.7946561566431343 1.633948329361205 -0.44652615469210544 1.6160779235098317 0.5795373449626103 106 122 119 89 
-0.09507147170311218 2.6092305626493455 1.8323726912491882 1.6381142340003005 -0.5278496382685364 1.6648829599303059 0.5661609580433873 109 125 106 90 
-0.08346942050929766 2.590560902301542 1.844480675959715 1.6400570876524345 -0.5584344996672458 1.687221845438255 0.5609711466854418 126 108 
0.6340840881980953 0.23403265799587536 1.718212535333474 1.5714223688190023 -0.2313532718964328 0.9693678559904879 0.6327283868118083 93 111 127 
0.6749187607944521 0.370430695351525 1.7790591413068029 1.5769643332316214 -0.2224482721741043 1.024670869992781 0.6602005293925997 112 128 110 92 
0.710657613394585 0.5032738016713806 1.8179722464481118 1.573393284460032 -0.21230673403704403 1.088963284623424 0.6872608098523304 94 133 131 111 
0.368860015986539 0.679887487935786 2.1535120611508587 1.6157047671339528 -0.22860204463030023 1.187254334213105 0.7414491145267794 95 97 135 133 
0.20173425816973542 1.1986430191501467 2.328302368924106 1.6274895384980628 -0.2273501806626832 1.2740753697765614 0.7607168613642172 137 135 97 99 
0.033886535579720184 1.8132822284468368 2.296116360438033 1.634033888908542 -0.23259755614217625 1.3497022558336549 0.7525424677378338 99 101 138 137 
-0.03081184429712196 2.3230092183402204 2.0506973016561143 1.6234704609815884 -0.2466933453467356 1.4171865439099893 0.7214264481853064 103 139 138 101 
-0.16724496186912824 2.6209400522788537 1.8504186692220193 1.6418692367629317 -0.3201226263197676 1.5051452445603535 0.6563665499556929 102 105 121 118 
-0.06712096084070623 2.613895190973775 1.8222814827648777 1.6279575516056866 -0.26870748922414683 1.4778162959951229 0.6745346649061885 140 139 103 117 
-0.12481024572318179 2.6858177872258424 1.7722444411736116 1.6352277762128522 -0.3974969162914092 1.5888833814180687 0.5912123866657221 104 107 123 120 
-0.10302494130440638 2.7062085620528773 1.7423519638049574 1.6314808694853975 -0.3462452308968184 1.5612849297836644 0.6064925997752857 141 121 105 119 
-0.009421263914442363 2.7012078092890914 1.7101886050267536 1.6211237308334578 -0.2946510906876019 1.5338979968620248 0.6227609116356323 142 140 117 120 
-0.01106884467314486 2.7424431070096436 1.66344623184571 1.6201044331159988 -0.42132881945154593 1.6444536294447236 0.5456618656303058 107 124 143 123 
-0.012783304310952212 2.7630742855531483 1.641407162273739 1.6190584898803777 -0.37326420155665796 1.6163924052841885 0.5574156736006965 144 141 119 122 
0.008328700866845498 2.721635445632689 1.6794315681067644 1.6227771004722702 -0.4651672080075686 1.6706175852467453 0.5377978930097815 125 145 122 106 
0.016621152604471313 2.709757200116629 1.6896794521700165 1.6250852096260688 -0.5038466435776153 1.6930979995654218 0.534082802913046 108 126 146 124 
0.01123444768332337 2.706324253374009 1.697108186863889 1.6265044274518503 -0.5383839794390001 1.7118200690006464 0.5336573854476367 147 125 109 
0.7956999586957053 0.29392577464684605 1.5422287272116868 1.5260813039262624 -0.19623808291999698 0.9695993161610797 0.6003959533527294 128 130 110 
0.843112609944229 0.42258291349037597 1.5922140704067274 1.5351376998491209 -0.1876722545327274 1.0221806399153444 0.6262904795179388 127 111 131 129 
0.948865629557148 0.4636551614531007 1.43064326192578 1.497756325970258 -0.1569411377457959 1.0187746131726216 0.5875087194895189 132 152 130 128 
0.9064045221102032 0.3555981074965166 1.3874960767098052 1.4849404557631602 -0.165110294686047 0.9701005767050187 0.5640458336057965 151 149 127 129 
0.8765620336005711 0.5169361454029416 1.6155379262355651 1.5369142525728436 -0.17610069595030145 1.079878420081068 0.6483850279992546 132 128 112 134 
0.9759667512047674 0.5357016994238362 1.4541721360272493 1.5048572504481854 -0.14555337048549138 1.0726345995704945 0.6074303624162009 156 153 129 131 
0.7265864770947539 0.5690496359698486 1.825623417394095 1.5633845763873262 -0.19355137078103613 1.1540564718145845 0.7061125710505993 113 136 134 112 
0.8817485382511396 0.5518637541284441 1.6253419081685 1.5335199751125987 -0.16048987808013326 1.1371412681752004 0.6655221386924823 133 158 156 131 
0.4841834691550823 0.8539935118603033 2.125846756504629 1.588423610544006 -0.19288010214065004 1.2394053249335442 0.7421693779970447 114 162 136 113 
0.7476710275637496 0.6015914121599589 1.8178978086356163 1.5575569566861809 -0.1652260476746883 1.210331713863843 0.713115380829065 160 158 133 135 
0.38233945968261396 1.4991510475577905 2.228828861841093 1.5990686729812256 -0.19169073182227228 1.3167931695376422 0.7480297217218336 114 115 163 162 
0.2533452815914202 2.1158080945392377 2.0701888094681293 1.5932360487669188 -0.20040198072328178 1.3875549336754458 0.7283003155290839 116 164 163 115 
0.1619470962562088 2.5105352088940096 1.821961525161525 1.5990152941184403 -0.21889323793195212 1.4502533882343949 0.6879332605751278 165 164 116 118 
0.1057084548758924 2.687032083528653 1.6720287493922894 1.6083970129025384 -0.24383402687824557 1.5071181203744655 0.637148564523973 118 121 166 165 
0.03300222112815053 2.770764005375784 1.6100020183212975 1.6141004083455694 -0.32294127813496487 1.5882658278285764 0.5713538327133902 123 167 142 120 
0.12086650796448224 2.75958913781357 1.5784161763690276 1.6062959091925644 -0.2720376641161331 1.5610199471329942 0.5845919397544235 141 168 166 121 
0.06740033286837831 2.7979119143761446 1.5611385688102375 1.610712651477915 -0.39875101476341523 1.6708721139040228 0.509692258689024 122 145 169 144 
0.09220864718701001 2.807108300191209 1.5345537853046554 1.607157636068494 -0.35202437464400216 1.6424416163852085 0.5207879848415609 123 143 170 167 
0.07358495846420017 2.783589257034824 1.5765992971768397 1.6130288772116437 -0.4415498096109999 1.6973867233437694 0.5016785941601973 172 143 124 146 
0.06685658562834182 2.7797100255933347 1.5867191504349634 1.6151124723702275 -0.4800521944617312 1.7189812925501575 0.498940969868704 147 148 145 125 
0.05478934373235411 2.775605995071468 1.5993528858386274 1.6169063083977129 -0.5159241117987343 1.7340382506326895 0.5025890695375419 146 126 
0.11324954515179503 2.8705056860275815 1.4426959040299885 1.6002170696764912 -0.4565991557639689 1.7444956841758819 0.45936406436772576 197 172 146 
0.8815726335130389 0.27414415296491773 1.3391238706280943 1.4754051509631236 -0.1697365567810869 0.9300046066752619 0.538774230481097 130 150 
0.9569342838363817 0.32522166314187745 1.213422231656074 1.4441310205350997 -0.1420772022296905 0.9389979782191075 0.5063281753162064 173 149 151 
0.9801084683790598 0.40648141355897616 1.2647081614013311 1.4543697102472122 -0.1370128870540261 0.9753103988689195 0.5280829380851596 152 174 150 130 
1.0146317520382218 0.49404164770010217 1.3043442548257977 1.468615126209548 -0.1298836215867631 1.0189275409154346 0.549212445185431 151 129 153 155 
1.0393793060358294 0.5535987680748049 1.3267161482953078 1.478384377588911 -0.11933409108592424 1.0694361328263602 0.5680474518444166 132 157 154 152 
1.086926572384292 0.573441307442168 1.211911920636278 1.4531876661693268 -0.09708186586238801 1.071496028149836 0.5331347845824527 179 178 155 153 
1.0706453714489914 0.5279125724436822 1.1782555758102484 1.4399527082027643 -0.10569073271757176 1.025972047772426 0.5144401033291172 152 154 177 174 
0.976322799493359 0.5568449776350535 1.4707969624587276 1.506574104249943 -0.13129038771428986 1.127393044283913 0.6246490766878188 159 157 132 134 
1.0401193807437124 0.5641598453651216 1.3385589767301487 1.4811482871385364 -0.10541541816275622 1.1235912545274447 0.5854354179235015 181 179 153 156 
0.8806083421372107 0.5534986480036351 1.6267979561421366 1.5328118981057113 -0.14041144102304542 1.1895552649416459 0.6775159958413665 134 136 161 159 
0.973085834083035 0.5568523865601447 1.4768884069410702 1.5074928754837251 -0.11518387808856347 1.1788084225777002 0.6401473927285497 181 156 158 183 
0.8669372232430465 0.8729058779321248 1.7957044139882001 1.5278640363254652 -0.13536664403078236 1.2562201332172398 0.7086322230097117 162 185 161 136 
0.9327038409578055 0.6941232218771051 1.6281142385981935 1.5144796581230138 -0.11926902315365624 1.2334090371308473 0.6818868192683728 160 186 183 158 
0.6764113209208534 1.1933328280757054 2.048492408835498 1.5619316773954524 -0.15867104264793683 1.2846612445437497 0.7322116926038955 137 187 160 135 
0.5920296961986525 1.8111837036491052 2.024151169536256 1.5697444067921325 -0.15996321245387843 1.3563822157769978 0.7240201298535809 189 187 137 138 
0.42515735323110254 2.3528058534229883 1.8081003940598563 1.5714079648550043 -0.17253727887687964 1.4215375799228243 0.6930666101721484 188 189 138 139 
0.30637422346009807 2.6054834488506367 1.644129189668042 1.5854001626768524 -0.19481512094140152 1.4803146059355732 0.6467819140031945 139 140 190 188 
0.24122830217947683 2.732817110725649 1.537902894099743 1.5940219567549467 -0.22213420447900215 1.534754655039019 0.5948845024321987 191 190 140 142 
0.1399769355284272 2.8157734744633798 1.4952613711533949 1.6025175049249718 -0.3028397639179673 1.6143189303487149 0.5324687418260222 144 171 168 141 
0.22937818628658815 2.8018678867194247 1.4556428156199095 1.5947154262374894 -0.2530213860185668 1.5874656443468047 0.542353275714131 192 191 142 167 
0.15256503255479842 2.8543687877011217 1.437328060820921 1.5994401531988558 -0.38000572639452873 1.695477802121703 0.4728026066186107 170 143 172 196 
0.1831337214099205 2.851488056424435 1.4194104126602265 1.5967380952006507 -0.3346066637301047 1.6678140657312506 0.4818386840584716 193 171 144 169 
0.23311787923323152 2.847237965446242 1.3895675518966704 1.5926521536320264 -0.2866749741301532 1.6404363774921107 0.49040136356222386 192 167 170 194 
0.1402951153060405 2.8557642318355048 1.443457092654513 1.5999031922855749 -0.4208485406103567 1.7217649076649288 0.4648049020426357 145 148 195 169 
1.0376910952677014 0.4078446929032891 1.0824371031138769 1.413776188120116 -0.11226134983515675 0.95504486766908 0.4693203028030984 150 174 176 
1.054188644961864 0.4742829556268649 1.1329015846629398 1.424773574947144 -0.11043645207518789 0.9873039268876576 0.49301242905511045 175 173 151 155 
1.1077263421105688 0.5303039588157509 1.036771040357292 1.4085321052595414 -0.08451531178392821 1.0076502381014782 0.4592150119642454 174 177 204 176 
1.0986862476298689 0.4843131213003043 0.9905083098952772 1.397866063818166 -0.08443236044805952 0.9748501906676347 0.431436416441505 201 200 173 175 
1.1151361087337197 0.5636841322321866 1.080080780157293 1.4214781038654254 -0.08231690742889256 1.0437769174355573 0.48404396330051624 175 155 178 203 
1.1250949416635752 0.5994124174844354 1.1212874065346508 1.435244100672934 -0.07836389068632232 1.0796083894839008 0.5045763578462882 180 207 177 154 
1.093284782270312 0.5895480170476862 1.2185051949078671 1.4556239643285551 -0.08312360808913258 1.1239095801384553 0.5491322997258007 180 154 157 182 
1.129417489511785 0.6036598391519404 1.1134371687939615 1.4340714320198253 -0.0661018566536573 1.1233441432450044 0.5166649172548576 207 178 179 209 
1.0495933012872816 0.5918824865503288 1.3389653766282041 1.4779331581483155 -0.08998486669926374 1.1770365040037567 0.6028112949909007 159 184 182 157 
1.111224634089842 0.6343329268097646 1.2129443041418067 1.4509141226167341 -0.06592142210822964 1.1797091939181068 0.5644181690388917 211 209 179 181 
1.0211668335018285 0.682503693305664 1.4712519178173347 1.4908301480902408 -0.10097777376660666 1.2242306430640193 0.6533177056932937 161 186 184 159 
1.1054276444848858 0.7430510639652959 1.337004972289864 1.4659341435328617 -0.0773686373220497 1.2282626372380707 0.6205485870824214 183 212 211 181 
1.0355556970639688 1.1669836212697677 1.6739967927379105 1.513718404065238 -0.10731290044515897 1.291957654195202 0.6898397978128579 160 187 213 186 
1.075758512353956 0.8997879084454736 1.5178295662584564 1.4926010675961692 -0.0974617797710218 1.2608058585220465 0.6690971153070173 161 185 212 183 
0.8603051559447015 1.4761185920257651 1.8884158305462313 1.5461622476906531 -0.12819113939217483 1.3238909482900545 0.7098353141886349 163 214 185 162 
0.5546136681122373 2.4689008434307724 1.6031376433851716 1.5621468667873493 -0.14905609892125637 1.4519438033036927 0.6495230065884097 217 215 164 165 
0.7470604145074323 2.0598318103237525 1.7702874916083275 1.5467545976323946 -0.13244933618983457 1.3906434442741973 0.6887752130936473 164 215 214 163 
0.4342543193478593 2.658188119085805 1.488456376197921 1.5755845807807816 -0.1743939100216372 1.5083681875131634 0.6005676664410224 216 217 165 166 
0.3618436437695709 2.7658564472211897 1.4056612620832987 1.5832755418015731 -0.20445728450056455 1.5615267697416222 0.5488565492618462 216 166 168 218 
0.3228365716025854 2.8286256328088406 1.3472594715129564 1.585750918398884 -0.23830059800320702 1.6140008099648326 0.4970227337337597 218 168 171 219 
0.245369398598447 2.8841400016930017 1.3227544284941588 1.5869620119272716 -0.32174778078680577 1.6935902927271798 0.44067495953341684 194 170 196 220 
0.30371295161191547 2.870035549319993 1.2974006002744178 1.583568119401303 -0.2751259111389709 1.667385296256612 0.4460451482938726 219 171 193 221 
0.1917518552279651 2.8975168914733667 1.3425251907512472 1.5883777814868527 -0.40402505108234066 1.743400759043022 0.4286961621931157 199 196 172 197 
0.21257325877052183 2.8904770882808597 1.338909403039697 1.5888936374070946 -0.3656711984622088 1.7191312799451275 0.4350195937451077 193 169 195 222 
0.16444970999452974 2.917731065582441 1.331918250315406 1.5866492322603882 -0.433646056639415 1.7665523475071907 0.41890606231108274 198 195 148 
0.20523459041063677 2.937519849637061 1.2577741129291757 1.5746885145536944 -0.4114327492625669 1.7818628542948602 0.3841517993114363 223 244 199 197 
0.2210344555548488 2.923544267843716 1.2697939773487086 1.5773007817680802 -0.39096415612475555 1.763189716549709 0.3944856544073773 222 195 198 244 
1.0989483664071842 0.4597420879225493 0.9609079919936844 1.394724146178251 -0.08075010258073934 0.949141899078283 0.4013489019230454 176 202 
1.1472157843683461 0.5438936730921156 0.9138138245324459 1.3896350835303182 -0.059065539187009644 0.99763037732146 0.3952372147975441 204 206 202 176 
1.1494645362792373 0.5209552970554747 0.8806879934525996 1.3864738029893207 -0.05719813062435587 0.9661623879151352 0.3638849948861938 226 224 200 201 
1.147221443403205 0.5939167395934725 1.0125506838524514 1.4110626111116829 -0.0580915103105082 1.0741939214936713 0.45899559573566584 207 208 204 177 
1.1493139591875212 0.5752016565871907 0.9610172462922475 1.3991396081979794 -0.05910214926488194 1.035014449799069 0.4275152566126805 205 201 175 203 
1.1866417730105536 0.6163931839265039 0.8877554006724472 1.3913295704826814 -0.03549822860984819 1.0658108015991021 0.3991009600315668 204 208 229 206 
1.1911304662698246 0.5971173167677356 0.8407514450570742 1.3849619782934566 -0.03593268293279636 1.0234077760200617 0.36178422260677545 205 227 226 201 
1.1386345559191189 0.6094970930602772 1.0850698609335887 1.4278094437803461 -0.0583403628951987 1.1077242507205862 0.487912584177962 180 210 203 178 
1.1803747631006152 0.6315597180964788 0.9439670072047641 1.4008745509814877 -0.03394808138893422 1.1115310818203934 0.43805956748098895 210 231 205 203 
1.1567876361826206 0.6613712592596853 1.0928310039315177 1.4277906100303823 -0.044017493653630044 1.1811599606117495 0.5229948794810553 182 232 210 180 
1.1709583006189557 0.6595514295495548 1.036472622915406 1.4180376915383417 -0.03338859596926541 1.1578607304119597 0.4796519227537335 209 230 208 207 
1.177876534166675 0.8220879554061006 1.2166027459694653 1.4456734301854075 -0.05254032235816135 1.236419054716061 0.581924133395741 184 234 232 182 
1.1654017925758475 0.9991374618845489 1.3919432148160573 1.4761145382807142 -0.07335664764426675 1.2764013677952195 0.6393647120954217 213 234 184 186 
1.1510301502618088 1.3484690123320013 1.5110627275810236 1.498994648668496 -0.08128445152411222 1.3193521891060205 0.6587965194210152 233 212 185 214 
0.9977372200525886 1.722553857822522 1.6676933921420374 1.5251062400592812 -0.10135160261555745 1.3568630025765342 0.6762690722048131 189 235 213 187 
0.8394170242929593 2.216158322090266 1.5554137923173375 1.5373010957883768 -0.10914122179953556 1.4206235003253278 0.6448341502710289 188 236 235 189 
0.5421029251041675 2.6959302121288444 1.3457588690466882 1.5718467045236288 -0.15807397970891973 1.5351790670456014 0.5510593060329704 237 190 191 239 
0.6559138687145956 2.538208241803623 1.4323935741170128 1.5588996474199899 -0.129623340175001 1.4800488443775532 0.6006485543220026 190 237 236 188 
0.45884767018689887 2.787098282732728 1.2930572351652219 1.5779658051816694 -0.19113559970298688 1.5879943144807873 0.5005084270274751 191 192 238 239 
0.38944748741113927 2.845957256397668 1.262014458789473 1.5790483173697603 -0.2280916612183271 1.6411380828184747 0.45024419293493334 192 194 240 238 
0.28365900569312164 2.9027728322343984 1.252403542023935 1.5763622421688483 -0.3133330695928865 1.720650160455258 0.3981189335240357 222 241 221 193 
0.3481989408320811 2.8845256489978586 1.2276340681304352 1.5742955748176708 -0.2683382122631541 1.6953947116245955 0.40128231716824225 242 240 194 220 
0.24555835852858204 2.913583161185057 1.266717923197846 1.577727547672693 -0.35516800714163865 1.7434390356574385 0.39606231709225337 196 199 243 220 
0.1694643638050414 2.9841677297405567 1.2056897696856574 1.5672838268811682 -0.4167229493190792 1.8022603868929634 0.3601061235937191 245 198 
1.1540924947054911 0.4909706357875571 0.8465753840162269 1.387387794670669 -0.05334030835990124 0.9418027491215474 0.33380937037771685 225 202 
1.2023855784912048 0.5470975463870884 0.7708846903117309 1.3857572680285632 -0.03420144396582137 0.9540120558107138 0.2968945930396294 226 247 224 
1.1952846215155184 0.5740223432897834 0.8051318625253668 1.3832813318533266 -0.035215398924882325 0.9860444926637918 0.3271779463217424 206 228 225 202 
1.2268809985615776 0.6432871916489961 0.7784686906003438 1.3820518639193107 -0.015136425217389771 1.0532603954851931 0.3335356971767746 228 206 229 248 
1.2340732082258217 0.6227688037524419 0.7402938776580137 1.382264672270092 -0.013824029822810512 1.0102235167650444 0.2911447817167186 249 247 226 227 
1.2220583952688961 0.6622969916737893 0.8204342863073584 1.38534968926592 -0.014654492335249205 1.098068035769884 0.3750178289428926 231 251 227 205 
1.243904301680095 0.7785142215559608 0.9252374004760482 1.402318865898314 -0.008318631148872761 1.2012274781771786 0.45856085621217224 231 210 271 252 
1.2245743857390508 0.6947695060666064 0.863792741858336 1.3911671296479227 -0.01204614510121578 1.1469136548903884 0.4164945497471806 250 229 208 230 
1.2421495456625378 0.9106311555792057 1.1071206278741623 1.4325735810012183 -0.02778969888854033 1.2464101700812915 0.5372534110281595 209 211 253 271 
1.2234062649916957 1.4779790881346602 1.3656560263991278 1.4888419840376796 -0.05696690915966201 1.3424927735128906 0.6189737145676123 235 254 234 213 
1.2395361826850666 1.0955914466893044 1.2637818974243225 1.462510191628264 -0.04873625460108978 1.29217541086704 0.6010974375846517 211 212 233 253 
1.0730701607545639 1.88910105932572 1.478739338514988 1.5144596700788648 -0.07766576811367487 1.3848740449765362 0.6339123257587608 214 215 255 233 
0.8950198080031601 2.3198482703721846 1.3868929709777613 1.5354890277219109 -0.08967694107186872 1.4480613743801427 0.5953619990353068 256 255 215 217 
0.7195804965078292 2.5891018631775475 1.2992457958130879 1.5592376405763761 -0.11416978065360203 1.5067023984573975 0.548973765754183 257 256 217 216 
0.5127120840780834 2.799635828925807 1.2198859473355597 1.5740594216189627 -0.1821191095504608 1.6147237777821788 0.4521579383566978 218 219 259 258 
0.6012577931230646 2.724559683018229 1.2451935753612255 1.5707863819441321 -0.1458051991578292 1.561358810149288 0.5004021719659266 257 216 218 258 
0.42501746129119233 2.8596556369235726 1.1999499238658677 1.572033190171656 -0.22252360915008096 1.6689338953372235 0.4044881560813022 221 260 259 219 
0.30594060218647945 2.917681937247921 1.1925750613661092 1.5638584711447878 -0.30951241000903434 1.748599885933007 0.3565499739305783 220 243 262 242 
0.37483761753873834 2.8942119425942905 1.1756219244093726 1.5650194378351394 -0.2664840822792504 1.7239078884027084 0.358854902035418 241 278 260 221 
0.26642945460783113 2.930400766688765 1.2057488685125373 1.564829643726326 -0.3494234108828689 1.7689233345478446 0.3575568329889079 244 261 241 222 
0.2310422485090437 2.940305838356561 1.2233406318481435 1.5677898118239317 -0.38455782656843535 1.782766963849936 0.36399308799302177 198 245 243 199 
0.2196693603971383 2.9843151001760306 1.150978122355936 1.5573346542982478 -0.3839378584413911 1.8031160571241869 0.33548369230705904 263 261 244 223 
1.235008630811953 0.527574448293519 0.6788638903485349 1.390312727406912 -0.020166117021446276 0.9289889467480613 0.23648528924009785 247 264 
1.238360575373488 0.5699777522661935 0.7017040435315139 1.3885801945919518 -0.015442199136883702 0.9676176084566149 0.2579902429621799 228 265 246 225 
1.2616169160321593 0.6918400158126321 0.7199720239448069 1.381230838803249 0.0032124726572612837 1.0887334001223532 0.31337408319197113 251 266 249 227 
1.27439785546779 0.6808600655040822 0.673339441481622 1.382340103730676 0.005655322767524562 1.0485633340753187 0.2680923946826952 248 267 283 228 
1.26775262702732 0.7577718433164924 0.7955108705834101 1.3892613633902395 0.006188110902247445 1.1756308844883536 0.3922633500056854 252 269 251 231 
1.2589215081982736 0.7149309792472179 0.7591606360054327 1.3834858173087428 0.003128293173561573 1.1299882058234108 0.3548186451841026 268 248 229 250 
1.3055394507444928 0.8772346419244709 0.8444068118598704 1.4053142747818208 0.01139913154807334 1.2265024995430471 0.42401794403535853 230 272 270 250 
1.3017515979321037 1.206744131290969 1.148717395588812 1.4571916471292363 -0.025482580314636676 1.3098751493646714 0.5575234019707586 234 254 273 232 
1.2732874259414904 1.597264388046319 1.2331261536033278 1.484069668110252 -0.03518218365218037 1.3647733656679428 0.5737457224379999 274 253 233 255 
1.1116318923986046 2.0155551772508264 1.327943912098909 1.511397981633122 -0.057222627409701805 1.410381044418075 0.586085133942434 236 275 254 235 
0.920699366502717 2.39839858071701 1.259285370393548 1.535531590968821 -0.07410588761512561 1.4739745433590226 0.5436729404548872 294 275 236 237 
0.746677994013234 2.6225741900633763 1.2133145293343213 1.5566730688081176 -0.10271712377602425 1.532586232381016 0.4976353196622323 296 294 237 239 
0.6207930756201469 2.740645460849385 1.19205518789216 1.5666975718839355 -0.1375733388462194 1.5874936481419324 0.4516151550397174 276 296 239 238 
0.5354338876756156 2.810687048148536 1.1702786605772455 1.5682232965472744 -0.1776887047734811 1.6418079749881538 0.4066202674250594 276 238 240 277 
0.43765958359235513 2.8744067522003456 1.1507390111227325 1.563473373486044 -0.22233134018969103 1.6970370035730695 0.3624585049562753 277 240 242 297 
0.28092686453340415 2.9634389805423424 1.1259357389445392 1.5528427245836993 -0.34921446521841126 1.7935540417953173 0.32292236034004734 243 245 279 262 
0.32371122312678524 2.9492814182970353 1.1123094169569099 1.5525956224027668 -0.31144924743978486 1.7756150316963424 0.3194276076917584 298 278 241 261 
0.2316346188210229 2.9764577105395147 1.1499407589590527 1.5554343181905814 -0.38404965022974974 1.8241979390416254 0.30614567396651754 280 279 245 
1.2716572482817092 0.5512670505270872 0.6033754017562952 1.394348845333736 -0.009856318957498923 0.9288167600535022 0.20501760296654223 246 265 281 
1.2846706199747657 0.5869763338798731 0.598147350906273 1.3953174961925305 -0.0009618642375715082 0.9698859541993765 0.21565741117708576 283 282 264 247 
1.2888791227320682 0.7324278721599459 0.6870378537544222 1.385054620789887 0.01958796843421993 1.1300896796199909 0.30240539071109324 268 288 267 248 
1.3013328350194624 0.7188605875502727 0.638163598081581 1.386898666266684 0.02238168740421796 1.0986001017595124 0.26112447712709463 289 285 249 266 
1.2852511226775252 0.7533140626526268 0.7261912484684685 1.386576161776384 0.017967372847223665 1.1606728197731548 0.3391638138185247 266 251 269 287 
1.2947227536101893 0.794609118114248 0.7597820868600864 1.392709158283573 0.020386361055846902 1.1956046235569953 0.3672209126146987 270 287 268 250 
1.3432649315527077 0.9313065914010361 0.7991045680939527 1.4142228305278164 0.025983082044488164 1.2392894622261488 0.3881548138894827 252 291 290 269 
1.2965578637578743 1.0082264183274134 1.0290857891901448 1.4312091023002838 -0.004349824174720102 1.2636554269610079 0.49177415703223837 272 230 232 273 
1.3815243959251595 1.1339621223237277 0.8744455163835149 1.4399074578490547 0.014626995377406915 1.282950589577327 0.44883012174999304 292 291 252 271 
1.3520309599216744 1.318574789484578 1.0458532836920524 1.4588594627804063 -0.005083917577832666 1.3283253296931612 0.5123001262260841 271 253 274 292 
1.3075491238082542 1.7116832276827083 1.1066727906038434 1.4826420452802433 -0.01683745349281159 1.3859227787961248 0.5265556133320103 254 275 293 273 
1.129961396772039 2.115160006369763 1.202370666832599 1.5095114341757374 -0.04055888694069942 1.4344172855577442 0.5363581146503662 255 256 295 274 
0.6223207785578451 2.759531115311835 1.1457909643751596 1.5594358126696772 -0.13436453496446668 1.613645441923367 0.40758019922364735 313 312 258 259 
0.5423517481620433 2.828296616622305 1.1202380025679513 1.560144342124159 -0.17789931296603811 1.6685611905843931 0.36588421650339137 260 313 259 
0.3998276399578953 2.9251695440714327 1.0909868378636898 1.5556450986632575 -0.2700362306128535 1.7517037406305858 0.32083287430154606 297 242 262 
0.2833084800428024 2.960673292698471 1.1270716166574588 1.5522781035467133 -0.35319059765391553 1.815725128627277 0.29464103263570796 299 298 261 263 
0.22876087051905875 2.9793273413974735 1.1483344383206187 1.5555447381712912 -0.38537600750344575 1.8430453107893852 0.2816684223259126 299 263 
1.2983935738095522 0.5691513206855948 0.5402787145657058 1.3969937486695654 -0.0007816489037809665 0.9279714241013841 0.173564716751395 282 264 
1.3119417454068476 0.5994185706164709 0.5296677580441163 1.3990851745736683 0.008584741844273113 0.9600528302554804 0.1721262493739005 284 300 281 265 
1.310201533045708 0.6708703467158659 0.579765714450406 1.3922910815993221 0.011398664288045573 1.0175927689193542 0.21935218758102465 265 249 285 284 
1.3385884271480335 0.6654865928358954 0.4998062212647549 1.4003898822839755 0.018556065299177617 0.9965013170431336 0.1712183197983772 286 301 282 283 
1.333206616661075 0.7110444869746664 0.5532277608898437 1.3968325120476508 0.025596805884350284 1.0672839215817798 0.21707221705706592 303 286 283 267 
1.3616559725188813 0.7091438723847754 0.4760964775765034 1.4063838835862428 0.02861331861200378 1.036829827266717 0.17222173926192783 285 304 302 284 
1.3220778222948613 0.8133443502521833 0.7082507167740514 1.398502683206769 0.02915153603039165 1.1956436868862705 0.33785211229133866 269 290 288 268 
1.3371923759057398 0.8039367901354841 0.6563922945153967 1.4016901499035812 0.03362559807464279 1.1757995516511164 0.30139016116854916 305 289 266 287 
1.346529294345968 0.7840469814045476 0.6079324696934231 1.4035027592681861 0.036693635688722734 1.1478593623764632 0.260841968351677 303 267 288 306 
1.3735503360335664 0.9332199364958806 0.7212379916223601 1.4206467811407102 0.037009694798380614 1.2382474904665213 0.349975078312469 307 305 287 270 
1.403517283180105 1.1609725107696391 0.8294174609654704 1.4444114950675362 0.029090259128185778 1.2913068995489878 0.4064296266964027 308 307 270 272 
1.4111698800338677 1.4174779644937516 0.8939286408690859 1.4657911513593724 0.011324387762517528 1.344039259120208 0.4674014643313749 272 273 293 308 
1.3357484048909705 1.7973123653777456 0.975478397473943 1.4805339049456059 -0.002542012362753693 1.4043120506603253 0.48058574134914567 309 292 274 295 
0.9288631340717691 2.4520588239554155 1.1649917095863802 1.531081147343138 -0.06279594560196512 1.4988681816671758 0.4935879796470951 310 295 256 257 
1.1434475343886192 2.18393312970015 1.083744357553385 1.5023699595970639 -0.028190394320797788 1.456844423410576 0.48855695014356393 311 293 275 294 
0.7549418798266829 2.638871678433712 1.1656719093781094 1.5506012483156841 -0.09524224298460121 1.5580488904251808 0.45009793427211986 258 312 310 257 
0.451867273601534 2.9020685390319794 1.082533513128625 1.5565644946141721 -0.22852292952445036 1.7248832553194953 0.3255037014510481 260 278 
0.3171570627222619 2.951348593097475 1.1138306416366859 1.5522108161534276 -0.3198061589936322 1.8012651585055526 0.28909051511218975 279 262 
0.2831615840857786 2.9643105927692535 1.1223401552673895 1.5523256088015216 -0.3614067971714182 1.8361334018403388 0.27319997439906935 279 280 
1.3277648484513422 0.5971806250284084 0.4569992681020502 1.39670297277378 0.016461457453616712 0.951513344777928 0.13271543858261886 282 301 
1.3521202338770018 0.6578074562771052 0.4335251102127104 1.3998001252914953 0.024172893952157683 0.9771140535629411 0.12800900482842986 302 314 300 284 
1.370309211716193 0.6947614667525295 0.42061452641797803 1.4060217941022826 0.030956646061051953 1.007155012689498 0.12986912610004803 301 286 
1.3691867747319209 0.7605756095275232 0.5241170725364845 1.4112956438358413 0.03821115043863829 1.1142609563279047 0.2178291919393099 289 304 285 
1.3816105401456753 0.742168317438995 0.46504817295475576 1.4150339702862897 0.038176212994801825 1.0785639713107906 0.17662552376337992 303 286 
1.3831245029351502 0.8928716006941793 0.6510881531409511 1.4212241913614028 0.0445313399614011 1.2230483434431876 0.30785853765642585 306 288 290 
1.3950142975786117 0.8617939334134462 0.5867057315644252 1.4248089277365212 0.048128777537388 1.195484032875701 0.265218232770342 289 305 
1.4279628291582571 1.151181918704917 0.7522399525601189 1.4469548768440428 0.04112909385362109 1.2869033053602315 0.3640134480726766 290 291 
1.4269330289299627 1.4503297291562685 0.8433825827894748 1.4673818596480297 0.024863540841837065 1.352385470703296 0.4237033695194567 292 309 291 
1.3577567829518804 1.8329272582537284 0.8694919063054196 1.4766029798223808 0.008343629468708301 1.4187878903362514 0.43804737528499255 293 311 308 
0.9325472960039851 2.475133814033868 1.1077571916553222 1.522907736885651 -0.056046215158556456 1.5232174622169685 0.44861273763821063 296 315 311 294 
1.1597226099806766 2.209326723024409 0.9860518179699702 1.4902124218160167 -0.020388403351495492 1.4781560704333099 0.4456918135824901 309 295 310 
0.7580318247474805 2.6668241087662374 1.0830492341690865 1.5346015061827472 -0.09192192403423577 1.5825433751796092 0.40802007115309175 315 296 276 
0.6347982340339012 2.7722146009004147 1.0919182156056564 1.5495368333168362 -0.13681640965325376 1.6395431451294875 0.36963991973189825 276 277 
1.3584354931881604 0.6489708385818276 0.3781846889856613 1.395963714365377 0.02868608929146494 0.9621369441682893 0.09176811311161522 301 
0.9500061529645569 2.491760962043158 1.0102480663709703 1.504083162635333 -0.05454472633841652 1.547558006387877 0.4097994924258296 310 312 
