22 23 24 38 39 40 59 60 61 62 63 64 65 66 67 68 69 70 71 72 73 74 75 76 77 78 79 80 81 82 83 84 85 86 87 88 89 90 91 92 93 94 95 96 97 98 99 100 101 102 103 104 105 106 107 108 109 110 111 112 113 114 115 116 117 118 119 120 121 122 123 124 125 126 127 128 129 130 131 132 133 134 135 136 137 138 139 140 141 142 143 144 145 146 147 148 149 150 151 152 153 154 155 156 157 158 159 160 161 162 163 164 165 166 167 168 169 170 171 172 173 174 175 176 177 178 179 180 181 182 183 184 185 186 187 188 189 190 191 192 193 194 195 196 197 198 199 200 201 202 203 204 205 206 207 208 209 210 211 212 213 214 215 216 217 218 219 220 221 222 223 224 225 226 227 228 229 230 231 232 233 234 235 236 237 238 239 242 254 255 256 257 258 259 260 261 262 263 264 265 266 267 268 269 270 271 272 273 274 275 276 277 278 279 280 281 282 283 284 285 286 287 288 289 290 291 292 293 294 295 296 297 298 299 
-1.3473938527842244 4.617219799305192 2.590342191441933 4.810302299302662 1.5130746192833358 1.2331499046228347 0.7222603800162919 37 42 
3.4475449709395996 4.6432829976382495 2.4649654218215895 4.811780457666525 0.5192014733182053 1.2467010301973231 0.721492820213885 21 26 
-1.3249339402443763 -4.118433947369598 2.302312397514876 5.4597678507665925 1.6216745527421226 0.17339975960048096 0.6480185516728888 243 58 
3.078953918322929 -4.28094126850609 2.319310752751287 5.4820376442848175 0.3834881847049183 0.18903901412602667 0.6455050083783506 253 4 
3.2537804123401393 -4.104089947951665 2.4188308648737773 5.459336609102619 0.42850224138457693 0.22825014576824235 0.6734930995997268 3 255 5 
3.4410613405356774 -3.9508835610687374 2.5434732741867774 5.479642393855871 0.47185334330500117 0.26930342451279554 0.7003725217377742 4 257 6 
3.7001153072413486 -3.7261587252270343 2.6871006928531584 5.506024743216378 0.5141875419876252 0.3130726113989819 0.7260833976783321 5 259 7 
3.942950330321061 -3.4509036493977074 2.838756147905709 5.510446855001402 0.554719029107016 0.3597711687196429 0.7504237032375393 6 261 8 
4.198259942486615 -3.066558060686098 2.9865594523884575 5.476088220599154 0.5925313107765541 0.40963482279996705 0.7730639171232544 7 263 9 
4.439672588583367 -2.558815823198926 3.1272887131342246 5.3960154666745375 0.6268049989709271 0.4630561073886653 0.7934929131959969 8 265 10 
4.625974600191724 -1.9754418831216265 3.2356465669724686 5.278358024902782 0.6567392152271099 0.5202988136865706 0.8111793998682211 9 267 11 
4.747132024947262 -1.3320054606488347 3.30377553322391 5.1312934052577095 0.6813668773967849 0.5810331313032018 0.8255772722315133 10 269 12 
4.79969596741917 -0.6206056360718126 3.3270799750738522 4.961072864744572 0.699843319913794 0.6447738527483663 0.8362794694383947 11 298 13 
4.781739231856736 0.08292623499137768 3.306693739558189 4.798974213248155 0.7114174794176139 0.7108362688698091 0.8428448007196538 211 14 12 
4.691292426312499 0.8096727754908034 3.2566067074605023 4.650128794077073 0.7154398836301239 0.7781193664739128 0.844767194212876 13 208 15 
4.555012068492794 1.4992533004029893 3.1621972366504183 4.536805539818404 0.7115110641896539 0.8453177288097509 0.8418261724260653 14 210 16 
4.381243842686839 2.1356648395535887 3.0523251041537254 4.468982215712062 0.6997483332228662 0.9111888567405543 0.8341713987421546 15 94 17 
4.195047305164509 2.701044351746763 2.946056558973985 4.4541694140405195 0.6809572729528115 0.9746427162408533 0.8222001601215813 96 18 16 
4.029705233842532 3.204635218384893 2.834322563103196 4.494248353569807 0.6563391823675921 1.0350277519954656 0.8066406500296035 17 98 19 
3.8824283428116813 3.6435720971011136 2.7519446602580477 4.578724446099728 0.627033401671028 1.0922170594450207 0.7883669559937336 20 18 100 
3.7548263784814835 4.0121363100404634 2.6875267405663146 4.678928615887738 0.5938880454907346 1.146495212700678 0.7678902136860934 19 22 21 
3.6312659447011546 4.350103311938411 2.586000670428617 4.772126946487945 0.557751063920724 1.1979318762425066 0.7455363556596567 20 23 1 
3.4930424145544667 4.023972262688301 3.0408070041450626 4.678417248463744 0.6358841411074214 1.1457159331882116 0.7091431460709245 23 20 100 103 
3.357732102170214 4.379327372853904 2.941494701532775 4.7772307995085175 0.6037031994723676 1.1968419109104955 0.6816856788379856 22 24 26 21 
3.0502512195483202 4.3854556379056 3.2556151826851267 4.776705253833585 0.658116625398488 1.1960485270409005 0.6251321064706907 23 103 106 25 
2.9261208414377964 4.642942313057956 3.101410717141698 4.809967613922078 0.62798925558242 1.244924119012727 0.5907055225035629 27 26 24 
3.2191631392310085 4.636949907478241 2.8021951012761757 4.811682402773508 0.5690193740359415 1.2457127312782639 0.6520221699242975 25 1 23 
2.591500498275995 4.634119712258857 3.3743236696037537 4.8097184849263055 0.6954772815613273 1.2439876475650427 0.5385825968064369 25 106 28 
2.2391899535862665 4.647315307210265 3.5587370021856577 4.809365639241995 0.7697767830994637 1.243042876813464 0.4968243356274732 27 105 29 
1.8587960281646232 4.651543823559489 3.7034143562859687 4.809355798521613 0.8492346814525571 1.241989233485914 0.46649127484618463 28 108 30 
1.461333239485098 4.657024089973653 3.7901807012742856 4.809121494129993 0.9323555963849239 1.2408319887796802 0.4481379066045037 29 110 31 
1.0556634933208797 4.662368335517058 3.818639951733975 4.808876709547341 1.0172663784040619 1.2397339186349488 0.4420417363038286 32 30 112 
0.6473013727690982 4.666595449630184 3.7892176518721916 4.809040665587794 1.1022774072940207 1.2385785320175773 0.4485125023708969 31 114 33 
0.2505749934318333 4.668218837291877 3.704289072171426 4.809432650708946 1.1854585118715248 1.2375160350943868 0.46727244549303526 34 32 116 
-0.11443376312152663 4.660557028794904 3.5804385240555763 4.810359542659945 1.2647807967442224 1.2364509943214663 0.4979803970101534 33 118 35 
-0.49520877785347234 4.665959178737841 3.366704907612178 4.810033068601855 1.3387147769621925 1.2353784455913397 0.5400086207299595 34 120 36 
-0.8286706427495768 4.674697438638523 3.1068710277153584 4.81514574058328 1.4056340508047447 1.23446260285596 0.5921905683747285 38 37 35 
-1.176441354366643 4.599084068993921 2.837776949579105 4.808029127707765 1.4640050640632012 1.2336028669502337 0.6533987151169853 0 36 39 
-0.9610209763692373 4.437720702550166 3.2246833356172764 4.776870437911115 1.3737003365038598 1.1859666789427006 0.6266534910916935 36 120 123 39 
-1.1762322473429443 4.600907242944899 2.836056521466308 4.8075696689614675 1.427456836936084 1.1850753236894516 0.6831397789814736 38 40 42 37 
-1.4418544897246333 3.9551207866026186 3.071423133376789 4.629998080876728 1.3933361581819088 1.1343755577583328 0.7102853240125415 126 41 39 123 
-1.6239773808934328 4.106811210283693 2.722515275905384 4.696963354045322 1.4346906166278703 1.1336453683652858 0.768788499130295 43 42 40 
-1.4755554784826 4.475265838210619 2.5783305385189714 4.789022766359459 1.4725551886131243 1.1846233754128472 0.7464950124029536 41 0 39 
-1.8216614877399682 3.654624656744947 2.7558621211149448 4.56336926697104 1.400032637190058 1.080046540161601 0.7890515016880727 41 126 44 
-1.9310291632640064 3.2735272671639755 2.8704068510811966 4.500044127103971 1.3693907796324067 1.023804212521874 0.8070077769983772 43 125 45 
-2.1305387846715593 2.7718529658917324 2.948260116838478 4.456592376034742 1.343508945450177 0.9646607721105562 0.8221947724735879 46 44 128 
-2.3284042641290683 2.224300744113904 3.0365282523901596 4.461369928161496 1.3234055562496314 0.9026739842878838 0.8338809293135767 45 130 47 
-2.5048783995588404 1.6045635210724158 3.166942784466348 4.533319930811447 1.3101164094269575 0.8382957441043382 0.8414174988543014 46 132 48 
-2.665589516025235 0.9197369273397321 3.2619363369942667 4.650042563135733 1.3043534383996038 0.7724478673483228 0.8444130909060926 47 134 49 
-2.771640824840261 0.1648596144562768 3.3295898858269695 4.804604208122219 1.306279943283762 0.7063407562576748 0.8427583089256471 136 50 48 
-2.795265619063606 -0.5656471704903946 3.369979097770474 4.981465978971335 1.315577807061163 0.6410791597824907 0.8366305772240072 49 138 51 
-2.7907132765042344 -1.1890873316271648 3.2899503078713384 5.11435378075938 1.3316707786244517 0.5776300459092051 0.8264111053005008 50 140 52 
-2.6977144622037748 -1.8580222125622383 3.211956228503633 5.2734273527136315 1.3539120359344319 0.5167596079632012 0.8125135543153155 51 142 53 
-2.5331102234588903 -2.3659138438363767 3.1870886918908248 5.389428769962908 1.3816239431357147 0.45895310171575765 0.7953617727305449 52 144 54 
-2.309293454446357 -2.9382507295805644 2.9941725328892734 5.471278991339843 1.4140902001922016 0.4044483856969236 0.7754522160721289 53 146 55 
-1.9058002927808007 -3.50041187346148 2.8000857612001946 5.501330259543219 1.4505561105005418 0.3530803260436076 0.7532148299969545 299 56 54 
-1.9473319978500707 -3.5031477612871393 2.742047298237285 5.5118594274353505 1.490197816006534 0.3045925762658586 0.7291227062620451 55 62 57 
-1.2780618885897395 -4.081702537588041 2.4772779147332904 5.4662216575014835 1.5322592803443602 0.2587094550267921 0.7035253864975908 56 60 58 
-1.2899965989111513 -4.080480212766541 2.446108953615982 5.459210132636378 1.5760127545101061 0.21518885955251993 0.6764974420268957 57 59 2 
-1.2217908287253028 -3.9892968994552103 2.7335832621570515 5.454939314886227 1.5200233233355547 0.21603434193940255 0.5976019952027434 60 242 243 58 
-1.221564232453423 -3.989090462750748 2.7344527892721198 5.451749201670622 1.480788814085575 0.25935208902845314 0.6307025955186835 57 62 61 59 
-1.3165538011141107 -3.8141848296583034 3.0771531562118373 5.515914544477974 1.4190870525376895 0.2600362664988786 0.5656327549819709 60 63 239 242 
-1.4424592157144096 -3.478400641966818 3.4485343861941575 5.518941687709629 1.4428623928246573 0.30496133108588164 0.6618249481021259 60 56 299 63 
-1.4338754365803914 -3.499161075319191 3.424170304263909 5.519088026003685 1.3860798949879536 0.3053654107807861 0.601720948990853 62 65 64 61 
-1.3730935839928937 -3.3607218896798527 3.6513294616894147 5.506293541104772 1.320920362123591 0.30596013637283226 0.5504071001214034 63 66 236 239 
-1.4315668522180385 -3.508761104770721 3.420932445383309 5.521256606764947 1.3548248121659086 0.3534450693643249 0.6358704787217705 63 299 145 66 
-1.3252504219064694 -3.186807102508703 3.8818634492221715 5.498128626124924 1.2949092018951598 0.3538733772485777 0.5887195604469999 65 68 67 64 
-0.5822878148198438 -3.3193172934231283 4.229084475601204 5.505181891962142 1.2286384662536958 0.3544112541993136 0.5507459925043828 66 69 233 236 
-1.2886725302047328 -2.9636762532060565 4.079380836402592 5.46152606566581 1.2709461211799822 0.4048518323878375 0.6242843031321865 66 145 147 69 
-0.6368657331558555 -2.9569384011574114 4.480093320312261 5.464169806798035 1.210068386432495 0.4052828008152234 0.5895069246706406 68 71 70 67 
-0.12671756742447912 -2.9766075812522432 4.667789003095623 5.468672592793253 1.144746984043976 0.4057989545591426 0.5639991611978323 72 230 233 69 
-0.8029847854436932 -2.463531316108751 4.686785068902056 5.389321394560088 1.1935744223047187 0.4595147298512504 0.6243958987846823 69 147 149 72 
-0.20934732984649548 -2.4815303897906245 4.908223949438817 5.386700815661462 1.133480111173251 0.45993346509548755 0.6010373828560771 70 71 74 73 
0.37668168601122565 -2.4901697914113186 5.040039799653673 5.387624500564431 1.0705073187527954 0.4604098414274731 0.5867024684266107 230 72 75 227 
-0.27394059461945297 -1.8820018089240864 5.102992953127185 5.262834773547513 1.124055807295728 0.5175508818121808 0.6330263549807036 149 152 75 72 
0.3561194619673877 -1.9063594856138912 5.239448103695373 5.265506218435185 1.0658755459113944 0.5179651645517075 0.6198800242885729 74 77 76 73 
0.9779219978171632 -1.9178405264652278 5.283668212604796 5.266024196727 1.0063681636277422 0.5183905228728606 0.6153655372408885 227 75 78 224 
0.354459811023687 -1.2532209481127419 5.366574146676144 5.112347301922925 1.062376294822019 0.5788335411048066 0.6468747978628765 75 152 155 78 
0.9929430685875789 -1.2715739226742175 5.410677070384215 5.114624869880919 1.006856065825703 0.5792037300932542 0.6427527926533405 80 79 76 77 
1.634940960228801 -1.2941751785943791 5.361418829222109 5.119214034006373 0.9512889703221739 0.579579073826634 0.6467765335319855 78 81 221 224 
1.0039167399921558 -0.5785703393068802 5.453837506812654 4.944177962401353 1.0073779202701354 0.6428618612246582 0.662979687918006 78 155 158 81 
1.6485366791945262 -0.5895968774971547 5.4051988544290985 4.945095368129498 0.9548075752896201 0.6432489377214732 0.6668887241500829 80 83 82 79 
2.2934355693006565 -0.620020367363832 5.261318731158243 4.9531409764820085 0.9033984907673884 0.6436198573636971 0.6784316029547386 81 84 218 221 
1.6563440453948726 0.12248562812647137 5.36693855135109 4.775921391469599 0.9572105011324916 0.7090295092304087 0.679070223673859 84 81 158 161 
2.2826702082017607 0.11613486648759004 5.22615973715532 4.776930869695684 0.9075696821460045 0.7094418980153243 0.6903022681500794 86 85 82 83 
2.881915765620954 0.105454222089006 4.996933282102324 4.779422472890479 0.8601185673416428 0.7098318100845725 0.7086531660893605 87 215 218 84 
2.256873906741646 0.8281401465333647 5.119815922773339 4.627080712050643 0.9093744815583742 0.7763993761486503 0.6937014521650142 84 161 164 87 
2.8415420864907643 0.8321537873883464 4.893915210553403 4.627022106169567 0.8624435365448008 0.7768585798933281 0.711901047015169 85 86 89 88 
3.4024954660780797 0.8128176374980167 4.582758314142811 4.633566439553844 0.8186858510908734 0.7772721093050157 0.7367351257292244 209 215 87 90 
2.796513926398829 1.514637901515034 4.7283544574484235 4.513460500879749 0.8609072513747009 0.8437588381576322 0.7067426017978606 90 87 164 167 
3.30770842765424 1.497706286647878 4.44476146976105 4.518639521802377 0.8164375885342232 0.8442578929579103 0.7319903078804386 91 88 89 92 
3.7953989002553032 1.5049747423108966 4.0652032073422735 4.5223959377346015 0.7761577873463403 0.8447071952141292 0.7634071308928454 210 209 90 93 
3.201433000593205 2.1399879202527456 4.264099891284729 4.449901952470516 0.8091866088869593 0.9098573440522124 0.7196763518534071 90 167 170 93 
3.6568017968160613 2.141153192306059 3.9120799366971233 4.455112946816641 0.7671814929089587 0.9104054244845783 0.7524043524253284 92 95 94 91 
4.0497910053324295 2.1448979455685784 3.50269410190027 4.460216021748023 0.730455855959357 0.9108567719973194 0.790846422730685 16 210 93 96 
3.5173865143321064 2.7131522888086663 3.7451998422702295 4.441898329244643 0.7527688074218604 0.9736526924669948 0.735259413572661 93 170 97 96 
3.888772269972468 2.7079700659170967 3.363216327505817 4.447349857003887 0.7136620790304409 0.9742330436961955 0.7760987261835413 17 94 95 98 
3.379526803369022 3.1952339249078565 3.6132093634131146 4.481589824323271 0.7338860288620404 1.03390554493949 0.7129171709244954 95 172 99 98 
3.742917337507322 3.186624179661004 3.241521953835004 4.4849186185838 0.6916553325443493 1.0345786584872951 0.7568905007294068 97 100 18 96 
3.273156657135496 3.632941052607274 3.485918283454366 4.567660195605221 0.7113725830675518 1.0910029103275742 0.6865512310005122 103 100 97 101 
3.6077080637018377 3.617262578256565 3.14791924564658 4.567523089220434 0.6654478440780229 1.0917085018349049 0.7343180241950884 98 99 22 19 
2.8850990590908188 3.632502373383229 3.7853587270790996 4.563127843351813 0.7637242417237462 1.0902076938007386 0.6460196079233843 99 172 175 102 
2.8020882888223198 4.028992926965242 3.658486803811227 4.67353599722203 0.7428658463998963 1.1441718913059618 0.6130405249568851 101 104 106 103 
3.1650858160882063 4.019687904525603 3.383112622502551 4.673840975214771 0.6858877191849798 1.144981016575953 0.657133540573009 22 99 102 24 
2.3894268955190983 4.038839627335536 3.8883166480202194 4.675243623275302 0.805665960473394 1.1432623308600909 0.577776381939912 175 107 105 102 
2.3235661211667473 4.381811070044177 3.739716350157077 4.77160559158708 0.7885200161440407 1.1942270654764142 0.5388284123618359 106 104 108 28 
2.7133471544027628 4.399428946888902 3.507999864728236 4.7786269503347185 0.7201250997154389 1.1951774773002957 0.5772049459640791 105 27 24 102 
1.9672933434084636 4.045098245496153 4.0483171798324475 4.6747902993708585 0.8729774691691208 1.1422743973463605 0.5520587085226718 104 174 109 108 
1.9211757618104963 4.3855773844514765 3.8933465598456682 4.770820802826139 0.8617273542421372 1.1932079937357083 0.5108818595573824 107 110 29 105 
1.5253321505144501 4.055571605880966 4.14382082628567 4.674553500102143 0.9432922219124786 1.1412789103667762 0.5364390827099872 111 110 107 177 
1.4845513417256866 4.387626492870795 3.991705382973413 4.769762681696925 0.9382205431830382 1.1921584130052927 0.4939472239829066 109 112 30 108 
1.0584269176670382 4.038814104820884 4.189056116615741 4.668042573158121 1.0151912008433195 1.1403054721087629 0.531232015591401 109 179 113 112 
1.0462866561490651 4.387627097222128 4.026775586158336 4.769287572538589 1.0163935202417078 1.1911186978845607 0.4883386923729702 111 114 31 110 
0.5815888309209037 4.054131648043292 4.151685408401836 4.672503466763679 1.0870505214041803 1.139339429468544 0.5365735528036564 181 115 114 111 
0.641017766183632 4.38671670045498 4.001439744482199 4.767720815432573 1.0945296866350458 1.190079397950329 0.49422647439319495 112 113 116 32 
0.17366827374337657 4.036641078205963 4.071937344809853 4.665255194269785 1.1572817644159676 1.1383320061836106 0.5524031384255595 113 183 117 116 
0.18495304203073618 4.395633500503831 3.8984457159697796 4.767876388133484 1.1710196471811523 1.1890224949370625 0.5115254489903489 118 33 114 115 
-0.26460361139914185 4.028867984873524 3.9136622225627673 4.659378901908128 1.2244718794497507 1.1372886163527811 0.5784039437044693 115 185 119 118 
-0.2281295059413912 4.415828738060752 3.735336269931266 4.774981524119336 1.2440614903327165 1.187954719367197 0.5398358258222041 117 120 34 116 
-0.704104268817334 4.108559075729145 3.635450479313315 4.682886427342521 1.2870836964208365 1.1362654915343302 0.6139374132113335 121 123 120 117 
-0.5208598406335164 4.411644875338656 3.5789716101074887 4.771051657778728 1.31209542584538 1.1869162999132592 0.5785150476115201 119 38 35 118 
-0.8536028646218063 3.701593290233006 3.7402914938114966 4.572301799610675 1.2640692866905803 1.0828095093049677 0.6463907518502424 119 185 188 122 
-1.0761902995954729 3.673446073407109 3.5846694777756176 4.5619834823631455 1.316310839995447 1.081888394952793 0.6871034023210046 121 124 126 123 
-1.1005416013689795 4.12500261702657 3.322366613201928 4.68570074246364 1.3438168382653974 1.135324712585116 0.6582322692814031 122 40 38 119 
-1.3220366198507973 3.3017071269416567 3.567191321433129 4.4966979756166205 1.2918402003453595 1.0254808712121113 0.7128292110910037 188 127 125 122 
-1.6264013510533966 3.2465257840756125 3.294091421558354 4.491971172546855 1.3340512885382714 1.024603491005721 0.7570018948398471 128 44 126 124 
-1.5272419724155026 3.711577827943889 3.11480999082866 4.572495975339992 1.361935279021109 1.0809226892575177 0.7349996073756597 125 43 40 122 
-1.4014822676226066 2.745083902956025 3.800267263122308 4.438444058783897 1.2711330714632512 0.9660944486289798 0.7345793300034827 128 124 187 129 
-1.815491395728562 2.766473725574098 3.371208601366169 4.446117740365661 1.310499915408244 0.9653315620653735 0.7756494097941453 127 130 45 125 
-1.578963616599826 2.2109890099217093 3.9227995877849837 4.4468527504555295 1.2550472168242408 0.9038465420738162 0.7513468091643941 127 190 131 130 
-1.9535547400725704 2.208414384535672 3.5489197639223318 4.456707202477413 1.2922214236258434 0.9032215823164645 0.7900247033897929 129 132 46 128 
-1.7360209682665686 1.5756105271809555 4.068401453762375 4.513499796131024 1.2443949463673416 0.8391870268906498 0.7622018873215367 192 133 132 129 
-2.1725664740196193 1.5932629485271916 3.620020999661723 4.52482867290672 1.2801403398238822 0.8387229429323849 0.7993233442610701 131 134 47 130 
-1.8542821204842712 0.8909252336048002 4.226841745359909 4.643136181421917 1.239711878466486 0.7730773453882297 0.7665070871357631 194 135 134 131 
-2.282270871844511 0.90983492002402 3.7844646645055695 4.647183539745337 1.274879683234413 0.7727545676836483 0.8030303404249627 133 136 48 132 
-1.9195666710174366 0.1417225656225395 4.334145921604703 4.800866042941884 1.2411188486543319 0.7067173944507443 0.764108373674875 136 133 196 137 
-2.3891523071824223 0.15349234560109204 3.8513382904902396 4.797902362407736 1.276577608805478 0.7065127547520539 0.800998513512693 134 135 138 49 
-1.9824953443731776 -0.48313653455673966 4.315813215767207 4.937850462119637 1.2483822288799256 0.6412569466795943 0.7553077213478137 207 139 138 135 
-2.4450060848584365 -0.4379881333192 3.8362775593387326 4.93131566216294 1.284964108116075 0.641152839625205 0.7934780843494235 137 140 50 136 
-1.9108163798744275 -1.202058355256794 4.330468083560283 5.109694571121221 1.2610158548667307 0.5776803140538235 0.7406187272531328 140 137 150 141 
-2.293305212099038 -1.1178582323122295 3.9383177438100287 5.085182709050131 1.2994901612833716 0.57766346565084 0.7809188524158677 142 51 138 139 
-1.69032636898187 -1.9136988996539321 4.340234630790287 5.277321285332107 1.2784751349481167 0.5167576028327656 0.7206131895459108 143 142 139 148 
-2.477111013594084 -1.8695804372748248 3.4870657344020253 5.251022654787102 1.319527056621158 0.5167864775786272 0.763790835186994 141 144 52 140 
-1.700614449949213 -1.9983754084260898 4.303373310793706 5.301089153980997 1.3003034714748756 0.45897145638417014 0.6959899934820013 141 147 145 144 
-1.8603793885588178 -2.4166817450289693 4.003386233942096 5.412403986469847 1.3445370389948648 0.45900323120067565 0.7426989117271721 53 142 143 146 
-1.357109969523285 -3.239336022502289 3.7594245255060703 5.477634448273949 1.3259957706089713 0.40456100548943696 0.6675269581585961 143 68 65 146 
-1.6538642550423204 -3.0319283223187035 3.749875558097097 5.492489026880795 1.3739508279797028 0.40454862724320334 0.7183360389630825 145 299 54 144 
-1.4525133531701708 -2.321825509737626 4.379527679336413 5.376744898215023 1.2496257762526564 0.45917769776034245 0.656302069398796 143 148 71 68 
-1.3760952107256914 -1.8513255006607288 4.59930563229888 5.268283867413504 1.231517434728613 0.516914805905919 0.6839465919303527 150 149 147 141 
-0.8411314127734151 -1.86781009714475 4.890279871424037 5.265329673449528 1.1796635901154224 0.5171795510013917 0.65453116307382 74 71 148 151 
-1.4227293800140042 -1.320515200826787 4.683809967023204 5.137902662955711 1.217066198495286 0.5778353600017415 0.7064093000187817 151 148 139 207 
-0.8832302649321675 -1.2280112980350795 4.999921234501727 5.112726315608535 1.1686396851457896 0.5781007205769724 0.6790524052763555 153 152 149 150 
-0.2789647006156406 -1.231002592767204 5.228959683440445 5.109370145351771 1.11667170449643 0.5784542143281584 0.659059793203112 154 77 74 151 
-0.9414986849686667 -0.5197454084144293 5.019229459464752 4.943906867539612 1.160701232207796 0.641742023120406 0.6971029789079377 207 195 154 151 
-0.2751449894693231 -0.555268380561415 5.270151957564619 4.944599461491108 1.1114218315238567 0.6420909711342271 0.6782350041179876 153 156 155 152 
0.3608838169248349 -0.5670401745745755 5.408992351508406 4.9437768191403935 1.0599610871191274 0.6424777048356863 0.6667854119341827 154 157 80 77 
-0.26355288033929125 0.16011418602503585 5.231621344157686 4.776076867901494 1.108554295649286 0.7077347635514147 0.6897767698938132 154 195 197 157 
0.3718006491410335 0.14545952479822521 5.37034672801988 4.774913322116503 1.0587956333912816 0.7081672967977369 0.6787960503182107 155 156 159 158 
1.0156980524031676 0.13489364597936324 5.415153654386438 4.7746124068633256 1.0079793168363365 0.7086014247948288 0.6752046541921157 80 157 160 83 
0.4000860142521494 0.8556207007220917 5.259171946494195 4.624842079514651 1.0590502713521517 0.7748938672285902 0.6821709529803971 157 197 199 160 
1.0194602950013312 0.8484196606452601 5.301768271319765 4.623653012611532 1.0087338057072628 0.7753988234765243 0.678663160378982 159 162 161 158 
1.6600611018462499 0.8368730957522077 5.253463286600037 4.624850763306194 0.9584842757175045 0.7759067535160198 0.6825390874818363 83 160 163 86 
1.0426613817516346 1.5304701343532119 5.128698821950291 4.508653553460165 1.0095970081101213 0.8420355047765908 0.6729382423645449 163 160 199 202 
1.6186285091734365 1.5172142530161854 5.086016316219288 4.508986039164694 0.9585361616077315 0.8426417211020194 0.6768829794538592 162 165 164 161 
2.2205103255687586 1.5246166046290954 4.947084227468448 4.508254104620718 0.9086085633971535 0.8432219659967908 0.6882378488080011 166 89 86 163 
1.612344960547178 2.1523567281998384 4.87621966147747 4.442431273212381 0.9573028005152795 0.9079518122634471 0.6623113245565703 206 166 163 202 
2.156596814986025 2.157444075852435 4.751210418618741 4.443999914490007 0.9052455590703598 0.9086226762553472 0.6741266294275186 168 167 164 165 
2.700638192282892 2.1529360271824642 4.54311184082874 4.4468168763033935 0.8555466153216078 0.9092584358589215 0.6933804682465295 166 169 92 89 
2.1065570758233765 2.719626709351447 4.539156023227389 4.430241269330635 0.8996438994269729 0.9716081467050571 0.6521570915867569 166 206 173 169 
2.6143894845670617 2.7135689335405004 4.345858728986952 4.432872340936557 0.8467847184293096 0.9723308354327874 0.672578727505146 168 171 170 167 
3.086439870916646 2.710234770144889 4.079161978376002 4.435468966878696 0.797478355475079 0.9730082911806831 0.7004898588041181 172 95 92 169 
2.537835604987039 3.203551871441112 4.168405346006789 4.475265039376689 0.8352077953719967 1.0323927823129542 0.6455671384941335 175 172 169 173 
2.9804665594497957 3.2002510914624644 3.918547117368074 4.477302498614774 0.7821075075522073 1.0331546377317435 0.6755256751841561 171 101 97 170 
2.0550957096746334 3.2099266018653463 4.3517827980678625 4.472147717851847 0.8922188471627113 1.0315925925361724 0.6236262076692884 171 168 176 174 
1.9945780340856651 3.6433038672606024 4.199675750856288 4.560548671378534 0.8832249538846775 1.0884559449918652 0.589896917532716 173 177 107 175 
2.4686044015280872 3.63865390234967 4.019026524816797 4.562113586173456 0.8213481374195672 1.0893596114611317 0.6136079088203643 104 101 171 174 
1.547860208083263 3.2161011123745453 4.463753730556907 4.470499510448776 0.9518151976759796 1.030741228763645 0.6102423260427663 177 173 206 178 
1.5397385176098088 3.6479280255731963 4.3003818711054596 4.559221911523559 0.9478687731619668 1.0875422311024758 0.5754570755339856 109 174 176 179 
1.0693342202387786 3.220958392772226 4.501693867496426 4.470684459386048 1.0127232083751956 1.0298663442042089 0.6057233819957946 176 204 180 179 
1.069388447244828 3.6529018795312207 4.337539359617914 4.558881205051204 1.0139647538564898 1.0866168617693759 0.5706262067203365 178 181 111 177 
0.5386716202633157 3.230548760576256 4.463246746700704 4.470581213974157 1.0736360560812903 1.0289825860155009 0.6101392444185209 181 178 203 182 
0.5800414331426395 3.657005033671505 4.30381051762788 4.557402799830542 1.0800221028515455 1.0856712190126332 0.5754907365704669 180 183 113 179 
0.025872060505176105 3.2357236338107134 4.352353051994849 4.473144385498651 1.133241040147873 1.0281092139412853 0.6234195607243158 180 205 184 183 
0.1065975603487685 3.6649642293066456 4.2003169289564966 4.55832483306848 1.144563194991534 1.0847216077301236 0.5899622871272616 185 115 181 182 
-0.41579433131580257 3.241380439802729 4.187079615939774 4.475973006257273 1.1903366329096934 1.027235508657575 0.6453091438797683 182 186 188 185 
-0.36052073111163274 3.672314625913143 4.024893282143371 4.559951672343186 1.2064193262866867 1.0837626187551987 0.6137886958278869 184 121 117 183 
-0.5535990071120583 2.755516637513813 4.342289436586942 4.434307722673481 1.1766242517255103 0.9676692215737616 0.6719159892471653 187 184 205 189 
-0.991665643628078 2.751677367393822 4.103336120692204 4.436555087708292 1.2261749072594479 0.9668752333338791 0.6997564674017505 188 186 190 127 
-0.8729935161460896 3.246537053625332 3.9335857732061035 4.4739685940104685 1.2435698348691053 1.0263518114008945 0.6753174709253869 187 124 121 184 
-0.6106778114013843 2.185243763554796 4.561465407706132 4.445665694626396 1.1659419026867996 0.9051628853400182 0.6924501347168825 191 190 186 200 
-1.102706062351753 2.1887547026576186 4.290120326300629 4.445751324072737 1.212652947032033 0.9044973877266669 0.7186076999732224 189 192 129 187 
-0.6954366579244757 1.560830237506252 4.753223993720575 4.51010450575304 1.158823047237255 0.8402628764340814 0.7057179402477987 193 192 189 198 
-1.2242934583724028 1.5619737164043777 4.462825439253305 4.507700242739199 1.2036692509681612 0.8397095629205255 0.7307944763521838 190 191 194 131 
-0.9085279918992395 0.8638679895714526 4.86044862275216 4.635150739320287 1.1555335893019771 0.7739134197921496 0.7109314221406806 191 197 195 194 
-1.343335572597238 0.8928318843606191 4.613928838277627 4.641793674733291 1.1996401238521277 0.7734698320781688 0.7356003798446933 193 196 133 192 
-0.7385005165089421 0.1481051242308564 5.055370032198449 4.774873692650156 1.156199361541395 0.7073344294628355 0.7079313573689533 193 156 153 196 
-1.5838504471396038 0.17541640757341248 4.581123257570292 4.779207106627286 1.2007091345628298 0.7069912643545669 0.7328803874562908 195 207 135 194 
-0.18808884733191028 0.8460282785007452 5.134671153533978 4.627224907540792 1.108337949964464 0.7743923367258927 0.6929999236552976 156 193 198 159 
-0.1717459057410847 1.5433172774541863 4.953296216283456 4.509634251747414 1.1108406384301466 0.8408349226155969 0.6874951691223278 191 200 199 197 
0.4441521007224915 1.5331373392267764 5.088750369261734 4.508068856371612 1.0607356868782036 0.841428780944435 0.6764966453200972 198 201 162 159 
-0.08587923149920591 2.178127477573268 4.758185707873275 4.443791009692506 1.1159936652252656 0.9058457530233137 0.6734471953998142 198 189 205 201 
0.45599119626192125 2.167435645216495 4.87771617566536 4.442675921453856 1.0637995684832557 0.906543558307545 0.6619622664926484 202 199 200 203 
1.0553474437013952 2.169535582749124 4.915984561628209 4.441422704638098 1.0105191246606442 0.9072538053329566 0.6582219128789228 204 165 162 201 
0.5137394358952002 2.7363123654611483 4.66248484368737 4.429452503277119 1.068151658074978 0.9692377246256505 0.6394111666907738 201 205 180 204 
1.0233883799586503 2.7353125522598227 4.696094403711481 4.428706666031089 1.011547132755603 0.9700330482665318 0.6353832558608552 202 203 178 206 
-0.007842734569753812 2.7464694568570693 4.54762020255314 4.429999727052259 1.123586378902235 0.968456544703648 0.6516690905461724 200 186 182 203 
1.5952083666886663 2.7252318996172993 4.652400175047089 4.426223854419877 0.954983177469701 0.9708299914358558 0.6396633745270478 204 176 168 165 
-1.318687125309149 -0.4850592202159481 4.805625783444109 4.930585803914269 1.2066642355459751 0.64145301761088 0.7229586828431103 153 150 137 196 
4.334963645135607 0.7933979359307769 3.753037039659502 4.646173764199446 0.7443903342191585 0.7778983168006335 0.8039303750247258 210 14 211 209 
3.8992246940938733 0.804148186608039 4.200987945937941 4.639352404696995 0.7790493963084588 0.7776191115057998 0.7676443373599013 208 212 88 91 
4.2062359466864185 1.4989711283101692 3.641635894756369 4.5283740500954215 0.7409448912603936 0.8450652318324251 0.8002886034468981 91 94 15 208 
4.404740647213863 0.07893028480624624 3.8288098604776617 4.794307731669825 0.740727483986662 0.7106281632405116 0.8015583575766337 13 298 212 208 
3.960361849528148 0.0857585816625362 4.286699540489057 4.788962470434856 0.7758150696035442 0.7104428011508093 0.764894501488585 211 213 215 209 
3.961573513259115 -0.6103736169882156 4.324662866885904 4.952015695730114 0.7667370535636087 0.6444476292715808 0.7554964669291981 212 298 268 214 
3.4533652310904417 -0.626894374773437 4.716714483463719 4.956103237794733 0.8083257115615027 0.6442214430958396 0.7232262913547891 213 216 218 215 
3.4454556894928317 0.09739142732321487 4.682129020281257 4.783407553619209 0.8158930039839135 0.7101754585534608 0.7336979682287728 212 214 85 88 
3.4240778722701957 -1.3296616186842836 4.671866948986651 5.126708956101994 0.7963188152914256 0.5805158940561219 0.7060770433233435 214 268 271 217 
2.8558998311699075 -1.317308309397327 4.989647235833552 5.121684522355849 0.8448987601753257 0.5802574062921979 0.6787882118187983 216 219 221 218 
2.886956562450395 -0.6146743822049695 5.033238193597429 4.951755285683209 0.8541938093044845 0.6439438601472701 0.6973596403037909 217 82 85 214 
2.7786260739184785 -1.9295947349069886 4.888395741677523 5.265285950512246 0.8325724893073901 0.5195228601927209 0.6537470181936953 217 271 274 220 
2.2187848474531586 -1.9665693874700994 5.090724686090599 5.275342685537426 0.8884440820086419 0.5191747377685871 0.6324683574669772 219 222 224 221 
2.2451609918806947 -1.271246059414693 5.228557885903332 5.111772313445852 0.8969435049573469 0.5799360392152305 0.658868909718617 220 79 82 217 
2.138573351620647 -2.5281663658222673 4.9049413180094215 5.391309961531354 0.8783662894263022 0.4618528577551491 0.6000386991225826 220 274 277 223 
1.549292735634529 -2.5102781335741597 5.039214966462751 5.388513982733561 0.9416162949455545 0.46138413321459315 0.5861716733968994 224 222 225 227 
1.6016443174806936 -1.9302578981918632 5.2376044006967835 5.268533165418061 0.9468084687375999 0.5188014559524066 0.6195878568204908 223 76 79 220 
1.5019236949587906 -3.001104806901883 4.785675613805308 5.468902400973518 0.9359486442729823 0.4075632499985623 0.5474952515798612 280 226 223 277 
0.950837774603518 -2.9919239442947663 4.824873469989371 5.467988217549198 1.0061820920387807 0.40697316993835775 0.5427379078000655 225 228 230 227 
0.9629773749852042 -2.4946516939308614 5.083932749518782 5.386251654620705 1.0060954585270465 0.46090121435424103 0.5817007110775603 73 76 223 226 
0.9415961802988384 -3.379783493421289 4.5439295484159645 5.507214973850969 1.006488261464682 0.35649703300771 0.4994901123198332 280 283 229 226 
0.4252079457073165 -3.358005164134305 4.513947701482033 5.504353756991816 1.0828754399502434 0.3557556879211451 0.5056298903907313 228 231 233 230 
0.3941307552087716 -2.9646411908834622 4.795191881163533 5.465354238668506 1.0762706615610478 0.40638074437206895 0.5482936051345912 229 70 73 226 
0.46004646802736493 -3.651811355604427 4.229642653766421 5.504408155357548 1.090156166406246 0.3082659054041626 0.459718916188002 286 232 229 283 
-0.03401607631923224 -3.618090137117342 4.148530335543971 5.507807838490963 1.1713598694251965 0.3074218166420715 0.47855884361417844 233 231 234 236 
-0.0825603776779661 -3.348616667128271 4.405270788370855 5.507509730753659 1.1574728724651449 0.35504110394847466 0.5228396127840563 232 67 70 229 
0.06111482195876841 -3.8680431051776893 3.8519795362274265 5.4798856643555744 1.1861464015204248 0.26257537000766074 0.43191085726303435 232 286 297 235 
-0.35383080992602445 -3.8663965592268283 3.6806966352712673 5.479301767137976 1.2701908923650107 0.26165547463474026 0.46504169248985305 239 236 234 237 
-0.45127318744019057 -3.6102209789071695 3.984528387880225 5.505854830802286 1.2488233151492625 0.3066476960194403 0.5090232271608917 235 64 67 232 
-0.2473580733310941 -4.077850898791032 3.408819602933403 5.456731729464739 1.2923129999158451 0.21893046332480492 0.4189638563099742 297 244 238 235 
-0.708814562961387 -3.9326383428128975 3.3182165052950343 5.448611241436353 1.3767573732922769 0.21791997211951955 0.46743968912190914 237 240 242 239 
-0.6429816194002761 -3.9447290646916304 3.3454963739600503 5.450003418918123 1.3483949129666382 0.26079597100198537 0.509957575882292 238 61 64 235 
-0.48677604539272246 -4.255263158527014 3.0443066936717442 5.485450182936701 1.4064237039582803 0.1764201712227986 0.42243015614599094 238 244 241 
-0.8162681046780144 -4.258407498025906 2.7454328801156103 5.485035912926811 1.4888174936950462 0.17530872792405094 0.48693714098997376 242 240 243 
-1.1403215352875755 -3.982423878505729 2.859250630595808 5.457365270194157 1.4531671193452398 0.21698001922356988 0.527474386286451 241 59 61 238 
-1.25940748799769 -4.045108384961365 2.5698890774350116 5.458481874048193 1.5608520228792417 0.1743150637004126 0.5624263351567681 59 241 2 
-0.15877813934216273 -4.258801767462315 3.234493447484327 5.482606759217573 1.3154811665133292 0.17753849714563807 0.3702207792978547 240 237 245 
0.18401103740391367 -4.262670440413273 3.373365093514061 5.482115885004892 1.2175739873944267 0.17878113047122793 0.3316755879693949 297 246 244 
0.5375904571071806 -4.265461249946897 3.4597673655260404 5.481010969009341 1.1145638230339092 0.18009930084100498 0.3076232712048043 247 245 285 
0.9063650002399759 -4.263077509627412 3.498678123939663 5.478358002919856 1.009278650906146 0.18144672878291387 0.29882576137145356 246 284 248 
1.261029686542439 -4.275662750979785 3.472199248563049 5.481155079382639 0.9036520822235088 0.18284550433709099 0.30557160156715246 247 287 249 
1.6338718018017817 -4.263656438046345 3.408914236436219 5.47551430555299 0.8000470011567868 0.18415004216250866 0.32752573578693644 250 248 288 
1.9753402358238357 -4.2748824894156785 3.277826253716103 5.478483066618985 0.7007015137237864 0.18544963613486454 0.3645182886823074 249 290 251 
2.301445838115298 -4.279008444997567 3.0994323960200494 5.479076114037411 0.6074342273209576 0.18663346415489346 0.41577752110292115 250 295 252 
2.597486779682442 -4.280779732985532 2.8774206874921595 5.479444704499231 0.5226121377954088 0.18764203727010637 0.4800969403360422 251 254 253 
2.855719632815313 -4.286716525609191 2.611461331549315 5.482031105741497 0.447590291065351 0.18847485916541534 0.5568075274359501 3 252 255 
2.7283047146167716 -4.0999980725229905 3.035617882780443 5.456040721092168 0.5574745321046661 0.22763196820702847 0.5210537924997647 295 256 255 252 
3.0216799194152273 -4.0921401246193785 2.7567589888112374 5.456513781302564 0.48759984092992703 0.22798650948083624 0.5920243729975501 253 254 257 4 
2.8799789536424014 -3.945973676420521 3.1994587466097126 5.475991487777301 0.5903580986346062 0.26900487742971696 0.5601689127220763 254 292 258 257 
3.232100018915893 -3.9160942552071796 2.9066457770709135 5.481066028278421 0.5259532383965153 0.26918942474271673 0.6257457247210875 256 259 5 255 
3.0870433052292303 -3.719494421286186 3.414982671533931 5.502488970253611 0.6226314060156792 0.31273508178048237 0.5972017913881819 256 294 260 259 
3.411033674651695 -3.728851476420349 3.0770863423050137 5.5047328500396615 0.5636159560411717 0.31293730000160586 0.65762116873568 6 257 258 261 
3.2924073411047665 -3.4272721304468514 3.636319515418153 5.507255499080817 0.6538501186120284 0.35938058483316604 0.6321624374831313 258 296 262 261 
3.642946471334649 -3.4428259891416095 3.2626590253739938 5.509418585234869 0.5998898399562372 0.35961978922055965 0.6876557155464755 260 263 7 259 
3.4930015530915144 -3.0496585325697563 3.8410086032780884 5.47291546050664 0.683100584788976 0.40930042810022926 0.6647308375823611 260 272 264 263 
3.8772635857039672 -3.05458764050848 3.44448020729168 5.474487487249742 0.6338094571714258 0.409520215592548 0.7155982347394405 265 8 261 262 
3.680960955323838 -2.5479381055942096 4.038575757387694 5.39263363960152 0.7096579147555073 0.46278502198857974 0.6941455106670639 265 262 270 266 
4.088483066884009 -2.5724618380151676 3.6031483537419895 5.397307042802937 0.6645677437857469 0.46295610454186265 0.7407985191181654 264 267 9 263 
3.8330907112245245 -1.9905863704989115 4.17598352866587 5.278378407045198 0.7329549559883697 0.5199856196723254 0.7195157044394629 264 271 268 267 
4.259684438988711 -1.9641794444455558 3.7478474340639667 5.2742227564483475 0.6914655392580457 0.5201675146010809 0.7625734079149632 266 269 10 265 
3.92664969932407 -1.3189797898167077 4.283349131037345 5.122628851886723 0.7522462838644282 0.5807061128449237 0.7401550177848382 213 269 266 216 
4.374149652132108 -1.3154134222695206 3.827058874806233 5.126293697514634 0.7136445145395716 0.580870463182034 0.7802857683092428 268 298 11 267 
3.206439664605601 -2.5374877047247772 4.40868632172013 5.392422499316328 0.7611340808008122 0.462569210569154 0.6546042376176813 264 272 274 271 
3.332371238708186 -1.964968039705174 4.573034504308104 5.2747927960360705 0.7803504936092345 0.5197975077342714 0.6829855930692474 266 270 219 216 
3.057189355677921 -3.041866847964117 4.179772559127009 5.472284191777453 0.7393060515179786 0.409037724928478 0.6217049363241022 270 262 296 273 
2.5692039529309314 -3.0301929929343454 4.456958378502449 5.470930594337642 0.8010979945891472 0.40864567093252535 0.5873777418175918 272 275 277 274 
2.6980204575041733 -2.5599877825783963 4.676029015869086 5.394572985636223 0.8178148908699581 0.4622595218349989 0.6229915939721251 273 222 219 270 
2.4332342803060927 -3.4124323973636024 4.206490750944425 5.50795685053171 0.7827616860255416 0.35853484072580755 0.5478777615878503 273 296 293 276 
1.950498369002305 -3.4015390709093083 4.392963757722646 5.507770211239116 0.8547966204977757 0.3579219769473 0.520815620378524 275 278 280 277 
2.04606083119052 -3.009380466719221 4.66603851173844 5.469488976649046 0.8670764944906951 0.40813948425049557 0.5624816367646243 222 273 276 225 
1.8773684681728982 -3.6827018952499655 4.1200516686915565 5.505005605068589 0.8418171221470929 0.31088545169701687 0.4759997975392496 276 293 289 279 
1.3908304054412814 -3.665671820258789 4.234233735062434 5.503599919723325 0.9236419861505025 0.3100287318018277 0.4583860398867331 278 281 283 280 
1.4482833244809898 -3.3835777415299826 4.511186626530003 5.506626813441707 0.9299225292136093 0.35723547545763545 0.5045852962712716 276 279 228 225 
1.3408963674752767 -3.9004956547238945 3.9333427399783156 5.473816185147175 0.9172517142849766 0.2655917483754034 0.40969115698091985 289 287 282 279 
0.916959263733696 -3.886213030418581 3.974921278124445 5.476940553583443 1.0077743129898185 0.26455065492878993 0.40386707617972595 281 284 286 283 
0.9174089819006759 -3.6607163790816357 4.266280720095469 5.506137001731212 1.006993722099833 0.3091383850853817 0.4529273210952657 282 231 228 279 
0.9033136661383067 -4.085968101993073 3.6950910277711815 5.454583709764545 1.008703430609422 0.2222990724515148 0.35272113163791025 285 282 287 247 
0.5333821942716304 -4.072141733407062 3.673981639494239 5.453870984874842 1.106313356515893 0.2211179644919786 0.36086402817117563 284 246 297 286 
0.44768508355603065 -3.867001253253962 3.9503749787233415 5.478668270525455 1.0980474611079574 0.2635470600413443 0.41135347465038663 282 285 234 231 
1.3312681924167646 -4.063212326276152 3.7052599554298653 5.4548736636180095 0.9107604317845311 0.22349072133211037 0.3589193838152203 281 288 248 284 
1.7191783776253264 -4.083864856110867 3.600846915466046 5.455610604754138 0.8147192343896795 0.22472052948638765 0.3794484003091218 289 290 249 287 
1.7324618774853522 -3.8770390314957943 3.890382777792665 5.476069939401376 0.8284362453000873 0.2666645388240093 0.42878211093177654 281 278 291 288 
2.0427380555713133 -4.081194756696392 3.4931005784225304 5.4577850680239015 0.7225791540006627 0.22587430092030522 0.4138295553607988 250 288 291 295 
2.188721591598414 -3.9239303581022082 3.6652004464306316 5.471120539176998 0.7431798203244546 0.2676443363277864 0.46069801095820745 290 289 293 292 
2.605360337734951 -3.8849052519680374 3.5081557067426936 5.481094718667676 0.6632640262542467 0.2684576854437494 0.5047947486771074 294 256 295 291 
2.2866967952183255 -3.696631442852401 3.957065293039471 5.505380808723727 0.7632897655532657 0.31165601006550536 0.5054270060643797 291 278 275 294 
2.702051364136458 -3.719975018196281 3.7064802374395676 5.5049344464348495 0.6896965123328921 0.3123003160438934 0.5461163003425435 292 293 296 258 
2.4061779358983815 -4.087580843278744 3.29198160833709 5.456014056901924 0.6362701339501797 0.22688458425149724 0.46133811241969924 251 290 292 254 
2.88413553366002 -3.425773240318235 3.9481710071504357 5.508528187784006 0.7152944613950767 0.35904175080324996 0.5852539718373311 275 272 260 294 
0.12035267108111636 -4.077100078051501 3.563687104235551 5.455165704476797 1.2015247627389138 0.21998678237070915 0.38313339640067495 245 237 234 285 
4.421872409427947 -0.6434990163117023 3.851613806934375 4.963586133261084 0.7302987473414887 0.6445935393553712 0.7934591094809944 213 211 12 269 
-1.4428588025824827 -3.4749361409992017 3.447622091991205 5.51465445856141 1.4069999473776342 0.3532736199974478 0.6911826411660319 55 146 65 62 
