0 1 2 3 4 5 6 7 8 9 10 11 12 14 15 17 24 25 28 29 30 32 52 53 54 55 56 57 58 59 60 61 62 63 64 65 66 67 68 69 80 81 82 83 84 85 86 87 88 89 90 101 102 103 104 105 106 107 108 109 110 111 112 113 114 115 116 117 118 119 120 121 122 123 124 125 126 127 128 129 130 131 132 133 134 135 136 137 138 139 140 141 142 143 144 145 146 147 148 149 150 151 152 153 154 155 156 157 158 159 160 161 162 163 164 165 166 167 168 169 170 171 172 173 174 175 176 211 212 213 214 215 216 217 218 219 220 221 222 223 224 225 226 227 228 229 230 231 232 233 234 235 236 237 238 239 240 241 242 243 244 245 246 247 248 249 250 251 252 253 254 255 256 257 258 259 260 261 262 263 264 265 266 267 268 269 270 271 272 273 274 275 276 277 278 279 280 281 282 283 284 285 286 287 288 289 290 291 292 293 294 295 296 297 298 299 300 301 302 303 304 305 306 307 308 309 310 311 312 313 314 315 316 317 318 319 320 321 322 323 324 325 326 327 328 329 330 331 332 333 334 335 336 337 338 339 340 341 342 343 344 345 346 347 348 349 350 351 352 353 354 355 356 357 358 359 360 361 362 363 364 365 366 367 368 369 370 371 372 373 374 375 376 377 378 379 380 
0.93298940727699 0.2679983219825509 -0.12850686884941312 1.8458434251634799 0.4842765712703115 1.8403544573939334 0.7271001392404293 
0.28301323657396626 2.9754854901800445 1.384237069732635 1.3281705966257338 0.48930591839812265 1.8328776414089218 0.7406454320839313 
0.3427895284819639 3.405295398341755 1.5743581750784383 1.7843793410219269 0.5317305834446596 1.8472754111728409 0.7267753494991336 
1.1649359325078366 1.212757798611911 1.0955828715996938 0.07259176721939362 1.1384226911185773 1.2033833909312204 1.057525613898982 
1.210887519222192 1.24141057227994 1.0044179221645724 0.05035084143771157 1.2063746166314222 1.2372839984193047 0.9878125429128043 
1.6807965502884878 1.299369861214924 1.5239830031848067 0.7153521512519113 1.195367585442854 1.1898696568547842 1.012426132177275 
-1.1742194647309618 10.758748465263594 6.186119050904016 10.58657410753281 0.5076122596742211 1.8076562810863048 0.7895776198415017 
0.5729157846814584 1.66245713009099 0.7151957222805309 0.17733599981289216 0.5640757852980126 1.809814658228011 0.7989257640398248 
0.586718794268931 1.5341514774369687 0.6297107312117624 0.3302074206401836 0.5072668939905984 1.7855603272994733 0.8231455556795635 
0.5954478312169381 1.9374260067619775 0.9955529151766803 0.22040197543751203 0.5999299465756116 1.7678036408757738 0.864039309755473 
1.1281934928029804 1.1468066595595952 1.3600950717582743 0.24592383308611163 1.0191702730828416 1.118006520484954 1.1498919639940715 
1.2480249113810222 1.1540247087202942 1.3573113101496652 0.3029313619602215 1.086228541645594 1.11774794943754 1.110713332062748 
1.0991490656351364 1.0409273627772815 1.1116739240057636 0.05487430347461244 1.1022635017413662 1.038467837182743 1.105523326007663 
0.6625411997612136 1.1700743123235895 0.45522694875811254 0.7178385201835558 1.076550036639499 1.7394654503858682 0.526944780753824 
0.8266412713461867 1.3964524299810435 0.510515623138186 0.4331769181709628 1.079495531858905 1.7191427799819996 0.6446292371661394 
5.392636903390804 8.303545914148705 2.679603670348269 8.12723192989058 1.0413929458015705 1.756183976224018 0.618287320331345 
-2.0362528324162525 -1.252763900782824 0.33474348350005206 4.324076783207955 1.116614881860257 1.702620398880631 0.38046245768605735 
0.5241094844520064 1.0353556069795633 0.3649744318220767 0.9223029423806739 1.0006091742466978 1.7910726545449078 0.5906604100733946 
0.8930744503336419 1.7011172216465755 0.490125854826417 0.164760803381925 0.9654776390858899 1.822544216318224 0.5340057860932981 
0.8181518922484315 1.4482166650999662 0.4542458609610495 0.41097502123555363 1.0274180631288563 1.7814830152095422 0.5399581362231968 
0.6928361928300518 1.2376817778923788 0.3586974595717838 0.7379095183746107 0.4481218290152035 1.8539691900132658 0.649820171734359 
0.6936385183077116 1.1221656227873154 0.3362492103589353 0.8449922585079629 0.4622584472077059 1.8792017827471363 0.5872038787283534 
0.5355404094529378 1.3492460210860602 0.5270924212980782 0.5243289202853266 0.3859074961526766 1.7101543254393277 0.8506488425426019 
0.4773363921103013 1.4657466856369914 0.581227419403397 0.39463714465142524 0.3909876898488273 1.7526464367717576 0.8000765012009525 
0.547797139901314 1.4160962747404913 0.5824516208287275 0.4411141354520069 0.46961931506291504 1.74900409577727 0.8587408961177827 
0.9226469561471782 1.126089905366231 0.5819598696774326 0.4915702535931349 1.2901680075703532 1.2965141127494162 0.8584355926066602 
1.0364773160634124 1.1423324254029048 0.5961147942439253 0.3959499880526568 1.3194535322693728 1.327787114141239 0.775006490555124 
0.9932403046756203 1.0938402850996145 0.5708403450815946 0.4598775702877457 1.3147121317887691 1.2740632376121677 0.8144061377228384 
0.5373771461670437 0.5286699521930412 1.4615227824125827 0.2881513790599801 0.5546939811017466 0.6198000117651186 1.189730190287172 
0.5686320468320023 0.767920829240657 0.7687083547890293 0.4464137588019488 0.571037538585601 0.6503861689361983 1.1985284030413053 
0.5497661415387936 0.6794247472187482 1.1410303721155142 0.06880187277678657 0.5569919546515444 0.6617198863661216 1.2012605975932957 
493.1549741247852 2010.4760412909823 -8055.024584952191 8317.738954492614 0.5434984670334799 0.6663109487895338 1.2015846524596157 
0.5932413232033215 0.8671473999485925 0.4864009614081634 0.7441965266152967 0.5669657131509505 0.7129134892195963 1.2133116188093034 
0.5832797111540177 0.8806287538710099 0.42713542654313486 0.8044434693693556 0.5445978663797304 0.7277448337286526 1.2152650702932237 
0.5926606428535364 0.884119518115661 0.5433860876714485 0.691168140410368 0.5479857220248108 0.7862193408267496 1.225274571768608 
0.6267839266504805 0.9404434391100359 0.31308294862977 0.9283408258698236 0.5521320924378168 0.8433647868602386 1.2326260006757896 
0.6133570108036748 0.9345718020467243 0.5629312835304346 0.6787031933765897 0.5560564840291934 0.9004241827429834 1.237328194209272 
0.6238923863150303 0.9558119695277417 0.535413409098988 0.7075054583422664 0.55920458095571 0.9576777028792145 1.2388908971426356 
0.6440973450486623 0.9730493205662781 0.39225508589716007 0.8512874600500069 0.5612135316651842 1.014956212476545 1.2375117750161664 
0.6536614868845433 0.9846860230134824 0.33470567122514705 0.9084541514618107 0.5618741979696105 1.0720639724525456 1.2333313764362197 
0.6322819738335289 1.0262382892495028 0.5639761835561751 0.6750619339101658 0.5610161536419068 1.128795555503847 1.2260438199556927 
0.6422020571165635 1.0322234153729901 0.4948494249368371 0.742562098361964 0.5584154134511122 1.184989987937236 1.2154059670097812 
0.6557046581125172 1.0213471660374072 0.39003160804345516 0.8477575825255066 0.5538518260363485 1.240561160997161 1.2014381474051683 
0.6619870044804176 1.0161320920396333 0.34197772009873956 0.8956500665490523 0.5471422011177961 1.295433968723307 1.184044192883555 
0.6737183169980349 0.9909260037199085 0.25732106991182696 0.9845411773662245 0.5381625617852964 1.3495486700847952 1.1630817657581907 
0.6300526281948707 1.1169201749053792 0.5278517052387032 0.6833454236560507 0.5268843389922951 1.4027745715309266 1.138311980058119 
0.6349409001156019 1.1137227255515154 0.4781088393877852 0.7293396236600014 0.5134777400264584 1.4548971789796692 1.1096504865894126 
0.8064483776071175 0.6268400075712962 -0.3527653283967641 1.7071225779613926 0.498450170888116 1.5055926296179774 1.0773717172837558 
0.5347385059039771 1.4065178352356194 0.8303626303040192 0.26670924531345824 0.48283064311278634 1.554375997179012 1.0418927336488992 
0.6682588906286269 1.0106977564016528 0.2668042530208784 0.9657597806574562 0.4683094797819818 1.60073466639381 1.003597000906607 
0.5874196297489953 1.2422614645443983 0.5148358017533575 0.6177361049822815 0.4570068983857599 1.6449180676288817 0.9630777711511059 
0.6841056633238497 0.920897180940082 0.17010364289199512 1.0984821052545053 0.45095888981754517 1.6877372865147071 0.9203648348285047 
0.6429424854270821 1.1734212598364557 0.4294450856222388 0.7359781574306674 0.500342581857555 1.667192804672879 0.9546298967705037 
0.6339831094876541 1.182367727412155 0.41570405304206803 0.7374787178087611 0.4836733247985181 1.7093528772047937 0.9077269949052834 
0.6846212376225855 1.0167630408757728 0.26587694250809435 0.9660488624690825 0.5443805683479235 1.688123604772888 0.9447982138701773 
0.7576610812279555 0.7017927145838148 -0.020017210695174377 1.3974882511044662 0.5174504392709904 1.7303993341933936 0.8940462553030997 
0.6393119434757847 1.2778858617071258 0.5240821053003342 0.5964917935211012 0.5898544988837671 1.7065021706666996 0.933327230743566 
0.5437174238581082 1.8354669047897127 0.9513117750376613 0.12079378846279026 0.5545769957363768 1.7512847961301288 0.8789987625684382 
0.7284268966922239 0.22196635839389645 -0.5948903654425266 2.137162176377256 0.6215265857602357 1.6576992231424996 0.9838739921549771 
0.6578549439898581 1.1027439890840602 0.3794139173724052 0.8229438266834533 0.6732701948922006 1.6713068340878297 0.9722049138346045 
0.671452657000994 0.10662228891578453 -0.5306942361079632 2.171876667147092 0.6378771681978064 1.7214468950001263 0.9204802145835067 
0.6426943976046423 1.0559918959166155 0.34018945098558323 0.884402151631506 0.7255157449490087 1.6819827937090475 0.9574588731575489 
0.6187827444407692 0.7724841108984175 0.09633861612048639 1.2588826686208443 0.6887018839971327 1.7327256364322632 0.9059179071434702 
0.6336989155744993 1.0845572171280966 0.3669226570218003 0.8465201574044341 0.740784198674329 1.7403196752716659 0.8891415655792836 
0.6304941265660229 1.086593804286537 0.3577601619385902 0.8506350068422539 0.7032454506004117 1.785460006467655 0.8347840872544368 
0.6029815005201226 -0.05304231071537812 -0.46758980712923565 2.256996986687416 0.6514948166734402 1.778308436265225 0.8497698369405335 
0.6337511725285229 1.1871412967448507 0.4051210630068552 0.7404582082775715 0.6658172070203655 1.8248619150790801 0.7770307698469937 
0.6258540715760365 1.3351223059612864 0.49889863291703024 0.5658523889185143 0.6151729373163378 1.818566659235415 0.7886850215897835 
0.628383278937416 1.2831924475806478 0.42099279912590065 0.6488819978455248 0.6284852404003107 1.859067406320982 0.7163528841766457 
0.6291548709425946 1.1333871315104007 0.34591735124521944 0.8161018401986923 0.5799138373604794 1.8538122861812945 0.7231021782013252 
0.619434151293474 1.3191999335509788 0.3731984192600838 0.6379862004153463 0.5913093507901961 1.8896413451450864 0.6537831852507132 
0.5976761928069297 1.4545634642196428 0.4456416892749848 0.4837900074151553 0.545318411053657 1.8849842427205874 0.6549898571075004 
0.5740429461218102 1.3443886212799383 0.4113938602838661 0.5940902216739056 0.5024018562744019 1.8885661477335316 0.6166350838701425 
0.5938062317071484 1.0277924381609047 0.24896066214859447 0.9543213611535125 0.638118852669261 1.8921950259145137 0.6483920877859617 
0.5919482697630463 1.1831576067146221 0.32989766116477864 0.7802925239729679 0.6853292697609079 1.8918052957760267 0.6397081169547526 
0.6054157255994198 1.2604554176084382 0.3626633283074763 0.6953746073603789 0.7326759147850606 1.8885313851541197 0.6290363274076105 
0.5655148957351368 1.1187124797631567 0.3084542540896191 0.8519733990003311 0.7798656884219051 1.882109832424398 0.6171438193403138 
0.5255825394132715 1.0307213528865085 0.28497071237269467 0.9500416234901226 0.8264795403788299 1.8722826723712438 0.6044232219094026 
0.49284479674856013 0.9838978556808565 0.282643454343112 1.0033893798686577 0.8720907019702707 1.8592004413408476 0.5910836624076983 
0.4983429544191715 1.020241727610259 0.30865663476556743 0.9620894965862467 0.916311026376806 1.8431882948003508 0.5771628348238326 
0.5171473757676678 1.000529586040145 0.33539560677688535 0.9632422604255069 0.9140637529655807 1.826593759256136 0.6289909993459943 
0.48895910300937356 0.9689185671580711 0.33855906420739407 1.001616075745631 0.9581592025803213 1.810153955943259 0.610189094816536 
0.5356653886356255 1.0167693072358621 0.36353748736044217 0.9326800028226668 0.9550500473542768 1.7918204135449352 0.6661026681256789 
0.4055706417622612 0.8136961785780394 0.30201891270029685 1.1808028021105808 0.9989141849297747 1.7752609812121563 0.6425505527768738 
0.5185705198844343 0.978240240912801 0.35644465585853163 0.9744897763177146 0.994558535271272 1.7540027924985275 0.7020573847437593 
0.6062637839139154 1.1188183628599528 0.42112434212935945 0.7968370024681052 1.0378147762221759 1.737816185381211 0.6738107947863085 
0.5223898863950148 0.9836175391771691 0.35946339484393053 0.9672514606614675 1.0322156289794626 1.7127069407500055 0.7365865693484532 
0.5834190065255355 1.0764219527662138 0.41417707097145817 0.8440732873706963 1.074420079877614 1.6975582370594702 0.7037127895153574 
0.4539534310254767 0.9195804020407945 0.33856272409132177 1.0609250357748738 1.108633222199045 1.6546112557040071 0.7321608570057097 
0.34086234671826615 0.8061672565844343 0.2903238967136427 1.227714708000969 1.1470033512515874 1.638971370347553 0.693106884834757 
0.5542900900456758 1.0390076708130227 0.39481110028105576 0.8951543475459784 1.1143685826652605 1.6797844118484555 0.6694161943541017 
0.5773349836368195 1.0310726655318325 0.37786797320390697 0.8907864058814555 1.1835563144721295 1.6216460388361802 0.6530598302202429 
-0.3884748838028691 0.0027695221424047676 -0.0401451168394398 2.361749457329527 1.1525323279307287 1.6601298001328337 0.6342591172365869 
0.7760690723466386 1.3146148958031976 0.4470812892031015 0.5430632557220803 1.1278327143528295 1.6875865207095853 0.5362049569448287 
-0.17139353191731305 0.3468345039597401 0.03329911881308943 1.9617442108193184 1.2114165645890944 1.5830714940902306 0.67089875301802 
1.7147166337699136 1.943149415867174 0.9192393984503732 0.6651263848491296 1.2359034407354543 1.545285304088434 0.6881213269992773 
0.9774651588579035 1.2958268506678063 0.5668800699063317 0.3792130763595722 1.2566193845807119 1.5086542718030145 0.7054818739816616 
0.7538169162118594 1.110122444103 0.4527970281286524 0.6901920444903955 1.2732530117097358 1.4728897092219135 0.7241477132004657 
0.6860357102401953 1.055139548017872 0.4153125491742517 0.7847360720596002 1.2857605043847213 1.4371036343493122 0.7454235223459493 
0.6932391245700898 1.0482416764376223 0.41649101914315695 0.7819281980450602 1.2942335645321008 1.4003552007292692 0.7700734673315319 
0.6306548780570033 1.0062397412101742 0.37536497140691905 0.8675205985357362 1.2988318509405818 1.3621690803683735 0.7976240584010275 
0.7093980141740093 1.069772269314605 0.465020360145366 0.7372669569846368 1.284255437574123 1.3411516254945046 0.8368874181718707 
0.6535003286877705 1.0499137790846687 0.43358178032571115 0.803930347960629 1.2754966369221694 1.384657880417138 0.8158131286824347 
0.6759860258732434 1.0654690805950124 0.4575555160744747 0.7684459293307737 1.2548920612420824 1.3677938564962167 0.8607827162600817 
0.6333347648849452 1.0426144406784947 0.4226249528221598 0.8277125099543052 1.2631651002903423 1.4271649234384518 0.7956716435531666 
0.6565915184018221 1.0602388496819717 0.4460034683463385 0.7910574019859535 1.2383971045727311 1.415865566633463 0.8450766262612802 
0.702806737149989 1.0891216252404743 0.4820459971838547 0.7257794419290611 1.2100966911819764 1.402544204863212 0.8936049728170082 
0.7669149607252813 1.1481836647859955 0.5239764538088955 0.630600049137289 1.2185731394551746 1.4644290545322232 0.8272495434893385 
0.8184401675382934 1.1919755349166432 0.5813970448478505 0.5434735013485262 1.186557199945864 1.4581019017571475 0.8765329235466984 
0.8828204508620114 1.249872791699334 0.6687138298325084 0.4232123498851887 1.1503748346834817 1.451404411110897 0.9231000901409597 
1.000818975521155 1.3810101275838327 0.730216413131249 0.24620540402644767 1.1605287046788109 1.5138133419704636 0.8547070757091895 
1.2231833344421885 1.6053358708678551 0.9984535402902223 0.17520810104441886 1.121885438339966 1.5135426484410053 0.899318569721142 
-0.31018608083507115 0.15675268107709053 -0.6453503215089353 2.507500792851751 1.0797860003698767 1.5130710041954585 0.9400801578796706 
0.2334902306933466 0.6679979895061067 0.06077068021405383 1.4875313076834014 1.0914257947070727 1.5724848015415978 0.8709883798321891 
0.44498722158031395 0.8694507177010676 0.21935707896591078 1.1578726893386846 1.0478943004944918 1.5756107316337382 0.9094458750648943 
0.48549949805299686 0.8938475233960729 0.22362626399984123 1.120414798856436 1.0017385126377514 1.5772068516436268 0.9443510164889656 
0.49800212283524165 0.9197963355154023 0.28195168290750133 1.0626757889928813 1.0141043367183886 1.6333689245532113 0.8748324440647581 
0.4938582444500286 0.8867428987664027 0.23641806710785798 1.1132958452671853 0.967049542767464 1.6370096386300919 0.9074503144834039 
0.515192963881465 0.8896328761343045 0.22146847286836796 1.112265508479772 0.917962576854246 1.6383516814933494 0.9369482342452823 
0.5231591865873361 0.9241095261418575 0.27974798645175786 1.0498557355194187 0.9308037711754159 1.6915274012691972 0.8669747820926532 
0.564587337049418 0.9792823674247969 0.3109555235530667 0.9765912806077391 0.8813250032753775 1.6940588803000545 0.8941864966589276 
0.6211423631534623 1.080361416334617 0.3826630214445145 0.8421372544484492 0.8303190643432425 1.6935020625498574 0.9184692788763014 
0.6001853649358433 1.070016908947324 0.3777954453772192 0.8584738332889231 0.8436059546715667 1.7440817081255977 0.8480091580573605 
0.6236286571869162 1.1021487138041797 0.3906123307273184 0.8202195671359009 0.792682508706379 1.7441101060742625 0.8699169007339058 
0.5961699665638058 1.0685425679194065 0.36870711454760835 0.8654765948800188 0.8050297586914709 1.7883595354325026 0.7989615043644649 
0.6103082834822106 1.060544220909932 0.35175626892224715 0.8779893829862518 0.7545462897572862 1.7888339337718229 0.8180271659509466 
0.599198790332042 1.09890676025299 0.37270207666411537 0.8370435319571156 0.765696413213521 1.827129519420997 0.7475626065785314 
0.6163026840802661 1.1202942538362073 0.37454591695173595 0.8148173672207295 0.7160264520913056 1.82782079814724 0.7634260902674931 
0.5977471348551158 1.1355308822465369 0.3621343243803174 0.8094613014493728 0.7257215526272754 1.8611317674659074 0.6942911569063084 
0.6140008794118568 1.1692020245864752 0.36969342667261484 0.7741091288587814 0.6771631750145022 1.8617540400318533 0.7066469686288632 
0.5873566792967827 1.0822489028293516 0.3701998275680101 0.8553636830574234 0.8146733886967616 1.8230423638996371 0.7296129943670716 
0.5970169905220089 1.1537684786161293 0.3738807753078471 0.7885760337357506 0.7739691860020637 1.8572774005798887 0.6799081250662571 
0.57577952200913 1.0685016509203802 0.36960301872496254 0.8709211472607189 0.8627403328746543 1.8157811658730425 0.7098802155083204 
0.5802546070393867 1.1121782316587523 0.3602934668054203 0.8349776873319025 0.8216612861820485 1.8502627073600808 0.6640252778476692 
0.5594821296703613 1.0478785096655459 0.3676597412689557 0.8951253359151238 0.9096145128927694 1.8053642497242253 0.6886261019152126 
0.5514954752205944 1.0548474181710825 0.34475546113669914 0.900059566346171 0.8684685595034394 1.8400184338029093 0.6469777005581172 
0.5573981050073926 1.0128364678715827 0.35262604774857753 0.9311417439049762 0.902728599189865 1.777351945552407 0.7542237387413347 
0.5335238196196749 0.9857313758780418 0.3488625108119116 0.9644223749727605 0.9494909918357972 1.7672044751751916 0.7289544252578852 
0.5369734899622519 0.9707141853943116 0.32909096668465987 0.9835148563180178 0.9413803321545952 1.7342610115433437 0.7967149708509448 
0.5153612190113623 0.9549723957652172 0.33178609719977215 1.0039905725976124 0.9877867758722353 1.7249367849934585 0.7676653532239155 
0.5215806695073623 0.9473868508047931 0.31044096444124264 1.016976633851835 0.9785475402375963 1.6862693539088123 0.8370529543731469 
0.5204604179508849 0.9656219014839466 0.33559250918145667 0.9918433827264003 1.024287100029405 1.6783638322870094 0.8044980459835792 
0.49231548015605914 0.9331637589066153 0.3082369863037411 1.0426072190723037 1.0588685540846998 1.6275094009593518 0.8391177453840615 
0.443755445435604 0.8962128238897018 0.2985577773544643 1.0995265066468045 1.1010419996039749 1.6194845770962107 0.8004157521795159 
0.5238673470724243 0.985842147610295 0.36047247754161127 0.9644064335348669 1.067746141473173 1.6678245358716797 0.7694565289575797 
-2.247018176822846 -1.6876140433637645 -1.803326730297343 5.380339581312587 1.13200949903312 1.5679705514495086 0.8290521229058232 
2.2234018379946696 2.503924273233589 1.4582340597120844 1.5667229877650781 1.169367295755454 1.561973626366442 0.784012652795941 
0.19217156027257498 0.6605555447356497 0.17342796240862182 1.4641544856440254 1.1403382575168723 1.609261995641198 0.7590027478685255 
2.137497492190852 2.3459183909976256 1.2380328970574064 1.3234536803032142 1.2036991130910533 1.5543374336663835 0.7366806290633443 
0.05282660558715549 0.5479824750055118 0.13550876231162357 1.6437452689576304 1.1768833151544278 1.596962566426442 0.7155227756190645 
0.9736087054505488 1.3381994701278754 0.6630467415153121 0.31996232640123307 1.1955110386394823 1.5134037612649833 0.8068672449377521 
0.9640886511674139 1.3105994389748583 0.6124756756412623 0.3633564988677102 1.2271848710781663 1.511685290604544 0.7567808068544379 
0.5685798202816625 1.0131585096052724 0.3464199268030503 0.9297809120804318 0.8932365128679273 1.7406690287092883 0.8235401620921866 
0.5770975178852006 1.038028178782508 0.3582219627217758 0.9011344802059674 0.8544893271273456 1.7844232177082773 0.7776236632186058 
0.6219732093183165 1.0267986680794912 0.3218700551861033 0.9206152314122601 0.8143112014962735 1.6330425463733036 0.9855836911369564 
0.5783841352231909 0.9680849086957403 0.2774910350740756 1.0017277302506644 0.8669820876213448 1.6371259227739778 0.9631120136235584 
0.643719493326023 1.1153350986380277 0.40446642818966333 0.7977826373422418 0.7781349270120814 1.689461182711052 0.9395603423270413 
0.625580276470914 1.033068522265007 0.33272599398969294 0.9077834990900557 0.8482794552446757 1.571471856892308 1.0270250694084522 
0.5761525098251823 0.9716385367597393 0.2732577218452751 1.003146473292654 0.9019485735207955 1.5753137988495256 1.0034569470757555 
0.652542163823898 1.0925581195650955 0.43955257164276135 0.7839978119869995 0.9343539401767225 1.5084833281781038 1.03923558359636 
0.6235447139665268 1.063126771936544 0.40518431829395907 0.8368335893917398 0.9862248303270817 1.5106575095478438 1.010075342682649 
0.49770928472440606 0.8820543617895046 0.19116057692940855 1.1439600283585305 0.9531137280249422 1.5771583530669901 0.9757555147211262 
0.6887239751881098 1.1182466738739918 0.5109796504940982 0.7017931989391856 1.0166033449184793 1.4390918591939195 1.0395390437395464 
0.6447420259636424 1.0761346886392458 0.4413985327335056 0.7940555696933284 1.0654599168227805 1.4419200158596284 1.0045431140144832 
0.5569162713014838 0.9945075270192089 0.3225686850614833 0.9627205250626043 1.0345870988296204 1.5121771392977505 0.9769404123725887 
1.5681739350073278 1.6896792097049673 1.6508876281552882 0.8493380827743906 1.0944689855825964 1.3662186105216536 1.0267609413801246 
0.7027765345419863 1.0918632113817446 0.497869885494606 0.714671971566487 1.1391223450608574 1.3745427312437126 0.9856300917006788 
1.1192190194643359 1.454070786721829 0.9788880843415834 0.05238735935583444 1.1099369303767495 1.445933514919835 0.9658240092310483 
1.5689896148459759 1.508720748124948 1.4306403441022317 0.6272383411407984 1.1690027891851926 1.2999509063983912 0.9982209369519259 
0.2677667297650576 0.8565184803421718 0.08086174004769381 1.3614982703497247 1.2029421854008588 1.3260786298316822 0.950721679412329 
0.6652501710704007 1.0665901979567833 0.45237644993090875 0.7785665686174633 1.1772408161046832 1.3877972634409195 0.9409453400310298 
0.6397635183749842 1.0424887616437348 0.43191182306240006 0.8177151024321183 1.2289883243359636 1.2693193881289888 0.9499889766263769 
0.5819802734144925 1.0192256648339386 0.3804435790806813 0.8984305584871809 1.2498232313645894 1.2958632378074477 0.9126600937068212 
0.661367494669718 1.0575969571738895 0.4452538573207193 0.7890698183551542 1.2311240472947316 1.3486461693687475 0.905374020898976 
0.6097633640186748 1.0184307020006251 0.3935603076303307 0.869992343450252 1.2670827364787751 1.2429097856818754 0.9162928554115761 
0.7123854754190279 1.0541630454631463 0.46553501816968723 0.7398625636362969 1.2787553065414128 1.269796087927286 0.8886149547299612 
0.6896479953046595 1.065513622916322 0.46400942547854035 0.7545804118390201 1.2681385436911063 1.31931008949445 0.8752053735072345 
0.8302936420507723 1.0516509114115244 0.5209933987221722 0.6185623512787306 1.2834003642614584 1.1896296742751975 0.9175194545598686 
0.753055631137631 1.024454207265597 0.44527999522891665 0.7298021760839816 1.287736916566836 1.2196351339524063 0.9008929761081819 
0.9224231589353726 1.0773217356737486 0.5988716426644746 0.49545480009009524 1.283652406416208 1.1635729713910576 0.925133771762337 
0.9440484599641865 1.0868199904767042 0.6079444585593706 0.4722972350966947 1.2886493844182436 1.144061674037568 0.9237423754796251 
1.4846438009479441 1.1760498013637544 1.0829821663264045 0.25736108822211373 1.2923291260214045 1.1322964711996628 0.9217033127959235 
0.8758260024322656 1.0600141221332962 0.5603361329888771 0.557277718971658 1.2916558884492793 1.1209921190354284 0.9246288440666534 
0.6438394456997378 1.0350981162022572 0.35556812780721664 0.8673387147284806 1.2889156895738718 1.1005400672543075 0.9306000873398126 
0.7045714103569987 1.0356873909404103 0.4084723662344947 0.786986782853736 1.2844594502320112 1.070392484583303 0.9382411048020549 
0.6057119063695553 1.0244344687729126 0.31096600122224743 0.9259544264389009 1.2783713098751124 1.0343209911252385 0.9463048095264384 
-4.074545616423912 1.1937360333374185 -4.029255532823656 7.3106289275439 1.2699546678116769 0.9949674439869292 0.9548217125130194 
0.6446046288544564 0.9998246252073311 0.3653609927483764 0.8596846237522472 1.2456482399729998 0.9562950751655699 0.9774517595542446 
0.6903638457576331 0.9925738747915575 0.43176364364693987 0.7797961699755914 1.2191832044872475 0.9167324399796546 0.9985607664841509 
0.5700465394772893 1.010287356421109 0.3130449031235532 0.9493550142890711 1.1929915088314695 0.8794031828398206 1.0162562534489357 
0.6139091778405237 1.0008968641033187 0.3610938037686006 0.8837074943556406 1.1665309585091819 0.8466906492700462 1.0319892878377706 
0.749946771503882 0.954113431591554 0.5399902555948065 0.6544843514623722 1.137648875669255 0.8191386976890597 1.0480791252789614 
0.31644860891506826 1.1222424400606101 -0.055681268373626865 1.4096623997957096 1.1041591930829124 0.7933836250092496 1.065434729626713 
4.376200748970792 -0.9591290229362422 6.240430049672673 6.367081050498601 1.0644532640561937 0.7634928520077288 1.0826201891751426 
0.3752460898046176 1.132304238566056 0.01765204830582869 1.3216986544518032 1.0182540466547365 0.7255035167938737 1.0975647009137774 
0.5163859756221364 1.0457757216025363 0.25647534464556576 1.0313506540172208 0.9661074757680538 0.6797719801282494 1.1082990582149799 
0.43629260383382795 1.123764391377492 0.09098738735505722 1.2310065070424971 0.9087105035864058 0.6288987840211666 1.113395422564266 
0.5478938444997675 0.9612022167045472 0.375386591776669 0.8858611860025665 0.8472723961148936 0.5753267287084768 1.1130626838629056 
0.5520199476153537 0.8881978743603991 0.44946269037088016 0.789923560215883 0.782939694322789 0.5209202944721806 1.1080092766498262 
0.433474619061376 1.015131199590901 0.17267977290230843 1.1137334903981686 0.716577473190914 0.4670066885908728 1.0988256524862605 
0.9476938647376554 -0.24219184722409606 2.1538625936110107 1.2887304734562872 0.6490190624587637 0.4140537584979538 1.086659104497172 
-0.5395373990244279 3.211442889914431 -3.4648963190568556 5.473788558038645 0.5890048575079041 0.37056124624567605 1.0756834209455686 
0.7618082850387108 -0.1376367453482176 1.9519238886945685 1.0280870700930014 0.572927681201588 0.37844603987401737 1.0841230413990155 
1.0769696416082195 -1.184338423283211 3.918762048724887 3.2757627370051443 0.5648127001422747 0.39503511892283566 1.0952631157174526 
-0.6052419394706194 4.4406700788542715 -6.509431417949657 8.6933495627594 0.5567889170096653 0.4123091847042501 1.1059919490598566 
-1.0251189761154698 7.261040351936572 -12.894491451064685 15.666429567689097 0.549203644368643 0.43096170580037374 1.1164682700176014 
0.37591195283919326 1.3993016580549182 -0.9667362328136444 2.3044163586732935 0.5425129069116693 0.4519042385648391 1.1269546833155022 
0.41721087240805976 1.341341950506614 -0.9014279398494427 2.2188877432765537 0.5373929628369137 0.476258314937131 1.1379975047115647 
0.45208071115901716 1.2706458123371653 -0.7785346996464029 2.076877283900508 0.5345793804259216 0.5060576571764064 1.150380701784282 
0.4910572709448657 1.1307241453382924 -0.4575911631856958 1.7260990036036001 0.5350047081445986 0.5455141158868286 1.165300356539375 
5.766661188228173 33.316078665849815 -108.54733958694007 114.62307994934285 0.5399531047641954 0.6015212739648008 1.183641787195166 
0.5004066688555595 1.1086057086204393 -0.34323392271471853 1.6108701369371294 0.5676544939333026 0.5561230714452661 1.1680267793542867 
0.5224772315164438 1.1368357621457679 -0.47034904908802744 1.7394079550881214 0.5603106122003182 0.5865155482875324 1.1789881783683076 
0.5494677108977363 1.0163819392498858 -0.03659639403722438 1.2893199819404826 0.6004430817130035 0.6062963806553474 1.1842219997853656 
0.5724795301782981 0.8860210094802317 0.34730404115296654 0.8835970400726326 0.5856571014206563 0.629939238736074 1.1923253545479013 
0.5834660835657582 0.9264557719559698 0.29195223429240574 0.9478565188797132 0.6328229235412145 0.6570725788980457 1.1987109356967733 
0.5984393561226008 0.8668786918276741 0.48821533545091556 0.7425119364124467 0.6111206109512483 0.6776703920553162 1.2053719618244476 
0.5973981094610584 0.8437645745879833 0.5833117437808184 0.6447303025925024 0.5891645445081696 0.6965344213366909 1.2102045220905682 
0.6216467113206152 0.8692119571194717 0.5922620191316663 0.6416619750826357 0.6364419763440198 0.7295110529441223 1.2173791551023458 
0.6179522642486974 0.8763425452983516 0.5650433252783283 0.6697471010042249 0.6073928353477566 0.748388303868607 1.2214877020312578 
0.607851524837679 0.8754712275172464 0.5838091011771942 0.650847014354236 0.5778019369334189 0.7672162270517883 1.2239933448398128 
0.6353757904868726 0.904955379891458 0.5743694353366815 0.665766419459794 0.6252685060956523 0.8043018913104225 1.2313790822147652 
0.6283554345342351 0.9131944071449416 0.5306641912029303 0.7098673576488576 0.5887723194526071 0.823676238877323 1.2328248594065554 
0.6470612442890344 0.926373820152178 0.6020329629560147 0.6411841773260853 0.6420630155986703 0.8629418422150962 1.2388632774911095 
0.6364800777056077 0.9305751571279819 0.5817390809002468 0.6613874677973973 0.5990708422020687 0.8816261480329375 1.239154757129234 
0.6564896174156716 0.9503779698530961 0.6022363154841868 0.6427098598432565 0.6569295592148194 0.9234350837836045 1.2430859538494727 
0.6455070402390398 0.9532136850473653 0.5776627812666478 0.6670087692949622 0.6079952138321928 0.9405957360278214 1.2423143550962703 
0.6669922978858959 0.9803814722661535 0.7112344471591547 0.5344360415737798 0.6691026316838695 0.9850866658426134 1.243970697529948 
0.6516649752025191 0.9809262128286563 0.6202636237493374 0.6247358123538742 0.6150031801106851 1.0001446965639484 1.2422700879506912 
0.674226517822698 1.0087241101618225 0.6457803004326713 0.5986001179864432 0.678061238464591 1.0473390628344024 1.2415352832085071 
0.6643010381673461 0.999912630618158 0.5110576402685065 0.7330820968502825 0.6197450009649876 1.0599058119630531 1.239093017049621 
0.6776851287668441 1.0211021808022966 0.5356764762111914 0.7067956255127675 0.6835510164888716 1.1098102769008336 1.2354452795134614 
0.6696317929963673 1.0134989613532894 0.4760928778200036 0.7665525961990671 0.6220073133965365 1.1196037024882717 1.2325344955496227 
0.6795943356917218 1.0287833931693726 0.4700385856646648 0.7703218570951456 0.6854420386799666 1.1722899148173922 1.2254936746422158 
0.6707108649732157 1.0330027391908487 0.49228746083618996 0.7474500679868151 0.6216111517966391 1.1790529751312901 1.2223556385179868 
0.680297476083262 1.0271744097844882 0.40380991613739825 0.8352345746598505 0.6835962529715669 1.2346646539596684 1.2115439864632207 
0.678728365073482 1.0239745439066765 0.3920186981468428 0.8473822932143509 0.6183775468320846 1.238131450240934 1.2084477649586676 
0.6806487354213888 1.0296841510931052 0.3756738190322653 0.8615211637659236 0.6778452512893823 1.2968185054273147 1.1934009277896904 
0.6845876642216985 1.0111428887846092 0.31843383079193216 0.921763148804477 0.612140512083555 1.2967297570722196 1.1906733755534882 
0.6802111022424768 1.0517662123024956 0.40152442074166367 0.8297281084814127 0.6680797594248196 1.3585217153574465 1.1709352925812635 
0.6832596504527781 1.023109284795363 0.32982221977059983 0.9069423213459056 0.6027865772612769 1.354701695693578 1.1688979952921752 
0.6780806548867669 1.0852153395813045 0.44137964235850724 0.7798467558459382 0.6544001332397447 1.4193245263262373 1.1440494552462817 
0.6702403866011188 1.0844328699804167 0.4438156127546784 0.7774604549705658 0.5903431450707327 1.4117754991867297 1.1429761562591583 
0.6762584430304617 1.0963763824152595 0.4284801800051534 0.7861062299543218 0.6371695098094371 1.4785993380911555 1.1126726334977164 
0.671754686268414 1.0840047599584737 0.4096498500814398 0.8080834616601386 0.5750668880057144 1.4675370661825884 1.112837453397995 
0.6721837258163844 1.1180356710493005 0.43062472083789843 0.7729000051796335 0.6169484856114258 1.5357225971578932 1.0768971372987217 
0.6777449983898266 1.062485985532434 0.3462482095082248 0.8738349173315247 0.5574862019355051 1.5214986779282775 1.078627488577955 
0.6747023405069494 1.0878085409187086 0.36156731039442186 0.8467454184254113 0.594379699688472 1.5901189891112568 1.0368980685716007 
0.7162978627055101 0.9175799158997267 0.1258768368373757 1.1402363871863759 0.5384209619853185 1.573119965989171 1.0406318534491847 
0.4692160497393128 2.2042103122710204 1.6471988620909956 0.8703948132224895 0.5700580223320387 1.64113433993272 0.9927446412620335 
0.7020583988918433 0.9723405932978412 0.21095612174192796 1.0384689333276553 0.5189674553639423 1.621803334803364 0.9991302675094711 
0.6717717392897856 1.0945851636435018 0.3960890075662552 0.8145626124173497 0.6763521779550631 1.5478295982198516 1.071177978572757 
0.6707460851420968 1.016461118891373 0.2741989401167073 0.958988830791082 0.6503066050959279 1.604676343916391 1.0298310516362192 
0.6673922739339749 1.1115126957333827 0.4245902517466849 0.7817555957398467 0.7350455257675916 1.5577608953083018 1.0609931354630882 
0.6569137349151828 1.0564421352105906 0.33421263500715065 0.8874285406556839 0.7057166226925935 1.6166734690070932 1.0189898986510033 
0.653499681851527 1.0797493410891885 0.385366669794628 0.8334474274169894 0.7924928817123265 1.5656128546772916 1.046239084630719 
0.6404980722217649 1.03970010043168 0.3244964179076008 0.907083734069291 0.7604199925131068 1.6261607968796155 1.0042258024620994 
0.6698380824617907 1.091973700769729 0.4240764393964413 0.7924986236633395 0.7608891002633986 1.4951944283626175 1.0984008969993626 
0.6620714557935042 1.084646271899196 0.4160352167668945 0.8042539358452983 0.8210337610407986 1.5009657585954368 1.083629474285094 
0.6706025479067279 1.0855448106214858 0.4458184462144883 0.7767534406321798 0.8452666825001042 1.432871914105041 1.116345371972965 
0.6718512540393388 1.0933783063108147 0.4632555977169245 0.7580626760137485 0.9057102241137973 1.4353165631986398 1.0960118589223158 
0.6601827108110097 1.0928094025462758 0.4333173285479227 0.786315543072185 0.879088567480336 1.505340598362526 1.063858739790266 
0.6968253917499911 1.1045338670674492 0.5279934166219975 0.6903835577808399 0.9270745561066474 1.3621174207912248 1.1234301612039457 
0.6673299893150385 1.0775922094418267 0.46872934045706177 0.7616924567935597 0.9868851710908828 1.3623222562969166 1.0965880653205997 
0.675458457336553 1.1036452739878333 0.4855584938907753 0.7339081431975567 0.9631220961957114 1.4372062173368803 1.0702831883385366 
0.7526918695405638 1.1207786827489845 0.6345540171338395 0.5718329544237761 1.004340791479304 1.284584180381896 1.1182611369390296 
1.8624574109486416 1.7287612454422976 2.329227510181833 1.5457310454562918 1.0638082794966857 1.2838560208062588 1.0840230164313218 
0.5176037550227401 0.9654505884981092 0.2393427500517892 1.057020503427338 1.0431183107146218 1.3630372320208008 1.0640911267780417 
0.5940115846034978 1.01553817415846 0.3332817741035082 0.9271236342018303 1.0152289330222941 1.2034751838651392 1.135617357855336 
1.0935020287099924 1.2083097729702184 1.1273650242146729 0.06463017980555734 1.0774272528078939 1.2022869483298257 1.0996567856739508 
0.7239425054353475 1.0785118085090954 0.6047427766944679 0.6201129709151272 0.9504051534085716 1.2088178435068722 1.164559381518261 
0.7489520256417701 1.1269886472422777 0.6613325258171293 0.5483049436762759 0.9422795876380954 1.286370792618437 1.1461753964688346 
0.7470152413878081 1.0736182454648724 0.7430200262795285 0.48532117456112106 0.8817372500216929 1.1441036254884787 1.2011305142726934 
0.3815388459829168 0.931699360710603 -0.24194219894448385 1.5444612161748934 0.9494042987261199 1.1314768312559653 1.1793519327498165 
0.7361738205391023 1.0977464247948248 0.6895741576765078 0.5340811093221249 0.8835423934176327 1.2162575785406884 1.1864083819849693 
0.6955784877283278 1.070100743296172 0.5770071424586493 0.6559254586297626 0.8163574230087458 1.223613815822433 1.2012316282763775 
0.7313004845799316 1.1250604296367979 0.6634980730095034 0.5523814427950302 0.8774442012201769 1.2894073580857672 1.167586966490523 
0.6975276735144924 1.0952552560907662 0.5771311089257937 0.6486890922979495 0.8110388465710632 1.292778517771549 1.1824509312581413 
0.6799361182480905 1.0592927050340404 0.4679707961560957 0.7647723036511019 0.7442584815311782 1.2954508649524272 1.1909139124777364 
0.6875581437524125 1.0995369104067347 0.5199969551549205 0.7016680945478684 0.7996066080248936 1.3618094185124616 1.1591311206246562 
0.6810314510943398 1.0829228348111484 0.4798944286361876 0.7454806403624512 0.7338789195139694 1.3608141001162308 1.1679111258138282 
0.6758360623107872 1.09102961846272 0.4545851135596209 0.7656823469301701 0.7826483576493529 1.4296177569258164 1.1311389209152918 
0.6789350688471111 1.0966724580059273 0.46490245869833097 0.7537027375252283 0.7187345521134522 1.4252170858647046 1.140310197028112 
0.6933741572295669 1.103786609606562 0.5281908404637858 0.6914942226056174 0.8643555526209937 1.3620468786373152 1.144308316905732 
0.6800333218776079 1.0328594426777364 0.4920096412825381 0.7480022673011286 0.7500371776707392 1.1643776212167416 1.2235316099048694 
0.6963357576582322 1.0509865834335312 0.5963039053929846 0.6410397287539322 0.8154308016549237 1.1550583470792941 1.215638844929099 
0.6749835607366156 1.0320644684325189 0.42429794847509555 0.8144634412040297 0.7496156937929064 1.2298474547618892 1.2094106301839094 
0.693223917726887 1.0360397872206208 0.6665493352766221 0.5746795927003197 0.7457535983061143 1.0991098210107932 1.2334844271302878 
0.7217799955094976 1.0433393824485893 0.7564046989739579 0.4817739116220122 0.8086101998927678 1.087144662890439 1.2258674493973358 
0.7352521676988707 1.0118859268867253 0.8786497428894811 0.36174241168637894 0.7958782073539964 1.0196919625551455 1.2321578458199258 
0.5871770298370254 1.0045340486395922 0.2076690159250694 1.0476000571476143 0.8545365801900362 1.0034442493920062 1.2194299177914951 
0.7994841990115211 1.0547352031737047 0.9531825734241234 0.273981838075678 0.8721104042586076 1.073329441609881 1.2120234528404432 
0.40856900847095146 1.0264535387831388 -0.23049398817841046 1.5192158876237751 0.9112864836577907 0.9840643805496597 1.2016307134239008 
1.6714959401145026 1.1574815759458543 3.114805695626019 2.062020209831201 0.9363224615106394 1.056554488857782 1.191655126429647 
-4.766698088365505 1.8858807462750153 -11.722843973798724 14.148164182059933 0.9628444667002762 0.9595160607331935 1.1799507325993805 
1.1175132296486345 1.038344416900923 1.4047608373424343 0.27284680653415716 1.0009239080186878 1.0348045396420127 1.165127465963233 
-0.38497218507333003 1.2594932780224644 -1.461285180039758 2.9827588730613552 1.006326130263694 0.9267722887812919 1.1555688927471635 
1.4788630124793645 0.9395313019551457 1.8525677040239388 0.8371708832048239 1.0514435689246415 0.9921497606984089 1.1369095450127178 
0.6165599359437345 1.0203923911572508 0.42572565853914474 0.8341594719375669 1.0426957448936314 0.8853992368690988 1.1284380060051906 
0.4941307672044483 1.0540710789023087 0.22894906459767833 1.0681579895953934 1.0846793415839593 0.9326114626222545 1.109386597749757 
0.5996581150776188 1.0260235681361967 0.37680756728647524 0.884455577944587 1.112637361403635 0.8751292641890079 1.0799841201594997 
0.41710998879520556 1.0672254682212785 0.148672774558973 1.179281520982455 1.1474121422200236 0.9072336159562274 1.0596703472043631 
0.39655159032216675 1.061777325499512 0.1100817535579064 1.2215524592348217 1.1259731059729954 0.9699678921456314 1.0845070810067836 
0.5628423285775299 1.0331188779156935 0.3398090842717906 0.9369510170979963 1.1808533705265312 0.9387270770681494 1.0364570198457363 
0.6225220097040289 1.0339758817246285 0.41585630967520365 0.8407785858759023 1.16760784027879 0.9989394898658667 1.0535298515596994 
0.7928138417778914 1.0439216746278237 0.6267441062252311 0.5702348112000786 1.1550729022193464 1.0611960959213305 1.0642594899365545 
0.6209143835575611 1.0354988353572634 0.40599326854334394 0.8492005430575987 1.2083746937834876 1.0239874164033749 1.0177613075004683 
0.3809627062870207 1.0175640675994144 0.14796388537605737 1.201693052624086 1.2028394746127395 1.0774881930046716 1.0215899234041763 
1.4786312262258543 1.1778535965103425 1.327289547042149 0.4208530410683567 1.1980826723201758 1.1322337348628762 1.0200623556725745 
0.43169839735726556 1.021591601166426 0.19950596506294557 1.1292733156291705 1.2469393657501793 1.0899066343710213 0.9770238577136683 
1.35592483906303 1.1475621288329754 1.081618056665976 0.16022374827200278 1.2460046555886457 1.128228290974851 0.9733162066301504 
0.5643450389392725 1.0366233256940351 0.3291875160205345 0.9434228582366165 1.2472489007065932 1.047504116547521 0.9789412697360887 
0.6444648956591511 1.0244396812586212 0.4222722243813652 0.8207419767185309 1.214099825263222 0.9704244689915882 1.0093918230723478 
0.6159188524419605 1.0286507406312124 0.3728108681731313 0.8759735688700628 1.2467603901716728 1.0024301757943948 0.9789209296951193 
1.4551019487635914 1.1838854706731003 1.460921852467072 0.5077001133961236 1.1456286873790766 1.1284825135783152 1.0655468709187281 
1.1192692753756828 0.8259472072279624 1.1652857715052964 0.09251090559056843 1.0746208494518243 0.8396276694509786 1.0981645825452757 
3.9058490161100092 -0.45887578606864093 6.43445491643996 6.174747069598075 0.9986267188516323 0.8322136702498955 1.1423300153131908 
-0.5808020711546369 1.5867351476890028 -1.5378805751362206 3.20255398949995 1.0323767110821396 0.7982265584998781 1.113612553314697 
0.47438532757654445 1.0704279844503701 0.1897551749369597 1.1140916656083641 0.9522612541651724 0.7769415717697298 1.151389072240896 
0.4517240608124118 1.0866691859514481 0.16076005823409173 1.153363094355032 0.9858029199967 0.751271669292666 1.125466858041516 
0.5418753474237655 1.0265817816193177 0.32938669384036806 0.9530042153963068 0.9032009337569342 0.7212233318828886 1.1555292142085127 
0.5069027949391138 1.05609734871216 0.2582855855611712 1.0374670694581765 0.9349901074079318 0.7003064232626894 1.132698885226908 
0.5780592740249967 0.9717045988115381 0.43665989090751833 0.8280936550472556 0.8512614611751438 0.6655890385777758 1.1546507456606485 
0.5257882602481208 1.0290549213328533 0.30728971091841767 0.9788100120571724 0.8802115286620162 0.6469642030090775 1.1346504811388072 
0.6104864335985558 0.8727970778368942 0.5868651635496438 0.6495426572761756 0.7968092894056437 0.6101433733044728 1.149299874998999 
0.556712448523403 0.9476782166876403 0.4242578915268971 0.836120678406733 0.8222064111303274 0.5924475832729484 1.1316917648747566 
0.6762080343441476 0.6687638330882146 0.9119683114169193 0.26633498807523526 0.7404012514021213 0.5550899642799717 1.140089521873224 
0.5810728995862242 0.8360308410025515 0.569138365565945 0.6572518470953955 0.7617928274821764 0.537739204121293 1.1244596628322439 
0.8840759549371305 0.07298962682396659 1.9305692308294888 0.9328985029353932 0.682585139341725 0.5007759339176542 1.1275279044812152 
0.7407938231374777 0.4037985229417041 1.2504755354148396 0.16958868494432774 0.6996785201728211 0.48364525940652026 1.113530750852943 
1.06436923536864 -0.6557609068022522 3.1248633711025926 2.337219328696134 0.6239344628488387 0.44737144889853836 1.1124211265522002 
1.1701727718283161 -0.7933503339264774 3.175876457901844 2.468666008348021 0.6365659073383706 0.4304980034945749 1.0998548084187136 
-1.313972450800405 5.8829235974403575 -9.516745265600369 12.095163327516518 0.6112925259024627 0.46510266650959264 1.1243009620033892 
1.0211712293438844 -0.32038288534274995 2.8464106431398313 1.9344619143357038 0.6654129082127105 0.5188313414087438 1.1406620080915966 
2.6506630589864253 -4.958281144885992 13.301496311062722 13.483658170606981 0.6484022476448956 0.5382169395847102 1.1529623477138191 
0.7930468018811441 0.4341861786057915 1.4522813894060491 0.3394243908091783 0.7188487752956676 0.5733767708930375 1.1546620550281481 
-1.8770667318658711 6.133660344789819 -11.946099839456704 14.467553805908928 0.6972823393138949 0.5928699213294388 1.168046351546776 
0.3789887176273174 1.4053002341589655 -0.9391584650152907 2.2818621065134073 0.6757754760041961 0.6136565913310031 1.1799398807718369 
0.8512117353271365 0.47366422331722724 1.6336645159090353 0.4990859692129783 0.7452269771470881 0.6483759571101823 1.1801919909302514 
0.39179190953832177 1.3171271138592915 -0.7453784825835892 2.0701190265138396 0.7189857140844174 0.6688529431901516 1.1927886560016159 
0.6021405509859055 0.9187745621136264 0.419480233953482 0.8223231276830646 0.692225741155643 0.6896421406783941 1.2031491429508185 
0.7538492712746856 0.7378877981312756 1.1595429383285394 0.061164747885301504 0.7612177011089134 0.7256639239039377 1.2026688706160427 
0.6478274320197652 0.8911198743610889 0.6264372468441427 0.6115533303247424 0.7293032966306875 0.7461194435053699 1.2135908492992158 
0.6515599788042343 0.8778761990165058 0.69413742059598 0.542733430269671 0.6959436348822269 0.7659966752598255 1.2219456342262496 
0.6111251973826428 0.9737328341169686 0.3276102158912068 0.9228287959372732 0.7651317968742086 0.8056451406469882 1.2208589002850934 
0.6739150931453631 0.8997084933122859 0.7508327221716372 0.4891995006333385 0.7258003558646379 0.8253648775445006 1.2298176784687105 
0.6521124263845519 0.9267982595596321 0.5828327341289438 0.6601751707384138 0.6845443675239679 0.8443164752227796 1.2358140744029429 
0.6532224218539747 0.9569223818155358 0.4932907288917983 0.7519448264363485 0.7533133053410164 0.8879290606302123 1.2340941960030867 
0.6639058365400445 0.9477605276120344 0.6164150748629303 0.6281894474503205 0.7056244015682622 0.9060146805059133 1.2404200485571566 
0.7355698846363165 0.9640336616314767 0.961763465917374 0.2800438929079733 0.7771501853132692 0.9530167794820367 1.234810001782234 
0.6868354383253498 0.9766185319092038 0.7696430635868309 0.47543272037162737 0.7233402626962843 0.9695274837493734 1.2416125071504973 
0.6639577300733986 0.9497494327310123 0.5697143694243184 0.6745706298635534 0.7989295864624523 0.8686299955340744 1.2241661955572831 
0.7277012122754258 0.9633431148345026 0.7912747360333136 0.4473916147869145 0.8294089974433552 0.9348421945724273 1.2235468117559627 
0.5368253613570793 1.0229868802760835 0.116694909452151 1.150110102667748 0.8414706361528397 0.8477042720265549 1.2108706390974404 
0.6778514909302643 0.9756091412639076 0.5721070097697023 0.6715511719963527 0.8784042562365927 0.9141096087602001 1.2082994811937335 
0.3110396122725738 1.156839101208811 -0.4076784398724874 1.732901328835607 0.8806654918895873 0.8252132614144345 1.194344857186047 
0.5145786543325284 1.0333797710893478 0.16933019482003964 1.1092197088946842 0.9225296208979077 0.8901313182301598 1.1897104238971665 
0.5245780191319993 1.0367999303885753 0.2622267375612218 1.0216605808783712 0.9173113016158826 0.8016138982245299 1.1744921348181723 
3.787891483004403 -0.26257868262894424 7.057162093209554 6.628598094077603 0.9621982487194263 0.8629915545283922 1.1677930754630461 
0.1778010211880641 1.3522374065364766 -0.9341743196716917 2.304809676173464 0.8371602589968511 0.7637834036160329 1.1940294347689648 
0.543252415690558 1.0253256597747884 0.30628571968541995 0.9724899487180066 0.8706574936973043 0.7424225591644337 1.1761209625803979 
0.5607650777834285 0.9993719348391407 0.3192711319396015 0.9477978704034138 0.7919471303372525 0.705113705939198 1.18905774445418 
0.5915992338142508 0.9569167526661503 0.46557873837225855 0.7931697613330148 0.8218662187774475 0.6849875321128361 1.1729145954964386 
0.3496766747274784 1.2169265959177198 -0.6890505483084708 1.9988855868314301 0.8021840308575295 0.7850155796688386 1.208953371094456 
0.6407101678473579 0.8976348178819877 0.6072586923319656 0.6321167445490474 0.6611559261461624 0.7852482741163525 1.2278325206333147 
0.6207731800879169 0.875986484168407 0.5628875749201382 0.6717813803927261 0.6647480867786038 0.710003891363121 1.2113274729295567 
0.6617319049019575 0.7946893743639396 0.7767780212199681 0.43868103496097144 0.7711360856348008 0.6287501124198578 1.1655608471631274 
0.48976315202137294 1.2043698610384423 -0.5038601991903197 1.7950103898224172 0.6157742696310051 0.5822110713162478 1.1747483279424897 
0.25721918382720593 1.906750721700802 -2.1515213950180336 3.5989180903409386 0.6317905994061134 0.5593211987804974 1.1643236007867999 
0.5483178859269818 1.0088168851162824 0.07071869947608901 1.1854465315596225 0.6543211948713721 0.6353638894680351 1.1901782966836445 
0.4431720278415048 1.3057248930476084 -0.8016654303164551 2.111737144741927 0.5767290617400709 0.5291592865905483 1.1571988390058252 
0.29663739754770097 1.785164726669484 -1.8483712517649749 3.2700424806578403 0.5872918159260059 0.5053621422934761 1.1465086554755035 
-0.6942023453514963 4.778273978348417 -8.00703683166948 10.183381751919411 0.5989542669391442 0.48421242658122565 1.1356354688681063 
0.6953742865412487 1.0126820043376088 0.7586073010282435 0.4851619284020268 0.7368454076981212 1.0340767541878058 1.2394322575991912 
0.6761658253634459 1.1096613473795711 0.4518061025498189 0.7592920378956534 0.6993496099096692 1.4878036640884937 1.1080408915035957 
-0.2440019462559615 0.8573315250648651 -0.4198223497019922 2.0585509246847122 1.2457418132403033 1.1614077383941523 0.9673605817908746 
0.7475217177187785 1.0597017652404006 0.5105578223726112 0.6847601880216343 1.248795624599489 1.1897457013970874 0.9569316531669882 
0.6433742960381987 1.029289287870161 0.4215211194344345 0.8249708709915422 1.2564109899018217 1.2161774687615088 0.9397501385206488 
1.228173545122683 1.340709790384045 1.1852280717831234 0.19412592766581604 1.121742266846308 1.284864559731414 1.0440163783120817 
0.7284950930725465 1.112793841911168 0.47930459322266317 0.6969020070522634 1.2470651806309485 1.4693287284843748 0.7762291556123366 
0.5893825313169755 1.3690077879172255 0.5333518724136428 0.5149324815282454 0.48870391967445925 1.7673460986427483 0.8413013472286545 
0.5126634146208155 1.4208302653566882 0.5398142931684919 0.4575309012639445 0.459036629454754 1.8003173633265994 0.786881374236714 
0.46691273469982525 1.5809963183294835 0.6542646762345532 0.2596165255889157 0.4502237421706755 1.8100612487506134 0.7666578730216896 
0.6576080380661116 0.8253608887061818 0.18002916091679413 1.1651280142549998 0.4461803619389544 1.812317523917059 0.7607675008838365 
0.5518261903448805 1.3281315999958763 0.48328579642312663 0.5688346846658726 0.452371066240653 1.810685595583759 0.7660394472625857 
0.6840514496551243 0.8373974146305732 0.21051874902960127 1.144559971424081 0.44123177777085176 1.8258622385525443 0.7310896254985029 
1.4924657287365393 -1.8652561114785817 -1.2590282505460948 4.323550468691562 0.4322787263720694 1.84506699280643 0.6907793317716465 
