3 5 10 11 12 14 16 17 19 20 22 25 27 28 31 35 42 43 44 48 49 50 57 58 59 60 61 62 63 64 65 66 67 68 69 70 71 72 73 74 75 76 77 78 79 80 81 82 83 84 85 86 87 88 89 90 91 92 93 94 95 96 97 98 99 100 101 102 103 104 105 106 107 108 109 110 111 112 113 114 115 116 117 118 119 120 121 122 123 124 125 126 127 128 129 134 136 137 138 139 140 141 142 143 144 145 146 147 148 149 150 151 152 153 154 155 156 157 158 159 160 161 162 163 164 165 166 167 168 169 170 171 172 173 174 175 176 177 178 179 180 181 182 183 184 185 191 192 194 195 196 197 198 199 200 201 202 203 204 205 206 207 208 209 210 211 212 213 214 215 216 217 218 219 220 221 222 223 224 225 226 232 233 234 235 236 237 238 239 240 241 242 243 244 245 246 247 248 249 250 251 256 257 258 259 260 261 262 263 264 265 266 267 268 269 273 274 275 276 277 278 279 280 281 282 283 284 288 289 290 291 292 293 294 295 299 300 301 302 303 307 308 309 312 316 317 319 321 322 323 326 328 329 330 331 334 336 338 339 340 341 342 343 344 345 348 349 350 351 352 353 354 355 356 357 358 359 360 368 370 
7.846633749917641 4.7061775830786186 -1.3453079776893693 8.829115037578257 0.7830350754021546 -0.4853274457372559 -0.3383790867716415 5 1 
7.946056979513756 4.793894793876488 -1.7177169561746597 9.012039972065027 0.7770983529756432 -0.47189249158151964 -0.2865276723209548 0 59 56 
7.970381029010651 4.6180455394724 -1.0994124673577335 8.851133102953016 0.8240220098621514 -0.5439003308496599 -0.3737891846894791 3 5 
8.125685473703088 4.312443696376324 -0.9094653587584214 8.788383358188694 0.8505728913383575 -0.5822173731554058 -0.36032809913909214 4 63 61 2 
8.156209980039556 4.2526204192226675 -0.7434694964940172 8.771647447021572 0.8645904513874574 -0.6018419114418705 -0.39736802816212036 6 63 3 
7.974198393770507 4.664007913813347 -1.3174277310305618 8.90290831493761 0.8161010230617121 -0.5310356392278861 -0.32167274307294785 0 2 61 59 
8.161952464170035 4.238525713722219 -0.7396851588837351 8.768418163102988 0.8915149996450338 -0.6395906892168771 -0.41465950039171584 4 7 68 
8.036951537298503 4.385672821257667 -0.6518520311670498 8.746830276319177 0.921528949725372 -0.6827220238721364 -0.4240836611431812 8 12 6 
8.07637938473024 4.331017015063244 -0.666782951179391 8.747533958723059 0.9533525412952765 -0.7283234344202228 -0.43514200268640185 7 9 10 
8.117823368014 4.282447237078258 -0.6869552367331337 8.753643462961263 0.9874923858344414 -0.776232777142375 -0.45285561609564806 13 11 8 
8.081713849649054 4.337735515167397 -0.7486788693935829 8.75860495856082 0.9682677950969285 -0.7526072239102138 -0.3898504815510069 73 12 8 11 
8.118393074439002 4.278819564676519 -0.7505684891702128 8.754172604040512 1.0027766360904988 -0.8017757111281517 -0.40981489836616847 14 74 10 9 
8.042117731318775 4.3974699400483095 -0.7499978940204974 8.76136810483348 0.9354400083983674 -0.7051525633291258 -0.3749795552139339 10 70 68 7 
8.159649100889261 4.245702525203314 -0.7158949967180966 8.767250869008361 1.0196490073801352 -0.8197157318675903 -0.4763699208315295 14 9 
8.163951782303148 4.246815281947886 -0.7609789884754805 8.772969337088114 1.037733494218363 -0.850296811214382 -0.4361777183275467 16 11 13 15 
8.163174759897482 4.241308572324285 -0.7380611951509042 8.768279392114453 1.0717535267865328 -0.8959489338727018 -0.46382027053350283 17 14 
8.164965732349955 4.263270411094008 -0.8768183051925559 8.788839746910641 1.0578980283779098 -0.8802403798377488 -0.39650609383233526 14 17 79 74 
8.1704542249025 4.257288241229775 -0.835967369234014 8.787633188063728 1.094232895993935 -0.9301419466623155 -0.4254177598204514 19 16 15 18 
8.309452009157203 4.27642757035707 -0.9269234448130059 8.915702109510754 1.1290168520246375 -0.9759695561670989 -0.45362359672992736 20 17 
8.16792405928094 4.2834119188119635 -0.9958846714928168 8.81053998994782 1.117435312800729 -0.9617252462333341 -0.3863177279010495 20 84 79 17 
8.284165631434655 4.2912315487842285 -1.0441546837418718 8.911680008271619 1.1545647995733803 -1.0115541138310333 -0.415422374857673 21 22 19 18 
8.268634375215283 4.316913609880127 -0.9796678390731127 8.910276165605268 1.1907740296797902 -1.057551059608981 -0.4462564191279999 23 20 
8.209601412731297 4.347711660596606 -1.302319262696281 8.909049245848836 1.1805929105786268 -1.0436675457631073 -0.3749564184434816 23 89 84 20 
8.188565788503261 4.374909419137383 -1.245086241262143 8.903301119835833 1.2190783132539165 -1.0935068638821719 -0.4039612736468593 22 21 25 
8.111640290665605 4.436544977059979 -1.5933119348649611 8.92248322530942 1.2847756281626084 -1.170761631764225 -0.38026383212573067 27 25 
8.095730404677383 4.430166190669946 -1.5860506782412966 8.905267561786165 1.2464268233113958 -1.122968389379261 -0.3564153798763617 94 89 23 24 
8.212926115504308 4.599087203843053 -2.0093524722166505 9.168408318225033 1.3481925654570652 -1.2393360016212747 -0.3616458014519363 29 27 
8.07757316874851 4.534384838191903 -1.9323841423875676 9.01180310503988 1.3128675104462362 -1.1960465613659248 -0.3326775644670733 28 94 24 26 
7.995186076796052 4.666327764557231 -2.2983989872743567 9.10811641334081 1.3419987172145693 -1.2162526714993718 -0.282171415099428 100 96 27 29 
7.992207929735997 4.676328532104862 -2.3325981273366594 9.120009246996611 1.3793582391892816 -1.2630505459194334 -0.3113271336970952 26 30 28 
7.9010979996254385 4.791142939892175 -2.6029150707081707 9.194365271985946 1.4155786487675233 -1.2843798809925118 -0.2546337692528209 29 31 100 
7.791654720275012 4.864638853160498 -2.911214641192372 9.251416466576584 1.4537521971800826 -1.3011168273922777 -0.19843457013523713 30 32 105 102 
7.810497577595038 4.836298203499026 -2.9864839380444783 9.267723636258252 1.4922660341783982 -1.3480528229534579 -0.2244676860972677 33 31 
7.629038421030745 4.849140072848524 -3.64538170083962 9.376793340095723 1.5311800330823093 -1.3599028775819442 -0.16711556985902495 105 32 35 
7.5737270784494655 4.780846750234696 -3.9721540542790574 9.424256490849306 1.6134636225433785 -1.4118586637982296 -0.12849239862672718 35 37 
7.539731134791462 4.8603935452140155 -3.9012129097087573 9.426145782908408 1.5747616930080435 -1.3676261323257113 -0.10432025101944321 109 107 33 34 
7.0234720751298125 4.681584688177829 -4.404376937791137 9.215960495016802 1.7035098613793191 -1.4117209117468212 0.002209836232031996 39 114 37 
7.445735129024495 4.794577956452479 -4.307351312906746 9.497143793391638 1.657232609563929 -1.4141405471941426 -0.06422643220515771 109 34 36 
6.435762012869497 4.59317136352882 -4.739252270428171 9.004627979935325 1.8065063584003334 -1.4083724776011228 0.11573598865663537 40 44 39 
6.7152854352059395 4.634996808701081 -4.5642525348486735 9.089875889269859 1.7528023063265814 -1.4095769944323742 0.06219671239097094 38 115 36 
6.2165566390890215 4.543807773825082 -4.894504779785896 8.947206922837118 1.8592937566655312 -1.4026876265632586 0.16473441075281453 41 43 38 
5.9621127700602585 4.481174316717034 -5.063292448227688 8.882768114898907 1.905584528259794 -1.3892638870729328 0.21227460627290307 45 42 40 
6.024323779641007 4.464387370522989 -5.082052592390276 8.911983002931283 1.856924226885027 -1.349038453639401 0.24054859705795376 48 50 43 41 
6.238527658353986 4.5405402578923715 -4.8962265135175365 8.956883983074434 1.8123866342272619 -1.359334174962164 0.1913658669360855 40 42 119 44 
6.422962264839235 4.605119899920314 -4.719532233380468 8.995262934424243 1.7637064076022608 -1.3637202883699167 0.13976473224976246 118 115 38 43 
5.7998070611556685 4.436506101542375 -5.167900085664758 8.843663933564327 1.9424110330432356 -1.3679671317554816 0.2602896757344725 46 48 41 
5.749560951474938 4.430567606477861 -5.1858080476214115 8.828926454755845 1.9686602469483763 -1.3419857695397532 0.3071955382635063 45 47 
5.823657709363183 4.403826788763451 -5.219091168444458 8.864849032953897 1.9213915342708923 -1.3057091668323906 0.33388845313107474 51 48 46 
5.879973190967685 4.414850559360905 -5.19269551756265 8.880687027235652 1.892812847136835 -1.3303548077661616 0.288414152392512 47 49 42 45 
6.159969383712455 4.297017040656568 -5.343739384576017 9.030499093298985 1.8480699060421308 -1.2853377866892626 0.30722132977538336 51 125 50 48 
6.2675582253123325 4.353626648748448 -5.229344915714257 9.047405657133545 1.8121459141923228 -1.3020655553960008 0.2594468683460411 49 124 119 42 
6.111281565607194 4.277765914195144 -5.382680188059683 9.020116912118128 1.8758673495609697 -1.261754021317647 0.35186779030741844 130 49 47 
7.736967656526336 3.947823451057248 -4.300456774427213 9.214592205315514 0.791089561197951 -0.39025776563064796 -0.06282127353364206 134 54 53 
7.835346170334677 4.2646908464979845 -3.6203364765928545 9.159338257938757 0.7791563559144629 -0.41450368384725367 -0.1218479744414398 55 57 52 
7.740694284233427 3.6468463547780225 -4.8226646491357235 9.33484763783706 0.806420323530145 -0.3607437918492434 -0.006858303329732016 52 133 
7.9883259507531825 4.65442259857649 -2.4097881142113913 9.106213571832487 0.774507823237707 -0.4366787477543625 -0.1777062472828127 58 53 56 
7.982948273077285 4.724545321799822 -2.107997989952412 9.073053841578995 0.77499731448576 -0.4568134801965417 -0.23199980310911994 1 60 55 
7.9140245151251865 4.129563256424191 -3.596335628054152 9.141617754418732 0.8300381746148042 -0.47566115343800275 -0.1048098298249259 58 138 134 53 
8.050600257261113 4.536996155977896 -2.3649937030305916 9.07868197981018 0.8236612097342434 -0.49800049122150497 -0.16190677933569694 60 137 57 55 
8.003806465178807 4.667295937434774 -1.6672432916035729 8.975872741678716 0.8153045833155619 -0.5224560174680872 -0.2702910421546745 65 60 1 5 
8.038617708813499 4.608541124747096 -2.0636908960915585 9.041681076621511 0.8182135898251163 -0.5123862732503741 -0.21727637544002212 59 66 58 56 
8.166412118916512 4.386385564077633 -1.2364411672335347 8.890893909050229 0.8499721032354265 -0.5780966888203652 -0.3097836868386798 65 5 3 62 
8.196442101732108 4.2661471169497585 -1.1742527827408893 8.842424073531525 0.8846850062800613 -0.6276270867266365 -0.30688593201747816 63 69 64 61 
8.168013759776835 4.255033706944614 -0.8951565721178103 8.790518169241746 0.8773413259353864 -0.6208153596562928 -0.35695316474398564 62 3 4 68 
8.30326546900914 4.226320481684146 -1.5279728623301407 8.951208049649473 0.8935939922865983 -0.6311431809004578 -0.25439729485594026 65 62 71 67 
8.163913094338838 4.3706593338260324 -1.5976040632614037 8.926015419610183 0.8541734414678182 -0.5751931670003053 -0.2583421794692039 66 59 61 64 
8.180954500313266 4.352371235708092 -2.008339662384316 9.001807087560461 0.8642443958495222 -0.5734024775746884 -0.2026692538991025 67 137 60 65 
8.338771717358556 4.150063503617845 -1.9541683751904253 9.01104405504839 0.9093496828209513 -0.63779338772208 -0.19816783805366608 64 140 139 66 
8.167296386521521 4.250873292460238 -0.8581148590440031 8.785409481016877 0.9053411068514365 -0.6614164389676023 -0.36398686546098113 69 63 6 12 
8.18945769450831 4.264001583097293 -1.0814034212897825 8.826992465452491 0.9179280615960396 -0.6763351356332654 -0.31323265453642496 71 62 68 70 
8.051334963869 4.419610359206471 -0.9297506181811208 8.791735225384036 0.9508341749988466 -0.7251634820222328 -0.3269266984435777 12 73 72 69 
8.277646317983285 4.264242457488919 -1.3860847749012346 8.931936772541363 0.9319253673338411 -0.6882200462819827 -0.26160548820297536 72 140 64 69 
8.061192893323502 4.449303292087542 -1.169860115861433 8.837254008808987 0.968451975982114 -0.744084796797277 -0.2788787987518865 75 76 71 70 
8.088106805816214 4.356849069081393 -0.9070983832063708 8.783218110626782 0.9853766049726664 -0.7761753144809882 -0.3455504827781028 75 70 10 74 
8.123272398443435 4.296532490322488 -0.8892986422441601 8.775292554099538 1.02108658338114 -0.8280228570589079 -0.36834490743516063 16 78 73 11 
8.091037969643958 4.387961812979839 -1.129016516080042 8.821200516126419 1.004901656642314 -0.7994925946071171 -0.30157190693038116 78 77 72 73 
7.997463557120177 4.4708402665806295 -1.511060013588583 8.840702432408904 0.9888873994411924 -0.7626024411385985 -0.23005080122774785 77 144 140 72 
8.03814754058237 4.430615856181053 -1.4660087451772468 8.84280574045533 1.026540549469368 -0.8219547707549982 -0.2572220042500769 80 82 76 75 
8.119306395574652 4.327805926651108 -1.090442267844951 8.805049208772983 1.0419374399741712 -0.8545019113217148 -0.32773708792516126 80 75 74 79 
8.156568834273372 4.291966914484698 -1.0541803928183673 8.810856231159873 1.079690351779185 -0.9090620390256401 -0.3571522995093085 16 19 81 78 
8.081014284273584 4.390531339040578 -1.4159405564421539 8.8463640246798 1.0645611339264691 -0.87997693206653 -0.2869006458681026 81 83 77 78 
8.116536858535172 4.357896093931061 -1.3634798162065633 8.848604917254233 1.1027586259898008 -0.9360728259202155 -0.3171646989024399 84 85 80 79 
7.99583199741065 4.478338500660346 -1.7617447651185778 8.883774442951268 1.0495087688522122 -0.8422458924944662 -0.21139183225819613 146 144 77 83 
8.03141050743277 4.447847733794856 -1.726345884064228 8.887253625504764 1.088145363210253 -0.9028050003824586 -0.24432238200168274 85 87 82 80 
8.13256941311418 4.352916687486886 -1.2944084000352283 8.85050955518043 1.141415344388944 -0.9905994787622155 -0.3464946277584101 81 19 22 86 
8.058501678165209 4.423870624197178 -1.6810297542839763 8.886561943206408 1.1270247407160432 -0.9607599189906069 -0.27576510793828574 88 83 81 86 
8.063143904066067 4.420256481838591 -1.6184967976356415 8.878396665770946 1.166467649916319 -1.0167033976064759 -0.3047226898182764 90 85 84 89 
7.991325588205021 4.483148332914927 -1.9034488714271673 8.90914355671983 1.1115854428881937 -0.9211497882625528 -0.19933818110654292 88 149 146 83 
8.002547363902469 4.473729657247664 -1.906795205711317 8.91268646573556 1.1518754782302347 -0.9817377840281543 -0.23213684881672203 90 92 87 85 
8.107367604070308 4.415505145912925 -1.6118268374988594 8.908825195757196 1.2065883410937424 -1.0711492919625267 -0.3316458405055325 91 86 22 25 
7.9950029711386685 4.4811216256904345 -1.8847014785640075 8.907361858397078 1.1927166087198466 -1.039606888696257 -0.2606381163318077 86 91 93 88 
8.006163738264249 4.482270573729476 -1.8897025481061998 8.917485324718399 1.2329457819075547 -1.0939737569907526 -0.28565448268262905 95 90 89 94 
7.927606014384914 4.535879397176089 -2.072498616860155 8.92697136803951 1.1767107398023016 -0.9978783597619274 -0.18601081643861594 93 152 149 88 
7.906532133693728 4.55304031704607 -2.1155583099331285 8.930971988562591 1.2194425912499474 -1.0578823189995283 -0.21409704803652246 95 99 92 90 
8.003769130717258 4.497714823757559 -1.8902078688836959 8.925478453288813 1.273376340244923 -1.146355699105594 -0.30858757318105146 91 25 27 96 
7.896310216323652 4.5673334282716835 -2.157448173131097 8.9413389870688 1.2604178705840363 -1.1127261228037302 -0.237837469616445 97 93 91 96 
7.984173110700851 4.657264426946438 -2.2362572304948416 9.080632326320623 1.301258415765758 -1.165090155946237 -0.25915299643197165 28 98 95 94 
7.788338418254383 4.636774562268104 -2.3278874549606554 8.945109956007343 1.2893366930699353 -1.1272833899550896 -0.18785979806039133 103 99 95 98 
7.760891728501735 4.673232868475475 -2.3852093775681356 8.962796180058357 1.3316925357838283 -1.1804835181944844 -0.20740530658180562 100 101 97 96 
7.814366433901681 4.6238326742688765 -2.251008983203104 8.937655873428634 1.2465377752386941 -1.0711454602826311 -0.1652891592302564 157 152 93 97 
7.90267644772098 4.763575978911341 -2.5402818150482327 9.161563640020628 1.3740630903833493 -1.233056611711593 -0.22892870380749408 30 102 98 28 
7.60904407784783 4.7415495952677995 -2.6329792791777367 8.964498858669165 1.3659549726080404 -1.1933119029613954 -0.15332332363341386 103 98 102 106 
7.605901811239747 4.752356423210866 -2.7179659608187543 8.993244392540621 1.4105422779725485 -1.2478927469499936 -0.17411427552967204 100 31 104 101 
7.642108160959457 4.7256407081650895 -2.554082398177838 8.955679148456309 1.3210593269995248 -1.1386475078723304 -0.13543908174026814 159 157 97 101 
7.346099263426481 4.816737173471922 -3.336564455325239 9.059156801876643 1.4515923497984624 -1.2605952109608447 -0.11768696994113331 108 106 102 105 
7.3487953885258035 4.842814296137879 -3.3835965588465946 9.095275188828992 1.493805682936884 -1.313080187214065 -0.14124030444103305 33 107 104 31 
7.324005063005577 4.826176938359397 -3.293743161238858 9.035893531570304 1.405501866368275 -1.2051537964802896 -0.09798337352406161 101 104 163 159 
7.223019409019405 4.833710102334608 -3.6396167134342967 9.104944899927638 1.53673620758414 -1.3207671011023159 -0.08166096321919503 110 108 105 35 
7.215192888651164 4.81994425970181 -3.6493836817895273 9.094604296093566 1.4960333817883458 -1.270076716439752 -0.059942640340246864 104 107 112 163 
7.132473227541608 4.768452279827246 -4.046998989193002 9.17446568753791 1.6206857753565564 -1.3704908108581355 -0.03971720842929086 114 110 35 37 
7.062695738816409 4.783281291387175 -3.981453694843822 9.113733478244534 1.582740488271053 -1.3242749713342996 -0.019639575495463014 113 112 107 109 
6.93533788601366 4.7175179995539995 -4.3770050549537505 9.176327518640253 1.5903116507035127 -1.2755256328831022 0.05947831698943541 113 117 172 112 
7.071975861885349 4.7867228038960805 -4.026435950870435 9.14130540812121 1.5426781272401149 -1.2752090095258786 -0.0007485562161436048 166 108 110 111 
6.891258443427011 4.718405006783365 -4.291094613974975 9.110150607124861 1.6298193232391163 -1.323397616264455 0.0428766617741539 116 111 110 114 
6.894953079129863 4.722243672446376 -4.278760043452709 9.10898998804744 1.6670136229446464 -1.3686950395127586 0.02441470363082856 115 113 109 36 
6.650363634480022 4.6688214296795705 -4.5065996379610676 9.047490032257897 1.714015495328016 -1.3656244654579792 0.08441538577050772 116 114 39 44 
6.710811684551642 4.630826259319499 -4.580323324089333 9.093342179093828 1.6760045370922623 -1.3195556103448685 0.10243240432469078 118 117 113 115 
6.789517668867672 4.604074797964669 -4.716065676846088 9.190502266728673 1.6372213077952256 -1.2715019213342689 0.11882429119035376 121 174 111 116 
6.548794399999732 4.5333860458632635 -4.831903499543447 9.075818408468994 1.7232403417637412 -1.3158907057929627 0.15824940354907316 119 121 116 44 
6.420262962004432 4.446265651815544 -5.031399395656079 9.065333770872645 1.7691708507897028 -1.3110341395376373 0.21007493345035633 43 50 120 118 
6.57810972980693 4.343921671815043 -5.190513499271078 9.176855891118512 1.7268808064093883 -1.2611285721283856 0.22425540535459218 124 122 121 119 
6.654780875706545 4.451977587178122 -4.976272994860033 9.161367099213615 1.6831608267099545 -1.2664472277222247 0.1741519675857631 117 118 120 123 
6.634928875639288 4.278592480962797 -5.3241361063026265 9.24729240381232 1.684736801052492 -1.210744055765731 0.23587118748725663 127 178 123 120 
6.678533179898088 4.408282939336518 -5.10702153177523 9.221516699887314 1.6410316930912336 -1.2175603115667524 0.18537708557674104 122 177 174 121 
6.48276023049525 4.24052927098742 -5.389240761927284 9.184531858738278 1.7680919975926261 -1.2528346108953015 0.272117590897044 125 127 120 50 
6.418718114416258 4.181132340211302 -5.498564804842597 9.185048504706469 1.8037431765362428 -1.2373747294441153 0.31910855694598916 130 126 124 49 
6.563090691130116 4.104588223726386 -5.605694018673725 9.28247584460443 1.760402512654636 -1.1881652720006843 0.3273418100548814 131 128 127 125 
6.5824479103591225 4.162432441119386 -5.508884855715032 9.264597225296018 1.7251074050276212 -1.2023772859736552 0.2823604867031524 122 124 126 129 
6.560065165232727 4.085394144412553 -5.63798559949511 9.290733509295121 1.7169029202491704 -1.1382544351370443 0.3331964193216895 132 185 129 126 
6.54507813414473 4.137394778754992 -5.562989194472408 9.264577121192733 1.6809984477964994 -1.152141124346799 0.2894141542712311 128 182 178 127 
6.386576591908752 4.15782777860046 -5.541183998079949 9.182507407959319 1.8318402706003942 -1.2150697947149827 0.3630896601360507 131 125 51 
6.553427328332276 4.0812702749102066 -5.644719093827818 9.289372803373132 1.7900687771708168 -1.1665938104471816 0.37136648393558325 132 126 130 
6.571708701188185 4.0665536134562075 -5.666509377460165 9.304653859471005 1.7473140140914896 -1.1158522503196135 0.3770051320399272 188 128 131 
7.821585365559105 3.5030866440826816 -4.7702148385938 9.306243878889529 0.845938858429975 -0.4026003027645139 0.008450253273751589 134 135 54 
7.818606097984705 3.7991564494949515 -4.263034361171387 9.188955233420474 0.8371667348345879 -0.44368580390820594 -0.0470886853131598 57 136 133 52 
8.041085617488095 3.2231831221481495 -4.604009001468365 9.273574241327902 0.8855959870191874 -0.4462127154592359 0.027484372833832538 133 136 189 
8.023326671385236 3.536482685482647 -4.13052347117112 9.166892378722077 0.88226094314837 -0.49551937718130906 -0.024806044145824123 138 191 135 134 
8.192426563321533 4.311103387660823 -2.304930484648737 9.053846960419405 0.8810348092376195 -0.5722874504360023 -0.14111325310216813 139 138 58 66 
8.06258341273108 3.904975972896659 -3.5099594999722963 9.112886128524735 0.886291704039882 -0.5453926712459285 -0.0806789736392083 137 194 136 57 
8.349754827053127 4.101744058642213 -2.2820206768118014 9.065057144908128 0.9332384728976995 -0.6491540139008369 -0.13771622118454926 137 67 141 143 
8.27106056878758 4.235572859107204 -1.789250109094081 8.971192384005255 0.9503108562498803 -0.7012901138488786 -0.20914892610219651 76 141 67 71 
8.25513091362744 4.22056069459785 -2.1023597063414927 9.011101304855636 0.9734393707883124 -0.7168889609072041 -0.1562477213080375 144 142 139 140 
8.283740106624151 4.183145204652884 -2.115857105281505 9.016783652622951 0.9998347959737367 -0.7351176941848572 -0.1046820159421714 143 141 145 200 
8.383963206991648 4.060593850775109 -2.272575703150545 9.069419829909021 0.9636670134910617 -0.6685202537520911 -0.07986191742829864 142 198 194 139 
7.958812019938435 4.510797095621746 -1.7809216754065675 8.87757440490089 1.0118393872390703 -0.7806966708707502 -0.18060122025229086 145 141 76 82 
7.944837076079114 4.523496635239056 -1.8257890658022788 8.88252239582655 1.036485280684781 -0.7983056359678222 -0.13168616306008704 142 144 146 147 
7.971572555701456 4.500312355636484 -1.8785074337545709 8.899445569643618 1.0730500469125988 -0.8595343272645135 -0.16427534461967944 148 145 82 87 
7.935952907728059 4.56360102089777 -1.7521138096687805 8.885851725431731 1.0626858969825836 -0.8159416466487631 -0.08223717395278299 200 145 148 204 
7.942351644417894 4.5418528622163326 -1.8881901837355464 8.903909657704608 1.0974695291719267 -0.8747501658646356 -0.11630188099910901 149 150 147 146 
7.934407451407775 4.530835704737515 -1.9935710459400688 8.912497993475476 1.1350262149036647 -0.935381003218765 -0.1526700259300052 151 148 87 92 
7.895268798674632 4.59934030411762 -1.802192124556987 8.886127084613147 1.124191132829565 -0.8901578552759887 -0.06741153733739047 151 206 204 148 
7.872138674765137 4.5994968414149175 -1.9875473193204134 8.906498660110175 1.1600281757567814 -0.9479114579025486 -0.10517051481304213 149 152 153 150 
7.839832329450742 4.602900819341599 -2.141441040530453 8.918091744078339 1.2023590081058664 -1.010307064540319 -0.1381827389638463 154 151 92 99 
7.7542940018941655 4.714704429851412 -1.9903707195144267 8.891996141589518 1.1886001324302882 -0.9614881499087387 -0.057881398167653635 154 155 206 151 
7.709699469980261 4.722543676162266 -2.2364714358554316 8.920895921044172 1.2303742395694686 -1.0211270395458523 -0.08961143755291533 153 152 157 156 
7.199782931229579 5.0303142899695885 -2.807702569697889 8.926907908194126 1.223396799185073 -0.977932215256593 -0.01021452195229973 156 211 208 153 
7.248526123313854 4.934154399351478 -3.0143140660630645 8.961755272399984 1.2631877567133825 -1.0325797997093535 -0.04030748368033176 158 162 155 154 
7.6714979735286635 4.726579217980709 -2.4215212792358156 8.9421848100546 1.2760457780521435 -1.0817774354289786 -0.11502136464960472 158 154 99 103 
7.282594044778456 4.874716891610435 -3.154728264731588 8.992324228827954 1.3094836632599565 -1.0911943937229875 -0.06351615466005155 157 159 160 156 
7.313520240067719 4.837357967560023 -3.2486432184787533 9.020582860525655 1.3576729233070788 -1.1490227835138271 -0.0816311119021027 161 158 103 106 
7.0665552456212914 4.907845019650154 -3.536659724554445 9.014695715403079 1.3492153247397667 -1.1015434311220182 -0.011515817858920783 164 162 158 161 
7.141503351606129 4.853714497372743 -3.615398695953521 9.057109196230876 1.4004585412109825 -1.160060568274935 -0.02793696676576945 165 160 159 163 
6.976986119914602 4.995446749435647 -3.405202168619393 8.966051198952343 1.3030222886479217 -1.045896785785854 0.009756166273840947 211 156 160 214 
7.183619907201781 4.832150445201423 -3.6401013188671043 9.079181574724952 1.4502014804287153 -1.2162241015833288 -0.04252023963189596 166 161 106 108 
6.843775686275921 4.876748998686533 -3.9688314171778085 9.036883506399414 1.396870637425775 -1.1139944350309963 0.04018280111647296 167 214 160 165 
6.967168172088555 4.815717595125868 -4.038629520969993 9.102205576438283 1.4484105252681032 -1.1703801900031505 0.025797739503431543 166 168 164 161 
7.037736545319934 4.792754847322102 -4.046662327880888 9.13347662616227 1.4978444444340833 -1.223966797693432 0.013868194718307272 112 172 165 163 
6.651475536338585 4.781542436248836 -4.379441087942159 9.053791996494164 1.4492534547244271 -1.124582161260063 0.09213020850574777 170 164 168 171 
6.817630699988273 4.722985765024578 -4.438020068959738 9.140867989946969 1.4989736497742052 -1.1766478105610734 0.08087645361204784 172 173 167 165 
6.1693338854146 4.707610197788397 -4.7059417949600295 8.909498024588748 1.4557486841825784 -1.0805789277049334 0.15790839389194086 175 221 170 171 
6.42841748666939 4.888705152874308 -4.248995954640652 8.933584426693356 1.4025455030816645 -1.0733373656346683 0.10884914477849268 218 214 167 169 
6.458719763908639 4.606060766913889 -4.8174408717002795 9.061284424179261 1.5016847529548163 -1.1286433793922535 0.14507084246886767 176 169 167 173 
6.908320285169044 4.707425416032249 -4.427557742985838 9.17857965876851 1.5466339305124353 -1.2265495858363817 0.07171342482058086 166 111 174 168 
6.664704323536808 4.560252417343259 -4.849558204015885 9.163938003835279 1.549025076491442 -1.1764438582369898 0.13708254602159772 171 168 174 177 
6.772127361278761 4.565679056229198 -4.807436396835919 9.204848970633133 1.5949177500291376 -1.223595584071903 0.1301059919146119 172 117 123 173 
6.047577596171383 4.523155630446051 -5.044211667988381 8.920718360732618 1.5059108051874275 -1.0792106040453204 0.20722883413610246 180 222 169 176 
6.361268259417741 4.422528259033696 -5.146746050451532 9.081955641667449 1.5504919522430494 -1.1244424531345363 0.19802744630020033 177 181 175 171 
6.578020343101153 4.385803999398996 -5.166432054703168 9.187454803803197 1.5959938737540769 -1.17033491829415 0.19186770352599603 178 176 173 123 
6.557966145082895 4.24765436937052 -5.387955136839148 9.226535214670765 1.640308286146097 -1.1617295306642188 0.2430928294666752 122 129 181 177 
6.079304640994834 4.2999880781187 -5.384899991868786 9.007990591440711 1.5895843235901763 -1.0561571515004202 0.29850840376062876 186 183 180 182 
6.04062589743607 4.3870898067003825 -5.258570364010216 8.962305016687516 1.5503154445003497 -1.070163226535764 0.2544917682846411 184 175 181 179 
6.351268612324303 4.2823766138856545 -5.366680605821969 9.124926721301554 1.5948120389295106 -1.1149128106906798 0.24813307486949698 176 178 182 180 
6.365040636276949 4.181599795967523 -5.520414274806428 9.169289634199108 1.6349791171138592 -1.1028226152251739 0.2939909447542934 185 179 181 129 
5.67298267018992 4.538649196060901 -5.095162947140849 8.777047398362049 1.548183383095016 -1.0124734998991687 0.3064310358206859 187 227 184 179 
5.615562908772596 4.594769871542006 -5.019985067642505 8.739952970087163 1.5085406611389431 -1.0264585397298294 0.2656312940605343 225 222 180 183 
6.408089109031971 4.146746217331058 -5.56751452902187 9.201528733887656 1.6719506426434898 -1.0880026927138968 0.3372121322475741 128 188 186 182 
6.159157526282737 4.291574204521598 -5.382626817038679 9.041415331628283 1.625809455672321 -1.0390493572674973 0.3400149755887299 187 179 185 
5.77348191386064 4.565486689956975 -5.031247367421942 8.802296041435799 1.5839786428409899 -0.9948221018132679 0.34430833641034886 186 183 
6.4306260763019125 4.137909552959994 -5.578291159373755 9.21500126614369 1.7046415144616263 -1.0679044950478618 0.3789112831809101 185 132 
8.738377847531899 2.4872108889043885 -3.9877774139960915 9.282460623818476 0.9205288544445904 -0.4818645942896038 0.05189607162536258 191 190 135 
8.968134622458182 2.2099667925025965 -3.70982530506802 9.275437045419002 0.9518806145038747 -0.512876204423932 0.08100933178917964 189 192 193 
8.696569474343173 2.815663224278593 -3.5240261959016013 9.169815390318512 0.9221410215434753 -0.5378892146290809 0.005507488793081168 192 189 136 194 
8.880468792824914 2.598105619704915 -3.2790603996730674 9.157925618750024 0.9564093544085188 -0.5711727041133406 0.043297119059271555 196 195 190 191 
9.214782197313387 1.908237470230684 -3.276112792674805 9.238667688141584 0.9797463750527342 -0.5399839694990907 0.11535534469920564 190 195 230 
8.647298189383394 3.2866249982423303 -3.0050332698572055 9.130258258292358 0.9358321665023002 -0.6007981590638101 -0.04282652883860186 143 196 191 138 
9.076048206156607 2.3924550162220966 -2.8929806905317133 9.126437615850099 0.9854473335898273 -0.5981305940846382 0.08699648625392432 193 192 197 232 
8.765832544137433 3.160048771343875 -2.8202293216509196 9.119014996655013 0.9715833830674652 -0.6324358494691087 0.005714969156145839 197 192 194 198 
8.911935338702273 3.0337142233126015 -2.497723788492503 9.097552625833169 1.0006676244938295 -0.6577213455980039 0.056274038839683835 196 199 234 195 
8.454566773792788 3.9968135738475175 -2.1539729795012614 9.066055249579104 0.9964914205876769 -0.6945597291455349 -0.02664149184691436 200 199 196 143 
8.527927785277283 3.940147049450812 -1.9546605788220048 9.05210494583333 1.025067965941964 -0.7176797892155105 0.026550549956718135 201 203 197 198 
8.325020484087878 4.155809766726887 -2.020153717271875 9.014262620466797 1.028244525447416 -0.7558537226572931 -0.05359072757847952 142 147 201 198 
8.359289476427811 4.142348731872051 -1.855392129042014 8.99973611097987 1.0563929062153883 -0.7765508634056937 -0.00043814901382574446 204 202 199 200 
8.353483066006186 4.157361806179353 -1.6819555579959822 8.968438680464713 1.0813619092674729 -0.7937959800487957 0.05756503054792352 205 237 203 201 
8.551681683834635 3.9153347861964236 -1.6936615593298256 9.004489683190123 1.0464019323383233 -0.7341140416451928 0.08350167634345448 236 234 199 202 
7.8953568535708 4.622138092097584 -1.5966890798272024 8.861911862310873 1.090798590236949 -0.8343547636691542 -0.030640435711414768 205 201 147 150 
7.826345109114995 4.705463289772353 -1.4292302213139065 8.832288358995061 1.1200262758661117 -0.8530194365532576 0.023235794150669356 206 207 202 204 
7.806961921427187 4.696511109548539 -1.7122363978814767 8.862622739648645 1.1544277930900475 -0.9076244360525069 -0.018981072365643194 150 153 208 205 
7.0928021690416525 5.262130618561562 -2.2525306700342904 8.85329444669191 1.1571878315276285 -0.8792137202169601 0.07374389814633082 209 241 205 208 
7.14991501361987 5.1400801394096645 -2.556470227863853 8.89194705870456 1.1898302809940207 -0.9280395437127682 0.027859572826805627 155 210 207 206 
6.626302264102441 5.511876161142745 -2.5521777512641255 8.816170683065483 1.2022987635824745 -0.9092349221172541 0.11765526091570355 210 212 243 207 
6.749365913384982 5.304564515095897 -2.9242299530807268 8.863248134673464 1.2315407967621648 -0.9499584751748179 0.07358036069830937 209 208 211 213 
6.863005597982638 5.1355403207221055 -3.1955372430772524 8.911706754188497 1.2650077061921037 -0.9959565892884854 0.03813789743494109 215 210 155 162 
6.054726626796331 5.670692571785863 -2.9019118038018012 8.715412457015335 1.247380573430493 -0.9311767338260556 0.15790329542512646 216 244 209 213 
6.28940826395805 5.373120599949399 -3.319163960886621 8.782200284376026 1.2774332978860938 -0.9693022993913223 0.11780308406329038 212 210 215 217 
6.6880625677269006 4.980728840241907 -3.8366767716342176 8.955117461627705 1.3502520467499786 -1.0604088607707767 0.05965804225273322 164 170 215 162 
6.4927120980472885 5.151722107291515 -3.614391444336879 8.86222839374672 1.3118285435108539 -1.01280273270473 0.08573637166958817 218 213 211 214 
5.484164743725428 5.67329591743067 -3.2733486075596594 8.561194971116896 1.2925878204175856 -0.9453124478790738 0.1962788144093321 212 217 219 246 
5.840113983977553 5.322084829622571 -3.7098539230357828 8.663971228717195 1.3251526579777657 -0.9832865675805891 0.16020920009059803 218 220 216 213 
6.145120953182576 5.0723654549675565 -4.0190598330948575 8.791293857425973 1.3620074321818154 -1.026227183874804 0.1318910051779343 215 170 221 217 
4.860119846318069 5.523484836246059 -3.736176347058732 8.36513090432733 1.3386563486999916 -0.9523975941367686 0.2331810498706784 224 248 216 220 
5.361256370244935 5.15149934652592 -4.177310315944076 8.528579284261392 1.3742856965839083 -0.9912006327862148 0.20146702809743416 221 223 219 217 
5.790015768417085 4.892112257004844 -4.48623117607386 8.717401977268736 1.4135198160858493 -1.0342284392696388 0.1770108585390203 169 222 220 218 
5.6265052454321385 4.714668886590645 -4.825369905100037 8.707781032024137 1.4634893958949948 -1.0344677062687404 0.2219817743740799 175 184 223 221 
5.141232358022508 4.986133415402297 -4.504335739349278 8.486977955786749 1.4234273937709347 -0.9917242033735404 0.24237834425048443 225 224 220 222 
4.587181312507794 5.372537265433027 -4.034518572363846 8.287538139711373 1.3851106662614066 -0.9522600906421923 0.26868059544564926 223 226 250 219 
5.12818064515079 4.889496173735173 -4.663766063445713 8.505025797893385 1.4690261832052949 -0.9841013292596759 0.28204093022818166 223 184 227 226 
4.587947909399415 5.311364480590909 -4.126308853630448 8.289837638436092 1.4294062797446059 -0.9444103349647801 0.3025465281401959 225 228 229 224 
5.229833841060092 4.881382234286523 -4.651441041466897 8.536284340930706 1.509553412691836 -0.9705776197993141 0.3185785257444719 228 225 183 
4.709481920320547 5.345405149012176 -4.040372967089853 8.316827658256939 1.4697614950440645 -0.930971429418636 0.3333453434765592 226 227 
3.7489192804678604 6.302261473140703 -2.7195287907671606 8.180109032490032 1.3895251346168394 -0.9072010944643246 0.33037798954907993 252 250 226 
9.47887266361837 1.5616993189352804 -2.660245078083418 9.183665641202515 1.0032906670761619 -0.5634244289856204 0.15647501313869672 232 231 193 
10.05022406288713 0.5303336796737452 -0.6319204813909131 9.140568877805917 1.020303775747529 -0.5834607070093365 0.2036484074848929 233 254 230 
9.294680027682752 2.176161972322211 -2.3249724447163755 9.084182956606455 1.0071837850548044 -0.6188710387301634 0.13462928290988838 233 230 195 234 
9.809962961316568 1.4372499521645163 -0.24083595312343994 9.038413992551545 1.020653198403333 -0.6354030310772207 0.18489628575575737 256 231 232 235 
9.066572499023177 2.92642594837951 -2.0334250104386555 9.069858526033459 1.02149324589582 -0.6759254055913317 0.10960129477237199 232 197 203 235 
9.494226217532972 2.374144220514135 0.03613650572939744 8.995519914100132 1.0334615891638617 -0.68923423184139 0.16507899827806816 258 233 234 236 
8.737884007199684 3.53683225709869 0.2973940128936931 8.789881438477641 1.0575674334071823 -0.742833058227161 0.14565389304026782 239 235 203 237 
8.538732354456265 3.8507396272726213 0.276952367812329 8.77763597450714 1.0921500382176639 -0.7965873325909829 0.12886745054574034 238 236 202 241 
8.457718548296924 3.8557644272155787 1.5626007613071042 8.82035087278337 1.085342483479725 -0.7896566111941089 0.20738962379172954 240 261 239 237 
8.734040679746704 3.4368752076215947 1.666524229692264 8.862566909511605 1.056088667376487 -0.7462167761402643 0.2122129061755352 238 260 258 236 
6.081041500222567 6.2648299279340085 0.7386945723465033 8.674000186359333 1.1192270928574788 -0.826920556572797 0.21571682601870046 242 262 238 241 
6.438843625803359 6.011741473209695 -0.3841335957347332 8.683558020675918 1.134382667195023 -0.8436508425200532 0.13820332457665135 207 243 240 237 
5.239509765805124 6.774998848263006 0.28552967599435325 8.653354880184462 1.1564261277435552 -0.8567034572402815 0.23709844838073543 243 245 263 240 
5.829672237326801 6.384434135767731 -0.7993541148728855 8.673589768422202 1.178291448398101 -0.8774276110258873 0.17273888871282064 209 244 242 241 
5.098989580505355 6.609073622354649 -1.376471336055342 8.590819281805471 1.2211165868565061 -0.9001402638182675 0.20731019720507207 246 245 243 212 
4.314245648647261 7.0826894107692855 -0.3166457192932223 8.563737793300437 1.1959537010548966 -0.8779732362185845 0.26455438449008684 247 264 242 244 
4.442949610091041 6.610689134648825 -1.912863915960392 8.438697740381494 1.2637684746090438 -0.9137041429633027 0.24106516064810643 244 216 248 247 
3.568221977290693 7.117497043572741 -0.8617146818206886 8.412897565559796 1.2364743098422788 -0.8902425578566726 0.2932072317200153 249 267 245 246 
3.711820268204292 6.418592175323283 -2.5106158894852437 8.199869330461821 1.3068246395452752 -0.9193172946034561 0.27317635321747136 250 249 246 219 
2.7530480203180177 6.829226053093128 -1.4346376837648398 8.050478472994504 1.2772890711017353 -0.8938947563901916 0.3202458596454067 247 248 251 269 
3.5092773979667133 6.262760781900585 -2.8024277096555212 8.11008451409231 1.3498338118479585 -0.9173267630964086 0.30281660337677957 229 251 248 224 
2.650998920063376 6.6674410749490365 -1.6051884499532436 7.917318834046356 1.3178861446181143 -0.889297863557707 0.3438222388712781 252 253 249 250 
3.0697262855156207 6.792401295602423 -1.3553046554982953 8.059476693014762 1.3548684694418898 -0.8762761598687322 0.36417332877052966 251 229 
2.2731755659511435 7.012016236506737 -0.31615935577621385 7.982353155976877 1.2882863215453457 -0.8698793763016339 0.39112338810596536 269 251 
10.146439754004827 -0.1276250645900197 1.1346763296486826 9.183350574738707 1.0269256214977118 -0.5974292157772881 0.2522060809395577 231 256 255 
9.86330900478093 -0.5123164873755088 2.946340690206824 9.244130594194912 1.0203111556520827 -0.6084814781585345 0.298854318927234 257 254 
9.864852886705892 0.9699810406859876 1.4765850958599607 9.074000287538237 1.0237388172397532 -0.6470610563821441 0.23756280238449884 233 258 257 254 
9.51932624349584 0.7635952575701097 3.2163295068225306 9.110053168950003 1.0140778350400577 -0.6544924112725432 0.2899987575250595 255 256 259 272 
9.496305232900223 2.0231745641597993 1.627707275359392 8.997411338737562 1.0343445493682661 -0.6979769309994386 0.22384429954741153 239 259 256 235 
9.156629749636098 1.7905387362754424 3.230599120451595 9.005144945063543 1.0215422221656485 -0.703074605534409 0.28316202988439 260 273 257 258 
8.310913388603067 3.3904888650402 3.050615821376374 8.814007935439664 1.040872695204603 -0.7486709153802107 0.2784281275547105 239 261 274 259 
8.032254736055721 3.8516739829159734 2.8913853901711652 8.770385906756829 1.0671920561482635 -0.7882028549049553 0.27967927521705294 262 275 260 238 
5.5650448132098544 6.452915953379627 1.9265215044535289 8.696468371156222 1.0975939673907573 -0.821146130539055 0.28904914172429913 263 278 261 240 
4.548970864279321 7.0385265621434785 1.3795080681394962 8.660820930361375 1.1321731384075355 -0.8477455580349513 0.3057014910988744 242 264 266 262 
3.4891475724788705 7.360559116773793 0.731012166815658 8.553138959774314 1.1704475940654961 -0.8668626623725514 0.3278954925136226 265 263 245 267 
2.5072921257296352 7.4288317666514825 1.9912405711701906 8.554565941628397 1.1443797025735432 -0.8681545806401982 0.39343219700884413 268 281 266 264 
3.5614185037973227 7.168821878793837 2.6792647399928478 8.69857040746973 1.1044726698970082 -0.8514347356739934 0.37343920557044663 280 278 263 265 
2.7042321217198286 7.384505152248059 0.16323885214374276 8.392290406351497 1.2103310316384746 -0.8769622065220221 0.3523696916470555 247 269 268 264 
1.694241680193072 7.277351128881092 1.4015656824079044 8.22367246616195 1.185213641919247 -0.875235977758078 0.4158709727966874 270 282 265 267 
1.9090650842332475 7.0043996903427255 -0.4229727953504573 7.946888788093003 1.2499692274276 -0.8776227549555365 0.3749625609289746 267 249 253 270 
1.005900866227339 6.7834018572392125 0.8728812291208673 7.671414980221801 1.2244334093908462 -0.8716691877445882 0.43690493564526767 268 269 271 
0.36957424808066036 6.51601930264046 1.7952084037444098 7.555905588302018 1.199627531976587 -0.8775913131722348 0.5058082044045848 270 285 282 
8.55571952891424 1.0037094411298184 5.109750490410325 9.104861545612403 0.9897053890117642 -0.6581844987451659 0.33786769670556416 273 286 257 
8.301644568768584 1.7181630860291852 5.019873138115293 9.012429309356365 0.9946259397629302 -0.7069362512716766 0.33522327648076505 259 274 288 272 
7.396525477675145 3.4040252171641936 4.629097021880745 8.745230919439958 1.01222287013176 -0.7540238404539259 0.3369545673930493 275 276 273 260 
7.252229582493755 3.6923713741324096 4.489144068329579 8.716588032535544 1.0380300385052394 -0.7941352548239206 0.34407552007321796 274 261 278 277 
6.603525206407676 3.484119911850875 5.42173516318515 8.662084805895214 0.9709469033723519 -0.7615164288125392 0.38382280796435486 277 290 288 274 
6.643816804678745 3.4879637024805152 5.3978202408854745 8.676333792276123 0.9977588549829299 -0.8076281702830813 0.3991416464816778 279 291 276 275 
4.661183076556333 6.568982669087882 3.3431482994167276 8.751749702338632 1.0687247024067952 -0.8264618634505076 0.35674073110551113 275 262 266 279 
3.749932828340288 6.5446255597820135 4.307129763058325 8.78142915969797 1.0325910974208767 -0.843239827038264 0.4180950180848577 278 280 292 277 
2.630061142777634 7.10682348245524 3.601243532907425 8.716069769393894 1.0739282143058495 -0.8675026779843834 0.4371608158059109 281 293 279 266 
1.6632333451882944 7.284143464346947 2.8930321188449875 8.533060964547461 1.1186096485033767 -0.8814379409754486 0.4575796773431571 265 282 284 280 
1.1095823915323895 7.041613177245736 2.3722281867325865 8.146488708470622 1.1615859875780634 -0.8851376750601871 0.481223101539795 271 283 281 268 
0.4753851146126432 6.6095715931856756 3.62156426001574 8.147131005916485 1.140707213504923 -0.9053130241294082 0.5463550650351121 282 285 296 284 
0.7338514183801313 6.6850352217057525 3.984134895708339 8.344943528278026 1.0948462855303187 -0.9049513640835068 0.518453024205066 281 283 294 293 
-0.16765028981978844 6.170430502810866 3.07851169686682 7.628004836786486 1.1787497225645085 -0.8943462299936005 0.5742204933536503 283 271 
7.641484344474512 1.5108332914174258 6.041915985910744 9.034563273072946 0.9524084249074775 -0.6550589304455597 0.37747217472325906 272 288 287 
6.742471325123996 2.0922546281477166 6.540385898517089 8.900745381612783 0.913678372498334 -0.6511314302084475 0.4030845466008278 289 286 
7.524670259752266 1.8785568456468338 5.90112585625952 8.959639245373786 0.9557464318351477 -0.7087321105539482 0.3755363898202069 273 276 289 286 
6.509685417125239 2.079385368162522 6.157452235484146 8.482545792619652 0.911811066729972 -0.7087408338171294 0.4027587241265308 288 290 298 287 
5.591036387091885 3.4489864692748253 5.676253381865065 8.182631964617007 0.921697659190629 -0.7690113741920824 0.41694716423644845 291 299 289 276 
6.1074122633077 3.2730445310726277 5.908294484219888 8.545295544471433 0.9475234861546792 -0.8272537077771431 0.4439674113862112 292 300 290 277 
2.757080622253909 6.109044990437817 5.069715178087117 8.536964364781898 0.9910114397648023 -0.8711089788458986 0.472810465762949 293 301 291 279 
1.6482496922092356 6.706832264505706 4.650560863038045 8.677058133493215 1.0440452782759109 -0.8944262045185556 0.49512476411600953 284 295 292 280 
0.37465238725403033 6.508711162547767 4.070837014795187 8.244398863232496 1.0760609757040749 -0.9362547456867983 0.5770492149224222 295 284 296 302 
1.4091766942494395 6.496334680207928 4.5668529842788095 8.438493361930975 1.0213301062150442 -0.9290195220775929 0.548760819987516 301 293 294 303 
0.2411978456820474 6.4775624816481665 3.878693808705516 8.149137034656027 1.1235938108650947 -0.9345481763642405 0.6106274330385653 297 294 283 
0.48452296083541047 7.0512053089276865 3.2327410889849246 8.429501425073672 1.1092878268669295 -0.9711820081891624 0.6730041267959519 304 302 296 
6.401491719621522 2.2111448158236695 6.119065308935995 8.431032027478711 0.8686643956302229 -0.7022137737777934 0.4273283409817833 289 299 306 
6.211436978097571 3.310073366534779 5.215640980950524 8.208143329276254 0.8723827057120308 -0.7627816364218065 0.450492749171451 300 311 298 290 
5.863050750830839 2.741973765701456 5.079133267710873 7.626710456029389 0.8890053612774845 -0.8230374761191139 0.4860185831395878 308 312 299 291 
2.685904799735672 6.152564518874887 4.905940123197122 8.471987367529671 0.961789778434536 -0.9092737137838768 0.5260313546346412 295 309 308 292 
0.5232987720337056 7.021828568706307 3.2989950044743663 8.419932647455235 1.0620166369600248 -0.9713619189432051 0.6346596384029584 297 305 303 294 
1.4578279928566427 6.781106167625636 3.760144445410248 8.35206803615006 1.0066266555547332 -0.9650473651700034 0.6033593943427011 310 309 295 302 
0.6622628640491944 7.23599173220618 2.5806369987708506 8.420817705306934 1.0909136898548444 -0.9861753476359646 0.7322213382029348 297 305 
0.699966416467628 7.228547946735081 2.622882264283706 8.42160006821434 1.046469686062448 -0.9804610992637436 0.6972409856118329 310 302 304 
6.956736612997361 0.4686307839758736 4.494797917434042 7.383388930925585 0.8495852877787874 -0.6886683730060976 0.46149013068564854 311 298 
6.281647278135483 4.064366445914875 4.116517913260511 8.124137449339624 0.8987208170608448 -0.922768519294161 0.5832784983609907 313 316 308 309 
6.101636986808444 3.414809556696513 4.8962989805458035 8.01551200733419 0.8990539335158584 -0.8789284307884648 0.5315579512375694 317 300 301 307 
2.8124128000095583 6.203654994632163 4.242553525503133 8.223363213677356 0.9503306112012656 -0.9481025966999919 0.5840212628516701 303 314 307 301 
1.5183137006536132 6.952193110922002 3.05971038012675 8.2805231707388 0.9960373629916988 -0.9699215750876558 0.6649246364000574 314 303 305 
7.023353491207143 1.8696121339864429 3.6785003728947707 7.405245557367936 0.8512001591786503 -0.7395721060930933 0.49131511845960263 299 312 306 
6.853932021138158 0.5251825578367132 4.515073666666349 7.308070638320403 0.8523307451692592 -0.7859160912594241 0.531270007162189 319 315 311 300 
5.91885042738031 3.9984807119230434 5.541499216209254 8.582278801907297 0.9053844122239878 -0.9294672951974636 0.632844369962843 318 307 314 
2.8255925034599345 6.341700404641029 3.917427205073423 8.20963935705728 0.9482370656115862 -0.953869825247611 0.6431602316061307 309 310 313 
6.983726473193308 -0.23827547089745796 3.8921170547243213 7.001489883029532 0.8521109069211277 -0.7497946105775423 0.5732616758733652 320 312 
5.164844549900623 4.232288363840102 5.017001504764645 8.003499914957954 0.849970281114318 -0.899326101319543 0.600861852145093 318 323 317 307 
5.497852240213545 2.600853827799186 5.474503060665467 7.574045444540658 0.8432766013403065 -0.8588654827565537 0.5746524917619218 316 322 319 308 
5.524974122975232 4.257394037422736 5.603847344460029 8.547402470589665 0.8596610949171657 -0.901538272638565 0.6302532776521708 324 316 313 
6.423206245109252 -0.42121745968747754 5.263163958900709 7.296928733916833 0.8305200335252403 -0.8119153784271508 0.5805628945744726 317 321 320 312 
6.483617550997992 -0.945325545786679 5.002459544679058 7.17193625385191 0.8252989352067305 -0.7727930730680875 0.6113833781471317 325 315 319 
4.474907512654924 -1.3258232953809799 7.012803688020731 7.389065675217618 0.7838799575027839 -0.8200247464211257 0.6249590111034444 326 325 319 322 
4.01134883457452 1.1683150687274129 7.155522015558964 7.552093166213151 0.7931212642782359 -0.8556031439243932 0.6172321703364012 317 323 328 321 
3.152636430092952 3.6722474589064995 7.042197585017123 8.199060521419224 0.8017076671821458 -0.883323123708968 0.6251740459186068 316 324 329 322 
1.4051234684643714 6.219299413327755 5.577332884588187 8.670407068042865 0.8104044030458535 -0.8817336561237809 0.6361367841813534 332 323 318 
4.523689443687075 -2.209067136829851 6.702318496822657 7.2653165861990825 0.7797196254952584 -0.7849889420496395 0.6437929478095317 320 321 327 
2.1842553043941964 -1.991044188253674 7.962303230875195 7.545560545340208 0.7289983205604388 -0.8252012896987831 0.6477443626851211 338 327 321 328 
2.3288357427612327 -3.27683486142492 7.583294137187291 7.527050260088101 0.7242858068960684 -0.787666679489465 0.6644627366879574 326 334 325 
1.9590415080283818 -0.11404034516032369 7.937338808124384 7.429467373546081 0.7399048166310042 -0.8596853885647564 0.6394737204033505 329 331 326 322 
1.5418671241089796 1.7051784801717498 7.754667977716256 7.602639076993168 0.7529577735039927 -0.8837417127906633 0.6428358545096906 332 330 328 323 
-0.41829214405012577 0.2775985530070249 8.223855590889496 7.7452019559167455 0.7045028169439208 -0.9022716114211392 0.6478586143468815 341 331 329 333 
0.13164531353625783 -1.2608501404417634 8.360491932289273 7.742041436576332 0.6848008135954378 -0.8697999138049683 0.645660107289127 340 338 328 330 
0.5877670988854592 6.200695865946531 5.445493998584411 8.561685553956824 0.7644887451267834 -0.8881358699659511 0.6524765561837842 324 333 329 
-1.2267451489286256 1.9026397166006968 7.5461491052586585 7.691776529596799 0.7264429656389091 -0.9233322739396012 0.6666425881064131 332 345 330 
0.6221863633777243 -3.9303270846753957 8.05509725070711 8.02667493162345 0.6671977742796733 -0.7877989772859743 0.6695443499050214 327 338 336 335 
0.7183396124985097 -4.038637715596501 8.06996628556106 8.083283373082402 0.6714393050280949 -0.7471995131677232 0.6947577538129539 334 337 
-0.039796078663724734 -4.050781969020863 7.911234195574464 7.972320435189081 0.6084689464979129 -0.7901028888215469 0.6630896937918509 339 348 337 334 
0.03865479594293667 -4.152492499941498 7.92025541248115 8.016616321014716 0.6130546740376579 -0.7428292432866429 0.6901595545067686 346 335 336 
0.4178918512553838 -2.5696219253267447 8.316625540828838 7.861979255279154 0.6711617705796915 -0.8303881363830676 0.653155124696984 334 326 331 339 
-0.3408854586217328 -2.8468300449417745 8.260918697763318 7.932274702681688 0.612381790460681 -0.8387483520758212 0.6452997359475429 340 350 336 338 
-0.7362644200458737 -1.6691657984656418 8.278694644381536 7.799327804616834 0.6282385481802216 -0.8847334985527427 0.6379709575921332 341 343 339 331 
-1.2334185207945487 -0.6651775790280641 8.166725842512847 7.760310566763182 0.6553227070275753 -0.9270734391451297 0.6419912038690359 330 345 342 340 
-2.388006814662337 -1.4626297503972758 7.809686914346634 7.797575564226499 0.6042933285880948 -0.9551407085341375 0.6250239933967044 344 353 343 341 
-1.9191765525493065 -2.1877224417294525 7.940260916086481 7.837208267106836 0.572604267776087 -0.9049319937893472 0.6192339460990215 352 350 340 342 
-3.2272864731761084 -0.36560576494299385 7.369438759386118 7.7816624118020705 0.6440311682514653 -1.00288246830222 0.6486107230304003 345 360 357 342 
-2.204650014188235 0.7769704614848328 7.557028281369545 7.67586316433077 0.6886993943926891 -0.9652903770066326 0.6649615166965142 333 363 344 341 
-1.078012886887152 -4.1041258113204915 7.384336348050509 7.676849336980128 0.5534240517052722 -0.7405817821567982 0.6781352412307226 348 347 337 
-1.627542971668204 -4.152110019623451 7.522267692973149 7.94999929742105 0.4937441687434545 -0.7336231511724676 0.6649704035544908 366 346 349 
-1.1467420749780117 -4.048900790061009 7.618663474352544 7.874376894221101 0.5488954668535813 -0.7946265392260043 0.6483589151113828 350 349 346 336 
-1.617758532802126 -4.061175103038837 7.501549883788253 7.8912872449607665 0.48931294903353517 -0.7975170690514775 0.6297295346034277 351 368 347 348 
-1.4910020440594967 -3.127622341749377 7.978828183036477 7.96107009626436 0.5539855953304365 -0.8508518739788561 0.6277405123922685 348 339 343 351 
-2.054497602313133 -3.2861642865117275 7.766110407165913 7.978094182294612 0.4961027941078958 -0.8641798628286765 0.6043022120446715 352 370 349 350 
-2.5135919669698903 -2.5001355807919388 7.675402693221271 7.861682209919668 0.5176621410244016 -0.9286484474997347 0.5925573924318448 353 355 351 343 
-2.9352726590726785 -1.8934686697127698 7.5314338149031865 7.812976373541101 0.5529107599822818 -0.9871194518522536 0.5981344586885228 357 354 352 342 
-3.0638534944773443 -2.0483383771141703 7.4373643444001525 7.807551084990466 0.501468302815134 -1.0199841402545007 0.5657402006934917 353 356 373 355 
-2.6978351557684483 -2.638770941641488 7.573656389926198 7.8725072617356835 0.4620444552317854 -0.9510834371580064 0.5623875667231685 372 370 352 354 
-3.6699356181074916 -1.0601636655201294 7.130349104421323 7.781407371279226 0.5499012200954322 -1.0780417125831903 0.5900300498917885 358 374 354 357 
-3.604932334086848 -0.8910725701251739 7.1796843967032205 7.789295372717284 0.5965626881606102 -1.0395191200035492 0.6221968633472486 353 344 359 356 
-4.424145964992418 0.3945831083588327 6.439218844737512 7.818457478296034 0.5961722231634133 -1.125805381392059 0.6310072991510713 361 375 356 359 
-4.432575561564912 0.5082090186122058 6.344576021699197 7.77619777002215 0.6387831322901527 -1.088013801748414 0.6647396019031235 360 362 358 357 
-4.21987027799486 1.1975522980573348 6.235025500114068 7.72840235777995 0.6799862562713331 -1.0465755906448784 0.6948608230386948 344 363 364 359 
-4.496066699979173 0.5268640302862512 6.291708811766222 7.782979436083037 0.6180699457097207 -1.1713859449260946 0.6655782308871556 375 358 362 
-4.506228900169035 0.534015062641547 6.272167389639224 7.777001109637765 0.6641849316304085 -1.136891019523058 0.7177095990529286 361 359 364 
-3.578186456004599 2.1383354656620903 5.664306238793922 7.269699719871156 0.7128410114318624 -0.9972336003849831 0.7174272887139378 345 365 360 
-4.273961249258992 1.0104736912466572 6.318706188608047 7.771694716263112 0.6975406062371753 -1.0859604692953546 0.7570917886213618 362 360 365 
-3.6657096009981824 2.1459328153272956 6.418737036765977 7.85642048999546 0.7158524027806188 -1.029621396177305 0.782858605132454 364 363 
-1.9606296435737416 -4.051162974125471 7.341773981287898 7.848348643010802 0.4330680946835473 -0.7212561009529651 0.653675525051409 347 368 367 
-1.9122337094997603 -4.042096793279235 7.341239424955224 7.829501992948104 0.37750444599396743 -0.7186965246741557 0.6535367686991911 366 369 
-1.9584938593476373 -4.041751075443129 7.323000504747249 7.827753690920718 0.43073790618113095 -0.7973035636524577 0.6108469742151698 349 370 369 366 
-2.1013809190237924 -4.036032390930643 7.26132223496889 7.817871758631307 0.372420999800949 -0.7947909018462357 0.5954901386564555 371 367 368 
-2.3083120082290947 -3.3670422256265486 7.646005654488022 7.981196482414285 0.43888376735148493 -0.8751861586293733 0.5793921967538336 351 355 371 368 
-2.349878796584697 -3.4004738442401203 7.625484335578774 7.987957476124681 0.3809680690113304 -0.8822976588531716 0.5583750392275427 372 369 370 
-2.591667343697132 -2.6503790924970008 7.617042840442113 7.871729738147079 0.4048539607621261 -0.969978077763088 0.5365987093636839 373 371 355 
-2.8619262303504422 -1.9906738097677423 7.389679396561356 7.6677177618343135 0.44847487486634446 -1.0508484357405337 0.5360094212941072 354 374 372 
-3.4895955196702277 -0.9647108697570622 7.152128942545259 7.705076066582183 0.5058907627377343 -1.1176814326191984 0.5601566621958086 375 373 356 
-4.357349071923758 0.4041931867746283 6.5016644184111065 7.825032733477601 0.5632556988345361 -1.1654862921038454 0.6070930071395156 361 374 358 
