-9.669210660701066384e-01,2.144069816970339548e-01,1.381332099803960212e-01
8.939627965516356856e-01,2.256084353304790291e-01,-3.871944542245612242e-01
1.254854891337290057e-01,-8.638629591619926273e-01,4.878460334006891053e-01
9.799287291482182694e-01,2.600195872692297877e-02,-1.975838039912855004e-01
8.728862420893899188e-01,3.020723134799970788e-01,-3.831645300607007809e-01
-9.466584571384322189e-01,-1.143066938037494151e-01,3.011781470250713966e-01
-9.908822979605793613e-01,-1.768802308603050627e-02,1.335444697692518001e-01
-9.293676512354962505e-01,-1.615720146514880162e-01,3.319123298297576574e-01
-8.595424897908400530e-02,8.653552221747637940e-01,-4.937225281698542911e-01
-9.747262812596645398e-01,-9.024020441601436626e-03,2.231348256267115526e-01
-9.743548043432088690e-01,-3.439973077642276278e-02,2.223107735313061828e-01
-9.587558675824641163e-01,2.111649290357620889e-01,-1.902308571129834314e-01
-9.996326848762263628e-01,-2.253128794712372374e-02,1.443095305351885238e-02
9.860114609096011229e-01,3.286800524177478644e-03,-1.666178502329944966e-01
-2.890947025754609934e-01,8.359234241195585557e-01,-4.665084868630160475e-01
-9.835266642871308695e-01,-2.588883288270017388e-02,1.788328818457346481e-01
9.954893953017844854e-01,-4.716681678113848752e-02,-8.215980330346872584e-02
9.988822164163438933e-01,-2.339035433127600871e-02,-4.086326593596766033e-02
9.998209462834120043e-01,-1.179475756235545680e-02,-1.454661355649851384e-02
9.960885611267087381e-01,-9.064403777034268916e-03,-8.783415252845559740e-02
9.850608092625241508e-01,4.087591886494618132e-02,-1.672588063315799956e-01
-6.576657465618840348e-02,8.653263247865623509e-01,-4.968737209976367142e-01
9.955965207585134591e-01,5.889334364240977893e-02,-7.290520902371869227e-02
-2.423585148484258545e-02,8.666777027544810830e-01,-4.982791253279145738e-01
-9.894806135994312912e-01,-1.376967289423976504e-01,4.437641579223784716e-02
1.726356461866690450e-02,-8.761852672514820473e-01,4.816648402115587535e-01
-2.115364410687917140e-02,8.952036083984736825e-01,-4.451356669951662126e-01
-9.983021807276594162e-01,1.528155050616736288e-03,5.822654572928258332e-02
9.990890793785270896e-01,2.775220587317586696e-02,-3.240259050347277237e-02
9.974436038599086007e-01,7.048544836457630580e-02,-1.171551560911725243e-02
-9.953775656183565523e-01,-9.194218753285124390e-02,2.774942560918845780e-02
-3.210998835992462386e-03,8.809797751835573010e-01,-4.731407931980911030e-01
-9.991347417253803043e-01,-4.979455176861297128e-03,4.119795855193101458e-02
2.160903814102403675e-01,-8.454730230643017208e-01,4.883310213791691723e-01
9.832113300384868193e-01,1.810419866461182303e-01,-2.277692989178957059e-02
-9.982582897932537058e-01,-1.258382705007640712e-02,5.762251897849458848e-02
3.639642151255448321e-02,-8.743290570005430862e-01,4.839649505157460618e-01
2.657526518886843547e-02,-8.763712226119895199e-01,4.808971609537557867e-01
1.069733472236028826e-01,8.663416194383000146e-01,-4.878580463407743428e-01
9.997388255574780613e-01,-8.329609935714965552e-04,2.283802101313628374e-02
4.558829693199162314e-02,8.749397700667433941e-01,-4.820866733303805773e-01
-3.066108943052409108e-02,8.723324536700450826e-01,-4.879483962626658400e-01
9.975711366769538513e-01,6.878879110859767443e-02,-1.091638044209085334e-02
-2.386198983874074364e-02,9.003904643710968214e-01,-4.344249605682802828e-01
3.263437631415638807e-02,-8.888505597346674225e-01,4.570218445899337789e-01
9.878721186154774125e-01,8.620883424572678422e-04,1.552377618562636730e-01
9.987993653009600292e-01,4.246754779310103062e-02,2.440182927487272169e-02
9.747705349592772350e-02,-8.643446249182218377e-01,4.933473236403618234e-01
6.288591303398649579e-03,9.101821628671141751e-01,-4.141603232981737603e-01
1.250885303333995613e-02,8.653161581745273390e-01,-5.010657156353741648e-01
-4.177703400714448401e-02,8.694038789343470075e-01,-4.922798285117444550e-01
1.000837690392986645e-01,-8.633934653857838759e-01,4.944992695915048087e-01
9.251684684250732760e-01,3.237704645903967116e-01,-1.980410909079004800e-01
6.710046198762087410e-03,9.197564851199994118e-01,-3.924098259415061962e-01
-1.900543304736701522e-02,8.893741934178538422e-01,-4.567296946386751322e-01
-9.921288612472043411e-01,-6.139241348013724231e-02,-1.089734336675026449e-01
-9.501809034281802901e-01,-7.324716409034284781e-02,3.028873500524187912e-01
9.942123615676267123e-01,7.776338898939234856e-02,7.411191798056818159e-02
-9.903129813325433073e-01,5.627805882362973966e-02,1.259967298394369661e-01
-9.896258347397486332e-01,4.018779338887723540e-02,-1.379203226401410909e-01
6.684563199141424494e-02,-8.687767307844521669e-01,4.906532353338065588e-01
-7.805135385810008097e-02,8.725785931617514590e-01,-4.820702681041320603e-01
1.802680217466191281e-01,8.526376413258148768e-01,-4.904078390586195102e-01
-1.036567323423026599e-02,8.648559139906363269e-01,-5.014449649151867527e-01
-5.846130579171229802e-02,8.772542208063328628e-01,-4.761470258955397550e-01
-9.431189490111886453e-01,-8.735169567454292849e-03,-3.322538149997817936e-01
9.890666495996782714e-01,1.171741281530942064e-02,-1.469858010365144019e-01
-9.892849478245899220e-02,8.793995845863672445e-01,-4.656374045735984790e-01
2.846405020638040351e-02,-8.659283071865508941e-01,4.993565321933692847e-01
-9.565343652900339944e-01,1.843694086072938387e-01,-2.259398841708026018e-01
2.586077908868235076e-01,8.293943230599152283e-01,-4.951611914818518922e-01
-1.600614252709586793e-02,8.809493091217752703e-01,-4.729316976131193728e-01
-6.937801589076905140e-01,-7.097228919134063174e-01,1.223213301108641987e-01
-9.887131695602997539e-01,-8.057499584638164181e-02,1.262922814182569353e-01
9.610885884234438015e-01,1.250561781453211896e-02,2.758435216355106245e-01
6.921396195561087261e-02,-8.636399336620201872e-01,4.992919244588646666e-01
-9.957161067670985410e-01,-8.108039021050156281e-02,4.386490060142550496e-02
4.785438320226198528e-02,8.690337932871992077e-01,-4.924352696194259638e-01
-7.018202573560808344e-02,-8.747482626109501780e-01,4.793837446447502537e-01
3.407377143258649710e-02,-8.882149179248450821e-01,4.581581611216962724e-01
1.342160121346781115e-02,-9.084535805549821541e-01,4.177691065124747305e-01
-4.261181969777644296e-02,-8.656530773480618501e-01,4.988270849860118039e-01
-9.684350224149333997e-01,6.252536600366045971e-02,-2.412602719281383701e-01
-4.310218436956242405e-02,8.868581329570712768e-01,-4.595955008601180225e-01
1.423344456877171094e-01,8.492574540353177159e-01,-5.084197072360575609e-01
-4.624971390849463848e-02,-8.807104148862731074e-01,4.713279964155037138e-01
1.793553192465974222e-02,-8.945055393484577788e-01,4.466108010097267211e-01
9.727186936482756785e-01,-5.543490683396984364e-02,-2.252672037986238884e-01
-8.493429041799914758e-01,5.165053929681737710e-01,-1.086481514381287816e-01
9.716481644872980716e-01,-2.342503438199752819e-01,-3.140280722998764484e-02
2.504989557927209121e-02,8.856582606040952488e-01,-4.636170324906679907e-01
9.864534053908330380e-01,4.350955520566940349e-02,-1.581525557587798447e-01
-9.891075252670888940e-01,1.468955114455959554e-01,3.405550533082668530e-03
-8.324429052769116710e-04,-8.921550777261954002e-01,4.516304684504195421e-01
-9.880471558884464933e-01,-3.527566232808615476e-02,1.500441205862368399e-01
-9.966694167993321862e-01,6.563799739579098680e-02,4.707175269168646647e-02
1.646626056565111407e-01,9.551203932437442035e-01,-2.358577658740900196e-01
8.358421914243518991e-03,9.358874643612972166e-01,-3.521998662678136327e-01
9.192590786724558205e-01,1.129570681175872671e-01,-3.769686724840434766e-01
9.208206492957821121e-01,8.531389166073910513e-02,-3.803149738206145214e-01
9.847850575135874696e-03,-9.218478101956932846e-01,3.874252830254349966e-01
-9.956730504129682746e-01,-8.723258776899137090e-02,-3.201092425404475361e-02
-9.981223328756270163e-01,-5.050010988770517462e-02,-3.462175667627284681e-02
9.995358232471477367e-01,8.416423554832783149e-04,3.041542178039012556e-02
9.336102478000540827e-03,-9.526073096220436520e-01,3.040565486269289908e-01
-2.687106680917472623e-02,9.535222831131870969e-01,-3.001184070913396895e-01
7.303172114825728922e-03,9.438448803857659719e-01,-3.303081934267555475e-01
-9.995983767912620666e-01,-1.623466120487976339e-02,2.304876101906239150e-02
2.180002971562403080e-02,9.301623384145216722e-01,-3.664060218634509480e-01
9.996246792811958048e-01,2.268462785267144621e-02,-1.477217210056805397e-02
9.994040629527587427e-01,1.491807261004357565e-02,-3.096857654325325948e-02
2.702817485565350841e-02,8.896476774307303659e-01,-4.558470003184030284e-01
9.928959065525287953e-01,-1.626557314353306583e-02,-1.177914194066510267e-01
-2.190706106105827500e-02,9.056145274934619405e-01,-4.235350059259115341e-01
5.020021522367829059e-02,8.984986846601380472e-01,-4.360931517711793548e-01
4.493940016520997505e-02,-8.870524540602053865e-01,4.594723511376355152e-01
-9.873609560269769325e-01,8.644419943377876225e-03,1.581829087228220354e-01
-2.484354339943373180e-03,-8.834706015576576643e-01,4.684800134546114325e-01
-9.956584431759324394e-01,-7.215704825076768580e-02,-5.878996291684536468e-02
8.418177373665014507e-03,8.938324069101216685e-01,-4.483209296145989065e-01
-4.119021192562791200e-02,8.917253419527860769e-01,-4.506805855606271782e-01
-9.820365971136373329e-01,-5.405837785184380850e-02,-1.807130138070903724e-01
1.256154462302094821e-02,8.571722786786206694e-01,-5.148634146801958078e-01
-9.627957505019750784e-01,2.688496771878823299e-02,-2.688700681656658320e-01
-9.710783952243745576e-01,-4.739351094831042999e-02,-2.339112464326778551e-01
4.995310418866555358e-02,-8.530268006955690208e-01,5.192894639229498344e-01
-9.491331609147580783e-01,2.083287003577394270e-02,-3.141729731439709683e-01
1.621883453780331719e-02,8.657810831012968666e-01,-5.001574226594063255e-01
5.647059341748111860e-03,8.557357643406812153e-01,-5.172694480089650160e-01
-1.111364820859843811e-01,-8.653354927589220758e-01,4.887122174666107544e-01
9.465253993509812336e-01,4.425409969279697764e-02,3.193044382704798290e-01
-5.470492356280723389e-02,-8.542692903619769629e-01,5.168340577500883937e-01
8.995652196990553406e-01,-3.940351227974514536e-02,4.349237339187593809e-01
-9.659712986528016243e-01,2.035311869053269274e-01,-1.596073498806643842e-01
-8.167579432146050700e-02,-9.068289638394024799e-01,4.135018731857473262e-01
8.860531268342649591e-01,-3.960174469472685366e-02,4.617421671441648279e-01
9.986236138218553826e-01,4.295174995636527604e-02,2.974181243355468462e-02
-2.380463955543168919e-02,-9.160937847947496770e-01,4.002519710038244805e-01
9.991144532680268364e-01,-4.082463384969570175e-02,-1.012466617641596955e-02
9.698745129832729850e-01,-2.389089312290999800e-01,-3.522902697614398171e-02
8.263719329560952342e-01,5.163709361425928845e-01,-2.246563703295079151e-01
6.854043291905931312e-02,-8.997823712313797184e-01,4.304508040686574333e-01
3.950477160240795094e-02,-9.073926640070238969e-01,4.181959766870697592e-01
9.946681793411150663e-01,6.557321348525585458e-02,-7.959375559105592857e-02
4.765564973750080480e-03,-9.303255890545748530e-01,3.667002460350367032e-01
9.792310749010038062e-01,1.230157863609736557e-01,-1.611455905795659282e-01
9.923485173580833818e-01,-4.156507177114515672e-02,-1.162406193116211212e-01
-8.435923656153622163e-01,-4.293589885027152553e-01,2.705153802390801165e-01
8.770068597174373037e-01,-4.803985184699567368e-01,-7.794279173416129858e-03
4.598344669719945932e-01,8.327649551158604613e-01,-2.944260004485239057e-01
4.131990896988761985e-01,8.675564833215526628e-01,-2.767891987032021217e-01
-7.069484060952773152e-01,7.056317285473382439e-01,-4.803972092594241405e-02
-6.536521478171325450e-02,9.124023390142632639e-01,-4.035263567239436577e-01
2.312954954433910082e-02,9.673126094240712680e-01,-2.377932265921477439e-01
3.501933968411580222e-02,-9.215402154984431160e-01,3.866399889677961665e-01
9.346843337840283761e-01,3.330444129539340825e-02,3.538269856390837687e-01
-9.991211011166402090e-01,-3.515678941394889678e-02,2.233213655846955775e-02
2.666762305317965653e-02,-9.156433721238829149e-01,4.010049516632057109e-01
-2.854422584049942646e-01,9.219240319851732535e-01,-2.570086841089469498e-01
4.596331814277372918e-01,-8.133773241163556600e-01,3.565875308306973857e-01
4.262879647358293056e-01,-8.324636997944753203e-01,3.279037120164123853e-01
5.537224388403756414e-01,8.205623158971064868e-01,-1.416649090432898495e-01
-9.515114445691228440e-01,8.171558622349396617e-03,-3.075008594289588837e-01
8.545516268027274487e-01,-4.160630594510399960e-01,3.108585654104648044e-01
-9.404596072602667833e-01,-5.626400529862785049e-02,3.350253096482952442e-01
1.108501226261815464e-02,-8.668878034264188015e-01,4.983770428268423647e-01
-9.975167040851344868e-01,-6.837860730095490780e-02,-1.669123930287445823e-02
9.975574256925996419e-01,-1.063551024588796357e-02,6.896990698551491716e-02
-3.718921636476579806e-03,-9.240373016583693921e-01,3.822796488412216753e-01
9.989148813107463498e-01,3.116860806141130702e-02,-3.456689716184971339e-02
-2.180773008549252712e-02,-9.315022492397565523e-01,3.630363384628650936e-01
9.965542104676469171e-01,2.839336785506396676e-02,-7.727713803658299574e-02
4.427362646003153712e-02,-8.993989542743116017e-01,4.348805481639718140e-01
-9.969565742606618652e-01,-5.697115256693485730e-02,5.318228800048452332e-02
3.057401987092971118e-02,-9.258192761827295225e-01,3.767129757186331585e-01
-4.029178652635297120e-02,9.170412522508989417e-01,-3.967416186373702303e-01
-9.905993151791072648e-01,-2.924157640017410742e-03,1.364485061123618947e-01
9.888729305032351036e-01,9.952587008872804120e-03,-1.481417616468830023e-01
-4.540956977560767216e-03,9.256895598797552083e-01,-3.782562452413160137e-01
-9.930946644050813177e-01,-3.026397003636088767e-02,1.132082593784422553e-01
9.939197339605343462e-01,2.129942344400126419e-02,-1.078351549098743589e-01
9.979782154583197729e-01,-1.287626289778678879e-02,-6.220255736665607910e-02
9.904613663412225044e-01,5.179177368422199779e-02,-1.273841686230588466e-01
2.972065222083475344e-02,9.386843696444925333e-01,-3.434809536222521720e-01
-9.917273418598292478e-01,2.337760578640213360e-03,1.282934304218612265e-01
-9.936478259803467328e-01,-3.986436992372555110e-04,1.125068603251324073e-01
9.975022594412330523e-01,1.643086480177977093e-02,-6.843467492248303530e-02
7.806698232608488830e-03,-8.966958445283708112e-01,4.425714287631048460e-01
-1.703345655564528216e-03,-9.395539338300786802e-01,3.423178507895128786e-01
1.115157867739641206e-02,-9.645339327175181943e-01,2.637058440828534689e-01
-4.342402474339068785e-02,9.529398584524642057e-01,-3.000194912385552026e-01
-9.982693819500355614e-01,-4.641669518984202492e-02,3.607474708729174750e-02
8.857172519516010034e-02,-9.706633790083869506e-01,2.233433514659759200e-01
-9.954183246141051766e-01,6.451646830638346763e-02,-7.033590490721230992e-02
9.958040699947916519e-01,3.999890310485587630e-02,8.227540416169333570e-02
-9.978653332717700719e-01,1.162402685011543202e-02,6.421101096522677243e-02
4.402427632833186277e-02,-9.542049225491777698e-01,2.958499047990459374e-01
3.175076032336793252e-02,-9.641590961931041370e-01,2.634181318903378033e-01
-2.469101412483953872e-02,9.577020399533406891e-01,-2.866606437227819937e-01
1.285133364697497171e-01,-9.515326188204120683e-01,2.793929210723123946e-01
1.326717768752015136e-01,-9.597102589161043973e-01,2.476969487478731802e-01
-4.825692021928451592e-03,-9.737741905838905865e-01,2.273642119986115928e-01
9.432638236477064453e-01,3.316762391073685423e-01,-3.501417132168210995e-03
-1.491741580832195435e-02,9.670154878450212266e-01,-2.542749068442676785e-01
-9.931023211083658264e-01,3.036822466093738737e-02,1.131324386628590056e-01
-6.086432369888372662e-04,-9.372189116810821785e-01,3.487326365546381535e-01
9.951384279946606792e-01,6.531283168871343525e-02,-7.366753668858326554e-02
-9.989496039893488444e-01,2.247094980760631910e-02,3.829890953482652238e-02
9.934080721747502452e-01,8.022689785600406465e-02,8.137142602548054493e-02
9.750615104542467160e-01,-1.398128075345335397e-01,1.223940519930100945e-01
9.952990101223699870e-01,4.638714655835529665e-02,8.501402229829399526e-02
9.922323991613587468e-01,1.011851880892888217e-01,7.236313817012884897e-02
-9.871680544083853981e-01,-1.065973439224188191e-02,-1.589415441689707720e-01
-9.730481828523865895e-01,-1.837710983091332684e-01,-1.188940136895370175e-01
2.634491733997490481e-02,-9.673791247603402699e-01,2.515099404670462779e-01
9.902397044802230264e-02,9.674435697153044300e-01,-2.329050580947133464e-01
-9.847361023514289435e-01,-3.006167498090887499e-02,-1.714383400032161164e-01
7.150578530115108133e-01,-6.661317209773388592e-01,2.120396122292656227e-01
9.914154320208552473e-01,-6.447505474930753655e-02,1.137073737590981043e-01
1.923954477797999996e-01,-9.489817572436396453e-01,2.009594975139050443e-01
9.974998328319648611e-01,-1.030533482788917321e-02,6.985707290669736225e-02
9.923674947184186745e-01,1.226511621769010435e-01,7.946282573888163378e-03
9.729512231049467497e-01,2.305998535400857474e-01,1.377043956738693668e-02
-6.852555247900112001e-02,9.813758058115332750e-01,-1.794596791070669772e-01
3.658664771247058245e-02,-9.742477454800184677e-01,2.223527323789218635e-01
-6.692288934884160767e-05,-9.580031531755253127e-01,2.867064217240418711e-01
1.164399594592280263e-01,-9.440017865450520684e-01,3.086331865006335384e-01
5.689126797143173597e-02,-9.512782608278875784e-01,3.030256626463788128e-01
1.285709436267152284e-01,-9.620903798029636356e-01,2.405135661090875565e-01
-9.784782143223654804e-01,-1.263424532169289405e-01,-1.631200043763310070e-01
3.852736964054265245e-02,9.635141570483586326e-01,-2.648384401157786172e-01
-9.913968953630905023e-01,4.225018922823467471e-02,-1.238521862659477113e-01
-1.664598253377199966e-01,-9.680281468485230079e-01,1.876502956500465946e-01
9.828560198980488272e-01,-1.671534457330448309e-01,-7.163216831838495335e-02
9.768030782415315638e-01,3.157896100614121515e-02,2.117944051756618373e-01
-9.971355414320069999e-01,-1.292927307133844017e-02,7.355985748287993675e-02
-9.897963393242655838e-01,1.362722229708562272e-01,4.030487126008735349e-02
-9.997684320922010093e-01,-2.012423713553154747e-02,3.664729539873622186e-03
9.868834583722352338e-01,-5.771121340912127584e-02,1.507489137411824609e-01
-1.335948195123221605e-01,8.693261972103714097e-01,-4.758391020130174898e-01
-9.955359919870881980e-01,7.999941552162024433e-03,-9.401472961229831449e-02
-3.247273991387911174e-03,8.908463141540245989e-01,-4.542932059183899529e-01
-1.804431522180290071e-02,8.983122435346815315e-01,-4.389614077415340265e-01
2.515772996942527984e-03,-8.889280758304967112e-01,4.580223511339765463e-01
-9.190125485781753811e-01,6.433465586851630502e-02,-3.889228131657995746e-01
-9.233973027806746670e-01,1.912306005884855664e-01,-3.327591578326070110e-01
9.397775880813949434e-02,-8.431355140434207973e-01,5.293203426061066086e-01
8.952581675743037648e-01,-7.565802981135988370e-03,4.450937454976595653e-01
-6.535334108780364026e-01,-7.311372976295815729e-01,-1.957864471331773326e-01
-6.053866258231784814e-01,5.222336690179705254e-01,-5.970716053927811462e-01
-9.276153976565384429e-01,-9.316852038780067125e-02,-3.218503087358241532e-01
4.926695104160679906e-01,-7.870435023288538945e-01,3.492369166750673992e-01
-4.626031435115933177e-01,-8.827960731425559260e-01,8.166654674513491863e-02
-8.274588932460339441e-01,3.351773001917643935e-01,-4.505196526503682519e-01
7.110528788828356372e-01,6.886983472342932400e-01,1.417687904624429784e-01
-1.567313735377692807e-02,-8.751399427177409818e-01,4.835829676145751987e-01
9.032784181728554795e-01,2.862654992361217121e-01,-3.195937471388293760e-01
9.842972817389786799e-01,1.208432645453539622e-01,-1.280885523050602770e-01
-3.451822455517644661e-02,9.006183924325840140e-01,-4.332218021347821191e-01
-8.867622501673806390e-01,-2.127871720937120070e-01,4.102621343529979647e-01
9.777955060835858969e-01,5.129477810854427000e-02,-2.031402631544991233e-01
8.823076667284741603e-01,3.654996963431365598e-01,-2.965521087519539800e-01
-8.713672080129151176e-01,-1.860499671350895889e-01,4.537200014360557310e-01
-8.862806204342352223e-02,8.687669843608134546e-01,-4.871954332901431428e-01
9.562027873637067854e-01,-2.400197851412874395e-01,-1.426772422225159875e-01
4.442414581115192163e-02,-8.933756970388151419e-01,4.460242475022838105e-01
9.413955259148644172e-01,-3.206245471848757078e-01,-1.046693170491093811e-01
-1.035777568212525868e-02,9.062865483168311975e-01,-4.224353749152972015e-01
1.181466431193624600e-01,9.236519915484070475e-01,-3.645641770312987862e-01
-9.424420924587043613e-01,2.538221404355365807e-01,2.175841190127616454e-01
6.866830086663633370e-01,6.394583859935998316e-01,-3.457736516731307885e-01
8.038650807636745776e-01,-5.824755021586243142e-01,-1.205123284725231336e-01
9.385307807822898529e-02,9.642687126684792442e-01,-2.477447264906272872e-01
7.429129938764925667e-01,6.414432431508017007e-01,-1.913918737711921836e-01
-5.713940046386317695e-02,9.202349229875916858e-01,-3.868263993920264543e-01
9.815378260599177951e-01,1.377922007512634994e-01,1.325224710288244456e-01
9.907332642055216576e-01,-6.793603557982252905e-03,1.356308976626018348e-01
-9.822442535349924508e-01,7.049258833985265482e-04,1.875357525947011217e-01
-2.660016706389910918e-02,8.780839752765295936e-01,-4.777628461926386461e-01
9.703615748438241262e-01,3.168169334723286434e-02,-2.395111389728404039e-01
-9.775034227209326021e-01,-1.574818410054215634e-02,2.103226192102466974e-01
9.718128889694410688e-01,-8.008367136960770072e-02,-2.216176105076664571e-01
-1.250274439685430949e-02,-9.164248923944744440e-01,4.000038056904984263e-01
-9.894353269809127438e-01,-1.128008408723568112e-01,-9.106974745135999749e-02
3.292717454940002897e-03,-9.754869212200205641e-01,2.199167413594414755e-01
-9.700528745448008250e-01,-1.119588317830538804e-02,-2.426311787649548801e-01
6.387976624030736184e-02,-9.668407090791082403e-01,2.472420339384855670e-01
-9.727905447114355564e-01,-1.139010437437504297e-01,-2.016741788272058689e-01
-9.999146431559113868e-01,-8.128913017323319572e-05,1.306521314268188974e-02
-9.966021250494947470e-01,7.758420794579524993e-02,2.765673560373368978e-02
-9.993452777816467236e-01,2.095298870352638870e-02,2.782509585011209291e-02
8.078799785444978898e-02,-8.815519851801093543e-01,4.651106983913608772e-01
-1.126772699669937872e-01,8.878078565355810303e-01,-4.462031458587722987e-01
9.046809307419656498e-01,4.145687780190789873e-01,-9.799784607101380551e-02
5.050404653766354945e-02,8.637622305068868300e-01,-5.013576901323537616e-01
3.914707248287113694e-02,8.696814503955585529e-01,-4.920564090357758547e-01
-9.844748474762141099e-02,8.551928802699026999e-01,-5.088429329656063427e-01
6.927275487841756396e-01,-5.424520587946439765e-01,4.752320405021575600e-01
-9.661699259430944764e-01,-2.370920436047944113e-01,-1.014743632733258738e-01
-9.688152567066060650e-01,4.739565491586328339e-02,-2.432083692128266250e-01
-2.754232084626174193e-01,8.186334986901941946e-01,-5.039607237047784016e-01
-9.301833164935012777e-01,1.372064988326747725e-01,-3.404663989450540384e-01
-1.778252585397019359e-01,-8.688586796426335246e-01,4.620143427850543771e-01
8.703094985628916369e-01,-2.694620249004112678e-01,4.122472487818089060e-01
3.918507484267091390e-01,8.419208704279929067e-01,-3.709786169952556945e-01
-3.578254070871381143e-01,7.750312771557822389e-01,-5.208400368428627303e-01
9.203244848742507811e-01,-2.255978669786393442e-01,3.195069089667282869e-01
1.031815140662814545e-02,8.578002600873477768e-01,-5.138313302458544785e-01
1.449373916641830129e-01,8.687343334236521386e-01,-4.735835577918152128e-01
-4.806835181293706016e-01,-8.168152922318308029e-01,3.189620810149141894e-01
3.656306376875319564e-01,8.549218093254217221e-01,-3.679853232043099887e-01
-8.201307943788274102e-01,-5.664827903324679559e-01,7.984253681253181134e-02
-5.212698518540004322e-03,9.026436869890159809e-01,-4.303569572747570904e-01
-2.716711912752647340e-01,8.279658243212504320e-01,-4.905609855908977801e-01
9.804588814513920392e-01,1.467252137790995836e-01,1.310176393969280650e-01
9.601936481924234768e-01,7.236665635520601880e-02,2.698109495573989269e-01
-2.345232006393362101e-01,-8.741265289356359158e-01,4.253227240841561119e-01
9.841579380540224076e-01,-1.786589345208827728e-02,1.763871480870816688e-01
9.259819725985288796e-01,3.641384795957127718e-01,9.969419625207057156e-02
9.957390960409397973e-01,6.128450390534778691e-02,6.887024378741737896e-02
-4.835068604127247538e-02,8.836604502683526041e-01,-4.656188943504457889e-01
-7.757659665215465017e-01,4.336841238002299148e-01,-4.583623954114395271e-01
6.022162377381120452e-02,-8.893577724409857943e-01,4.532216522409477921e-01
4.445644519107992410e-01,-7.385193342055993426e-01,5.069039126167651510e-01
-9.638996508971870991e-01,3.497717595156035753e-02,-2.638691123196471588e-01
-2.643167660084575488e-01,8.509695023078275300e-01,-4.537900276159427815e-01
8.779608565535402809e-01,4.774532004808696994e-01,3.490468680003072643e-02
-8.406991882030804275e-01,-5.409724040827356140e-01,-2.341864084076489272e-02
3.526473931762482694e-01,8.615686547133618589e-01,-3.651529172191827488e-01
2.826411440935098218e-01,8.720875815030630918e-01,-3.994912566604716941e-01
-9.670281778116334159e-01,-1.025482191133894883e-01,-2.331104387834930791e-01
9.756604087909680478e-01,9.074856797677666176e-02,1.996006430761277928e-01
4.320267690844528663e-02,9.448450021333535398e-01,-3.246442769860912181e-01
9.567720307041148731e-01,1.503741793407894489e-01,2.489382932545394778e-01
-9.515718380231444895e-01,-5.574569788137684334e-02,-3.023153207766899331e-01
6.756883774989644320e-02,-9.230688067946308806e-01,3.786517549372806490e-01
9.933888315037849859e-01,-3.604721638498703529e-03,1.146540541488531295e-01
-3.985965523016982148e-02,9.258880257251982382e-01,-3.756245958914330441e-01
1.216466006294847357e-01,8.597652545132291602e-01,-4.958968640452673937e-01
8.361596478803974275e-01,-4.488877149083812107e-02,5.463026417605052476e-01
9.257677120260511539e-02,8.583800112504499369e-01,-5.044171154169638793e-01
-8.446974082254142813e-01,8.416412246504564876e-02,-5.284077963384452570e-01
-4.011019734940591830e-01,-8.571260556465410962e-01,3.231905499716438701e-01
-1.931013705072450737e-01,-8.632388028167921057e-01,4.664017903263827924e-01
-2.709395439286086948e-01,-8.581491786282334777e-01,4.123863959327361273e-01
-5.042013339333385746e-02,-8.634917429375714715e-01,5.011736855694834958e-01
-7.427181654099325181e-01,1.974918311018896699e-01,-6.398177110850612470e-01
-8.729710480051536825e-01,-2.471235705731586740e-01,-4.205371448658925537e-01
8.416566870055355309e-01,-2.946385640390345242e-02,5.388058251950958999e-01
-7.908883438091186546e-01,-5.983455311555214706e-01,-1.283676476885289575e-01
5.692687457216719649e-01,-6.444113520707390741e-01,4.926576314777534327e-01
-8.735467636512736500e-02,-9.620991355171887305e-01,2.583300484926636664e-01
-5.512758341483536828e-01,6.966898793320213112e-01,-4.415916122014081902e-01
-1.155540276813251943e-01,-8.883934607838110953e-01,4.442667211437245633e-01
9.586886596944476091e-01,-1.085430951491434121e-01,-2.628588721072591117e-01
9.634118062452018405e-01,-1.934671399315971430e-01,-1.854721038447804393e-01
8.743225001357672957e-03,8.477230061643930004e-01,-5.303671000695463489e-01
7.052255271262800607e-01,5.403132887006474316e-01,-4.590408543288400089e-01
-9.771970527772029236e-01,1.510499838843120668e-01,-1.179521461193950571e-01
9.957895443551569858e-01,-6.784852700403098957e-02,4.843757921993575855e-02
1.705216514788945592e-01,9.517893643205680432e-01,-2.549889651399828150e-01
-9.997362356715885356e-01,5.755533487113197177e-03,-2.211639693042184024e-02
-2.674547639913621433e-02,9.377444177427487482e-01,-3.462943492128701672e-01
9.956110161923488189e-01,8.166003682421413279e-02,4.549693493395345900e-02
9.983698547771913123e-01,-5.848461073032690249e-03,5.677331685007303008e-02
1.893519824186926104e-02,-9.456044514935267875e-01,3.244802624989182593e-01
7.636798863128235748e-03,-9.560611009586150733e-01,2.930654390213679461e-01
-3.804758800515228856e-03,9.381787332699731419e-01,-3.460882014213436109e-01
3.017538869261843226e-02,-9.468843540111122614e-01,3.200766881125431396e-01
-9.882568882162110491e-01,-1.543537047250342908e-02,1.518714854836348271e-01
4.280530739131369056e-02,-9.660425723136109033e-01,2.545965148683252410e-01
9.943355464493033313e-01,-1.101611657320350490e-02,-1.056661366953670217e-01
8.259848121879801441e-01,5.323794385734300638e-01,-1.852598807595065844e-01
-2.536180618542144272e-02,9.064476986559995009e-01,-4.215247559848182557e-01
-2.466095196592643646e-02,9.694214648150685232e-01,-2.441534062530476834e-01
3.985208638577330403e-03,-9.227048479469021069e-01,3.854777266139807756e-01
-9.800295029517392953e-01,-1.045174399134096710e-03,1.985736835298613501e-01
9.711156599869980033e-01,6.209650551328288470e-02,-2.302350948805421127e-01
-1.597201718374796631e-02,-9.756009566517060971e-01,2.186265472681958588e-01
2.073378358328703541e-02,9.460467892410469037e-01,-3.233660103303490629e-01
5.416033892015781337e-02,9.180484261684719316e-01,-3.927330684639750435e-01
3.228792034763977581e-03,9.783311208803077141e-01,-2.069976594883617405e-01
-9.894090420932788454e-01,-1.784647417076435164e-02,1.439943438961994726e-01
9.836593301867312400e-01,1.470686728769542324e-02,-1.428107212611517407e-01
-9.776882679663139175e-01,-3.096615555183256097e-02,2.075246363320798204e-01
-1.134028287282912162e-02,9.543919020189646218e-01,-2.983110491228519456e-01
-9.633082546771511989e-01,-1.580781015578740789e-01,2.169067086991990911e-01
9.865735924385843347e-01,8.171092811068481065e-03,-1.628077392625148501e-01
-2.878141802078459932e-04,-9.666931350932341793e-01,2.558889684782533203e-01
-6.575352014164481673e-03,9.590633615139381174e-01,-2.831141178594287489e-01
4.998256277719215213e-03,9.636835182098769659e-01,-2.669920493102569958e-01
9.618069531856262566e-01,2.459601181158702077e-02,-2.725875323263819427e-01
4.034852222226562035e-03,-9.193389811557944880e-01,3.934238914210165250e-01
-1.863987528209173905e-02,-9.762687234231204325e-01,2.155393088372980770e-01
2.075891492241889111e-02,9.841340795992068458e-01,-1.762077774182104761e-01
9.426018423170990923e-01,2.843938318229049522e-01,-1.749911862966137266e-01
-9.759948341227583368e-01,1.213633625144385497e-01,1.501865935923067663e-01
4.242402245989379539e-02,-9.333527086251995897e-01,3.564258157415858275e-01
-1.195482801470970635e-04,9.341611109827050452e-01,-3.568429709330050992e-01
-9.661748943560413139e-01,-6.089764564814766079e-02,2.500256132736857762e-01
9.635367000058090436e-01,2.244240059559621248e-02,-2.666317470647122101e-01
9.524278661252502109e-01,4.874921140592153312e-02,-3.006497019478201471e-01
-9.502437604958150486e-01,-3.855543426008661845e-02,3.090027376208659970e-01
1.317218977221562559e-03,-9.206414076743512087e-01,3.903859371400694722e-01
9.551238510198045706e-01,1.420095115150571408e-02,-2.955593582229838479e-01
1.635901972045189501e-03,-9.020941802111832608e-01,4.315157695054975817e-01
9.445459206472064384e-01,3.064362407502448093e-02,-3.268680594627162983e-01
5.625098385977622684e-02,9.184786654369705428e-01,-3.914432770710070675e-01
9.308268673447449570e-01,5.293805169951463357e-02,-3.612951337495964310e-01
9.351838051966836485e-01,1.177152300539142660e-01,-3.330375118912589083e-01
7.875962089395448229e-02,-9.182333851436619288e-01,3.879343556980227592e-01
2.732996111782375892e-01,8.486170551119673888e-01,-4.529419568806979934e-01
9.557222922305375068e-01,3.200040681354952843e-02,-2.923391133823987076e-01
9.377626592655463611e-02,-8.917731583907142490e-01,4.426200749000285817e-01
9.400671237927787915e-01,5.784372405185658761e-02,-3.358505527353964903e-01
1.854223686716211655e-02,-8.982946957472451865e-01,4.389987543129850178e-01
9.339234297020062581e-01,3.733599667227549546e-02,-3.552837758117302625e-01
4.834459193615139871e-02,-8.917437158114183138e-01,4.498218942914860019e-01
-9.474907612382296174e-01,-4.021156331486004654e-02,3.172445753795722356e-01
8.111436441386990492e-02,8.933766976070742771e-01,-4.419259395627417875e-01
8.960991058045552071e-01,-4.056732186088993219e-01,-1.800989513566713662e-01
9.252651522355256342e-01,1.012119530861507744e-01,-3.655687877965734800e-01
1.125513031219066429e-02,-9.721748598912975936e-01,2.339828558521113433e-01
6.800314805180360800e-01,5.756141947219740596e-01,-4.512446625220924989e-01
-5.399212741360465140e-01,-7.978729005674211061e-01,2.681116414396029768e-01
7.388188083810414142e-01,5.688779558850003415e-01,-3.612819393361944575e-01
-2.976435153851972326e-01,9.506207103717255746e-01,-8.791247216122227703e-02
5.321518830115780363e-02,9.780286333273229271e-01,-2.015642233283510276e-01
9.451361984027942809e-01,-1.822380143661313789e-01,-2.711215089007206203e-01
-5.551489512364238266e-02,-9.447960812906364136e-01,3.228588727396934921e-01
7.352434239825473838e-01,5.661505753206709235e-01,-3.600459487504640288e-01
-7.345099102995173990e-01,6.728808134165797927e-01,8.790109559975312070e-02
1.162629315694909543e-02,-8.927806181645076000e-01,4.502116292077342763e-01
-9.632509810970590891e-01,-4.156282287359014394e-02,-2.653583866378173561e-01
7.520159646264280850e-02,-9.685458637072091870e-01,2.371725780834160469e-01
9.503698108908456010e-01,-7.551295849931022319e-02,3.018111332740973651e-01
9.825110829856332773e-01,1.070708397630076303e-01,1.523404084739317654e-01
-9.872211880665511252e-01,-6.527985975941730246e-03,-1.592147013815319867e-01
-7.152784581740538883e-01,4.487254348220931499e-01,-5.357384972168889314e-01
-2.231894029199932294e-03,9.423405006729894673e-01,-3.345727139323000920e-01
-4.401864570513125408e-02,9.298248887098540250e-01,-3.653600362838640980e-01
7.065027632503781407e-02,-9.225181011639487227e-01,3.794277315751776181e-01
9.815415812669417983e-01,3.086819836564461128e-02,1.887413104803490893e-01
-3.845033248142559756e-02,-9.230547270119887626e-01,3.826924919398900782e-01
9.738004813504101964e-01,3.863545569205112384e-02,2.240924719397697218e-01
-9.642868678043338138e-01,-2.470586339280534949e-01,-9.520376514915174226e-02
7.866349697402547081e-02,-9.247421633391308404e-01,3.723631361020152686e-01
8.718631617616233731e-01,-1.453242066896908991e-01,4.676915873885980623e-01
7.236070151161984043e-01,-4.099268802922693133e-01,5.552615008818331255e-01
-8.195287921677416598e-01,2.396457769948885375e-01,-5.205194742622506476e-01
-1.801743694834770648e-01,-8.856052500905319258e-01,4.279606582649699287e-01
8.005088189511478936e-01,-2.429505352220769909e-01,5.478395392399326713e-01
-7.820547036070435443e-01,2.308030291057739380e-01,-5.788837085797430282e-01
-7.336637252395864506e-01,3.850557105530003632e-01,-5.598653240551079158e-01
8.300135729860228517e-01,-2.390617816198714884e-01,5.039036660852753702e-01
-7.784598025712358149e-01,2.838313111719450443e-01,-5.598528864325725829e-01
-1.246867095754273236e-01,-8.700203156308972119e-01,4.768988156421561930e-01
-8.343748212302819212e-02,-8.573137714564385004e-01,5.078432259139982197e-01
8.026760765518462515e-01,-2.641763727353566571e-01,5.347160535904862400e-01
3.538933318767623071e-01,8.804876880468837097e-01,-3.154075010352206387e-01
-1.787346041490763537e-01,-8.695482008963197895e-01,4.603008429999701501e-01
-8.191289295961036165e-01,2.271876588463179469e-01,-5.266874737558548958e-01
7.542111435874729874e-01,-4.174101599184382727e-01,5.068785478684338930e-01
-7.574176288362866050e-01,3.690249742249221976e-01,-5.386011793711937834e-01
6.310971717231619316e-01,-5.510868046365474671e-01,5.459112307318394475e-01
-4.988277491192977808e-01,7.057991228390305682e-01,-5.030080184682618194e-01
8.605802210641374517e-01,4.995987284141543694e-01,9.890663032051738579e-02
8.298685770701854647e-01,-1.362440180772150899e-01,5.409378748862448960e-01
-8.866682484720112001e-01,5.317278342980397143e-02,-4.593350759143461359e-01
2.965594212553607223e-02,8.499657471997772440e-01,-5.259730308167921420e-01
-3.644176267615845122e-03,8.338856534751863947e-01,-5.517700498442784651e-01
8.372451158328617637e-01,-1.641185138696115708e-01,5.215803487907014757e-01
8.616284994195170244e-01,2.388702836865390713e-02,5.069732382595592002e-01
4.114170256501517020e-01,8.831172262143667240e-01,-2.254759655416582464e-01
7.648865628878618317e-01,-2.799417070676729624e-01,5.801492037546802649e-01
6.422189505608855153e-01,-5.436397432206141467e-01,5.403613846755791483e-01
-9.630686155208145749e-01,-1.694919123096091107e-01,-2.091656516883035888e-01
-5.499054788248193271e-01,5.106463231723200602e-01,-6.447511267943762947e-01
5.662120724154234841e-01,-6.403071993216140623e-01,5.190476889730085697e-01
8.360658655773789416e-01,-2.263127787177987571e-01,4.997769481909739575e-01
3.709801103323443483e-01,-7.904982028093138213e-01,4.873116089490803771e-01
1.697863619194478479e-01,-8.937976609032769471e-01,4.150746029100167989e-01
-9.114421793406728423e-01,-3.835319813199508099e-01,-1.488725611726415821e-01
7.972903354862581615e-01,6.017283563990749595e-01,4.731476091593023181e-02
4.049001365294520038e-01,8.947073462719260517e-01,-1.885582005991882637e-01
-9.029929378465879619e-01,-3.652084209552214356e-01,-2.263315840307997540e-01
9.463452862195432802e-01,-2.650556152058839987e-01,-1.848613158664562106e-01
-8.979366214688557779e-01,4.252288277116380577e-01,1.130907326982023287e-01
-8.886551520836736273e-01,-1.731889796927805203e-01,4.245303915053163513e-01
-8.068085154357086397e-01,5.877714837339861331e-01,-5.898294313097920960e-02
7.742244324275125988e-01,3.952408249080522906e-01,-4.941998921891088692e-01
8.069403344017903601e-01,3.241248813525794970e-01,-4.936969526846253231e-01
6.551814470828996040e-01,5.278953393945554629e-01,-5.404292572056629274e-01
-2.308657292882765333e-03,8.641325264224829494e-01,-5.031831788001103201e-01
3.235094347235231704e-02,-8.661813788287178184e-01,4.986696881667932457e-01
-2.083602005224624576e-02,8.553163632269753514e-01,-5.175762391318592393e-01
7.561467097967264350e-02,-8.596561883268494242e-01,5.051876968975904658e-01
-9.214442029491732855e-01,-8.342296326952577945e-02,3.792282855274375919e-01
-4.277259377873667001e-02,8.700269336586172741e-01,-4.910377336954179217e-01
-9.163538799505621668e-01,-6.602261125879155257e-02,3.945883912922832359e-01
-1.354134737992460091e-02,8.724987594045364725e-01,-4.883703736683460694e-01
-1.703831546957079723e-03,-8.717085569556800584e-01,4.899320680617211821e-01
-3.887148286210048709e-03,-8.789227752148487394e-01,4.768115703093052105e-01
-5.612781744521636584e-01,-5.931009925248126313e-01,5.637083711292939503e-01
5.931808645157243820e-01,5.501892707760758228e-01,-5.728446148847289310e-01
-1.253538287182380528e-01,8.697098996521871461e-01,-4.773439638373779825e-01
5.459598383476280681e-01,6.026654827479390741e-01,-5.819984285336391450e-01
4.327371360260945377e-01,6.728829567547445212e-01,-5.835398925791148717e-01
-5.784658603895912465e-01,7.727640684334843302e-01,-2.511466005660584200e-01
7.489518903288111540e-01,5.140010697371708570e-01,-4.074545772208090222e-01
6.767897708034068538e-01,-7.348721961928469382e-01,-4.380024427527583891e-02
9.814551029653642011e-01,2.977778964981437140e-02,-1.889553127883944472e-01
1.788669691809216533e-02,9.641824680512740553e-01,-2.646360391763563635e-01
2.388999572372532687e-02,-9.609878685673469700e-01,2.755185462480464476e-01
-5.729821182253104217e-01,-7.711597928103389732e-01,2.754492349547821295e-01
9.478654182531796035e-01,-4.283345966905949265e-02,-2.646654869198138416e-01
-4.924214660527714837e-01,-8.075628160571697300e-01,2.841232264897366466e-01
4.756385860958535217e-01,-8.790068581279635307e-01,3.338980054962321226e-02
9.579810861323038162e-01,6.048372232320949060e-02,-2.799434186625343046e-01
-1.209308344377058031e-02,-9.755470979532583353e-01,2.194489409386265466e-01
9.700214886730743613e-01,3.757884754897386492e-02,-2.398859397122294901e-01
5.120951706193639374e-01,-8.021856315836897178e-01,3.070126197878539354e-01
7.175166010682432205e-02,-9.082779704145190758e-01,4.121671590361493109e-01
-8.398375268058037024e-01,1.766118462273059131e-01,-5.132405455713382469e-01
-8.647563400116980992e-01,6.861437963506723803e-02,-4.974201045809428234e-01
-1.860412100171957572e-01,-8.732951543584376308e-01,4.502618908486121230e-01
1.589650605967107833e-02,8.533774301579235555e-01,-5.209741364352293846e-01
-2.209657974777690104e-02,-8.501842445166046813e-01,5.259883105389752123e-01
-8.677000703890345168e-01,1.278061207580900582e-01,-4.803596159608518601e-01
9.236461406913747396e-01,-4.662553020597018372e-02,3.803539084399287229e-01
-2.350605518803276228e-01,7.823928273897746699e-01,-5.767217705260918592e-01
-8.043695684842057103e-01,2.918857007531921455e-01,-5.174643333110919841e-01
5.366703432778111571e-01,8.377903472724598233e-01,-1.004394448966643844e-01
7.421864298159912554e-01,-3.512651389823150394e-01,5.707636408718109733e-01
-8.105520020851703089e-01,-5.115169352067830966e-01,-2.852295162012193352e-01
7.949995247549953570e-01,-2.583178113697637279e-01,5.488421699723623481e-01
-3.661485310831598672e-01,-9.078111966583396475e-01,2.044841076704183858e-01
-7.293670090366591863e-01,3.555256429994827494e-01,-5.844754842018167196e-01
1.243305392601413012e-01,8.991232236383198684e-01,-3.885740348192733840e-01
8.587856506073803242e-01,7.097827131060394090e-02,5.073946110401811316e-01
-8.646123839982886583e-01,-3.672796074830123048e-01,-3.428572813342603554e-01
-6.005493797113692356e-01,-7.932647032831248168e-01,1.003571275666340773e-01
3.911445639333427371e-01,8.782250742170137903e-01,-2.751524046844172622e-01
-1.804490717201147065e-01,-8.981680327182993695e-01,4.009127432035265448e-01
-7.328630769695243519e-01,2.902288314719124740e-01,-6.153532794806610973e-01
-2.710350225143651759e-01,-8.878299102273623511e-01,3.718064813116031542e-01
1.540760514895745115e-01,8.700740862341677095e-01,-4.680968264057264738e-01
-8.280516526081992401e-01,-5.007186229918477727e-01,-2.522128490025399294e-01
-1.896363581399410636e-01,-8.824721741414037757e-01,4.302951997314912180e-01
-4.102247848130242680e-01,7.969280104765237294e-01,-4.434168669994812406e-01
-9.484313164792308459e-01,-1.871664440277914787e-01,-2.557728987995974146e-01
2.161178724048015143e-01,-8.995341224522108714e-01,3.796459787962475629e-01
-9.285084608683122909e-01,-2.948191484257183803e-01,-2.257289629058836788e-01
-9.373052957223286796e-01,-1.317510655283031240e-01,-3.226330173840337712e-01
9.317899793500875605e-01,1.406493967838332582e-01,3.345874611820379707e-01
-6.663863732260325579e-01,-5.074127744855378985e-01,5.461691905309553619e-01
-3.081852020002162629e-02,-9.528439484730154563e-01,3.018823307548465507e-01
-3.908715435450901832e-02,9.624683270593528128e-01,-2.685644341124551748e-01
-9.528944708169744260e-01,-8.825920111439403137e-02,2.900245403342460171e-01
-9.563368426326586125e-01,-9.444876995965717503e-02,2.765329950624200173e-01
-1.370831394242799650e-02,9.584342068191328279e-01,-2.849221984474260561e-01
9.505658030711607864e-01,5.392471792382264040e-02,-3.053508813333820071e-01
9.651667057783083203e-01,4.112223745098295136e-02,-2.583836114313375898e-01
9.542622649323894146e-01,7.743124692552363908e-02,-2.886145566368099602e-01
-1.037765714018085150e-02,-9.673068479753158533e-01,2.533776393813654826e-01
-9.566550104947832978e-01,2.905863896925375833e-03,-2.912083744109115191e-01
8.426181052498966650e-01,-3.679617187767408315e-01,3.078217363736497347e-01
5.034464855217537504e-01,-8.014368087264527318e-01,3.228632494325637814e-01
-8.351519549392185660e-01,-5.267613410325787671e-01,-1.582047424274739544e-01
4.913819647338990571e-01,-7.931131805831819204e-01,3.290718797723247713e-01
-9.433064035687647175e-01,9.766317558654857844e-02,-3.172282581516127076e-01
9.425973968361738287e-01,-4.389697569853601156e-02,3.310264009621577408e-01
1.584099197734165354e-01,-9.404005639748449497e-01,3.009119382691952671e-01
7.107282628375201083e-01,-5.878124333838821158e-01,3.864477708090447994e-01
9.672476015272204464e-01,1.069265263467992222e-01,2.302056103603431492e-01
-9.720605444658370065e-01,-1.535508177368017924e-01,-1.775177707224391277e-01
-5.322959300131624438e-02,-8.477449017998791581e-01,4.946865629676704401e-01
6.413987615595919678e-01,5.128013492995248113e-01,-5.616326716106747607e-01
4.999439521041675882e-01,6.878340274146004241e-01,-5.260295533730152684e-01
6.554933610222708484e-01,5.273217314650063825e-01,-5.342263126923469940e-01
6.293473810806259061e-02,-9.662107002367666952e-01,2.499163248353829803e-01
9.449032784283135644e-01,2.070793179829558961e-01,2.535222519421994614e-01
7.187791584380308629e-01,5.122779994652102431e-01,-4.621799157340357178e-01
-1.225573234580733528e-01,-9.162351105665983431e-01,3.813589766076460608e-01
7.087739771175914916e-01,-6.370350810206327763e-01,3.030276471049259679e-01
5.754174166884337138e-01,-7.530690392176474512e-01,3.187636113532103521e-01
4.862441490558346846e-01,-8.271498763180740177e-01,2.771681933239648621e-01
9.710115420434041189e-01,1.988122983389703502e-02,2.382033143649664453e-01
-5.450918718198697333e-01,-8.375999816991656077e-01,3.607106781713113192e-02
2.960998086805580534e-02,-9.735781658040938424e-01,2.264261559593541973e-01
5.521234492175880471e-02,8.607935598293489088e-01,-4.590914834904719077e-01
3.858881443399086453e-01,7.325395966622263444e-01,-5.607816681916809598e-01
-6.509988963013231267e-01,7.408580943697077315e-01,-1.583148458866207586e-01
7.358996282825466251e-01,-6.693559211871041859e-01,1.020509082045477495e-01
-6.390275028350271835e-01,5.677386005987352657e-01,-5.189506777309217389e-01
7.186374470989016494e-01,-4.483374036309877853e-01,5.315535824892376748e-01
7.535867052076243855e-01,-3.640290657517123996e-01,5.473459099151941620e-01
5.577107643762596600e-01,8.300284520989703596e-01,-3.846601788395631605e-04
-9.876146750114318806e-02,-9.135216659137072037e-01,3.621173398449261671e-01
-3.604368002649335212e-01,-9.184651400159143941e-01,1.625662899083112345e-01
4.654951223956452777e-01,8.808660760964450720e-01,-8.569337667201792907e-02
-6.590059696411895152e-01,-7.172343655798472106e-01,-2.264641181479965237e-01
-6.844753677484708421e-01,-7.235331580880018931e-01,-8.938151104326183538e-02
-7.866339027196972422e-01,-6.034500510752683899e-01,-1.305335860045900020e-01
-1.413016525521572919e-01,-9.609096251324936722e-01,2.380498510766706766e-01
8.873667934990844275e-01,3.705729190940473261e-01,2.743239925578786487e-01
8.326619859631817500e-01,-3.018865674697425172e-01,3.902278905971817702e-01
-6.461328838267204056e-01,4.721704357767375071e-01,-5.823801528893529644e-01
4.270658547370630442e-01,9.029309263420153275e-01,-9.018240272250076933e-03
-3.225558659320209021e-01,7.991418027231363963e-01,-5.072771357879830578e-01
7.681213928217518472e-01,-3.532054962165639966e-01,5.340739578343107752e-01
2.270353131106053191e-01,-9.114061087287679275e-01,3.432111180784425675e-01
-6.612424676709299787e-01,5.141722950721564489e-01,-5.462465102210634083e-01
8.478744893801054561e-01,-9.663333795216061048e-03,4.843185275974848381e-01
8.721811648425416008e-01,-4.542302342272164228e-02,4.870695685803478336e-01
8.536032189163149653e-01,-7.947647796580087354e-02,4.623012113585209804e-01
-3.060467168267540505e-01,8.665504287911907078e-01,-3.941467430721209420e-01
-6.989426084726845234e-01,5.084663799879280965e-01,-5.029245836753953869e-01
8.973117053478323335e-01,3.525747356585750003e-01,2.655493318992359075e-01
2.755865254286392063e-01,-8.939968122265804507e-01,3.530724389872070268e-01
-8.178401540159518923e-01,-5.220146175967667057e-01,-2.305952993154359310e-01
-9.359987935309319607e-01,-1.235942037304395558e-01,-3.295766523801257342e-01
-3.406318593340149636e-01,8.638304338457517551e-01,-3.711479437656404756e-01
1.564639862177836793e-01,-9.539070498773003504e-01,2.560866283335130333e-01
-2.103010656944654944e-01,-9.613104915129784267e-01,1.778767736358274898e-01
9.052610252615853614e-01,1.279615637729849820e-01,4.051114033625641819e-01
-6.334823840960681629e-01,-7.657263213257997636e-01,-1.108744236270343825e-01
-8.339325395781170824e-01,-4.949261324819761443e-01,-2.439226055257717463e-01
-5.944793670207626501e-01,6.290054821891536418e-01,-5.009287366384028717e-01
8.725743096460384374e-01,3.222980992489428154e-01,3.670157426040513426e-01
6.541982560846534289e-01,-5.473529138710334641e-01,5.219440141007313239e-01
4.429395812090064499e-01,8.959619917585825988e-01,3.250594903065817665e-02
-8.235272445149953713e-01,-4.927831261764131221e-01,-2.810118646914047669e-01
-5.593722432806909062e-01,7.031237827786743777e-01,-4.167281500603759459e-01
4.468136831065689929e-01,-7.886090694481896479e-01,4.224409026635558284e-01
6.291032218439793211e-02,9.445304569703898423e-01,-2.864072248949403043e-01
2.570902297532835501e-01,9.532176918101373797e-01,-1.589988861142041798e-01
9.903540282181985122e-01,-1.130692952106392146e-02,-1.380744654705407248e-01
-6.534700841765950230e-01,-6.293849968225717628e-01,4.205026153425324154e-01
1.923999111138401108e-02,-8.744540290523817871e-01,4.847160470020940304e-01
-9.979021104604679504e-01,-1.512632753144704800e-02,6.285638130477734509e-02
9.128377123376607560e-04,8.692720388490112748e-01,-4.943317436665898290e-01
7.521033077253832522e-01,-6.072740298480253651e-01,2.559823656531438618e-01
-9.689860089228348183e-01,2.462392403564802601e-01,-2.002970317008898049e-02
-9.842155036049037298e-01,9.385230006113190471e-02,1.498934740642915986e-01
-9.736396140807490607e-01,6.969877746674374430e-02,2.171712071067944394e-01
9.755605399524988064e-01,-1.307754072238727083e-01,-1.765175444612933076e-01
-9.992726238863245403e-01,-1.673783868908784722e-02,-3.426309422624239376e-02
-9.984180031622529317e-01,-5.468778197931611906e-02,-1.306406811808943913e-02
-9.141581618250637087e-01,2.855174900213985900e-02,-4.042345704504148873e-01
-4.884972956471364536e-02,9.033547958407714962e-01,-4.256145680192693903e-01
-9.056697101403371475e-01,-1.033356228567886004e-03,-4.239264022696037637e-01
9.839896603113966744e-01,1.405848327753225213e-01,-1.094754779077984075e-01
-9.964698786563381816e-01,-3.019484738319203054e-02,7.826347135101760499e-02
9.997405929463726304e-01,1.733037357659956632e-02,-1.431033055359929099e-02
-9.984360515280165105e-01,-5.055191180305240728e-02,-2.374893869932537607e-02
-9.997022424916058858e-01,-2.198355719615609216e-02,-9.035757474147608492e-03
9.999693057732307322e-01,6.869994884910982091e-03,-8.158610306077673791e-04
-9.496149155186094371e-01,-4.013633412679179502e-02,3.108160131513493241e-01
-4.046324387580857440e-02,9.268785810043829176e-01,-3.729702014570043245e-01
3.194726501480465997e-02,-9.007012938510668976e-01,4.332559524475976254e-01
9.926722532671757859e-01,2.780215967649493636e-02,1.175947773776505056e-01
9.965288215212806389e-01,5.725512096807497397e-02,6.043274953201609873e-02
9.780179660799112051e-01,2.217337909725340672e-02,-2.071245098181599409e-01
1.399377797527942904e-02,-9.321513940716709135e-01,3.617980970434997445e-01
9.807087186578654636e-01,3.365181608948919489e-02,-1.924907074160827902e-01
-3.544452481341928141e-02,-9.185252499778828739e-01,3.937406171759684215e-01
-9.723190690226697352e-01,-2.260781960784082750e-02,2.322864397215859134e-01
9.828200852808233190e-01,3.596046932687582687e-02,-1.810103791913803828e-01
6.721324440516207588e-03,9.738066724596541324e-01,-2.272483795957749853e-01
4.525264829206401829e-02,-9.781004633061972653e-01,2.031271172086154542e-01
-8.399147667927140404e-01,-4.189096474195858066e-01,2.618788147543416045e-01
-1.359082648971493557e-02,-9.687579356806164110e-01,2.473905408045673215e-01
9.582667999330811703e-01,4.425871223460403625e-02,-2.822765325326667685e-01
-5.333680828830519860e-02,9.176726268768263806e-01,-3.934783267473080381e-01
9.387120844320759883e-01,8.744361771832454000e-02,-3.329340669145108844e-01
9.208817116715792284e-02,8.700651995108692471e-01,-4.335085819144044450e-01
-2.609506651490661744e-02,9.429215253867138102e-01,-3.319910079917734458e-01
8.566912479305438533e-03,-9.251160576647317058e-01,3.795349716829927722e-01
5.060515976048614029e-01,8.329620308763644454e-01,-2.237578629271863018e-01
2.862546660039180790e-01,9.030188070805931222e-01,-3.202818496593671238e-01
-3.893779187294044153e-02,8.643080580242565869e-01,-5.013135751733870382e-01
5.673566325764413110e-01,7.299445241653673699e-01,-3.581526207371373283e-01
-9.508738391918387656e-01,-2.523132324986144814e-01,-1.793415855017860827e-01
-9.619535095467914854e-01,-3.648528808610232432e-02,2.706482919417457778e-01
9.686916301570150933e-01,5.855923631906456706e-03,-2.479578851127047789e-01
-6.362303122787623666e-01,-6.648401102420359310e-01,3.632072793567170388e-01
-9.795795997307900072e-01,1.567900478635772255e-01,1.257272032874263701e-01
6.039453032131650301e-02,-9.644424454095770205e-01,2.564532751679204359e-01
-9.975411726904531706e-01,-2.225063233293470000e-02,6.630111883272463147e-02
1.000479688585226290e-02,-9.671644793350940850e-01,2.538292558137492105e-01
9.878205278727517635e-01,9.308924861364352432e-02,1.246747563812827392e-01
-1.724597392096567372e-01,8.747782082282496985e-01,-4.527899667068683853e-01
-9.066155618582276698e-01,-4.098931991895864990e-01,-9.966861872707660774e-02
-7.016586891625429256e-01,4.599960361013238908e-01,-5.441221701081493389e-01
9.867961591250976605e-01,4.522401961817285043e-02,1.552917074027161393e-01
-4.881207026676046556e-01,-8.267361636690193638e-01,2.796651210115236874e-01
7.326630985975662869e-03,-9.096038532167287638e-01,4.153633937000833498e-01
9.501955598118516644e-01,2.768192801796953706e-02,-3.100209536457495529e-01
4.204777023166563210e-01,7.378108949286492635e-01,-4.518703507177469492e-01
-7.796970291927967089e-01,2.299095096932262661e-01,-5.823846686470766087e-01
-5.120193146130505024e-01,-8.276669761287744898e-01,2.157410683423052755e-01
9.475111474720724347e-01,-2.248678529634834389e-02,3.189316522171367074e-01
3.386246178297966369e-02,-9.408011979183934503e-01,3.372480246197132603e-01
-9.525040948445003819e-01,-1.607152864774603063e-01,-2.586568336049594463e-01
-9.491508938228585546e-01,-8.503005136009490761e-02,3.030770214783864436e-01
-4.572678427667326018e-01,-8.879995757165926040e-01,4.859019244570297880e-02
-2.257407102072883642e-02,9.166514079878793630e-01,-3.990120578154221498e-01
9.819372623938106281e-01,1.001756125059860558e-02,-1.886087743349166845e-01
9.535586430874467556e-01,2.153237327043054650e-02,-2.988308160424719140e-01
-9.723017688253616786e-01,-2.607185418798203119e-02,2.322141445609459121e-01
-2.822153385710821083e-02,9.758782180723906130e-01,-2.164087086083703038e-01
-9.401635123431306695e-01,6.594484744690851108e-02,2.829632813994047980e-01
3.391959736619707400e-01,8.537690448364513296e-01,-3.153250359892219024e-01
3.373237907945655228e-02,-9.115825382559364920e-01,4.097301123128477829e-01
1.459804642373940808e-03,8.817676841613021343e-01,-4.716637801086156490e-01
-9.973945836867920134e-01,-5.743080895075564768e-02,-4.338002188696489514e-02
-1.425586877033389044e-01,-8.770097887606942422e-01,4.587985289229435382e-01
5.307711262790919260e-02,-9.690594875536702180e-01,2.409578477435720956e-01
9.360016016070784595e-01,1.086689742635725681e-01,-3.341306098837936722e-01
-9.527087164017209453e-01,-4.238675748532635262e-02,3.005647185534945920e-01
6.037057315127491997e-04,9.757404265372828789e-01,-2.188446433394868051e-01
8.847663331699062716e-01,1.698329420418044633e-02,4.655217829685054931e-01
1.052015226119986935e-01,-8.724815620506224390e-01,4.771821944801928894e-01
5.081854988034291420e-02,9.771842102652050777e-01,-2.062201701668048281e-01
-1.075888112619255432e-02,-8.847102479160179334e-01,4.660149752409668000e-01
-5.763113384927781579e-01,-8.052187751016846029e-01,1.322715760703211396e-01
-6.971642517067556666e-01,-5.902371264744348256e-01,4.069178549453950633e-01
5.358991467067022452e-01,-8.411398005121984989e-01,5.583553215816409315e-02
9.922929497438885971e-01,8.728608554558725530e-02,8.795670416611292564e-02
-5.777706954162491193e-02,9.601397583998955154e-01,-2.733625577379056315e-01
9.632556819507713808e-01,1.823070981066155782e-01,1.972114057711038260e-01
2.417555939259435904e-02,9.726125112074304191e-01,-2.309469165953651204e-01
-9.968702454470421692e-01,-3.615948206125199627e-02,7.029668011690720641e-02
9.926904854508399323e-01,7.065458769947247086e-02,9.771802837256660101e-02
8.629649878103604621e-01,-1.961586751992022704e-02,5.047804061555265509e-01
9.479910502927911820e-01,4.536472783836570377e-02,-3.140407189894125484e-01
-5.877195266746748636e-02,9.456444120770779449e-01,-3.197481054626765684e-01
-9.629327723980412035e-01,-1.382828261862626418e-01,-2.315989258654039817e-01
9.446747674498358061e-01,5.218223083663681844e-02,-3.236161758822974632e-01
-9.947674070560127424e-01,5.297794389087084888e-02,-8.714157321406518220e-02
2.546297082133019973e-02,-9.581448040022169099e-01,2.849448791254439173e-01
-9.577720128008113676e-01,-7.655962338634803022e-03,2.872472276820952075e-01
-8.280839625607161469e-01,8.795418083523620645e-02,-5.536068820168663640e-01
9.475277749871489075e-01,9.997647033800144412e-02,3.035478389886435147e-01
-9.563463801860083713e-01,-2.065597765129056906e-02,-2.914806713630760937e-01
-9.146963779697906416e-01,-5.107404861951428399e-02,-4.006871890313101203e-01
9.416080991116236865e-01,-2.416176998803962195e-02,3.358362215294712905e-01
-4.769841856520740109e-03,9.685924471043579898e-01,-2.484863977734143581e-01
-9.524672651302180659e-01,1.240318647485210701e-01,-2.217129215490455107e-01
-7.018556647398613291e-02,8.689172590245214378e-01,-4.899479773006463201e-01
-9.944564899471431962e-01,-2.953161818092711610e-02,-1.008833007386280567e-01
9.598160598905438601e-01,7.000984577674862486e-02,-2.716401857847040580e-01
-9.693466567507058596e-01,1.895389111506895485e-02,2.446905453156353605e-01
-9.883301017374859221e-01,-2.177858624529033227e-02,1.504563069688855115e-01
-5.034082547598681123e-02,8.732255571459612842e-01,-4.846958594541195264e-01
2.107812229738026399e-02,-9.100419631453896541e-01,4.139791575985062311e-01
-5.291670947550591864e-03,-9.029382798731009352e-01,4.297325596340193510e-01
1.331640928163485560e-03,-9.184498344510935164e-01,3.955069251499446215e-01
6.412823295882379426e-01,6.310906216614509123e-01,-4.242127392159041332e-01
1.635428827619628267e-01,-8.924540723707694578e-01,4.204148804966505448e-01
-1.058304324605347235e-01,-8.414337000154492596e-01,5.001876051695145486e-01
-9.690750525586541153e-01,-1.896078288948908619e-01,-1.579166770576409251e-01
3.389536029293557795e-01,-8.264959659416372117e-01,4.494174782095534115e-01
-9.910961883051925270e-01,1.213418627129524419e-01,-5.389902107837918344e-02
9.634898252224671777e-01,3.342764544613899963e-02,-2.653159807681460536e-01
8.534566581571417787e-01,-3.666270273427884585e-01,3.703557691699628229e-01
-9.738785716155357042e-01,-2.175784811321425372e-01,-6.489698196164057908e-02
-1.252297240442160065e-02,8.665790115449540920e-01,-4.988858715350377171e-01
4.884525677734818938e-02,-8.603888596841094971e-01,5.072847471193184798e-01
2.223121695792085184e-03,-9.521156629471779764e-01,3.057283579889950031e-01
6.739041687150107429e-02,9.442254361259090345e-01,-3.222515554644652114e-01
9.367285929672802824e-01,8.315088988871971454e-02,-3.399390693221147064e-01
-9.876392105671759625e-01,-1.093773864911673499e-01,1.120825253835070201e-01
