2.367051393257635361e-01,8.269766684196796502e-01,-5.099878139411564426e-01
1.695947876976486302e-01,-8.712041325424183524e-01,4.606849509666928744e-01
-9.699974021469586205e-01,-1.069487972937415154e-01,2.183277742959356948e-01
-1.352987551664130983e-02,-8.636041786897710182e-01,5.039651343246664972e-01
2.527471016349792099e-01,-8.639034520656084792e-01,4.356524436804958267e-01
-6.412614565972629688e-02,8.623109935168876694e-01,-5.022346568386898413e-01
2.020478336713482648e-02,8.698444855207526638e-01,-4.929056680922913047e-01
-1.041334192009478743e-01,8.670022253879225982e-01,-4.872969672097146598e-01
9.446318655521408481e-01,7.366477332987603210e-02,-3.197425921497656365e-01
3.004271127281177289e-02,8.575630447838704651e-01,-5.134545549486766447e-01
7.953609629190783181e-03,8.707402561581003564e-01,-4.916440092368862258e-01
2.226005383338669485e-01,8.488713144229000918e-01,-4.794386936376441311e-01
1.062053006467117422e-02,8.775219112462482318e-01,-4.793938192882683524e-01
-3.437718063868233642e-02,-8.664130345644254216e-01,4.981317675692626401e-01
9.335487424373568599e-01,2.882611128538203893e-01,-2.129801669229727246e-01
1.247822294567624279e-02,8.721528188442345675e-01,-4.890430953003429559e-01
-7.176359914969432374e-02,-8.614695580077307291e-01,5.026774455081495230e-01
-5.216859559126640900e-02,-8.914815205457661262e-01,4.500187602320747104e-01
-4.325596593988445537e-02,-9.013017236646720942e-01,4.310161121883929747e-01
-4.153347299174492413e-02,-8.828418958681990558e-01,4.678156642638591212e-01
2.321545344668995980e-05,-8.654658754082428240e-01,5.009567752104941984e-01
9.991998891485005529e-01,3.775422700091213279e-02,1.312590508686429375e-02
1.526800961107138699e-02,-8.690699099322822807e-01,4.944542058102520121e-01
9.700232392576340068e-01,2.337491599922192353e-03,-2.430004325716951241e-01
-8.161798924353708129e-02,8.646920571717432447e-01,-4.956132529361292338e-01
-9.933515462197244350e-01,1.673764655056286799e-02,1.138960218242106026e-01
9.996499942813258377e-01,-1.041628084343415583e-02,-2.403729809216409441e-02
3.764282995395107356e-02,8.854987119007182717e-01,-4.631143934790110106e-01
-1.024104625441590866e-02,-8.844706643786213185e-01,4.664822871753512290e-01
2.559712987975715226e-02,-8.812072829743980984e-01,4.720356997060624060e-01
-4.575600798977608186e-02,9.126301395944855788e-01,-4.062172869643517203e-01
9.988942300011734998e-01,-3.719222911231717665e-02,-2.872986492556575677e-02
2.792518738914379073e-02,8.716947557214400621e-01,-4.892436242566509108e-01
-9.681795195624972594e-01,-2.119625715231372443e-01,1.330045590109699694e-01
1.218858949147262893e-01,-8.564306364796029358e-01,5.016669241068496543e-01
2.347746339709455565e-02,8.773315200786636625e-01,-4.793079054776641090e-01
-9.968144687530755554e-01,-1.865028942664492817e-03,7.972438194217190688e-02
-9.999735400057958579e-01,7.089865457386212988e-03,-1.096469757915496945e-03
9.818623825660477422e-01,-1.636052285686809826e-01,9.579193055240875498e-02
-3.636118305267588280e-02,-9.276198039385161742e-01,3.717517452802270861e-01
9.844190719221517227e-01,-9.123936275988653311e-02,1.502792100103483297e-01
9.987590005456784548e-01,-2.935346199132937706e-03,4.971500308599169360e-02
2.636284505440422699e-02,-9.058538517495244857e-01,4.227680829533803641e-01
9.998156765675789703e-01,-1.159779666738366966e-02,1.523374435127042292e-02
-9.996274019497675134e-01,-6.703212372460853885e-04,-2.713439978962783883e-02
-3.511594924116639982e-02,-8.825316557533297024e-01,4.689275923287195558e-01
2.464232700263524478e-03,-8.754130191276331407e-01,4.833691288255194118e-01
-9.680180590490536918e-01,-7.546196716088837686e-02,2.392366296205055698e-01
9.860303418795980379e-01,-3.438439228652423463e-02,-1.629779025629612965e-01
9.832583445122629051e-01,-4.560109820727265006e-02,-1.764085094558173195e-01
9.597111825681615693e-01,1.948114002834633318e-02,-2.802338824189697930e-01
-9.837634691162396861e-01,-7.995093979985584687e-02,1.606671330005058629e-01
2.564280409938129446e-01,-8.418033060190582839e-01,4.749843013620214660e-01
9.926904394770939000e-01,-4.066444090989707050e-02,-1.135676263380470119e-01
9.954468146151871366e-01,-5.358683051165491484e-03,-9.496041781500214052e-02
-1.629546406156157090e-02,9.206163865577281502e-01,-3.900716839897312438e-01
-2.385685589441510768e-02,8.614052619696457302e-01,-5.073076659008368683e-01
3.121859215898548090e-02,-8.673122121298393328e-01,4.967820544979279496e-01
9.259565465780217330e-02,9.334179681338170553e-01,-3.462330559354009352e-01
7.220501500202847200e-02,8.693127136858476156e-01,-4.889550945139233273e-01
-9.983550353448265025e-01,-3.583107141694888420e-02,-4.460738660221930107e-02
9.904402991934726508e-01,5.168620998110429188e-02,1.275262273098941024e-01
9.569741691850437437e-01,-2.412507814449161847e-01,1.611646387156288884e-01
9.205605894648558607e-01,4.735427875697362232e-03,3.900709489860376133e-01
9.623605640920231963e-01,4.156662132319866032e-02,2.681455815120423192e-01
4.058769365694125941e-02,8.810018670530614937e-01,-4.712961288380728142e-01
-2.713751999557256767e-02,-8.778590075043802843e-01,4.781429811276741715e-01
9.951526682086873077e-01,7.353954107999971512e-02,6.499015068090491232e-02
-9.831088234608483800e-01,-8.893278409904947779e-05,1.830197735169603046e-01
2.009794584237099002e-01,8.554053608291953825e-01,-4.773762357196907335e-01
9.324950366174026284e-01,-3.392124919087904922e-01,1.238908137913972141e-01
9.960286775492537270e-01,-1.568153370298608351e-02,-8.760684478513380835e-02
-7.393668049754843485e-01,6.379900101814895974e-01,-2.151870688702439971e-01
-3.222498975687404510e-02,8.702283925775764484e-01,-4.915896454059054954e-01
-3.266849893129902815e-02,-8.875587958809094680e-01,4.594527221070648926e-01
-9.501900678279647794e-01,-5.154218633059004517e-02,3.073204959416970250e-01
-3.289182092736497864e-02,9.190092919150629758e-01,-3.927809425197320570e-01
9.867497294713180045e-01,-9.194567657451357956e-02,1.336560574904239740e-01
-9.840582072190460217e-01,1.174003781364364452e-01,-1.333540240674033761e-01
-9.998940859021827610e-01,3.588533948288175068e-03,1.398507115059466344e-02
-9.995823804316574801e-01,2.307733658003630062e-02,1.737115394219593267e-02
-9.735317887278760463e-01,8.370646125201652854e-02,-2.126703744319057843e-01
9.446537022100265357e-02,8.775137199442666347e-01,-4.701320641920457288e-01
9.727666439997914027e-01,2.111369327862233636e-02,2.301342497188112457e-01
9.766025278764267625e-01,-1.985997948973939886e-01,-8.255152160175976972e-02
-9.931973207375008883e-01,9.215512420005922412e-02,-7.085213402301454577e-02
-9.956705545731130425e-01,1.630085001707354264e-02,9.117960502118560573e-02
-1.084744789853175906e-01,-9.042213412821427099e-01,4.130581740901306809e-01
4.714398863482680557e-01,7.103650151220444187e-01,-5.225610874496203762e-01
-2.361666451703302583e-01,-8.238073875395496293e-01,5.153504591197646256e-01
9.877141585153690340e-01,-6.129016674791110120e-02,-1.436379665715388221e-01
-4.539492636616015986e-04,-8.842324324005002012e-01,4.670409814407522897e-01
1.680771716008603311e-01,8.635014177849380523e-01,-4.754096803116473202e-01
-9.782699692051026741e-01,2.630517520926989317e-02,2.054844006041419147e-01
1.401120518573395479e-02,9.212495695346313296e-01,-3.887116415669661373e-01
9.447127795856957722e-02,9.241017611098082396e-01,-3.700784139430340902e-01
9.946684071666875848e-01,9.507071727631766223e-03,-7.369652419294105139e-02
9.793582878047641938e-01,-2.841962909029308038e-02,-2.001240355352011391e-01
5.305474198670218078e-02,-8.596450384254336052e-01,5.080223406702344402e-01
2.446276047502982109e-02,-8.583768284741344345e-01,5.122534179052160574e-01
-9.987002335735214453e-01,2.922895779324757859e-02,-4.174268718714280180e-02
-4.286668431820417347e-02,9.310214004722363601e-01,-3.624368413888203744e-01
-1.203080627495267674e-02,9.194879919835957649e-01,-3.929294787408027512e-01
-3.324212805132087389e-02,-9.564765655971390057e-01,2.899049533614060370e-01
-9.994346607240058855e-01,2.937183487747696553e-02,-1.631331307146299814e-02
9.985243362350727514e-01,-1.263528209848502337e-02,5.279807706183922006e-02
9.983055458985437003e-01,-4.952360612091333270e-02,3.055236578383582757e-02
1.884837718809870277e-02,9.156372957943793578e-01,-4.015506753287308439e-01
9.981930834700564192e-01,-5.474109169732710445e-02,2.357770400349443185e-02
-1.202872335119103964e-02,-9.379031333887136723e-01,3.466584305017047507e-01
-2.126342555478621943e-02,-9.391853711133856253e-01,3.427346580347381266e-01
9.937474903016114691e-01,-6.546080502274476132e-02,-9.044782230996528671e-02
-4.992226918237391287e-02,-8.958997538415361950e-01,4.414163388978804003e-01
9.953463868365024503e-01,-1.172737327664796769e-02,-9.564322725894211508e-02
9.912955861544207048e-01,-8.685548166148648885e-02,-9.892889506048696546e-02
-9.887604999986777665e-01,-1.481495290410517196e-02,1.487627861057471135e-01
4.457232473241945492e-02,8.862147387352031780e-01,-4.610959480374161590e-01
-9.846206585986684301e-01,3.169490175725409031e-02,1.718068419679593672e-01
-2.789695654377044587e-02,9.092549911568328369e-01,-4.153016316934903251e-01
9.981107076894546459e-01,-4.879894372004645042e-02,3.731990736136314712e-02
9.988737294564762337e-01,1.092097852375351064e-02,4.603481177658891310e-02
-7.598425253437290916e-03,8.728736841455398965e-01,-4.878546150740757925e-01
9.561662875576382170e-01,-4.202588643745330810e-02,2.897749282293143325e-01
6.609171216673948024e-02,8.712729292153623684e-01,-4.863152363155223146e-01
1.849948777560561641e-03,8.678432770091257797e-01,-4.967754692321080801e-01
-9.560284961485947530e-01,-3.193398193584678912e-02,-2.912794524065407398e-01
6.516030011725615356e-02,8.663319839761869368e-01,-4.951906594857898303e-01
9.651191591736583142e-01,-4.727682097438368203e-02,2.575029720836419789e-01
9.255057233364373248e-01,-2.155224707119318683e-02,3.779933829203070417e-01
-9.107915780438011755e-01,1.414836721288154631e-01,-3.878633357693317407e-01
-1.375232042466989490e-02,-8.792168234192261345e-01,4.760002710726455311e-01
-8.966764841396046570e-01,6.885330411920276283e-02,-4.371866374106473940e-01
-9.918406221428677227e-02,-8.645052965771465869e-01,4.926589514988700680e-01
3.169153572052043621e-01,9.289357797497788116e-01,-1.914235447069353724e-01
-9.398063522576212137e-01,1.279321898052604434e-01,-3.168464372960871911e-01
-1.028893883830747091e-01,-8.719841908326738666e-01,4.784445932660105760e-01
1.794571440193903911e-03,-8.923868679557604988e-01,4.512372234858572639e-01
-9.917877432502475443e-01,6.999659535340363448e-02,-1.070251675541578351e-01
-7.145657206583388987e-02,-8.845760943388403241e-01,4.608878529808713709e-01
-3.562018328983093118e-01,-8.914965904744037717e-01,2.780647542327315813e-01
5.733758238981030431e-01,-8.047089347748470622e-01,1.538950774479236894e-01
-9.856566506790400695e-01,-4.830440296524596278e-02,-1.606962895120854495e-01
-9.820806937610022658e-01,-1.021382243448398786e-02,-1.877648556795695201e-01
2.025198685887008576e-02,-9.343435861057310943e-01,3.557972470666542764e-01
-9.977389573327696271e-01,3.108884073674911264e-02,5.956787950798908549e-02
7.333982991147425246e-02,-8.749629537240695143e-01,4.785962496901757790e-01
-7.652194873796155927e-02,-8.762543562148246146e-01,4.757272334456983942e-01
3.299035072550738912e-01,8.814975535770868120e-01,-3.098004148597622298e-01
-4.491479611142015216e-01,-7.154458877045353216e-01,5.351441959903038281e-01
9.582855195890848110e-01,-2.441839323482064561e-01,-1.151806604701156034e-01
9.799652144471860948e-01,-1.114654979760902748e-01,-1.650564183375573812e-01
8.341375557759403980e-01,4.986196075495072377e-01,-2.357817317166774340e-01
9.543151684208071028e-01,5.294437035021559712e-02,2.934715399659575397e-01
9.700289215799153819e-01,2.074602633260549389e-01,-9.165567567658880477e-02
-9.981938659940026159e-01,-1.556325578703665613e-03,-5.973133690870441326e-02
-1.478756669721198458e-02,-9.137222376407184710e-01,4.059847685299916020e-01
7.470790263922721941e-03,9.198643974609748142e-01,-3.921309275187098708e-01
-9.710960784737544538e-01,3.440087234342747990e-03,-2.385177541163736870e-01
9.889881344118011119e-01,1.080652032854493294e-01,8.756830782951863235e-02
-9.537151203398360755e-01,7.107731391559818368e-02,-2.921908360673134419e-01
-9.316981521089828799e-01,1.544943644468493582e-01,-2.876785400548964033e-01
-4.343391611681406833e-02,-9.646038908983767257e-01,2.601015736101381925e-01
4.405009565807449512e-02,9.231349882118584649e-01,-3.819406981352044261e-01
-9.763182217224551929e-01,1.023890237322127965e-02,-2.160969569681499836e-01
-3.589531028587271411e-03,8.588534307524534617e-01,-5.120634217857399362e-01
-9.637825440211121863e-01,6.479060139490178116e-03,2.666060730403975176e-01
-2.797602519830677537e-02,9.036838452775233232e-01,-4.272763487135201599e-01
-4.137448131642185167e-02,-9.128259056742297206e-01,4.062335768067603103e-01
-9.987851777457145142e-01,4.505559339619569226e-02,1.988147488622277193e-02
-1.142079737689682961e-02,-9.212530391299407206e-01,3.887918519739801959e-01
-9.981783802056793942e-01,5.542438732091514719e-02,2.325569426547352547e-02
-1.275445041917455669e-03,-9.186865670044920273e-01,3.948279355373934263e-01
-9.956495657983412961e-01,-1.245249406550930082e-02,9.233990322495727598e-02
-1.477340639352786589e-02,9.440923371498474159e-01,-3.293437289449272498e-01
-9.966260564918277831e-01,-2.151570320318318963e-03,8.199083897088550732e-02
9.929068154753679654e-01,1.463543210854401089e-02,-1.179627802334443643e-01
2.905602709079666002e-02,9.132053097676162690e-01,-4.063341356282044181e-01
-2.300252514174369600e-02,-9.083749677888666163e-01,4.173991114792814372e-01
9.929413224565071250e-01,-3.691266737625431560e-02,1.127148180595620858e-01
7.265389960535661995e-03,9.244444520886674344e-01,-3.811990421266376328e-01
-1.304189967395918970e-02,-9.093398449045605458e-01,4.157883051332521562e-01
-4.768293467539647112e-02,-9.112604144946326867e-01,4.090540869935788693e-01
1.300474273437551842e-02,-9.465039605647084242e-01,3.222932475997450363e-01
9.954123906898598717e-01,-6.253640127537174465e-02,-7.235711309776501898e-02
4.288331704386643545e-02,9.279234832088785190e-01,-3.702764188871636719e-01
3.988802521248413502e-02,9.282892495910312070e-01,-3.697037085979967275e-01
-1.887502100837956664e-02,-9.448755074425568834e-01,3.268214342284045393e-01
-9.884540118645990248e-01,2.520054325964782294e-02,1.493942632680859417e-01
-9.973203739949432212e-01,2.834210801538450397e-02,6.710355256628902643e-02
-9.989209900014979215e-01,2.754966610337572508e-02,-3.727929579776759206e-02
9.996192781844858155e-01,1.179561148590513309e-02,-2.479825703069978016e-02
-1.368403782762261933e-03,9.666164492075346448e-01,-2.562189317815464773e-01
-9.973579255046967074e-01,-6.100074888226336700e-02,-3.845725243389275239e-02
8.839634476552304942e-02,9.639959583207058369e-01,-2.507217831336854275e-01
1.327360176694436511e-03,-9.537283316345239736e-01,3.006570784793876627e-01
5.388976961093158713e-02,9.312070978805890853e-01,-3.604738589756304457e-01
-9.974292215684608109e-01,-6.538999775670295556e-03,7.118970527772483514e-02
-9.999552337678538905e-01,5.528976703949917137e-03,7.677777029962584709e-03
9.845685479900802006e-01,-1.824209257228925907e-02,1.739869791207596939e-01
-9.861460804624191390e-01,-8.637600321252580926e-02,-1.415859274947828261e-01
-9.931813678411005597e-01,-9.736128786763059706e-02,-6.411692001917826400e-02
-9.865644865763839588e-01,6.333291080979852605e-02,-1.504563721340056448e-01
2.462248007094511859e-01,-9.505784245891599760e-01,1.885228785855238010e-01
9.994826672965557712e-01,-2.408845783624136150e-02,2.125214312609380318e-02
6.920262939650467793e-02,9.531519716516595464e-01,-2.944184349178058380e-01
-9.911237038359895779e-01,2.697103073258266814e-02,1.301587987003936797e-01
2.047598648589210590e-02,-9.744757001709273281e-01,2.235404227381415643e-01
4.787867926611572011e-02,9.628639110867547313e-01,-2.654357958259064287e-01
3.388306851196631886e-02,-9.646637804331033017e-01,2.611185739343599987e-01
1.443452152286427426e-01,-9.644999092315098554e-01,1.894969274398623504e-01
1.196731413278981360e-02,-9.783623042353379873e-01,2.065507120786601591e-01
1.968652783659720074e-01,-9.632870796427744908e-01,1.825433218914984113e-01
2.538093068322322399e-02,9.772016045030227360e-01,-2.104761578442103653e-01
-3.059956487476202525e-01,9.215115116821080976e-01,-2.281959771417010341e-01
-9.831997024999210577e-01,1.131807770540224634e-02,-1.816123711096236104e-01
9.587259413344080272e-01,-1.541555343132808842e-01,2.389107040610349564e-01
-3.073081784621013446e-01,9.258353881764173066e-01,-2.199784476955140844e-01
-7.901689051957407894e-01,-6.128669884365355314e-01,5.211117586074205145e-03
-8.822783863447236641e-02,-9.751742233042112185e-01,2.030795681113576612e-01
-8.816339794821421716e-01,3.907900692201748960e-01,-1.912802294329405961e-01
-3.860405228718710724e-02,-9.795389183433304003e-01,1.974960005378487149e-01
1.033205900418884271e-01,-9.768013525875408609e-01,1.873036584651390224e-01
1.754977548532847820e-01,-9.671117662928935266e-01,1.841069513606046204e-01
9.985253410241109462e-01,5.311275656073235346e-02,1.123291694990165637e-02
-9.995915947894186138e-01,-1.036957464371024429e-02,2.555406869958881666e-02
-9.984441347386204813e-01,4.340725935377620637e-02,3.463072314138503777e-02
-9.817025978647450080e-01,-8.393024551372363362e-02,-1.708028125694659449e-01
-9.881196736962315486e-01,-1.162986618488970336e-02,-1.532212180821849457e-01
-9.846392457633700301e-01,-8.779531030542120362e-02,-1.509075164027705585e-01
-8.202329307736971886e-02,9.413290253361636939e-01,-3.273541292047023599e-01
9.674678353668340058e-01,-9.404027349488264242e-02,2.348336130985252679e-01
7.095052816140223761e-02,8.752647373773676520e-01,-4.784112009408651445e-01
-9.683314880679750880e-01,2.479708243684335123e-01,2.906199370484632838e-02
-2.696992252150811620e-01,-9.408341216643275606e-01,2.029165386544224958e-01
5.923255509744373981e-03,-9.720351923087182655e-01,2.347567565807370249e-01
1.976686563517326967e-02,9.759944764028143371e-01,-2.165358444301654639e-01
1.935155283576086571e-01,9.616176855226277187e-01,-1.942519542085174578e-01
3.636727711110065986e-03,9.822405281253843157e-01,-1.874705593104257217e-01
-8.727278678123262523e-02,-8.804468464391542737e-01,4.660479158441602210e-01
9.879386827371976487e-01,1.174889107091888346e-01,1.008560886357399711e-01
4.029219069539746734e-02,8.980269690873331490e-01,-4.380864291347384976e-01
9.934191694046490273e-01,-3.591330514327439882e-02,1.087587212488156929e-01
9.978696964884877785e-01,-1.497789495169232765e-02,6.335638183147837554e-02
-9.915068895856842257e-01,3.750036251105981489e-02,-1.244795451339100745e-01
1.111804190375899615e-01,8.646487392410618922e-01,-4.899009458066508893e-01
2.197762221368954605e-01,8.597414641122776979e-01,-4.609860636263520273e-01
-9.704121838672105094e-01,-7.815798003882168388e-02,-2.282798037109262379e-01
-7.877600389227668032e-02,-8.681419984807787760e-01,4.896274762924456292e-01
-3.672272840133670169e-01,8.072969455072445122e-01,-4.619694401698438702e-01
4.991605769723763131e-01,8.545989759218357573e-01,-1.273958955183714936e-01
-5.200214022610157860e-01,7.471384596857284510e-01,-3.891662998373778271e-01
-9.450293376481196939e-01,-1.597426727641223371e-02,-2.930242405203286049e-01
-8.196277639318512165e-01,4.071959271565384619e-01,-4.029910737214916217e-01
4.326785479125233036e-01,8.971583116759628274e-01,-8.886077856425894650e-02
4.218586598117445713e-02,9.582665408727327749e-01,-2.827465107746259254e-01
-9.597078344827441043e-01,2.268508105309485767e-02,2.800345924303029865e-01
4.224802635749876356e-01,-8.947632112501658908e-01,1.446002167456880982e-01
7.084562932054205842e-02,-8.959291229715161675e-01,4.383000651321533603e-01
9.794905373693489903e-01,7.284100488396949569e-03,-2.013297209665368404e-01
-1.553743178684890425e-01,8.663606327297384002e-01,-4.745726238146373843e-01
5.694918324970488221e-03,-9.019819544841751746e-01,4.317100686422892242e-01
3.802777258363742030e-01,-9.118431028127861326e-01,1.546964999134306240e-01
-1.200351327239271848e-01,8.658969129927013286e-01,-4.853751436633185756e-01
9.294005357115908694e-01,8.109824962946265980e-02,-3.600153759159425704e-01
-5.160387410991534862e-01,-7.864849719108882864e-01,3.285403470197985620e-01
-9.686514943205981609e-01,1.227742462343606178e-02,2.464585258572368764e-01
-3.200513422954638365e-01,-7.809370033408239431e-01,5.363712903953705702e-01
9.797141581729380544e-01,-2.260262704057813821e-02,-1.989387748772330211e-01
9.612695423666548500e-01,-1.226079773297777953e-01,-2.468338484086490536e-01
3.135398033903764592e-01,8.480534512274262582e-01,-4.271583893832052170e-01
4.073588617732236128e-01,-9.089801283592207071e-01,8.839617629104905283e-02
-5.347245098487245496e-01,-7.678283681808478756e-01,3.528587473533532637e-01
9.902963455960926975e-01,1.085169309954699263e-01,-8.681718485615863568e-02
7.847358979616380070e-01,-5.992513883338712599e-01,1.583898482550869513e-01
9.654830759110476501e-01,3.729109412633069276e-02,2.573394362077146003e-01
-9.819362445603545542e-01,-1.337870066237005218e-01,-1.336264008392843983e-01
-4.028455549323450846e-02,-9.221399967831326316e-01,3.847443425863986688e-01
3.792340771193702942e-02,8.735454936081704647e-01,-4.852289341076668761e-01
9.713758732137921514e-01,9.166261856779878148e-03,-2.373645383170163714e-01
-1.395898692489827564e-02,-8.829302051328222767e-01,4.692590616821785132e-01
3.062173857156258450e-02,8.844335832184619939e-01,-4.656557813094921450e-01
-1.160798367238204953e-01,-8.607404352394296687e-01,4.955660385230953868e-01
-9.901945627806163497e-01,5.314824199885681555e-02,-1.291703585532907317e-01
-7.156054248241966453e-02,9.524627325823669111e-01,-2.961314340032879522e-01
-9.956923766054439628e-01,3.565431841831190329e-02,8.531694040447668215e-02
1.823769999937002728e-02,9.546216269184656378e-01,-2.972590799749224022e-01
-9.739999198228619370e-01,-1.600315866727786140e-02,-2.259630468746113563e-01
-7.235206831711082920e-02,9.533533212405422841e-01,-2.929951765190316193e-01
4.270775841525657757e-02,9.823756980520231830e-01,-1.819726222483593614e-01
1.381702391812275332e-01,9.736325118936095535e-01,-1.815178139697113668e-01
8.156965854041239861e-02,9.789384090588266751e-01,-1.868945473167781257e-01
-9.878844398647793623e-01,-5.742087666322874540e-02,-1.442170895627915839e-01
9.924921322717282779e-01,9.031622867649466424e-02,8.245841138209852872e-02
3.145608598000796396e-01,-8.086077196191963079e-01,4.972157301325893508e-01
9.691283144027038610e-01,-9.077621985783779213e-02,2.292467487084004774e-01
9.690744362022752911e-01,-7.868592025032872250e-02,2.338906421189412277e-01
9.884933567924609754e-01,7.657234882118579833e-02,1.303587939656012940e-01
-6.233878146013331900e-01,-7.291819090730933262e-01,2.822849680771574721e-01
-1.613710933520665636e-01,8.409473188582250458e-01,-5.164943660553812377e-01
8.347016733249756903e-02,8.646421885390228601e-01,-4.954050759987689845e-01
9.572578188515220576e-01,2.884407407132968393e-01,-2.143450903021543175e-02
1.716977193526614265e-01,8.686718877336103706e-01,-4.646628309859817119e-01
-9.007770668158628924e-01,2.144292383709849314e-01,-3.776282095529860383e-01
-3.083970373433229661e-01,-8.593482583171109246e-01,4.079228812273204552e-01
7.742650008110968374e-01,-3.983691613212066995e-01,4.917435873335825880e-01
9.182909942685160143e-01,3.958887606675518533e-01,1.852885442471668975e-03
-2.379209542171463188e-01,-8.754613883714399414e-01,4.206307244756494756e-01
9.413061417644780215e-01,-3.468985718724371115e-02,3.356897431946322952e-01
8.847047652945315699e-01,-1.694736821208251421e-01,4.342406386054020184e-01
-7.272348299239221880e-01,4.859335750768530859e-01,-4.847623335805396616e-01
8.102303845405774974e-01,-3.935523535246323035e-01,4.343352001788103323e-01
-4.418839655685458112e-01,7.365437048736794834e-01,-5.121193103455611295e-01
9.875960603487804468e-01,-3.444447738730516129e-02,1.531911583135575627e-01
9.529408085555948205e-01,2.893662238309708812e-01,9.029284458503164523e-02
8.826094300412834492e-02,-8.737218537884078318e-01,4.783558583534303077e-01
2.269648992333428428e-02,-8.779413838519116720e-01,4.782198758207464317e-01
-8.590081406116225615e-01,2.595850265472465779e-01,-4.412621951618515004e-01
-5.031937011499570955e-02,-9.169518557220576183e-01,3.958099659423059968e-01
2.733516146495025834e-01,-8.453630364665626340e-01,4.589334503475605564e-01
2.088993022895557772e-02,-8.997825047663011722e-01,4.358319340094594097e-01
9.782224937369529139e-01,1.847798872171824147e-02,2.067424948104484295e-01
4.911232814200977015e-01,8.241437905338561132e-01,-2.820479954084589291e-01
-9.722919346001590579e-01,-3.573074326804648315e-02,-2.310063341884507904e-01
-8.632678068887085221e-01,-5.024747995424949654e-01,-4.782163200539274461e-02
6.667157374633043976e-02,9.166435156476552271e-01,-3.940641295785602405e-01
9.581407176515890356e-01,2.747765777605269966e-01,8.010774125671576984e-02
3.683051967173379126e-01,-7.893135749034568827e-01,4.912579265034816567e-01
-4.112938548842958730e-01,7.450878418703787975e-01,-5.250616500469525993e-01
8.041687825686260060e-01,-3.724796663176947464e-01,4.632200862390960516e-01
8.255407279625445183e-01,-2.968688148998820941e-01,4.799339051734693440e-01
-5.029814289251377524e-02,8.893329283691957521e-01,-4.544841388802381976e-01
5.447184112771674691e-02,-9.420784305508038692e-01,3.309207532083095482e-01
9.844336857534340401e-01,-8.941570781374197363e-02,1.512895772677810002e-01
9.621171353084788380e-02,-9.012741805226397451e-01,4.224319152937127120e-01
-9.645778952699629941e-03,9.069941108788062145e-01,-4.210336687003077838e-01
-9.915857139341627269e-01,-3.327338151241165942e-02,-1.250983032819254492e-01
-3.304263600018086944e-02,-9.315055368199652852e-01,3.621904828248748709e-01
9.974956938197734324e-01,9.113764699711035533e-03,6.984768256050777335e-02
8.497132781305873905e-01,-1.266150131505883736e-01,5.117312397101251298e-01
-1.303159124238469913e-01,-8.581931762905090633e-01,4.961194649677789781e-01
8.314764731835313505e-01,-8.273622545489667246e-02,5.492113746326424684e-01
1.605084243183749759e-01,8.737465281931244832e-01,-4.589268258227529595e-01
-5.130279847210923450e-01,5.058583789367231409e-01,-6.934764504671555585e-01
-5.182128925445095291e-01,5.016989287820520227e-01,-6.926424639448508502e-01
-5.195386916933055765e-01,4.915922934288650681e-01,-6.878411628716674109e-01
-8.656600493032565735e-01,3.684147763618628169e-02,-4.986661675360837265e-01
6.298668171821580897e-01,7.757907851543075495e-01,-3.763575802984532592e-02
-4.607130651182817643e-02,8.945265243638754749e-01,-4.446343800537449487e-01
-1.174193986999212125e-01,-8.792919862663701736e-01,4.611020974443910680e-01
8.966895540334443582e-02,8.604071486486785103e-01,-5.016562737483940548e-01
-8.838057514371601142e-01,-7.919930720746191921e-02,-4.309042535917286809e-01
-7.202674276664869923e-01,4.196351228117405352e-01,-5.523777659767612480e-01
9.109478899479481750e-01,1.331686004220211661e-01,3.629669592411614021e-01
-9.665454139974630765e-01,1.367067792637562951e-01,2.169686651869548455e-01
-1.676271304762322334e-01,-8.636759920141617863e-01,4.753071180936403461e-01
-2.334724725884819718e-01,-8.537610186231695542e-01,4.653731215069096261e-01
8.821866495215556769e-01,-4.655137650000216731e-01,-7.101865952998979992e-02
3.450589088779502656e-01,-9.021832232127576789e-01,2.588431593791845065e-01
-9.277667741256045986e-02,9.592020031982446682e-01,-2.519315664197129823e-01
1.036694007491545388e-02,-9.647552395396014058e-01,2.601553529689690225e-01
-9.952689245086863146e-01,-9.683090496113824774e-02,-7.971433480239835737e-03
3.915094200848051598e-02,9.108277283138863645e-01,-4.109180209378976989e-01
9.934770919203400608e-01,-1.527983321577910947e-02,1.130023680400598363e-01
3.511628837364710876e-02,-9.444636534039674292e-01,3.266978406457433648e-01
-3.941516348830698124e-02,-9.480684514367592186e-01,3.156143273514769865e-01
-9.930665004930839812e-01,2.789537454941881656e-02,1.134850010842812784e-01
-9.907497610723602355e-01,1.713013878280766900e-02,1.346110558196652041e-01
9.880174399869013913e-01,-1.587704572583392704e-02,-1.534407346342544776e-01
-9.849742428667674909e-01,-1.683147060943013251e-02,1.717491264498908210e-01
2.289225848277898212e-02,9.208956443191096408e-01,-3.890673391590697139e-01
-9.933250924190355491e-01,-3.988864855549167920e-03,1.148475030411498232e-01
-6.384816166337320409e-02,-9.748454181715038303e-01,2.135153055923130483e-01
6.042243514182570330e-01,-7.924965063222584316e-01,8.283852135450762988e-02
9.753917393166415817e-01,-1.527640464125346043e-03,-2.204232799152915367e-01
9.908383145818302484e-01,2.640472731035847787e-03,-1.350175508347733755e-01
-9.880824962625409658e-01,2.705122585525632228e-02,1.515105504889324439e-01
3.623665836576336896e-02,9.119598850067350826e-01,-4.085179498765816875e-01
9.989172890259023774e-03,-9.464181882553593939e-01,3.226709749927991200e-01
-9.863231986883065350e-01,2.001467615818919299e-02,1.631749804845028518e-01
9.855073281539858954e-01,-4.509297919796040333e-02,-1.635295811947371503e-01
9.785443543331450167e-01,-7.301148338438379071e-02,-1.926339716806944879e-01
9.847973624786134916e-01,-2.385298138042524219e-02,-1.720348777309519961e-01
4.319615144809718643e-02,9.765164785150065585e-01,-2.110249705871785064e-01
-3.061029587112084061e-01,-9.208377421096876070e-01,2.190727434635124093e-01
1.380261409533956041e-02,9.425618073701456101e-01,-3.335784631465846806e-01
9.770014887503336576e-01,1.442222364635634135e-03,-2.131887969543639350e-01
4.349000518854869157e-01,8.680588613467081771e-01,-2.394488632411045648e-01
-3.345113472239646946e-02,-9.585497916809668784e-01,2.827607413028691563e-01
-9.884972548074058007e-01,3.018094255466807763e-02,1.481196208255936009e-01
9.816293742603814376e-01,-1.209613775302786909e-02,-1.904123796274544700e-01
9.809065708432058717e-01,-1.897916819288669732e-02,-1.935409219426272864e-01
-3.083495671014424566e-02,-9.014492743569829658e-01,4.317606331136736308e-01
-9.675060592109631097e-01,4.437202936330875147e-03,2.527784433385200091e-01
-9.917077615542516655e-01,3.259664984347954153e-02,1.239592879607633868e-01
9.213104537113750991e-01,-3.804850118640450973e-01,-8.011369189444270122e-02
1.668477736756163732e-01,-9.736886727278114551e-01,1.552165874545730351e-01
4.063674634477995040e-01,8.770991645057051311e-01,-2.375754555067951523e-01
-9.638376900338296860e-01,-2.900731113174537246e-02,2.648829227714944445e-01
9.739772544988019032e-01,-1.768719408519592307e-02,-2.259424606350515785e-01
-1.795600866713997767e-02,9.430842820284326411e-01,-3.316034477000742164e-01
-4.061026962311325983e-02,-9.154760526462742964e-01,4.003166487451366717e-01
-1.193391452777115003e-02,-9.307198805481965431e-01,3.653731407556343180e-01
2.492056585672042246e-02,9.180202095390029848e-01,-3.956577415994684821e-01
-9.536605189542441963e-01,9.525688724363323701e-04,3.008573315509748269e-01
-3.552249316753497421e-02,-9.001131851811270401e-01,4.339709138879598305e-01
-9.534356990773694696e-01,5.984583678359189918e-03,3.015106706008706672e-01
-3.660135409230147463e-02,-8.979570805262345745e-01,4.384955091261318327e-01
9.535313104867866318e-01,-4.734921873287512017e-02,-2.975424172488329577e-01
-1.549138457858889595e-02,-8.935913038536605901e-01,4.483548060197267704e-01
8.236672159345004296e-02,-8.979358923130842385e-01,4.315279150073706993e-01
-9.357632342530508573e-01,-7.037525854835247063e-02,3.453200482622164058e-01
6.299459704858387799e-01,6.069453382468952274e-01,-4.845466238134536474e-01
-1.781975897913301576e-02,-8.998581042518166706e-01,4.356771938209343387e-01
-9.377921767832126942e-01,-8.387427622571896890e-02,3.368671227204720897e-01
-1.668129585962990769e-03,-8.874956138484827450e-01,4.606547651736603299e-01
-9.389266092682110321e-01,-2.340817179379284241e-02,3.433163823164108175e-01
-2.627813070836769460e-02,-8.747341334718770067e-01,4.836996810208009645e-01
-9.377472983482249003e-01,-4.090341343478226532e-02,3.447422734583077131e-01
2.624883535491340236e-02,8.759083006494927659e-01,-4.817628634605973792e-01
6.725653559971978002e-01,5.436148068306513315e-01,-5.021342287743748578e-01
-6.464616982915730725e-01,-6.298566572999322322e-01,4.305436840750667127e-01
-8.683544106187232603e-02,-9.254359708219382918e-01,3.688195630446502449e-01
-9.747302284602428202e-01,-2.912402728026175502e-03,2.233633225970517722e-01
5.016947242576492716e-01,-8.521685248682262515e-01,1.397271358692955268e-01
-9.477386363391041568e-01,2.712534765985576968e-01,1.679673439192596873e-01
-6.121012211507801393e-01,-7.105175192301069753e-01,3.471267058767135150e-01
-5.865063743120457751e-01,8.092900562064072600e-01,3.255576472406695315e-02
7.587691805392896560e-01,-6.426378425514069903e-01,-1.062352765544857108e-01
-6.031908645140072744e-01,7.798967452176839288e-01,-1.670983176627083011e-01
-9.589528654805197228e-01,6.180453112919725989e-02,2.766791859322224045e-01
-6.028645992528656183e-01,-6.998113017148416271e-01,3.419861428661917224e-01
4.168561494796001465e-01,8.401028647361042934e-01,-3.470707814023416549e-01
-9.334364165857428342e-01,-1.471226144840431793e-02,3.582849343584079138e-01
-1.510342874295085569e-02,9.692726232418474863e-01,-2.455146649980540496e-01
-9.673994742235312305e-01,-2.512987045875642034e-02,-2.519833574693015610e-01
-9.765979807939317858e-02,-9.618847016892777546e-01,2.554117246212224135e-01
6.602012738907575562e-02,-9.383880551237232526e-01,3.392182620039905228e-01
2.445527953942266963e-02,9.477793591969555509e-01,-3.179835053811823076e-01
5.325002161465717254e-01,8.182700461971366135e-01,-2.165034414732246448e-01
9.864204536283683877e-01,-3.606517688493554585e-02,1.600937929207936206e-01
9.883442941878138877e-01,4.696898278980787822e-03,1.521625032633495689e-01
-9.842044775101499443e-01,-3.354575076937227340e-02,-1.738196862254814123e-01
-5.019311882284660520e-03,-9.348785830429193755e-01,3.549321325028885199e-01
-9.717613198955726839e-01,7.841269626543628801e-02,-2.224831966015217710e-01
3.956224425371246411e-03,-9.402063060233152303e-01,3.405784726352992231e-01
-1.755199979585018444e-01,8.895549925883027287e-01,-4.216949081499410945e-01
-9.766671668454057764e-01,-4.602213386761933034e-02,-2.097512345054055594e-01
-1.983016273638593674e-01,-8.779336415977690988e-01,4.357853554290538334e-01
-5.047989663546550432e-01,-8.231337797706431703e-01,2.599996845059407979e-01
3.019475307223892235e-01,8.803927089479105517e-01,-3.656980194531018746e-01
-8.233471127869411710e-01,1.830412062883186586e-01,-5.371245763329989265e-01
-3.152813391294317924e-01,-8.743638788530293526e-01,3.688586564125783118e-01
3.093824968067261372e-01,8.804841781983754334e-01,-3.591906513547447610e-01
4.753330409378979104e-01,8.440030346861915334e-01,-2.483999940482491120e-01
-2.967308890187419501e-01,-8.914683607565176970e-01,3.424034860569765693e-01
3.572086869501529538e-01,8.832489676820374225e-01,-3.037582015698901960e-01
-8.276936692472562918e-01,1.213002286570499799e-01,-5.478369137227746544e-01
-8.301439846063026762e-01,7.426431616867268382e-02,-5.524512372109989800e-01
-3.270925226461046109e-01,-8.954549255983013101e-01,3.019454558554600099e-01
7.469685119543618690e-01,-3.385317704116737603e-01,5.721984283060354004e-01
-8.125481595163013271e-01,1.757525457189026419e-01,-5.557071723552408082e-01
2.856135284448063083e-01,9.060561333358504443e-01,-3.122148110883681271e-01
-4.889749384649935138e-01,-8.449006963624587918e-01,2.168726653676229243e-01
4.494828333451375002e-01,8.607009828294757137e-01,-2.390421760295552978e-01
-6.570165603794037024e-01,-7.498293422523543139e-01,7.796968839278661800e-02
8.170376115452940846e-01,5.727342012041232167e-01,6.653754651993276648e-02
3.745266565526154667e-01,-7.797813097683293782e-01,5.016670059327240638e-01
-2.116092857722281506e-01,-8.694933389580614680e-01,4.461664892019459594e-01
1.135313859199320596e-01,8.647699804609879637e-01,-4.891623096095789047e-01
8.782376122153048303e-01,-2.884204913399879278e-02,4.773257497654557202e-01
8.798934220183808330e-01,1.469178128488635160e-02,4.747920430693879368e-01
-2.299121579032896157e-01,-8.769909562459218266e-01,4.218873536259025170e-01
-5.788973179296358351e-02,-8.445611598996946023e-01,5.323165625817183333e-01
7.151510471076715225e-01,-3.943689874421263397e-01,5.770896871944859452e-01
-3.571604605455299120e-01,-8.913467045535343747e-01,2.791611248158721859e-01
-6.407416553097461387e-01,-7.645623062830402272e-01,7.003979260087719871e-02
-1.164479678252141603e-01,9.211066985534122065e-01,-3.714521273891234210e-01
4.408142143326641837e-02,8.604981908769135934e-01,-4.632553294209066364e-01
-7.490357017752435898e-01,-6.619352072226702965e-01,-2.800087800351064304e-02
-2.756821728868228960e-01,-9.149504662283667322e-01,2.947219327435615099e-01
-8.843823611698566900e-01,-4.184460208839874684e-01,-2.067970477800123441e-01
-9.423618545302632210e-01,-1.589431494944161805e-01,-2.944290044329795908e-01
-2.926256115619114140e-01,8.450701720580137133e-01,-4.474735425630878005e-01
4.739339329397732614e-01,-7.372591709505107449e-01,4.815007839239980325e-01
7.321625508719310504e-01,-3.992683794415486931e-01,5.518359487356373494e-01
-2.732202552441814758e-01,8.533654564574654211e-01,-4.439660901626376610e-01
-2.995724063488487410e-01,-8.159955386018200585e-01,4.943722419963578751e-01
4.201237262956727392e-01,7.415474135539568135e-01,-5.229308078277090654e-01
-1.087510768060813149e-01,8.653737681900165457e-01,-4.891128129934639857e-01
5.260765015547725909e-01,6.479579816423636229e-01,-5.506773524051231661e-01
3.976613228094532104e-01,-8.523052111324891378e-01,3.396659149189005800e-01
2.900182066090120636e-01,-8.722556041442298680e-01,3.937302154268154109e-01
3.722124104647107634e-01,-8.659133079225128649e-01,3.341437784229136509e-01
9.487444298026428413e-01,-1.097852743400284936e-02,-3.157490130574269194e-01
-9.476484460321035197e-01,-2.193268746225141008e-02,3.185455770034486545e-01
9.277400921324334693e-01,2.242719044105745407e-02,-3.724108627851607234e-01
-9.181193787776125159e-01,-7.511397701150523964e-02,3.890491167228580238e-01
-2.287977342030067529e-02,8.608461376090175143e-01,-5.081696744130104193e-01
9.269488567639052601e-01,4.120218479818851809e-02,-3.727866501987960324e-01
1.275332938685647122e-03,8.533470218292739107e-01,-5.210962578824326341e-01
9.457362682236958307e-01,3.417567029653789668e-03,-3.248407853928671485e-01
-9.438534426378518694e-01,8.807174843719151047e-03,3.301275916321424475e-01
-9.378995564996051026e-01,3.676726561881019095e-03,3.467122514085310137e-01
1.398887580948381393e-01,8.123120934327832110e-01,-5.266029768769370234e-01
-8.763182818623571624e-02,-8.174608394694093949e-01,5.328712056903718297e-01
9.039979558388047121e-01,1.234597788657358919e-01,-4.092819154447678853e-01
-2.612380885629076235e-02,-8.501840636855138023e-01,5.258370512487934301e-01
-3.906255411468223526e-01,-6.907388611802002254e-01,5.775687789293773022e-01
6.054447091712242823e-01,5.386435628781535145e-01,-5.814392043963947376e-01
-6.156819921974574505e-01,-6.363654992849882008e-01,4.025598092593007382e-01
-5.571886368793608213e-01,-7.429059131025147478e-01,3.709873679922788270e-01
-1.224603608150354184e-02,-9.563277196014660086e-01,2.917474361859172527e-01
9.769981785354351356e-01,-3.110879796495058525e-02,-2.109663495933449540e-01
-9.705339342087553334e-01,-9.726783743569833440e-03,2.407266874078180519e-01
-8.167067488443875423e-01,5.715159744220908999e-01,7.238996501732025690e-02
-5.552056254006332292e-01,-7.588504747416374707e-01,3.096305377884181476e-01
-9.424742610319335467e-01,-6.362611648421934163e-02,2.579245014551553861e-01
-8.334720746196622176e-01,-4.579304919185824274e-01,3.092312490683978843e-01
1.700029838919370206e-03,-9.745929698814568276e-01,2.234309606531516557e-01
-9.726397608280873408e-01,2.009748533587402131e-02,2.314397355331117567e-01
-1.930684270006599590e-02,-9.714430938743485733e-01,2.362672559630875080e-01
-9.286383359582143227e-01,-2.979221019555428618e-01,-2.210729792515350733e-01
-9.629723348081772327e-01,-4.299561318032171786e-02,-2.661492537919688539e-01
2.400678341886426370e-01,8.710695010815152628e-01,-4.284183678910880588e-01
1.357765433913493691e-01,8.594119509924297295e-01,-4.928587968499874017e-01
-8.525314580918201823e-01,2.027905635100799575e-01,-4.817120046782906173e-01
9.132549453880298707e-01,-3.022115116184442840e-02,4.061819334052562680e-01
-9.202098737289612362e-01,3.951697099377093902e-02,-3.893887980952179806e-01
1.843660390118741499e-01,8.642392163329706278e-01,-4.680621376973382319e-01
-9.531331122623354357e-02,-8.720724538876155618e-01,4.799619485437447985e-01
8.229073818176838584e-01,5.059167608037078434e-01,2.585955763114453076e-01
3.506948946499268138e-01,9.070662397174762415e-01,-2.328999457469216328e-01
6.755276558716387658e-01,-5.194603675768780793e-01,5.232815468563092320e-01
-4.278370732821001887e-01,-8.835384775053725104e-01,1.905686164594281307e-01
-2.851022072714662903e-01,7.977437874521371430e-01,-5.313394216416256199e-01
-3.162278560061301258e-01,-9.240364385324451035e-01,2.148246812834434805e-01
-7.264352507722516838e-01,3.594801785986316833e-01,-5.857182083980990717e-01
4.328135523901132098e-01,8.837476598286747587e-01,-1.779109131237086028e-01
5.828857066902668471e-01,-5.025101420032885846e-01,6.251383510963003376e-01
-6.246575135081530172e-01,-7.808430068291971615e-01,-9.337531994590319434e-03
-1.567141448939992632e-01,7.678455279107521125e-01,-6.211714111721505782e-01
-3.566240406754299652e-01,6.628059164084486587e-01,-6.584129485256846603e-01
7.160012472034793518e-01,-3.639447090718663791e-01,5.957038954667862596e-01
-7.900470412939770704e-01,1.795803225631691369e-01,-5.861533548125383852e-01
3.851636396847815114e-01,8.756381729837374728e-01,-2.913612987168771040e-01
-7.649192243029714344e-01,2.570478425544787671e-01,-5.905550063413104178e-01
7.951270202021933908e-01,-1.395710642415759484e-01,5.900568716314202877e-01
-2.638062858236961405e-01,7.458053014860239749e-01,-6.117031108595470945e-01
-7.808618473967083862e-01,1.737826654478413779e-01,-5.999223768390499201e-01
8.902089183378167903e-01,4.405466227733094708e-01,1.159726391878928842e-01
-1.416915893047971942e-01,9.386035911597307990e-01,-3.145071624742962202e-01
-9.515053884553923425e-01,-1.963687271286754799e-01,-2.367996470747661952e-01
-2.242058166863890589e-01,8.851831711829856175e-01,-4.076519436124431128e-01
-8.676205386404389763e-02,9.321628038351801315e-01,-3.514766374906071467e-01
9.617882610687467082e-02,-9.215348774731347836e-01,3.761394624592609981e-01
-5.533872297650813676e-01,7.946932106648327832e-01,-2.492847539428211245e-01
-9.746741462257273447e-01,4.138969267992953505e-02,2.197542460345145166e-01
9.658069155770474534e-01,3.450976922932535995e-02,-2.569552888649657141e-01
-2.424638471331941325e-02,9.576064259220008479e-01,-2.869015094496578655e-01
-2.693586217064669608e-02,9.684751451802461331e-01,-2.475909587988322502e-01
9.584154289757584877e-01,2.324190366571032840e-02,-2.843669228730798526e-01
-1.395555287444805170e-02,-9.635909401214073355e-01,2.665069323237427845e-01
-3.491226124704449596e-02,-9.753357354688921843e-01,2.179477823600885211e-01
1.470835886691823635e-02,-9.484163699851713147e-01,3.165402523035069082e-01
-9.654777351074719238e-01,1.455128062730365324e-02,2.600608178202119536e-01
2.527882880163945245e-02,9.723567797592025386e-01,-2.321279157568287010e-01
4.426092394947679365e-01,-8.351153314705015429e-01,2.895208667537562675e-01
-9.487980156657473962e-01,-4.882409412912633306e-02,-3.120873808746685851e-01
-4.290692579913021332e-01,8.101434911375435810e-01,-3.994233275049812182e-01
-8.908832239742258130e-01,2.094184899488430451e-01,-3.499616715981194170e-01
1.148352356534613483e-01,9.768763860757418982e-01,-1.803480635328555681e-01
-6.138008126288835298e-02,-9.792206440787749600e-01,1.932761503342531606e-01
-9.466067421532429194e-01,-1.162059356372025787e-01,-3.007121081727907042e-01
-5.291204248274438138e-01,-8.479676865122851570e-01,-3.134292043553609658e-02
6.260514808733774750e-02,-9.188858281089627988e-01,3.895192406292285470e-01
-1.001948212513631142e-01,9.141395147100214169e-01,-3.928131135520754325e-01
-5.276796791785520746e-01,5.104926698547176400e-01,-6.656409219027199509e-01
3.392705346598017258e-01,-8.592063384319945651e-01,3.675063943892676321e-01
8.001933263535309093e-01,-5.994429423055734896e-01,1.440617878675909402e-02
3.990963450259844558e-01,-8.648027650045808645e-01,2.924742388268890547e-01
-9.432688200338694706e-01,-1.069805681875102277e-02,-3.318306682407585195e-01
1.644453183734690960e-01,-9.377044728061130208e-01,3.060484082773192727e-01
2.964688319625784496e-01,-9.173767365484761793e-01,2.505393724849778181e-01
-9.523023316360543777e-01,1.125721716987204690e-01,2.835393594892773317e-01
-3.573059170625739189e-01,-9.306386886315554108e-01,7.901969915288209467e-02
-8.118203194043569493e-01,-5.694591333499656738e-01,-1.284321609708742873e-01
-9.171903892825694626e-01,-3.667044164747425006e-01,-1.472419130986034608e-01
-3.196055980286494069e-03,-9.759465039959173138e-01,2.179853501303616603e-01
-8.780756144946995079e-01,3.945539053029094578e-01,-2.707589906909436683e-01
-8.614042367254546306e-01,-3.420713868698750382e-01,3.754595946787845917e-01
6.566605006244725651e-01,5.285919286806937123e-01,-5.181924181740708013e-01
-5.993508923423026234e-03,8.751345793171233511e-01,-4.838424804977612959e-01
6.016516724905873748e-01,5.720831557170595882e-01,-5.552972238505908820e-01
9.329500165734474493e-01,-3.002365750890849116e-01,-1.986511151601733083e-01
6.586879795597030407e-01,7.522809279077204980e-01,1.411294525374895414e-02
-5.229128886439992074e-01,-8.495684141183070803e-01,6.924818069978971868e-02
-4.322326890581773551e-01,-8.895351146509919982e-01,1.479844370550384702e-01
6.421423176680249867e-01,-5.381706924636111555e-01,5.459091705175191933e-01
-6.123402168685346814e-01,4.935219720467346471e-01,-6.036788204816709857e-01
-7.449952868263044481e-01,3.566536107138835732e-01,-5.636106652541770234e-01
7.138071200972011532e-01,-4.591746095974774122e-01,5.288262849236307073e-01
-6.151892323844664334e-01,6.030058908623701086e-01,-5.078642573990517217e-01
-5.704080807920242080e-01,6.544003814897572102e-01,-4.963839115941690028e-01
-4.699416520387267315e-01,7.429405414332241886e-01,-4.766207310040080358e-01
-8.804410344806751221e-01,1.864237571858837206e-01,-4.359516229807026133e-01
2.909987811604992647e-01,-8.593219873925771468e-01,4.205739513025239518e-01
5.365708450218809045e-01,-7.458749863709317474e-01,3.687357483040102357e-01
9.471086040461529354e-02,9.279919131694845946e-01,-3.168421443035326357e-01
6.575942927435942664e-01,-5.222633947891507367e-01,5.408619415657770491e-01
8.060121149692135445e-01,5.073469901440407215e-01,3.048663676344733897e-01
-3.923952489299513124e-01,-9.191975457722222353e-01,3.319231505213288136e-02
-6.960860344220664020e-01,-6.702678639097644497e-01,-2.573037568563726341e-01
5.892543313928003679e-01,7.979412413884976463e-01,1.267639863139650436e-01
5.230363510587763276e-01,-6.999280362760538221e-01,4.613032000025403256e-01
5.367739144464332979e-01,-7.128884138412722171e-01,4.512913406888371948e-01
5.335459437679082040e-01,-7.071087029882974218e-01,4.379738458885619190e-01
9.129566887707961653e-01,3.110185326616400348e-01,2.641219604227961204e-01
5.742708782418362023e-01,8.182018533742505539e-01,2.743683589565037995e-02
2.912510254821112365e-01,-8.911175487549473084e-01,3.479592819572864260e-01
-9.115708953514638502e-01,-2.652874244086188549e-01,-3.138787924718177136e-01
-5.626671935653391188e-01,7.258857966160255915e-01,-3.887992388940852417e-01
-9.542649988016094209e-02,9.606118289187918213e-01,-2.609689437990108107e-01
9.100154618931770578e-01,3.329055439446172993e-01,2.470466866813760820e-01
4.456410891628601600e-01,8.951317733149166678e-01,1.196361366110784176e-02
-8.426668978961951995e-01,2.535970628138234928e-01,-4.749900164491765442e-01
8.904937063746587445e-02,-9.517730771915142718e-01,2.935802334807586789e-01
-6.370601603813562663e-01,6.271423529395986352e-01,-4.480349600439680890e-01
-4.058602505480112255e-01,8.333228056238040082e-01,-3.751318094033151418e-01
6.963735852700573270e-01,6.938955882385156038e-01,1.831938944318275420e-01
2.582795820438761325e-01,-8.941863038975425004e-01,3.657027620394835421e-01
-6.189926536064577212e-01,-7.806760925018275676e-01,-8.596583317608885721e-02
7.328419197149654840e-01,-4.888638693182406070e-01,4.732386691550916069e-01
8.428059348045858767e-01,4.472687149483536295e-01,2.993807824270230955e-01
8.440403882454130535e-01,-2.112212044291906510e-01,4.448438644849792012e-01
-8.439642236365335615e-01,-4.851005356110907885e-01,-2.287180206192300225e-01
6.664182785268072395e-01,-4.785539718866024250e-01,5.574773683701593763e-01
6.605727484323776766e-01,-5.003040247758306913e-01,5.597673863504372127e-01
-4.666153119667326710e-02,-8.631907866186407929e-01,5.027170059307216610e-01
-6.235607607376172368e-01,6.971343259592016617e-01,-3.538120345447693937e-01
-9.743782190101903939e-01,7.224460740084648336e-03,2.247811190663793202e-01
2.022526904444459095e-02,9.070569361112132967e-01,-4.205046894374615540e-01
9.893711195655101598e-01,-3.499279348264194844e-02,-1.411105671183377486e-01
-5.865367059768150648e-01,-6.705917128182486975e-01,4.541631664920426914e-01
2.455317615479665205e-01,8.258487183702867274e-01,-5.076281584015088777e-01
1.345820442267594563e-01,9.047138243436239069e-01,-4.041379986897136734e-01
1.124033147236036534e-01,8.606748632404757071e-01,-4.965859573249987724e-01
-1.724916566255664252e-01,-8.828909050413149551e-01,4.367197900247841713e-01
2.050995233753161173e-02,9.352677037838140750e-01,-3.533462103823361566e-01
-1.419414676275732035e-02,9.415384874840773133e-01,-3.366061839763153651e-01
8.245209354898164200e-02,8.780433838165518923e-01,-4.713122801860172295e-01
9.351118238326729948e-01,4.119588634225823665e-02,3.514410242830923736e-01
4.956932427842619671e-02,9.103001736561948665e-01,-4.109080086973809776e-01
8.944606442017744019e-02,-8.843397526827974087e-01,4.581735737420279952e-01
6.916292262774015320e-03,8.999539965137604014e-01,-4.359143674581837380e-01
-1.798202322166136957e-02,-9.546545734590294874e-01,2.971458912230899307e-01
-1.457418570793012069e-02,9.767633243864863868e-01,-2.138094147459354832e-01
1.011078237010243353e-02,9.745588192829117702e-01,-2.238282585109221678e-01
-2.735097843915973437e-02,-9.759591648861665192e-01,2.161960636537580416e-01
1.710044443947494885e-02,8.666974676689478407e-01,-4.985245078565515020e-01
9.959468093195036342e-01,9.796722962976067706e-03,8.870446314165797430e-02
-9.709468533915754929e-01,3.275049617398384516e-03,-2.392596790955798525e-01
-1.075710209847891008e-02,-9.144241262488493893e-01,4.046140075282055326e-01
1.799652028015907845e-02,-9.404729728505365483e-01,3.393916120001540526e-01
-2.168703460344878486e-02,-9.348373490344663583e-01,3.542724155724443769e-01
-9.850527178505457115e-01,1.080945227558460786e-02,1.719134122775470008e-01
-1.099907150668173739e-02,-9.137349306283540917e-01,4.061249482642113051e-01
-9.817949426885212993e-01,5.461655745442528520e-02,1.818679945618142391e-01
2.131884007787843149e-02,9.301994725381883544e-01,-3.662385158348249181e-01
-1.987182338218207445e-02,-9.693999595781660483e-01,2.446662041745156779e-01
9.801251700814090917e-01,-2.610636094964713383e-02,-1.966221851254172370e-01
-9.783833473690700666e-01,-2.986170662546183685e-02,2.046061109976191617e-01
4.519024313675086835e-01,8.408674049385587157e-01,-2.601968275193797808e-01
-9.834788117706142474e-01,4.829468080548759978e-02,1.741404148439792410e-01
-1.393138520020109627e-02,-9.326707251649271058e-01,3.603317922305291909e-01
9.356173859707150875e-01,4.781932421385626242e-02,-3.494669560766017202e-01
2.412191340878555579e-02,-9.401500014591822607e-01,3.394307979700698086e-01
6.669332923346679154e-01,5.381628926693049486e-01,-4.947998399674785608e-01
9.432674211309215462e-01,3.892780503005721648e-02,-3.297441171152113992e-01
-9.432061579457104994e-01,-1.327086527652532322e-02,3.318834146700055943e-01
7.026777531324933657e-01,-4.822814165692617117e-01,5.230895946173350630e-01
7.584524428085706038e-01,-2.755228157166065284e-01,5.905880645197316703e-01
9.290090691448587013e-01,3.470391707449368979e-02,-3.682488829622265758e-01
9.555250684720263399e-01,-1.632784787558267114e-01,-1.986014661709601947e-01
-1.923534590802800093e-01,8.957179576814678912e-01,-4.008440806091169151e-01
2.284470532516719166e-02,9.433870520944158677e-01,-3.308040986970025021e-01
-4.461856458564439354e-02,-9.420586788155611568e-01,3.322719725862180451e-01
-9.371636396821043657e-01,1.478623365039004323e-01,2.631232294529059490e-01
1.860744545485385482e-01,8.534302273634233327e-01,-4.868179781923749339e-01
-9.927990585230346277e-01,-6.071524824934959597e-02,1.013535858058291217e-01
2.848566462458990145e-02,9.667844750283656197e-01,-2.539552485586862307e-01
-9.952064014031615224e-01,2.932902598372016945e-02,9.298925677051178562e-02
4.674712027398977843e-02,-8.962784331410710292e-01,4.410201700450076534e-01
9.795957240412970224e-01,1.583119487312585894e-01,1.238079588305009970e-01
-3.079412781973980273e-01,7.916067151237675681e-01,-5.277708479393663499e-01
5.567238619577331571e-01,8.011761129514292090e-01,-2.194764141794670609e-01
1.205048059888014222e-02,-9.022296281934275575e-01,4.309835480342020242e-01
-7.096966958523928115e-01,4.645212985141741191e-01,-5.296341215346019871e-01
-9.373424294139585111e-01,-1.516290817525201007e-02,3.480229690583762636e-01
-3.327245023643699007e-02,-9.346381368862192174e-01,3.536738236905618282e-01
5.775751497082627361e-01,6.602498531515799129e-01,-4.768478049771392446e-01
3.034780734392793500e-01,9.086525174106957481e-01,-2.867411419273393491e-01
-5.049166453870780336e-01,5.187254637349829611e-01,-6.854345346706457454e-01
-5.098977385360570214e-02,-9.531229766788984481e-01,2.982546442665452435e-01
-9.382348161125994013e-01,5.636000992472300908e-03,-3.459386252230519099e-01
-1.113495994929082356e-01,9.196994987357036688e-01,-3.765055285354214076e-01
-1.041264045681045136e-02,9.646267430885316907e-01,-2.633634296130655250e-01
-7.031452281878224353e-01,4.569029962769015629e-01,-5.448166484268319731e-01
9.887783951356203804e-01,-1.114742311443006617e-02,1.488896230303130563e-01
-2.748686199665506535e-02,-9.291951449541595576e-01,3.683703130614413013e-01
-1.529946019324013307e-02,-9.426241084394912928e-01,3.320072935936001501e-01
1.647316968229106671e-02,8.616504372219776497e-01,-5.071986361358895579e-01
9.994640049254890357e-01,-4.105064507440303601e-04,-3.227978666920497397e-02
5.934117240072336319e-01,7.201808687721787949e-01,-3.297785860032206862e-01
7.614543610810802221e-01,5.101685637222447278e-01,-3.748834586037586014e-01
-9.844466191946562583e-01,-7.698704699966585352e-03,1.755136715206943310e-01
9.949984246385173980e-01,-3.717096796201624365e-02,9.265268704484125317e-02
-2.036862852531706736e-02,8.853468146474539058e-01,-4.644525391424771943e-01
-9.794728745786069890e-01,1.909098755851913465e-01,6.449381655834884874e-02
-9.980947833064637287e-01,-5.487576437339880542e-03,-6.111841841387009866e-02
4.061701290546432253e-02,-9.747086219199211365e-01,2.188256116960464459e-01
2.589216421272799717e-02,9.713212741269409145e-01,-2.359230318882806210e-01
9.609109856480138045e-01,-2.323152055723420872e-03,-2.767794773099139238e-01
-4.969559464255651760e-02,-9.016059202954003204e-01,4.294605528547183471e-01
-9.963487893464182399e-01,-7.971371477885746959e-02,3.050346783297452902e-02
9.848129854734390953e-01,-1.025804694046235088e-01,1.400678883654771223e-01
-9.875561870063174208e-01,5.238500839894033589e-02,-1.482787246373146184e-01
-5.182373069073231697e-01,5.298012867837322837e-01,-6.698201016437237421e-01
-7.541765902831597534e-01,6.527009781765783503e-01,7.210481090887457811e-02
-7.197328623652805568e-01,-5.608693840678151687e-01,4.064221079721692664e-01
3.952231805091244166e-02,-8.852710102942058512e-01,4.633922870021224827e-01
9.643821180265412796e-01,3.610930036048065617e-03,2.643713901277812695e-01
1.390790679215754277e-01,-9.468043187898114166e-01,2.901845223352584324e-01
9.546307937625712059e-01,-2.197654865051201778e-02,-2.967992779551100191e-01
4.771461081151562311e-03,8.717171217651514814e-01,-4.899844672407717150e-01
2.960611495955467465e-02,-9.639685776666919725e-01,2.643110741226559757e-01
-8.787716605744488874e-02,-9.152944688329399670e-01,3.929481155348926169e-01
-1.508075871284703107e-02,-9.614874223015463794e-01,2.733072334512029467e-01
9.654655601837320855e-01,2.158183217012832333e-02,2.595247562402708819e-01
-9.490621315145142400e-02,9.324776928461356862e-01,-3.485369801520624145e-01
-2.690790236099915855e-02,-9.614051912427893365e-01,2.735758091752807375e-01
7.585621664339359249e-02,9.581669694592450659e-01,-2.758979408665947486e-01
-9.964953111580199252e-01,6.090287956549977899e-03,-8.280869973467563927e-02
4.696408105476479466e-02,9.109069155439513121e-01,-4.097903685189394629e-01
1.636035153916923779e-01,8.594995736891563043e-01,-4.841850296041214086e-01
6.675837039759147107e-02,-9.481042749295499616e-01,3.108090979420258249e-01
9.665045141220574010e-03,9.594421122508078881e-01,-2.817160408790467807e-01
1.598194861461177396e-02,9.041792321774444474e-01,-4.266280970002263029e-01
-5.214432940745958311e-02,-9.542697722758672896e-01,2.943599502237185805e-01
9.875733473038461607e-01,-5.204868633146375601e-02,1.481033618345377056e-01
-2.986977405981146028e-01,9.119524153287983381e-01,-2.410085886810000855e-01
9.617654590735622566e-01,5.149912569251352545e-02,-2.689774236464250734e-01
3.009328878363137783e-03,9.528559675484680191e-01,-3.033953785537610304e-01
2.150719283169648388e-02,-8.926973427894739910e-01,4.500606205499079748e-01
5.443201167224871739e-02,8.674434295588223653e-01,-4.943808551188882960e-01
1.606105218493170117e-02,9.498113694312666500e-01,-3.122444455251232598e-01
9.872383009049738867e-01,1.640960274811187336e-02,1.584055882272479843e-01
-9.724564099672881046e-01,-4.958702553337246410e-03,2.330309495386188035e-01
-9.706222316478196888e-01,2.548860581469003517e-02,2.392468852348344499e-01
-9.721877680140801337e-01,9.762420140815408764e-03,2.339574560928157354e-01
-4.252707404988990136e-01,-7.811375902626003231e-01,3.982466015343423815e-01
-9.737703609537258220e-01,-1.505352570403677426e-01,-1.705511586406195101e-01
-5.082847244993986546e-01,5.034798893693923638e-01,-6.858316810788002149e-01
-1.538168273571118849e-01,9.594457976020003276e-01,-2.362179907844028093e-01
-9.123510327737429648e-01,-3.326476866821022615e-01,2.386170150583681593e-01
1.456710105108298681e-01,8.588226083618837325e-01,-4.909922327991530500e-01
-7.878707362843129225e-03,-8.899116238070420293e-01,4.558359552243275159e-01
-3.988543635028752310e-01,-8.221983985232219627e-01,4.060809387039648333e-01
-1.495458021836510998e-01,8.516747252111718236e-01,-5.022860531195413314e-01
9.894368946431795209e-01,-2.058925038211523173e-02,1.434771570643542660e-01
-9.920396657026555598e-01,-1.196283536266096181e-02,-1.253150001539274916e-01
-9.950815825247416591e-01,2.799269956941141668e-02,9.501677004522401937e-02
9.557846422796523189e-01,-6.905564217840576280e-02,-2.857586388705180558e-01
4.820639499487799906e-03,-9.508887407634232236e-01,3.093915409583027909e-01
-4.917000995561970900e-02,9.552710937687571846e-01,-2.915325139320847359e-01
