27 28 29 47 48 49 73 74 75 76 77 78 79 80 81 82 83 84 85 86 87 88 89 90 91 92 93 94 95 96 97 98 99 100 101 102 103 104 105 106 107 108 109 110 111 112 113 114 115 116 117 118 119 120 121 122 123 124 125 126 127 128 129 130 131 132 133 134 135 136 137 138 139 140 141 142 143 144 145 146 147 148 149 150 151 152 153 154 155 156 157 158 159 160 161 162 163 164 165 166 167 168 169 170 171 172 173 174 175 176 177 178 179 180 181 182 183 184 185 186 187 188 189 190 191 192 193 194 195 196 197 198 199 200 201 202 203 204 205 206 207 208 209 210 211 212 213 214 215 216 217 218 219 220 221 222 223 224 225 226 227 228 229 230 231 232 233 234 235 236 237 238 239 240 241 242 243 244 245 246 247 248 249 250 251 252 253 254 255 256 257 258 259 260 261 262 263 264 265 266 267 268 269 270 271 272 273 274 275 276 277 278 279 280 281 282 283 284 285 286 287 288 289 290 291 292 293 294 295 296 297 298 299 300 301 302 303 304 305 306 307 308 309 310 311 312 313 314 315 316 317 318 319 320 321 322 323 324 325 326 327 328 329 330 331 332 333 334 335 336 337 338 339 340 341 342 343 344 345 346 347 348 349 350 351 352 353 354 355 356 357 358 359 360 361 362 363 364 367 383 384 385 386 387 388 389 390 391 392 393 394 395 396 397 398 399 400 401 402 403 404 405 406 407 408 409 410 411 412 413 414 415 416 417 418 419 420 421 422 423 424 425 426 427 428 429 430 431 432 433 434 435 436 437 438 439 440 441 442 443 444 445 446 447 448 449 450 451 452 453 454 455 456 457 458 459 460 461 462 463 464 465 466 467 468 469 470 471 472 473 474 
-1.7060533842390673 5.193113626579809 2.2974848054043315 5.342480118234948 1.5833610369150475 1.276313121815506 0.7547920678661201 46 51 
3.701621042771714 4.871061990365641 2.798196755815996 5.252170663380506 0.5209702596651611 1.2507707520979818 0.709676638693277 26 31 
-2.3791288069280943 -5.9929389019451325 3.0279825893114687 7.726941337016759 1.6235909080381297 0.17347032053640096 0.6491891315018589 72 368 
3.8885246830908264 -6.24503608251248 2.9640191714304778 7.684723176737575 0.35118258578405703 0.15216864531772634 0.5939192165696322 382 4 
4.003055485512273 -6.16555655249345 3.065055282232709 7.703992207657301 0.3750347191360672 0.1739884276174644 0.615945313478966 3 384 5 
4.195435675473261 -6.05507122908678 3.2389642699627936 7.763051630133398 0.4097503695496637 0.20470985353769566 0.6413877839800163 4 386 6 
4.445135251650691 -5.907243080857264 3.423274655978944 7.833300744533432 0.44800445364918706 0.24010036849892263 0.6678276068862782 7 5 388 
4.686699847713113 -5.696961155034941 3.6521176634565116 7.880353024537479 0.4875077844233425 0.27929291549526025 0.6941211887426392 6 390 8 
4.945508517855111 -5.372855011881268 3.8828936956109583 7.87143723437368 0.5295033876617024 0.3253302562171008 0.7225908106297009 7 392 9 
5.267148852350565 -4.897947391909935 4.005373529210783 7.775936057442326 0.5692935441209239 0.37383773776737333 0.7492552839349754 394 10 8 
5.554653746565232 -4.312215086266153 4.079696895939312 7.606972920245112 0.6029533435119426 0.4200328670191279 0.7703957527909935 9 396 11 
5.730538790545735 -3.6348212150780346 4.208426563828893 7.383554414896011 0.6324165155874808 0.4673887395625376 0.7883648338826341 12 10 398 
5.822568010247651 -2.870616660648764 4.313622179736602 7.103948715933177 0.6589953156670803 0.5193777943422024 0.8049998085461059 11 400 13 
5.8494130443933345 -2.033683956230646 4.33200286735886 6.771489585496299 0.681254880076333 0.5740848303861916 0.8189237924961311 12 402 14 
5.772204869098179 -1.208422075256917 4.317663241609569 6.426004693393365 0.6985034418247031 0.6314752921803762 0.8298596982607737 13 404 15 
5.655894588084336 -0.37398459399036926 4.179779864742285 6.063256591386665 0.710401082882799 0.6908555477174823 0.8375848385315383 14 406 16 
5.465114620618384 0.4316118590489147 4.005994916569187 5.7157201124692065 0.716394700402811 0.749367070701716 0.8410002459313615 15 473 17 
5.201168577643944 1.1676085409212489 3.845382762417205 5.410527846831167 0.7163635590555776 0.8078750671062045 0.8403972469919463 18 16 324 
4.918648408921875 1.8269194252580767 3.6516391931131653 5.153777331336887 0.7099296410773445 0.8673853253023748 0.836261677576756 17 321 19 
4.644313347167998 2.415378915241741 3.42527107643594 4.953829460845762 0.6971450106843115 0.9266018518100712 0.8285906653180846 18 323 20 
4.3890564287671 2.9316219770415177 3.214337213199621 4.827725669165084 0.6790307911884849 0.9834569122066803 0.8172084698910881 19 120 21 
4.17774135246485 3.3522573137780283 3.0762583303114255 4.788237058995337 0.6567805860014612 1.0371895531645476 0.802618397431399 20 122 22 
4.013761893036791 3.7357543026204536 2.9798583620659906 4.823639415699705 0.6315057121061116 1.0874937341829716 0.785885500644975 21 124 23 
3.8982248709666085 4.092067741096171 2.9099441560712997 4.918341019900172 0.6047836319553725 1.133240236804594 0.7680515277821757 24 22 126 
3.823266480101143 4.384051755324953 2.8648432855035786 5.030751401425179 0.5784808332616398 1.173276147897071 0.7506261748392409 23 128 25 
3.7522636928426 4.688462360234451 2.8216626456387974 5.167752289151313 0.5544008780669691 1.2065232915151074 0.734856938683996 24 27 26 
3.7025629065231724 4.870936653520286 2.7937498313303024 5.250877317465954 0.5342732075241046 1.2322979009186543 0.721689092199711 25 28 1 
3.713236700123727 4.676788129421779 2.892019839100432 5.1650408362957805 0.5765233077945175 1.2044348654262185 0.7055470019811803 25 128 131 28 
3.6688613418733746 4.870435241072202 2.8478060953380293 5.252123799081097 0.5569712775739272 1.230277223142865 0.6915294205206981 29 31 26 27 
3.5117546858646618 4.88442488329781 3.062554219619618 5.264682873952921 0.5860776257004215 1.2282944155646986 0.6564940951778167 28 131 134 30 
3.515618159378691 4.891681728677066 3.0551668553969122 5.268479884462409 0.570380919977563 1.2495364208320243 0.6434534286448859 29 32 31 
3.670180326753434 4.8756722869425095 2.8448404591276732 5.2553118220128585 0.5408276730103209 1.2507812808720737 0.6803508688850606 30 1 28 
3.276232150795515 4.911941857739142 3.320838172889251 5.284212809089315 0.6097536303696035 1.2481373309469397 0.6027128725144008 30 134 33 
3.0147273645148966 4.922154379023627 3.557163638051193 5.294686710291413 0.6590842004705848 1.2466683674417782 0.5614828692166106 32 133 34 
2.7071112382720406 4.924793731485858 3.7787425931743055 5.301022957392911 0.7173743088642541 1.2453712749891872 0.5226519811326444 35 33 136 
2.3497743914766738 4.914608237885385 3.9776831444360687 5.300605268744456 0.7835067829926294 1.2442106758202114 0.48916494089124274 34 138 36 
1.9308754149027798 4.888797482337082 4.145640662613509 5.291994972441018 0.8569753714463646 1.2430464049402343 0.46343197974459627 35 140 37 
1.4979873578582905 4.874800100452488 4.246480507868747 5.2867093317547305 0.9359393115381418 1.2419874153823498 0.4472401266658793 36 142 38 
1.0728856526610748 4.889830347653058 4.274002173021784 5.292083740784408 1.0160695643524686 1.2409905251673248 0.4416224319283487 37 144 39 
0.6307299747338334 4.915705583460266 4.236739836278221 5.300173424955378 1.0945409320186632 1.239807783738988 0.446913753238366 40 38 146 
0.21618262205995342 4.937225509816833 4.142995793410704 5.304555815130856 1.1701357240415087 1.2382552704867218 0.46274315793600806 39 148 41 
-0.19433023673370475 4.937064551201204 3.9960401975010407 5.2973677157028005 1.2427532327073916 1.2367325854678597 0.4885125246116506 150 42 40 
-0.580486268636768 4.931002001968238 3.7941533881251015 5.285317322220061 1.312973595912718 1.2363192167337353 0.523531744175868 41 152 43 
-0.9373206449312952 4.925679161239228 3.539120246889717 5.273074601687856 1.3815058323953713 1.2387904004422734 0.5670326231784403 42 154 44 
-1.2327228183130052 4.969466525638302 3.232979833488673 5.2816467365701305 1.4470308803634948 1.2454191143336903 0.6168198950296941 156 45 43 
-1.4514261536607769 5.06893143064819 2.8915069725349385 5.3129091224536715 1.5044247238869857 1.2552774489721505 0.6679018636205585 46 44 47 
-1.6076141349542863 5.165045047186099 2.546504138894595 5.340991384933349 1.5506416833809673 1.266730642276607 0.7152223830740146 48 0 45 
-1.4645919488852286 5.047916161576504 2.8905972925469867 5.3047517943960365 1.4821545893809298 1.2326246854623886 0.6772101259953254 156 159 48 45 
-1.6297106939155936 5.130078438645504 2.5487328598428447 5.329333411105004 1.528076698093583 1.2443659197309358 0.7238791432465803 47 49 51 46 
-1.6858564093838517 4.911391069589309 2.624169490624424 5.232714589055047 1.501204570492769 1.2165817157478775 0.7344872286563356 48 159 162 50 
-1.7763242732845594 4.975613164968834 2.378185603242658 5.252562370911435 1.5395933950137521 1.2299426906287456 0.777333896567627 51 49 52 
-1.7205425832586119 5.174180034194933 2.2941877909866717 5.336561534020096 1.5666860813124805 1.2576743421122425 0.7667950134964363 50 0 48 
-1.8318667542060263 4.7035107893850885 2.4692793024520703 5.126893994652484 1.5065231695060834 1.1944025758330907 0.7885331525951839 162 53 50 
-1.8953843776479193 4.359298267652029 2.5775239167689374 4.9774072488711925 1.4703950036052376 1.1518695705719102 0.8007340641909522 52 161 54 
-1.9848753564650792 3.9728536810599464 2.708747616703888 4.849351035530809 1.4328340659459582 1.10254566708467 0.8126397059544699 53 164 55 
-2.1240353854218026 3.565868572488342 2.863089162596965 4.785056447567577 1.3964699278293744 1.0476182620259638 0.823553188908784 54 166 56 
-2.3284411329125625 3.1204414136582947 3.0533043589488083 4.807318550955304 1.3642539619736314 0.9887922800409539 0.8331770125864312 55 168 57 
-2.6023858313746446 2.6082655186248607 3.2601273385950345 4.920118160099352 1.3387779347578541 0.9279790876820746 0.8414157524606295 56 170 58 
-2.9209739945048185 2.013739628800507 3.465811528706051 5.115498646982586 1.3215366282478194 0.8667133384759467 0.848063900156074 57 172 59 
-3.248820217671596 1.3382599213810022 3.650725716862884 5.377709861922406 1.312274444907125 0.8054969595820713 0.8522896068724919 58 174 60 
-3.550532385625204 0.5991047035652155 3.800630022387043 5.686480318738185 1.3104528176636738 0.7448276692399678 0.8536698299975989 59 176 61 
-3.802907296696677 -0.192558450446141 3.912002848158204 6.02762717237168 1.315746699799813 0.6855520945828543 0.852667055732556 60 178 62 
-3.9770192639618713 -1.012175077593658 3.999126070654789 6.383633827471857 1.3275036531108733 0.6278702495695191 0.8492110122287297 61 180 63 
-4.058693778390729 -1.8414418774230294 4.058850392303003 6.735399961986652 1.3441914415711693 0.5703181365693393 0.8406761533918182 182 64 62 
-4.06422327918535 -2.6877615278177 4.033314252768437 7.07183344947361 1.3658179759931603 0.5138554613194544 0.8280199424146647 63 184 65 
-3.9647004906985406 -3.4802268883393506 3.9751528920190657 7.363832128346079 1.392511739474013 0.45985975804206375 0.8127642050776824 64 186 66 
-3.778853107008903 -4.1932863944293555 3.8783313236091805 7.599269172004567 1.423026811989627 0.40802796436876804 0.7935532213885486 67 65 188 
-3.545191326131765 -4.780536323642102 3.743067512729819 7.763073532446513 1.45650143467653 0.35936599612536185 0.7718064258018447 66 190 68 
-3.2926092127858024 -5.220208182095523 3.591262601383231 7.848801713760766 1.4917493367751515 0.31488682895774944 0.7496144905893378 67 192 69 
-3.037502838922027 -5.531318968220609 3.435996747103194 7.866675257059617 1.5272013445977466 0.27540411842521983 0.7288375023448984 68 474 70 
-2.792328874501735 -5.742031083041676 3.2901729244064324 7.836479075867725 1.5608047844561157 0.24148306463621583 0.7100724115197573 71 69 76 
-2.629818360492884 -5.85014300186504 3.1915930003218946 7.798597005823569 1.5890800807272838 0.21288595476015093 0.6900852491738286 72 70 74 
-2.4602187370730424 -5.947456120979934 3.0778946418811257 7.748559505732032 1.6099755606359538 0.19003493146061815 0.6687426354746915 71 73 2 
-2.32788166662004 -5.9698539289063515 3.2603674546096264 7.7575490015641915 1.5788264145895 0.19201790332938318 0.6245745433202329 72 74 367 368 
-2.5081331040591057 -5.866008147941878 3.381603363130729 7.8100979601768294 1.5569898959704243 0.21448928643542126 0.6432379394365082 75 73 71 76 
-2.2881167546093137 -5.878078308122393 3.70178736429275 7.828386945188474 1.5171778465632109 0.21568120057023443 0.5924636451597716 77 364 367 74 
-2.6865270128803425 -5.745740648995519 3.4933340232307253 7.851533903629276 1.5301778224672726 0.24244502156030848 0.6638106556186505 474 77 74 70 
-2.4579804990909215 -5.756559917676981 3.830662941153078 7.8706781844083284 1.4924077096843225 0.24330117026006196 0.6147582411462804 75 76 79 78 
-2.1356993810398586 -5.767926482270665 4.200804279879945 7.886162017379123 1.4452178309939874 0.24386879647170764 0.5641826489178738 80 361 364 77 
-2.6758083873876464 -5.5527575310127375 3.9983228744896255 7.899525623258237 1.4643923043013278 0.276662792784237 0.6401332131252685 191 80 77 474 
-2.331956336878153 -5.5709742897344325 4.3856593156231405 7.916407607982484 1.4204962273770634 0.2770954620406565 0.5926637251215788 78 79 82 81 
-1.9198202753121045 -5.588841107250246 4.748068369181715 7.929279234449603 1.3671968500597473 0.2773903691090779 0.5463724384765998 83 358 361 80 
-2.5440571918392187 -5.270727447674086 4.590318845737192 7.902963477690717 1.3938355940203877 0.31564522063791894 0.6228977206260782 80 191 193 83 
-2.108671919877357 -5.292431906463926 4.977942096618179 7.919792817734749 1.3444859064943286 0.3158880207039965 0.5798100264227743 85 84 81 82 
-1.5941106569172216 -5.312992706331046 5.331183507576855 7.93344981100413 1.286882508591407 0.3161875820744465 0.5405986700419613 358 83 86 355 
-2.294590212112738 -4.868833356431787 5.210769520096616 7.844903076149405 1.321020446995489 0.3589592382207895 0.6131466087078735 83 193 195 86 
-1.7540595554439478 -4.891535959296577 5.58769114184481 7.862143256873019 1.267773353253761 0.359244529630739 0.5767920417414464 85 88 87 84 
-1.1463158978079908 -4.9107243740790905 5.9041670240863455 7.87582949894306 1.2079358206040194 0.35972487326832986 0.5463260479385093 89 352 355 86 
-1.8966503836690831 -4.32797876245124 5.827474181279087 7.714832416230501 1.2489401683195958 0.40613927385852255 0.6111404680849124 198 89 86 195 
-1.25832957003801 -4.348738924872764 6.163521119610001 7.731120964284553 1.1936575589387135 0.4065969179653942 0.5829456756621357 88 91 90 87 
-0.5605404249166969 -4.3650209714110355 6.418602473690862 7.7426937171446175 1.1336264225401016 0.40734174667777634 0.5618397257524429 92 349 352 89 
-1.3423204402129676 -3.657460093905453 6.374609023401087 7.513379386143292 1.1802959891111386 0.4566819702827908 0.6161973264749685 89 198 201 92 
-0.6152952214651054 -3.674858344139349 6.641690930578437 7.526448935465256 1.1247477054208341 0.4573422153389266 0.5966296023019233 90 91 94 93 
0.15613773220524868 -3.6867232517766455 6.808860782911502 7.533401633512634 1.0662132399404736 0.4582758419244137 0.584631217028539 95 346 349 92 
-0.6415743434975859 -2.890618707537371 6.779433016870588 7.246555664090952 1.1169082807088082 0.51002659809609 0.6268548160692182 92 201 204 95 
0.14895536648560476 -2.9036499753977427 6.9504964896154355 7.254312643278925 1.0624924061091452 0.5107996098855039 0.6156465109918491 94 97 96 93 
0.9622676153208521 -2.911444557419432 7.008809096276695 7.255454091534873 1.0066755753183043 0.5117733726025988 0.6119732569204519 343 346 95 98 
0.15805982646358288 -2.0689529889875056 6.985741438328704 6.928717213996105 1.0594764678294384 0.5655695296117155 0.641274356725494 95 204 207 98 
0.9759118586517851 -2.078463336634831 7.043635879591153 6.930560743013579 1.0071722905978109 0.5663577494509695 0.6377777965798755 97 100 99 96 
1.794103272211501 -2.083640497742612 6.984163434161909 6.925534720281105 0.9548778706811429 0.5672769538229636 0.6414685387154361 101 340 343 98 
0.9892734094036496 -1.2327509529857874 6.967373460180804 6.577020295277823 1.0077276478186512 0.622830520264807 0.6576858775860408 98 207 210 101 
1.7964777309466893 -1.2401252011480512 6.908139214033635 6.572874901580116 0.9581607437026445 0.6236054805332746 0.6611472294603319 102 99 100 103 
2.579860337176536 -1.2443020602216526 6.73611861898307 6.562431840044929 0.9098858307432456 0.6244746874956836 0.6712296006502739 104 337 340 101 
1.784796699248189 -0.4080174309470397 6.734936554653844 6.212512552313543 0.9606591678924077 0.6814749337253541 0.6746016358918784 101 210 213 104 
2.5448937312590636 -0.4139697764443466 6.567678229389433 6.202958970056733 0.9141987197448361 0.6822600452323386 0.6842802230667968 103 106 105 102 
3.2566889028440436 -0.4171891172387172 6.302251354715365 6.188283337768383 0.8702375012238835 0.6831300434466959 0.6997890302215386 334 337 104 107 
2.4862961748671406 0.3934094003503653 6.317733495415465 5.852146891443394 0.9167430418832546 0.7411785617543524 0.6908550805345635 104 213 216 107 
3.1660073460265155 0.3888047305976167 6.064018479833371 5.838590485285675 0.8736216683214167 0.7420072700190392 0.7060376412444404 106 109 108 105 
3.7781195235109943 0.3872135541911225 5.735068009454136 5.821152372565736 0.8341649619064012 0.7429318655764618 0.7259704582066835 334 107 110 331 
3.048479818786392 1.1459975230981492 5.764932505412661 5.517537958571707 0.8742069900912312 0.8014993193901656 0.7057155056816091 107 216 219 110 
3.6243967246087365 1.1421283948167287 5.455661395347883 5.502038618734832 0.8346671521182771 0.8024093488082558 0.7256439602614484 112 111 108 109 
4.126418738493468 1.1415111093455408 5.095005502052849 5.483611256244326 0.7998981625876307 0.8034463894056906 0.7488962940755783 110 113 328 331 
3.450063780759915 1.8248361156841153 5.142030346025733 5.229667453951672 0.8314590671972504 0.861823283559574 0.7189615630042266 110 219 222 113 
3.917192550090252 1.8213349164710635 4.8073518609520365 5.213839207720702 0.7958715992766007 0.8628313235831127 0.7426977406381907 112 115 114 111 
4.311427992189438 1.8203626969176037 4.444331825732218 5.196296950330753 0.7660067147832854 0.8639523788424193 0.767985384220853 113 116 322 328 
3.7038726367297308 2.4162407569199775 4.516771816172807 5.007526323181393 0.7874991244368387 0.9213337819884355 0.7307506686223437 116 113 222 225 
4.067795590103827 2.4134742059730923 4.182481043357214 4.992379079796688 0.7563436719531016 0.9224073090905959 0.7570520924806727 114 115 118 117 
4.373819131872325 2.412186335247799 3.8288774497689397 4.976047273606529 0.7314840267452607 0.9235891337496955 0.783007492660992 116 119 323 322 
3.8434588202171533 2.92199630766411 3.9448999902663284 4.863843306532067 0.7420763516088849 0.9791664693161621 0.7413908717501103 116 225 228 119 
4.125950956144465 2.9224494260534106 3.6171724336621094 4.849339378930843 0.7156562470558694 0.9804055433446162 0.7688025303784197 118 121 120 117 
4.332577181751163 2.9245117903691233 3.3176510307949947 4.834505146291384 0.6952759385426489 0.9818449482152518 0.7942841525867411 122 20 323 119 
3.9293547841769683 3.3447221993754344 3.45144914336639 4.804776836837714 0.6957250748282249 1.0345815788806036 0.7511685218915812 123 122 119 228 
4.1244244752655685 3.3448193796789987 3.172434408975607 4.792686769771047 0.6739169925451742 1.0359832241257578 0.778281017278304 121 124 21 120 
3.7820436344381383 3.727078476115705 3.325750539542879 4.835178545808825 0.6730934060085766 1.0849525427372497 0.7312719961411877 121 230 125 124 
3.9651355368770353 3.7283286513090403 3.065280590194945 4.825625336187563 0.6497257025840427 1.0864136364689325 0.7600935791151261 123 126 22 122 
3.6783068298596477 4.07701330458652 3.238001959528867 4.924179833564907 0.6492821742287611 1.13030477231784 0.7104930624938601 232 127 126 123 
3.850171999186105 4.0825774638607175 2.9934286414921965 4.918066801695942 0.6242695125235715 1.1319750261666186 0.7409089918525996 128 23 124 125 
3.6111188642607086 4.370703115990244 3.178896519934447 5.035026511862386 0.6259976993314281 1.1696501025103005 0.6903747431789169 125 129 131 128 
3.775912856605366 4.373934093156709 2.9468808407835603 5.029433886621641 0.5993332248787987 1.1716294930500815 0.7222730894892551 127 27 24 126 
3.3782749950718465 4.368141766513664 3.4449142349686053 5.040825238480636 0.6606928157681804 1.167794981055321 0.655434684956504 127 232 235 130 
3.3222620212817673 4.686089627919465 3.3769741070384267 5.1823005294101145 0.6412061130115834 1.2003444133223742 0.6353350753458697 131 129 132 134 
3.553298710512153 4.681210731349606 3.1148434898233566 5.173529814232302 0.6046484583338325 1.2022532036716589 0.6721457797540615 130 29 27 127 
3.056612647872192 4.690561647223651 3.6184458652766596 5.189995998221295 0.6869140948570256 1.1988256234192074 0.5973553621430367 135 133 130 235 
3.0188002618981065 4.90401700079996 3.5615044151802873 5.28634661625296 0.6718791292736225 1.2250422848057603 0.5780133062902695 134 132 136 33 
3.2789104265048983 4.897638756782495 3.324461324415299 5.277491532166727 0.624179446198157 1.2265294857166902 0.6177754895446941 133 32 29 130 
2.7390621790003418 4.699941997565243 3.8431852226936694 5.199079029283247 0.7412219489068582 1.1976520939696684 0.5611911329147727 136 132 234 137 
2.709747553856642 4.906776052510058 3.783789451205718 5.292582535769693 0.7284628330641312 1.223821469759231 0.5402926024095709 133 135 138 34 
2.3708110501471356 4.712351556692407 4.038139843023491 5.208420037469138 0.8028188183693099 1.1967940191779227 0.5298273369794181 237 139 138 135 
2.3508977830063857 4.902159404300265 3.98056301755548 5.294177664628246 0.7926840630788983 1.222832697282365 0.5076372885064888 137 140 35 136 
1.949934669010918 4.721047394371715 4.193743515156029 5.214775129947007 0.869958459999481 1.196203193574914 0.5057474118705068 137 239 141 140 
1.9346179288889147 4.886325404520507 4.143258189439672 5.289378186677259 0.8631337495653539 1.2220287538813417 0.4825662384698946 139 142 36 138 
1.5133962172473765 4.725128126699589 4.2898779887483816 5.217366177681068 0.9407415905753537 1.195669595261405 0.4906425069340527 142 139 241 143 
1.5042906936694513 4.876819247211941 4.242484815949867 5.285909247919377 0.9378491507181521 1.2213037064663976 0.4668455185154397 141 144 37 140 
1.0764516658695191 4.730787067094046 4.322786838313076 5.218656947003267 1.013338501344897 1.194846900492671 0.4853647311537602 144 141 243 145 
1.077374688403043 4.888324653829551 4.27240002515922 5.2899304688627105 1.0142233397049862 1.2203906710569092 0.4613739025050811 38 142 143 146 
0.6252290348533883 4.735407747014875 4.293236350454251 5.217352900908423 1.0861169578005343 1.1936665231620023 0.49025026431190905 143 245 147 146 
0.6329042650107384 4.906872042270677 4.2385211890182966 5.295104987896148 1.09027156078293 1.219184450922661 0.46649208650380114 145 148 39 144 
0.19247128487708165 4.736526949708643 4.20337523365007 5.2126512334388595 1.1575958985136063 1.1923015301598798 0.5051304555400016 145 247 149 148 
0.21204315092689116 4.9225743665694 4.146055455767 5.297174557876536 1.1645169873900842 1.2177468740733715 0.4819843424012261 40 146 147 150 
-0.22883673915005212 4.734772362938592 4.052148549570062 5.204516529391995 1.2264793616717966 1.1911716707168603 0.5293333485698654 147 249 151 150 
-0.2015060347675483 4.924545617175597 3.9961086815939812 5.290590518230231 1.2359373920963963 1.216461479481994 0.5071945395710014 148 149 152 41 
-0.6218674054957672 4.733458184876961 3.844488593053682 5.19504514690149 1.2917492578050833 1.1910632792602223 0.5617612298822868 153 152 149 251 
-0.5903640992848942 4.9191568432672925 3.7916376696852128 5.279000915679273 1.3042226705714937 1.2162700584978539 0.5412067547938124 151 154 42 150 
-0.9763108399119392 4.743973089116903 3.5838960304043344 5.189802243253015 1.3524687613871251 1.1929065958883325 0.6007622273652945 154 151 253 155 
-0.9439399124867409 4.9235131910751795 3.532322311918112 5.270653399689315 1.3689233983898692 1.2184000359705922 0.582602519084877 153 156 43 152 
-1.275194169284136 4.776631912168537 3.2833505901111253 5.193788883629131 1.4078231368676306 1.1975339282359412 0.6441644077140191 157 159 156 153 
-1.2378455527956302 4.967497501301531 3.2263794285144156 5.279599624093773 1.4287696142380208 1.2237863734771568 0.6290196942418247 44 154 155 47 
-1.3226224511058764 4.495595287356763 3.3541931426392706 5.066361944006508 1.38435322450768 1.165053953951512 0.6623177751848868 158 155 253 256 
-1.5634475855759333 4.558367046486798 3.0276592070696213 5.081885075048647 1.4302131165963141 1.1721459978272195 0.7048367136359452 157 160 162 159 
-1.5112602884353734 4.835176440756301 2.9582842238269116 5.209304979035075 1.4574318588306978 1.2054487930876605 0.6895253254316477 155 158 49 47 
-1.6317074189485918 4.238766841318475 3.104195992597908 4.952083094257402 1.4011525012865187 1.1323321078227377 0.7223102909335868 161 158 256 163 
-1.8140001422977008 4.304243251792539 2.7773342629386466 4.964136442923023 1.4379831475392708 1.1412174913134978 0.7621476706488863 53 162 160 164 
-1.7432606968517799 4.637406265455868 2.695438489190469 5.105323639555757 1.4707713016314043 1.1822449642851853 0.7474425907510798 158 161 52 49 
-1.7301567121992034 3.8765225103138845 3.2084303004042205 4.847437983773085 1.3717355860522076 1.086387902058475 0.7407371676343983 160 255 165 164 
-1.9134817407368676 3.9285689507060066 2.8848147138066533 4.846373043278221 1.4044599803513964 1.0938191152467367 0.7773907117811407 54 161 163 166 
-1.873778428936034 3.48815603169566 3.347729464264896 4.803551106381104 1.34380020368486 1.0352334404411212 0.7587226109556061 163 258 167 166 
-2.060565958065415 3.5308976174991864 3.0212952230209367 4.791181407241369 1.3723174342419366 1.0410188861563696 0.7920040693082514 164 165 168 55 
-2.0752615210190655 3.05800770795553 3.527851958866708 4.839387714022144 1.3192027312312022 0.9801213588104365 0.7749894280238072 169 168 165 260 
-2.271497916997242 3.0930236124945867 3.1930992182623172 4.8189041441609834 1.343956234924798 0.984303885958514 0.8051644947088679 167 170 56 166 
-2.3315516532214775 2.5558396734326845 3.744456685001529 4.959083865855984 1.2994995408981158 0.9222954685070941 0.7884157675320856 171 170 167 262 
-2.5452333165245586 2.5855646899504636 3.391687747406597 4.933785824790527 1.3214400117774665 0.9252249091960787 0.8162137353838572 168 169 172 57 
-2.6219047553187953 1.9656739321711862 3.9800215224279167 5.15860999848248 1.2856409301439744 0.8628170591738387 0.7980747102535682 169 264 173 172 
-2.857496016348555 1.992368797989493 3.602549836470085 5.130656732240209 1.3058477878596408 0.8649518497852617 0.8244328395876597 171 174 58 170 
-2.9151738716265623 1.2901032648514674 4.210094179876191 5.424666983401781 1.2779782468864644 0.8025876479546294 0.8033954446798549 171 266 175 174 
-3.1740755670312764 1.3159443052638584 3.8038642154670357 5.394910143862715 1.297299705066134 0.8042361247249964 0.8291608078496354 176 59 172 173 
-3.1815306245427912 0.5467898335509986 4.4105646375881085 5.737484864870746 1.2764356731663944 0.7423702450540162 0.8042069325282347 173 268 177 176 
-3.462462162916879 0.5740044223089953 3.9751059632789327 5.706076645523673 1.2955496724771547 0.7437458518016291 0.8301589007105517 175 178 60 174 
-3.400673617847822 -0.24527472752568008 4.567952934048445 6.080350315518386 1.280715219420783 0.6827757131903052 0.8006239164755714 175 270 179 178 
-3.7017222741555424 -0.2173246712237322 4.105608847174652 6.048038929743981 1.3002901603399368 0.6841896877883551 0.8276844181121495 177 180 61 176 
-3.555363713199458 -1.0673681540520767 4.677354111652282 6.436916084548021 1.2904080464816805 0.6242211344797263 0.7928135657136732 177 272 181 180 
-3.867149887920104 -1.0375047028707016 4.203068861431256 6.404238292877267 1.3110019386378944 0.6259085594368825 0.8218126048293306 62 178 179 182 
-3.6328274478632174 -1.9087763472491854 4.7323922888549745 6.791793124732043 1.3050713341345286 0.5669726484344929 0.7808161536190459 179 274 183 182 
-3.946107952540084 -1.873336158895399 4.261299360529176 6.757797182014685 1.3268707209393786 0.5686398279933998 0.8118034058821427 181 184 63 180 
-3.6206939895269636 -2.748938674880484 4.724109067521966 7.124700268610437 1.3242953406447016 0.5112822469255014 0.7645655197193597 181 320 185 184 
-3.93616222393891 -2.712510490928026 4.257524587695027 7.091657631138429 1.3475253434659231 0.5126861211004677 0.7976048876025734 182 183 186 64 
-3.5224155736973595 -3.540157232821561 4.651732953971138 7.4141289195663385 1.347631633173203 0.45759395267580877 0.7442483274683833 187 186 183 196 
-3.832036867908685 -3.5032849824051353 4.202177024092623 7.382505099836894 1.3726433987848659 0.45870786020253745 0.7796200654450832 185 188 65 184 
-3.3523036723744486 -4.243286208506914 4.522357772504393 7.6432366307865705 1.374469062862632 0.40659100899861633 0.720548613407277 194 189 188 185 
-3.6489555599205974 -4.212239820658412 4.096992927370632 7.615503662984529 1.4015147458623884 0.4072694011052662 0.7582333487715047 187 190 66 186 
-3.138485860372015 -4.818150663060197 4.357715381186585 7.801057777791675 1.4038404144305243 0.3589848113570316 0.6944642275979418 190 187 193 191 
-3.4190201861681047 -4.7939009366201075 3.9572633697191044 7.777250805955017 1.433222244772703 0.3591864553216911 0.734598603040362 192 67 188 189 
-2.9074482126157 -5.248662244542428 4.178596668018543 7.883025581253157 1.4343537728272382 0.31544498012299627 0.6672018406672289 189 82 79 192 
-3.1715035186889136 -5.229254474695913 3.8018324883482637 7.862027418466007 1.4663932860533646 0.315216624278226 0.7101121321181498 191 474 68 190 
-2.7545196068713036 -4.843991132574508 4.796248060151365 7.824314373965921 1.3665622453800967 0.3588791697932333 0.6531888050423584 82 189 194 85 
-2.9475416447938927 -4.2744885458397315 4.987860712575443 7.670331342473379 1.3401303432234644 0.40612835467607905 0.6820527032457749 193 187 196 195 
-2.4632446278721023 -4.302994287911624 5.428308569721954 7.694513491457702 1.298114595012278 0.4059734386888796 0.6448438511178978 197 88 85 194 
-3.100300087424688 -3.5761381303425193 5.142028055836272 7.444899331972246 1.315854981750539 0.4567639994797683 0.7082707240927538 320 197 194 185 
-2.5953149971082468 -3.607925235407709 5.605063486639204 7.472183755362835 1.2769682409399845 0.45634323161572576 0.6736348879345049 196 199 198 195 
-2.0064301705803294 -3.6350818368349525 6.022867858931605 7.4950259083895725 1.2314566236740758 0.4563347269320396 0.6423422204200788 197 200 91 88 
-2.6699317090368337 -2.819830836902618 5.712610354186484 7.187422756330207 1.2585051688261832 0.509502853730739 0.6985908607795887 200 197 320 273 
-2.0671057913110684 -2.848523331572846 6.143058587614768 7.2122857067773385 1.2161540689489159 0.5093170049427778 0.6694361746309017 199 202 201 198 
-1.3868755746070356 -2.8721399609769387 6.5049681328584645 7.232270002139155 1.1685636291847898 0.5095139835757174 0.6450876161776167 203 94 91 200 
-2.070783438092105 -2.0104871521324394 6.171917605932883 6.883757197267196 1.2036017758557822 0.5645914303430604 0.6917761498997635 203 200 273 275 
-1.3868931519787981 -2.035151318133266 6.537171472005872 6.904918791193462 1.1589408226781743 0.5646317161521783 0.6689357220804888 202 205 204 201 
-0.6370467399479841 -2.054640174445759 6.813866219818549 6.920165887348864 1.1104894057136097 0.5649760284548164 0.6518183453675579 206 97 94 203 
-1.3427943397441824 -1.187255060204867 6.466877284798424 6.549789960634104 1.15171319186342 0.6215789668001086 0.687274368409939 203 275 277 206 
-0.6027250039665943 -1.2066995909771525 6.740708853839273 6.565399357756973 1.105713190394788 0.6217680553204269 0.6710378778681549 205 208 207 204 
0.18204456542880154 -1.221727571901064 6.910491444980057 6.574458181351412 1.0573182356036046 0.6222010293326447 0.661026806690105 97 206 209 100 
-0.5429391223250435 -0.3725249556705781 6.572203937443667 6.203777187949363 1.102704138877825 0.679974601048336 0.6841228002635911 206 277 280 209 
0.21839334964231105 -0.38744029805605096 6.737253686397115 6.2129077531175865 1.0560916350687077 0.6802895130907616 0.6745005711878902 208 211 210 207 
1.0017124096303356 -0.39921019816710834 6.792533580843887 6.215916625775108 1.0083576288551435 0.6808044981045349 0.6712852583784243 103 100 209 212 
0.265060027680242 0.42166980452790476 6.479423087086295 5.860575992846794 1.0558364207029047 0.7393956170047582 0.6812652170003106 209 280 283 212 
1.0130502703303517 0.4100006011290669 6.5323778928726135 5.863654902707539 1.0090427036545597 0.7398459270938111 0.6781320605127126 210 211 214 213 
1.76056709928097 0.4005366999712284 6.477477409940869 5.860796514445643 0.9622908767716103 0.7404518791217618 0.6813827826924074 215 106 103 212 
1.023308764070437 1.1704042151316933 6.204746747248676 5.539525450658458 1.0097523506716541 0.7994341690189093 0.6778045863163511 212 283 286 215 
1.7261574372054374 1.1606540676766126 6.1533435889699915 5.537127248471628 0.9629722225350157 0.8000117850343017 0.6810663819799937 214 217 216 213 
2.4087946964869302 1.152397156919803 6.003387041362849 5.5295375107726885 0.9173854771255278 0.8007018704872179 0.6905383506004134 109 106 215 218 
1.6853065445377469 1.8480041836302337 5.78878231300804 5.260015065183041 0.9626485312203942 0.8594996783449542 0.6734233989266195 215 286 289 218 
2.3195813773514584 1.8388682478118312 5.649954099926728 5.253455076545317 0.9160505754967629 0.860167403335364 0.6831076458442111 217 220 219 216 
2.9145363172464345 1.8308690646233137 5.428844288707353 5.243058268220175 0.8719025521566564 0.8609369603117698 0.6986124144474359 221 112 109 218 
2.22818258438987 2.437972334418292 5.292398266538867 5.041678457789859 0.9127538466833663 0.9187697458561815 0.6686922740544416 218 289 292 221 
2.777996745739301 2.4288735435870685 5.088867267115785 5.032680943554483 0.8667463351921902 0.919505245225265 0.684857560733465 223 222 219 220 
3.2725560065002166 2.421372554798721 4.824913777067835 5.021157739136788 0.8245962434179445 0.9203599212830715 0.7060517990904911 221 224 115 112 
2.6535198250956697 2.9368084336507234 4.78043520314945 4.899168972464017 0.8589740017712596 0.9762705813189911 0.6650763570653333 295 224 221 292 
3.11051088533863 2.9288364659095505 4.537169971281074 4.889063406509563 0.8143721010805721 0.9770925641264291 0.6875122117567786 226 225 222 223 
3.508434172128065 2.9238063521427486 4.253107514565377 4.877135891606694 0.775099149012099 0.978064265991713 0.7136183861495082 115 224 227 118 
2.980743674627274 3.3546086489801725 4.305251005182119 4.8378941836759335 0.8014183621815311 1.031020233388559 0.6644921509548752 224 295 319 227 
3.35234110737608 3.3482947724083703 4.041524350477273 4.827692792123076 0.7594164267547414 1.0320309602934348 0.6923754006597507 225 226 229 228 
3.664900482665811 3.3455249350298524 3.7557226084056974 4.816659894319782 0.7240545258314315 1.0332351022760196 0.7219820084822133 230 121 118 227 
3.2372264030044455 3.7280848824001827 3.881894118468215 4.853584477715167 0.7415123089788637 1.082114612871332 0.6684789212840869 231 230 227 319 
3.532269992105729 3.726481533620662 3.6124001669779666 4.844581680113911 0.7035224453277696 1.0834524901561249 0.7001520446879557 228 229 232 123 
3.1579310685671116 4.071354226011792 3.770078770630481 4.93714298190892 0.7226073270472044 1.127166355778709 0.6436016875814832 229 233 235 232 
3.4397507883659895 4.072695549426063 3.512194022462553 4.9305789421660995 0.6818818563837759 1.1286188411193032 0.6774353602120453 230 231 129 125 
2.8207001133290333 4.07626148705072 4.009369113012828 4.944916107701978 0.7709590905918593 1.1260555335972557 0.6115108912861091 231 319 236 234 
2.778358640255822 4.374435681619877 3.925436888470092 5.05468065229163 0.7555527850414563 1.165141710263644 0.5852407034084407 233 237 135 235 
3.10538635516114 4.367775012833628 3.6938561139649875 5.046709828913946 0.7040499282869508 1.1662800751054243 0.6194681351202482 234 132 129 231 
2.4315703272359555 4.086925914668189 4.214824313646387 4.953420910830467 0.8257530534653936 1.1253012898618882 0.583732731388046 238 237 233 297 
2.399982380053631 4.3873320267556695 4.124956647938104 5.064119862372623 0.8139219352619306 1.16436891311663 0.555563705812985 236 239 137 234 
1.99433928371686 4.099296479657913 4.374709033480927 4.961115294555455 0.8854106425322706 1.1248069302760337 0.5624097103089883 236 296 240 239 
1.971852242061849 4.400783689453029 4.281537872994435 5.072498622585743 0.8774396453930855 1.163876844330383 0.5327744736699136 237 238 241 139 
1.5348445482432906 4.109035644807143 4.4742525953492684 4.9660593120472365 0.948269402998108 1.1243415703181425 0.5490103656710937 241 238 298 242 
1.5244366268193321 4.4098958577879825 4.378685301292365 5.077322739311646 0.9443287545993762 1.1634188418901985 0.5184602320966352 141 239 240 243 
1.0679282756976096 4.115718155197144 4.509224389548241 4.967689344130416 1.012769710715408 1.1236281453126082 0.5443115321457846 240 300 244 243 
1.0725834310211073 4.416088110063441 4.412663689482639 5.078778984664704 1.0129737857075387 1.1626621120295058 0.5134431293673977 242 245 143 241 
0.5928460396843125 4.119021287565669 4.47858983091578 4.965870723221157 1.0774779773785648 1.1226207484831332 0.5485989773985583 302 246 245 242 
0.6099003222473043 4.419140469663909 4.382857998537727 5.0767331555826996 1.081891955851774 1.1615497327225779 0.5180423607942645 244 247 145 243 
0.13282392399510756 4.120477274101005 4.383141875648735 4.961398231367912 1.1410214081071723 1.1215129248318485 0.5616931513283274 244 304 248 247 
0.16351463732310437 4.419996485660792 4.290327076336193 5.071911933761185 1.1496597619363733 1.1602858927824395 0.532089473725561 249 147 245 246 
-0.30856241976758786 4.1239865134704585 4.223326839490224 4.955384799641625 1.2020551075993495 1.12069876681843 0.5829419122914508 306 250 249 246 
-0.267010836487106 4.422916584779575 4.134597702994264 5.0658836712033235 1.2149031079037305 1.1592963156084757 0.5549107755943368 248 251 149 247 
-0.7155153889903342 4.133520825877246 4.005457797812885 4.949659742300973 1.2593364032341334 1.1207589145189427 0.6112483567692604 252 251 248 308 
-0.6652303957882737 4.432422979707563 3.9213530982125686 5.06102532144578 1.2763646581182295 1.1592539019539345 0.5853606339566069 250 253 151 249 
-1.0780158553076011 4.153279507726202 3.737472886839931 4.9459795079306295 1.311899680225285 1.122341095957518 0.6450994045286375 253 250 254 256 
-1.021415856634987 4.454961398312807 3.656893981915161 5.060385839905695 1.3330388103642177 1.1609273939628695 0.6218110657754413 153 251 252 157 
-1.1608148852294273 3.8097957901299897 3.8522351290874295 4.858516263911951 1.2905181257809983 1.0777749585340457 0.6693786572664976 252 308 257 255 
-1.4765918487397482 3.836144384899234 3.54106152211747 4.851651427822354 1.333833312567247 1.0810421632441847 0.7041876743242145 256 254 258 163 
-1.385081473625563 4.187082567640373 3.4321867302552027 4.945918646514574 1.3592056447062992 1.1260577603991888 0.6827291546178286 255 160 157 252 
-1.2806506871364876 3.432561490319892 4.01348319256412 4.828690582106071 1.2703360805333233 1.028148973820785 0.6929510081381715 307 259 258 254 
-1.6097826136399793 3.454840821406027 3.6908632948631226 4.816305048563493 1.3098631490725121 1.0309163393207184 0.7251404323647571 165 255 257 260 
-1.4444860115043274 3.0093730254071933 4.22859733872535 4.875229565573565 1.2525697100684765 0.9745393017500019 0.7141007019909726 260 257 310 261 
-1.7939182907770235 3.0295738125913583 3.888272474103827 4.8584489832386435 1.2887712910234281 0.9768037609925785 0.7440369473574571 259 262 167 258 
-1.649162584194236 2.5100547351447315 4.493284387904149 5.002547263271215 1.2382108853977232 0.9179902057534554 0.7313119953734047 262 259 312 263 
-2.025661081551168 2.5299181153080172 4.129510260378797 4.982362829182017 1.2717756682710153 0.9198006087842124 0.7594987409411772 260 261 264 169 
-1.8785401614616577 1.9205623204748086 4.7857597462393695 5.207496859074984 1.2279857072150184 0.8594774134142393 0.7434545237434781 265 264 261 314 
-2.2868108589991616 1.9409570609260494 4.3947405732246025 5.184688701521374 1.25972397308893 0.8609163781195455 0.7704793894966936 262 263 266 171 
-2.1093450225729615 1.2429694787084187 5.0753986757422584 5.4778871950216415 1.2222786144026037 0.7999152036935653 0.749906250265164 263 318 267 266 
-2.5502844932461337 1.2651130233017358 4.655948308050132 5.452772870698382 1.2530276444066728 0.8010820958464986 0.7763949263149627 173 264 265 268 
-2.3187518871549364 0.493904997429997 5.332421541302243 5.7954172868035165 1.2211456097138482 0.7400989110271905 0.7504967060276513 265 278 269 268 
-2.789574472829409 0.5192953447496417 4.886345748010968 5.767880667875293 1.251699642544877 0.741091287272982 0.7770780723289913 266 267 270 175 
-2.4905457103762347 -0.3059566951831198 5.536723561820852 6.142722074090193 1.224433240249211 0.6806650108862137 0.7453580570063422 271 270 267 276 
-2.9860871660112447 -0.27636534881240676 5.068866791685392 6.1129106329854155 1.2555100570360684 0.6815573143120429 0.7726335204780643 269 272 177 268 
-2.613134478121811 -1.134682462475313 5.674932627346394 6.502093761471388 1.2319132960002606 0.6221224406700642 0.7347848122494628 275 273 272 269 
-3.1260842390453343 -1.1017449372241945 5.192916393638577 6.470823752600408 1.264152707899862 0.6229568247682975 0.7633062137682012 271 274 179 270 
-2.676445823982216 -1.9805720473798782 5.736980109999924 6.857476174264841 1.2433554150549484 0.5649208921075173 0.7190997043682716 271 202 199 274 
-3.197755770397265 -1.945849568402373 5.250531702003642 6.826149305612518 1.2773281187474324 0.5657003687750417 0.7493485898766271 272 273 320 181 
-2.0170586874498135 -1.1633120852879077 6.1053153256764165 6.528436994860432 1.1941427063893253 0.6216807938858837 0.7089260097780032 276 205 202 271 
-1.9140921803731565 -0.3319711026950849 5.954507120353146 6.1679042933946615 1.1879833415787628 0.6801219997880324 0.7205382424691062 275 269 278 277 
-1.260802730903048 -0.3540965434904532 6.305892679683299 6.188489959116551 1.1470481497320844 0.6799042534530589 0.6997294550174321 279 208 205 276 
-1.769892627927368 0.47147216693975275 5.731192840017666 5.8185764283691634 1.1853055541296103 0.7394537268783266 0.726251826536023 318 279 276 267 
-1.1468585696854954 0.4521334639084902 6.066969191688532 5.837612927810222 1.1450840974275622 0.7391486323561169 0.7059123827498659 278 281 280 277 
-0.46167733126486976 0.43561320342119153 6.321605036631656 5.851904039183668 1.1015546260489764 0.7391463286134097 0.6906617259405907 208 279 282 211 
-1.0082330693520722 1.207678454579794 5.766792042002439 5.5159895079913905 1.1459394631135038 0.7987874224839655 0.7054615823057238 279 318 313 282 
-0.3637656757428895 1.1936744416579392 6.006411841570397 5.528855914260169 1.1023359601433196 0.7987612933395419 0.6902668300328828 281 284 283 280 
0.319654241899617 1.1813864306708346 6.154837413101188 5.536657700846272 1.056574528163795 0.7989997179635787 0.6809119890267711 285 214 211 282 
-0.255948438455962 1.8784863131567278 5.6522140549023785 5.252676576705399 1.105070879260235 0.8581741728751824 0.6827348094723613 285 282 313 315 
0.3788753582902749 1.867908974922147 5.789876297591283 5.259491820452563 1.058300984139823 0.8584571343238803 0.673221576661957 283 284 287 286 
1.032721217046803 1.8577976049629361 5.836241981799774 5.2620362287057 1.0104557946577781 0.8589210393308685 0.6700746006133272 288 217 214 285 
0.43787197291485996 2.465753109928827 5.4213576274227195 5.047264166295538 1.0609608597297444 0.9169899670594353 0.6583314072499618 288 285 315 317 
1.0413532721309626 2.4569193713074027 5.463716320955697 5.049282038287746 1.0111184498791606 0.9175230428646822 0.6550741202107571 287 290 289 286 
1.6428845124429332 2.4475272031560475 5.4200193584667895 5.047419492839712 0.9613099135047493 0.918122181570045 0.6585836852681854 217 288 291 220 
1.0490557469639457 2.9646958043978495 5.126215482767247 4.914196145159041 1.0117027734700565 0.9743398611476731 0.6334678959212715 288 317 299 291 
1.6039192398747926 2.95598598175079 5.08571417029738 4.912350109902833 0.9590155736661459 0.9749674156458253 0.637206343064678 289 290 293 292 
2.1446352299579754 2.9464197753713144 4.968146476887394 4.907151464110893 0.9076493219215938 0.975584026988854 0.6479383105238177 294 223 220 291 
1.5726066377349366 3.3853165602852395 4.814854248889692 4.8590169853717375 0.9559187712088867 1.0290326934506173 0.6105739811125492 291 299 298 294 
2.0772687024021885 3.3751976223298024 4.705705299289499 4.854149300928945 0.9010700829139279 1.0296029125185984 0.6221000969079803 296 295 292 293 
2.5536388966796033 3.364195534639365 4.531150310983678 4.846844584555741 0.8490809521052659 1.030225686575579 0.6404778429693764 226 223 294 297 
2.027924373873347 3.7564664380301087 4.510252444706834 4.878444864403108 0.8934780277423263 1.0797228978882116 0.5929088321450149 294 298 238 297 
2.480686106654721 3.7445953050847773 4.34476911304859 4.871111933861556 0.8377471765946776 1.080275226288095 0.6127179490252348 296 236 319 295 
1.550023085131295 3.766651368736567 4.613545224539513 4.883353123281228 0.9522439311451467 1.0792086989117422 0.5804682911217285 240 296 293 300 
1.0559743019161052 3.3936610380587133 4.852687731987449 4.8608539147920276 1.0121800005708108 1.028376303215401 0.606547183777186 293 290 301 300 
1.062326090752689 3.7742736240628223 4.649656900285189 4.885187879744835 1.0125322636505043 1.0785249352512067 0.576111392394911 302 242 298 299 
0.5351195436778305 3.3997748854808028 4.817668528569009 4.85961360096065 1.0685046721061888 1.0276222063629181 0.6102299059035396 299 317 303 302 
0.5686742911764298 3.7788964782775367 4.617299900273808 4.8838427534398425 1.0729425170943079 1.0776416548139895 0.5800840832194879 301 304 244 300 
0.029588816083142018 3.4044952704631886 4.711074037788497 4.855573948447916 1.1236333304059558 1.02690646924133 0.6214464702343825 301 316 305 304 
0.08984056370855806 3.781760738971969 4.517406400936177 4.879814608830516 1.1321543610563078 1.0767250887054447 0.5922029448688545 302 303 306 246 
-0.4511313922481032 3.4098934533578684 4.535584417687997 4.848639097552806 1.1763687191298018 1.0264990431689847 0.6396486253583289 303 309 307 306 
-0.36745623451974496 3.7857606562919432 4.351477026769499 4.873485766366498 1.1888972321294424 1.076112186054844 0.611861719086928 305 308 248 304 
-0.8915651103017135 3.41840077001439 4.299433830150884 4.839505179133358 1.2255933684639353 1.0267813298447699 0.6639174073635494 305 310 257 308 
-0.7878581632544214 3.794026714328343 4.12662381162599 4.866030144080015 1.2420013639815992 1.0762873335133336 0.6380515575108509 306 307 254 250 
-0.5633389648223556 2.985805242873538 4.783636581095186 4.899977434819395 1.1652547337426968 0.9729519427375735 0.6643437902157355 310 305 316 311 
-1.0318619280165584 2.995407732037139 4.53155916154946 4.888965300487732 1.211116990380945 0.973315040244199 0.6870035042948757 309 312 259 307 
-0.7016512430866364 2.483637824477659 5.090190760817096 5.032009110560654 1.1561963832044007 0.9165226542754719 0.6842687300715156 315 313 312 309 
-1.2058740174223808 2.4950520470552187 4.818175417081841 5.018930241282481 1.1993843641232642 0.9169257817889513 0.7057040444877418 311 314 261 310 
-0.8550034754361573 1.8901824562424985 5.429676440274859 5.241386907383562 1.1496686454851308 0.8581723962995664 0.6981943890568642 314 311 284 281 
-1.3997301232123855 1.9038853774662956 5.135558245905969 5.226226707094888 1.1909948677647844 0.8585735254100024 0.718830716020467 318 263 312 313 
-0.14795736025771247 2.474325740299954 5.29509878194446 5.041604935145018 1.1096906686802892 0.9166078135500588 0.6682123231435898 316 287 284 311 
-0.05022849808800987 2.9786391636811484 4.972330179438151 4.908045476802446 1.115993137848049 0.9731759181151896 0.6473628891758041 315 309 303 317 
0.4912498470330476 2.9720815969387253 5.087845048347979 4.912688940337021 1.064427921299072 0.9737065690989752 0.6369068307434523 301 290 287 316 
-1.594026143327099 1.2239102255708003 5.450714542978561 5.498847754859317 1.1862776158924806 0.7991534921129048 0.7257357305103991 314 281 278 265 
2.885520385960341 3.734226197659279 4.131141937473692 4.862565349292346 0.7866114090118868 1.0810466821380498 0.6385557335366112 297 233 229 226 
-3.188020633697117 -2.786193744788033 5.2332113788047305 7.157720954322206 1.294708149471175 0.5101538348885639 0.7309111541862437 199 196 183 274 
4.873030221524426 1.8231923777766483 3.7290397976580416 5.159090636293615 0.7241284726195412 0.8663517918657376 0.8159304150409195 322 323 18 324 
4.641878158589391 1.8211340601294355 4.061587142612101 5.177489893795442 0.7422431814962158 0.8651534693502447 0.7929183393220438 321 325 114 117 
4.592670550989743 2.4119957296333636 3.5145364827598775 4.95977899547491 0.7123742095719878 0.9249681250153315 0.8070769490043513 19 321 117 120 
5.153595144797885 1.1597014660430105 3.9285371043052626 5.417793395216618 0.7300369589088429 0.8071734108586917 0.8205958210946177 321 17 473 325 
4.904761983901031 1.1510730574579893 4.290077119114681 5.440236310771786 0.747608165119305 0.8059324865894891 0.7980872144663682 322 324 326 328 
5.137713857608563 0.4060417929281021 4.498729585678355 5.7518093538881745 0.7475202941970975 0.7465094278444278 0.7983960412782615 405 327 325 473 
4.760988681814808 0.39549975749145094 4.936994061895371 5.777374247038052 0.7705126279872196 0.7451415171142431 0.7739790070058972 326 329 331 328 
4.549805989830055 1.1445841932634908 4.703727679402367 5.4629105463610514 0.7707526521251792 0.8046286590219787 0.7736692294520959 325 327 111 114 
4.927573409677443 -0.4077420824967723 5.125725593991816 6.123917755173125 0.7653413732118096 0.6861890469795185 0.7690883761416756 405 408 330 327 
4.456755782772445 -0.41447604819379097 5.558067395262352 6.147921182233719 0.794797403110608 0.6850781735717472 0.743851548127027 329 332 334 331 
4.311447218199122 0.38924808225858293 5.351970786109872 5.800527859904798 0.7995118999397842 0.7439644009751541 0.7492193872262987 330 108 111 327 
4.550348289282414 -1.241486430281453 5.698667994053741 6.5054408715675365 0.7859797763857532 0.627342842577371 0.7331439275475864 411 333 330 408 
3.974421474034874 -1.2449391811512747 6.109533712633399 6.527523441215219 0.8225253466632327 0.6263535689280582 0.7085184377403864 332 335 337 334 
3.897987090712116 -0.4174919079376704 5.95822539334075 6.169652939751206 0.8300488656768692 0.6840684890763312 0.720137099275848 105 108 330 333 
4.001622373308454 -2.081245678577112 6.177759089009104 6.877882322935372 0.8118466332318585 0.570211659960831 0.6915135100603956 333 411 414 336 
3.3316575256994616 -2.084279271926713 6.534959106428872 6.897805971265179 0.8558004417371061 0.5692439795268333 0.6691993315647746 340 337 335 338 
3.3133868022084214 -1.24583034352294 6.463181005569195 6.5468577660901355 0.8642298120187945 0.6253977827757614 0.6873675331810087 336 102 105 333 
3.3073493037793495 -2.91126657863782 6.506417161175456 7.22164240459109 0.8451217160405489 0.5150498509574442 0.6456773300941283 336 414 417 339 
2.5671055693674405 -2.9139837088415823 6.779376599853215 7.238086875471691 0.8964999617320165 0.5139881506870156 0.6274412981288452 341 343 340 338 
2.5881577554379573 -2.085258452196999 6.810597925972065 6.914173947009216 0.9039488572391159 0.5682576771116161 0.6521465508150328 339 99 102 336 
2.5188615933759704 -3.69161955159311 6.646155900154072 7.516670682218466 0.8876276374428074 0.46198387970697563 0.5975878698705592 417 420 342 339 
1.7456754120893723 -3.6942769133873137 6.811757614649321 7.528310162777663 0.9461045426619273 0.46070559898734453 0.5851681194485837 341 344 346 343 
1.7765446534605736 -2.9145358973744333 6.950777504406311 7.249841809848322 0.9508579206834403 0.5128682944695548 0.6159810737719341 342 96 99 339 
1.7059740650469755 -4.382364374244016 6.583297160054899 7.743979080855114 0.9405624151913999 0.41105808898130114 0.5496872596802622 345 342 420 423 
0.9416233509521177 -4.381868261647766 6.634781351702173 7.74933883082039 1.0054555355864996 0.4096342781353816 0.5448172785821855 346 344 347 349 
0.9499966519161348 -3.693038152550816 6.866805893773133 7.534079366290824 1.0061598942389793 0.459427477302497 0.5807600357593145 342 345 93 96 
0.9398472376653703 -4.944200760666469 6.345404620151873 7.891667061853215 1.0042739007184858 0.3626768812320131 0.5051038658978904 423 426 348 345 
0.2184313422750468 -4.937631753560666 6.293265549575134 7.890928156615542 1.0744991014088654 0.36141995086506995 0.5095153593223296 352 349 347 350 
0.1798565353404082 -4.376150657885692 6.57865572655107 7.748824709554766 1.0703611296656266 0.4083658224471039 0.5489230127323829 348 90 93 345 
0.26967975249369197 -5.358634138601605 5.982127543730355 7.955272491320924 1.078032894139822 0.31779081873956777 0.46771174607635624 429 351 348 426 
-0.39169565345375906 -5.346291053196777 5.846167975127597 7.951304953853696 1.151989496619069 0.3170495263251149 0.48290750516619896 352 350 353 355 
-0.48379662730897477 -4.926335041195964 6.14352015666637 7.885632189352108 1.1429653098236128 0.3604378749443124 0.5234911559002218 90 348 351 87 
-0.2895867440622037 -5.638995805382305 5.547112580313665 7.948312666399876 1.159794612287429 0.277624142658118 0.44161129320307335 354 351 429 432 
-0.8803215607315062 -5.623606754688681 5.34866933924548 7.9447269299457846 1.235369011201052 0.2775720928648586 0.4684765724723757 353 356 358 355 
-1.0174656378572562 -5.330834167003636 5.625710471701711 7.943907371549208 1.222196080254 0.31654611880879785 0.5076593057063981 351 354 84 87 
-0.7463267354450387 -5.811891078422651 5.097357086754303 7.900578723002995 1.2463810783615101 0.2432630687771431 0.43035468162461343 357 354 432 435 
-1.2723349812771267 -5.795865151019012 4.851479972234524 7.900215623145552 1.3211561401820542 0.24382844752312371 0.46890126707773216 356 359 361 358 
-1.4284695943449093 -5.606988779998946 5.077709140329979 7.9385188034789165 1.305068300236334 0.2775424547713429 0.5040981375581793 354 357 81 84 
-1.1429498363731982 -5.908928854769368 4.676522971315904 7.850046170474658 1.3342124373514124 0.21532633149286012 0.4364801220839845 472 360 357 435 
-1.6089925295785967 -5.892885609274734 4.389592932577221 7.851813144968629 1.4057027920921668 0.2161919696925348 0.4858069152069583 359 362 364 361 
-1.745866472551196 -5.780096096216863 4.5435676800678575 7.895971320814856 1.3879218901421453 0.24405208365473693 0.5145173334239798 357 360 78 81 
-1.4817568530235847 -5.979904415113453 4.2491842004913645 7.802963920013788 1.4202067076681184 0.1937208149124472 0.46119185474233004 363 360 472 369 
-1.8406669720976012 -5.975244416747373 3.9338425115605906 7.797065485810663 1.4854148011726822 0.1942301001069523 0.5181402487881785 364 362 365 367 
-1.9831610491727123 -5.884238404572149 4.0619610523101315 7.8442897178101445 1.4670065449118241 0.21630718834440466 0.5390835178275772 78 360 363 75 
-1.792474554735682 -6.00202833005098 3.9028404970573143 7.78424488034105 1.5006150207317424 0.17637444665847724 0.500600831283688 363 369 366 
-2.066318911301305 -6.0100670876206355 3.539368256971158 7.763443551050748 1.5561544624196353 0.17581034447306068 0.5590757592302389 365 368 367 
-2.1222136443246997 -5.978638277485296 3.5728045272794007 7.777520502099693 1.5382509284144543 0.19358592501081798 0.5739788517150932 366 73 75 363 
-2.2507454236537074 -6.013339989548943 3.215778749110447 7.738502087325644 1.5968777979942903 0.17399220083587394 0.6088320068614842 366 2 73 
-1.4307796687397065 -6.010774748372996 4.2047162001644764 7.787036006099707 1.432111886702989 0.1756820544453531 0.44078946932460017 365 362 370 
-0.997146973027516 -6.001940701115238 4.5165914800077465 7.792882808621252 1.3515272633146642 0.17305828924368616 0.3838878425326441 369 472 371 
-0.48273416857986196 -6.024917139637809 4.695372788397695 7.773417993892793 1.260550051447949 0.16810715245304897 0.3329927607217884 370 434 372 
0.05693040780969354 -6.065775834992228 4.7493086776564155 7.737592743643699 1.1647420783805584 0.1633868394649805 0.29535482696198 371 433 373 
0.5790146409930955 -6.094556055378667 4.75677537569666 7.711210915912104 1.0665211889156119 0.15955799937916726 0.27255450043227325 372 436 374 
1.0684638474506856 -6.121472252139994 4.707838877583348 7.692456113313796 0.9677331464339305 0.1569516656828012 0.26460560102687686 375 373 437 
1.5386380729386209 -6.145228790392953 4.61750030081779 7.683745560831499 0.870434649400301 0.1557870879488478 0.2714841525470797 374 439 376 
1.9858020881536762 -6.167787106719428 4.484714096213869 7.683145746609163 0.7748362117361939 0.15441885706892092 0.29053104519638645 375 470 377 
2.401827808102149 -6.191965973494169 4.305897017956263 7.687223022888757 0.682841281746403 0.1523348879502234 0.32023461083278165 376 465 378 
2.7788080910653674 -6.215521871752636 4.089995946520312 7.694010918559565 0.5984765001072135 0.15087340243396932 0.360344312693766 377 464 379 
3.111256067840878 -6.232350640091703 3.8544022645314735 7.7011547861695355 0.5252914920597093 0.15112232366335668 0.40919299143360627 378 467 380 
3.3921671974742047 -6.242111945244745 3.609178139654193 7.70496059250571 0.4636998425562068 0.15171763746392403 0.4615719451017552 379 468 381 
3.619450297504808 -6.248204716891837 3.3581135876766006 7.702966624642265 0.4137259181631376 0.15160831331913185 0.5120959407984417 380 383 382 
3.793208089395201 -6.248974580729837 3.1195729533068257 7.694684672760716 0.3761640936066615 0.1515533662664783 0.557526470816675 384 3 381 
3.7454553065082004 -6.162895068366509 3.4598655534910834 7.723721880150774 0.4441259097205954 0.179098963072475 0.5384630876112944 385 384 381 468 
3.921390381173695 -6.164791035785767 3.2098463745304584 7.713179288846104 0.4062933151151896 0.17746183102929444 0.5808144124720134 383 386 4 382 
3.9507354722192085 -6.047010399635183 3.633339615607705 7.786268589629256 0.47680814183922127 0.21023256724127126 0.5668979992816039 387 386 383 469 
4.128476100846942 -6.0508180904650715 3.3713197923804215 7.773061827452952 0.44007500124415144 0.20806884670786002 0.6070594326088972 385 388 5 384 
4.183705042389167 -5.89883041958872 3.8321437425514047 7.855359567259635 0.5111773680872431 0.2452427171817359 0.5967283785061238 388 385 459 389 
4.375597533127824 -5.901898142277661 3.556232056721849 7.842204536009028 0.476555056060693 0.2432276611808662 0.6349928578929673 6 386 387 390 
4.430249390873861 -5.68557928640308 4.041265742906427 7.897943156642296 0.546193899394763 0.28371376407427734 0.6269530768190246 387 456 391 390 
4.631056061559054 -5.689191397087218 3.7567545882405895 7.885257475357365 0.5141825578641863 0.28221784537411027 0.6633013196033376 388 389 392 7 
4.68598744957065 -5.366581367799537 4.253038197556348 7.885800031219147 0.5806378632065787 0.32512400853806 0.6565291589118086 389 458 393 392 
4.898697370496968 -5.367926533814479 3.9592971320294046 7.873000247441108 0.5519486010396137 0.32504217910689376 0.6914918185269724 394 8 390 391 
4.938223422823867 -4.914079994080784 4.454790512318433 7.799517018705734 0.6135645729144488 0.3694059175020137 0.6847664159848387 395 394 391 453 
5.186077746835018 -4.905296112173183 4.122639680830711 7.782662157379541 0.5879549366458504 0.3706245447253874 0.7181723932808979 392 393 396 9 
5.161039601878182 -4.3407693213051655 4.627634669182118 7.640350503464535 0.644206689993881 0.4165698249983707 0.7110682507525555 393 455 397 396 
5.44179728710234 -4.326204792208016 4.249380739415768 7.619180301157333 0.6206028458293287 0.41778411627711937 0.7420574911185751 394 395 398 10 
5.338756469396635 -3.6592786340023147 4.760880295100432 7.417017334440044 0.6718441180097646 0.46636616057473457 0.7347399692250725 398 395 471 399 
5.628433582258862 -3.6459953239226848 4.365268235578131 7.394642122529455 0.6497247261037097 0.4670277606405804 0.7631795709025647 11 396 397 400 
5.451380703013868 -2.888032130081683 4.839412796661872 7.134542566194591 0.6958787154576193 0.5185627923780918 0.7552046667889752 400 397 409 401 
5.738370287280836 -2.8778185129663445 4.4435935543687535 7.112354125569068 0.6752342622860307 0.5191296888368948 0.7816512380118965 399 402 12 398 
5.486075107378533 -2.0574134873218233 4.8520360746063185 6.806003207797597 0.7158274903817154 0.5730337454410952 0.7720894256237496 403 402 399 407 
5.771766412734135 -2.0434857589118884 4.454392895989778 6.781314256575712 0.696475400947443 0.5737520733046129 0.7969892328519875 401 404 13 400 
5.43881314379609 -1.2259868439158863 4.794949881786818 6.4562570290444645 0.7313209468425904 0.6294685400791808 0.7850997847384007 404 401 408 405 
5.713896619089018 -1.2153193354447844 4.408996966097433 6.432628301513757 0.712950245944664 0.6305397499733842 0.8088648501398061 14 402 403 406 
5.320246913383297 -0.3973221713507902 4.672977768861868 6.097933208691889 0.7420162112606475 0.6874619538298063 0.7939701937039723 403 329 326 406 
5.592474193049614 -0.3849670289861498 4.285027282375674 6.072952095604157 0.7242927946216695 0.689004827457494 0.8170203353868581 15 404 405 473 
5.076693449969148 -2.0684296235198936 5.316618048398653 6.831508884430453 0.7412460492880143 0.5721268936746483 0.7450133566317019 408 401 409 411 
5.035535992338289 -1.235201505115613 5.255745393856302 6.48158501886317 0.7554702410093085 0.6283820737565331 0.7593258945198933 407 332 329 403 
5.043184393692308 -2.896608142088601 5.299802354977177 7.158170912011522 0.7229680774543599 0.5177731006433647 0.7264260724745879 407 399 471 410 
4.554247630438556 -2.9027366647344564 5.7417750187923495 7.18064554690372 0.7571945898741487 0.5169100745658385 0.6971154015825316 409 412 414 411 
4.585090799030002 -2.0761155885081592 5.76310681245517 6.855462895156125 0.7733581451936365 0.57116885125916 0.7174600585301315 335 332 407 410 
4.462073174262335 -3.675978086278248 5.637452706285913 7.4612079858533695 0.7377830193417301 0.4648911898084416 0.6724854840571906 410 471 454 413 
3.895609868818881 -3.6815647882791245 6.036652171462157 7.481730825638133 0.781934672142487 0.46410152995809034 0.6428520036144265 412 415 417 414 
3.9741970652233247 -2.907451205671067 6.1523717712411665 7.202118516699663 0.7982351687501189 0.5160165730325565 0.669482838706414 413 338 335 410 
3.7760129470440207 -4.3654591154369005 5.843646180424683 7.7004361031703 0.7632598759009392 0.4147403458444426 0.6122126487136609 413 454 451 416 
3.147224487877039 -4.372336178587697 6.173318343500107 7.718125642728939 0.8177224900787665 0.41375845453729465 0.5845564012350999 415 418 420 417 
3.2432128352098335 -3.6868844847330746 6.381135514100449 7.500595597503018 0.8323651376010468 0.4631395165121611 0.6172583776573173 338 413 416 341 
3.031891920810973 -4.938044458417636 5.910720365436765 7.866139559727843 0.8013789134548018 0.3670713348093424 0.5483869787009731 416 451 448 419 
2.3692531037792652 -4.943358548492875 6.1489132971951 7.878733302106605 0.8658349670742407 0.3656803757336353 0.5252027140291194 418 421 423 420 
2.449643710087043 -4.378569406754909 6.42611101645579 7.73315250477207 0.877397797019513 0.41248853908943484 0.5632214018538768 419 344 341 416 
2.285352005330364 -5.372806751856086 5.839515061451825 7.9471077343190935 0.8529374442933563 0.321720958514071 0.48463620957448633 422 419 448 445 
1.6248504077552581 -5.372040188872866 5.978931275002627 7.953289517366897 0.9265091097598939 0.3201893837681318 0.4686420596727015 426 423 421 424 
1.6639984418204277 -4.945952151690636 6.296752752056526 7.887547373247206 0.9340971240086713 0.3641472431064241 0.5104497412318039 422 347 344 419 
1.5917607236279498 -5.671224328387869 5.64925939625215 7.946929732186403 0.9175886673179241 0.2794651878869638 0.4256641284241027 445 442 425 422 
0.9620428423498457 -5.663405122279292 5.699487438265546 7.949008129221777 0.9988214977543104 0.2784522757573059 0.41960272323531994 424 427 429 426 
0.9464573046064141 -5.367309989788811 6.027071624212677 7.956005942550796 1.0022151753052948 0.3188381083986852 0.4628760254840652 422 425 350 347 
0.9857179367962227 -5.856347983817578 5.3834418135493 7.890317886691552 0.9936705089807061 0.24188454015637612 0.37685024474128087 442 438 428 425 
0.39946647184629475 -5.84324530820099 5.364924690600887 7.894079700345977 1.080486710229319 0.24201140859509426 0.3829836691667202 427 430 432 429 
0.33136428424487013 -5.652546527738311 5.665340536941679 7.949473192209935 1.0802648080745092 0.27786596041852246 0.4250172724493277 353 350 425 428 
0.46886967127033924 -5.965565103500056 5.096128530206957 7.817243223021925 1.0781437277305965 0.2104406620052292 0.3429929634312627 438 436 431 428 
-0.08602694902961226 -5.946739316384952 5.032318101967882 7.830080927929593 1.168214890546484 0.21206960303679953 0.3629035426536761 430 433 435 432 
-0.185021051204395 -5.827877327870397 5.269829982300397 7.8981376909436145 1.165456614347228 0.24256451776368348 0.40115795599043463 431 356 353 428 
0.011240215231883802 -6.038228157326463 4.810538031940579 7.757453042798581 1.1677935305138918 0.18600989126470643 0.3276255198061288 434 431 436 372 
-0.5180661522565961 -6.012234613045597 4.714567062286053 7.782062621776425 1.2589293291675154 0.1891787289157585 0.36226899437298726 433 371 472 435 
-0.6278811430225533 -5.927340698472105 4.893299900401698 7.8420110430556855 1.254354033034085 0.21385127354135924 0.3946880916973664 434 359 356 431 
0.5388948524000688 -6.061084908293598 4.840452951838942 7.735648536874599 1.073167218092269 0.18315199574260949 0.3059758192954352 433 430 437 373 
1.0442857876683518 -6.08104413882329 4.8124576292488515 7.720115069718393 0.9775626417006631 0.1812862478685748 0.29846250462575213 439 374 436 438 
1.0144808977124224 -5.981594188113881 5.092582153867776 7.807465755329333 0.9865248150977102 0.20944090026909964 0.33610454223916963 430 427 440 437 
1.5349787899919112 -6.097052435998752 4.739163873000287 7.713473571207999 0.8828951888367222 0.18046139177066392 0.30492207074436717 440 470 375 437 
1.549472422717549 -5.994801726191376 5.027702754667033 7.802084203543049 0.8954773864404726 0.20920748009317686 0.3423710562392973 438 442 441 439 
2.0643362867599926 -6.006090237951535 4.902981964963251 7.800395859565432 0.8070619272982364 0.2095610050116065 0.36113335026082916 443 466 470 440 
1.5668250678022524 -5.86689152466942 5.327565471679522 7.887243149074116 0.9072100766738859 0.24233595807537656 0.3830541914296274 440 427 424 443 
2.129314064821498 -5.874844946283985 5.200304533081271 7.88491240549421 0.823329780896318 0.2433165875001303 0.40116771559695924 442 445 444 441 
2.6592108742191627 -5.880904107173913 5.006293622255145 7.8825440366695165 0.7442183578015498 0.24456150572413543 0.42989606649948414 443 446 463 466 
2.203731132492542 -5.675659502450487 5.517113744509043 7.943172342755033 0.838728619521683 0.28083045603108875 0.4428175493008436 421 446 443 424 
2.779997692745117 -5.677566597823214 5.309369502573416 7.937632677282662 0.7643653052700115 0.28229850610507645 0.4698629541929196 445 448 447 444 
3.3025974592285734 -5.6784936812586 5.038032542575052 7.930338814625307 0.6965002454836478 0.28352004007846715 0.5047515483084407 457 463 446 449 
2.9067082576395715 -5.370873698748944 5.616432457461285 7.937928407299597 0.7835187080119976 0.3232016571482985 0.5097684430690118 446 421 418 449 
3.4687364671902747 -5.36819179944412 5.324257539908648 7.92654237832436 0.720176412776503 0.3243642211745671 0.5421909720844498 447 448 451 450 
3.9562362264879214 -5.366287110154689 4.983678236113346 7.913648083829739 0.6645839045549191 0.32503145737310574 0.5793868912657676 449 452 458 457 
3.6301743620537366 -4.931958635930333 5.59900960682848 7.851004153664284 0.7425559616119575 0.36812546769249727 0.5783470290800722 449 418 415 452 
4.149154992951769 -4.926261641079767 5.236711357051546 7.834445945189445 0.6909696644571915 0.368749720382585 0.6128039789677777 451 454 453 450 
4.5827253760761115 -4.9208302882054875 4.8494492810003464 7.817357236552512 0.6477910589409462 0.3690500273717032 0.6491069846406752 458 452 455 393 
4.321372311625865 -4.358675679882598 5.461438988268821 7.681286373643355 0.7155406064350522 0.41541384914057267 0.6441265513703772 452 415 412 455 
4.7789961143737525 -4.351242964112048 5.052049143533781 7.661466515946165 0.6756907562447763 0.4159233112415649 0.6778614209340312 453 454 471 395 
4.131185791917052 -5.682090446704863 4.382661215208796 7.910365317352048 0.5866831995830681 0.28429899789772517 0.5865156721554856 459 457 458 389 
3.7561947054192344 -5.679712257208612 4.721349468771994 7.921178306917929 0.6368723879754988 0.28421860580141256 0.5447083029559778 456 460 447 450 
4.361045332036176 -5.365864032149276 4.6195604352462745 7.900004023793582 0.6179303820391475 0.32522116549823 0.6184419055852549 391 456 450 453 
3.9075170823826753 -5.894577216046922 4.149263468531309 7.866275918282844 0.5547020995244674 0.24618712161118197 0.5539887052192507 460 456 387 469 
3.561088151046107 -5.890278177257537 4.462194126284077 7.874086679041387 0.6083585784897072 0.24626476766594246 0.5095670597032954 463 457 459 461 
3.377684271489175 -6.0346388530663795 4.215292808808037 7.7996312128403655 0.5796710979743884 0.21127270377008817 0.4747507250889744 460 469 467 462 
2.9912358931201886 -6.026460969361841 4.485626560627941 7.800713623206681 0.6470122151444394 0.21089104840769896 0.42993247608193985 463 461 464 466 
3.1414656489044264 -5.885889915728885 4.7549499760389216 7.87928319429983 0.6719512441770816 0.24566154267525675 0.4670300566746492 444 447 460 462 
2.8528525374181326 -6.1398527025156895 4.231345445856831 7.722331520125286 0.6222532923775447 0.179337371654651 0.3941523860258135 462 467 378 465 
2.4477088700047354 -6.125790313211417 4.446989956017224 7.717212718943869 0.7027467628519484 0.17954073650727176 0.35424872486452785 470 466 464 377 
2.548833979355109 -6.016660857464612 4.719764365340488 7.800417881096617 0.7234889450137068 0.21022791088342324 0.39104366376227717 465 441 444 462 
3.2096859736345205 -6.150506033847141 3.9864664712304303 7.727034954158112 0.551611376259197 0.17949931789292634 0.4409935973274376 461 468 379 464 
3.5065123504595332 -6.157649321143016 3.727513670841016 7.728301536298855 0.4921524272205059 0.1795989832503505 0.4906097204903733 467 469 383 380 
3.696647638679026 -6.041298592603032 3.927405819916049 7.795301724792143 0.5228701538812116 0.21116276095089226 0.5217338424989229 461 459 385 468 
2.005512224091531 -6.111193877889482 4.618467089215147 7.7136533991518625 0.7905618387892444 0.1799760946956933 0.3239659296110121 441 465 376 439 
4.938979814583279 -3.6692426933517184 5.208550432074782 7.439852192337282 0.7009593265431305 0.4656190123271372 0.70388182472504 455 412 409 397 
-1.0265573043585514 -5.991410229550028 4.526799269064831 7.798840837153147 1.3440100704636393 0.19199723509318134 0.4079154639090832 359 434 370 362 
5.403817626881382 0.4193225829096264 4.113040816092965 5.726325817849689 0.7300538812449622 0.7480447419109939 0.8209834688712851 16 406 326 324 
-2.923821675760694 -5.536652198677005 3.643358378462524 7.880271574890491 1.499322815626787 0.2760824355805919 0.6861428595257211 79 76 69 192 
