20 22 23 24 25 26 27 28 29 37 38 39 40 41 42 43 44 45 46 47 48 49 50 51 52 53 54 55 56 59 63 64 65 66 67 68 69 70 71 72 73 74 75 76 77 78 79 80 81 82 83 84 85 86 87 88 89 90 91 92 93 94 95 96 97 98 99 100 101 102 103 104 105 106 107 108 109 112 113 114 115 116 117 118 119 120 121 122 123 124 125 126 127 128 129 130 131 132 133 134 135 136 137 138 139 140 141 145 146 147 148 149 150 151 152 153 154 155 156 157 158 159 160 161 162 163 164 166 167 168 169 170 171 172 173 174 175 176 177 178 179 180 181 182 183 184 185 186 187 188 189 190 191 192 195 196 197 198 199 200 201 202 203 204 205 206 207 208 209 210 211 212 213 214 215 216 217 218 219 220 221 222 223 224 225 226 227 228 229 230 231 234 235 236 237 238 239 240 241 242 243 244 245 246 247 248 249 250 251 252 253 254 255 256 257 258 259 260 261 262 263 264 265 266 267 268 269 270 271 272 273 274 279 280 281 282 283 284 285 286 287 288 289 290 291 292 293 294 295 296 297 298 299 300 301 302 303 304 305 306 307 308 309 310 311 312 313 314 315 316 318 320 321 322 323 324 325 326 327 328 329 330 331 332 333 334 335 336 337 338 339 340 341 342 343 344 345 346 347 348 349 350 351 352 353 354 355 356 357 358 359 360 361 365 366 367 368 369 370 371 372 373 374 375 376 377 378 379 380 381 382 383 384 385 386 387 388 389 390 391 392 393 394 395 396 397 398 399 400 401 402 403 404 405 406 407 408 409 414 415 416 417 418 419 420 421 422 423 424 425 426 427 428 429 430 431 432 433 434 435 436 437 438 439 440 441 442 443 444 445 446 447 448 449 450 451 452 453 454 455 458 459 460 461 462 463 464 465 466 467 468 469 470 471 472 473 474 475 476 477 478 479 480 481 482 483 484 485 486 487 488 489 490 491 492 493 494 495 496 497 498 499 500 501 502 503 504 505 506 507 510 512 514 515 516 517 518 519 520 521 522 523 524 525 526 527 528 529 530 531 532 533 534 535 536 537 538 539 540 541 542 543 544 545 546 547 548 549 550 551 552 553 554 557 558 559 560 561 562 563 564 565 566 567 568 569 570 571 572 573 574 575 576 577 578 579 580 581 582 583 584 585 586 587 588 590 591 592 593 594 595 596 598 599 613 
1.1997678894288455 0.012259352726115337 -1.45946644419318 -3.5385689691766116 -1.1427966992892764 0.8709469220459647 1.0495937730853553 1 
0.9860148462290319 -0.04985894756538937 -1.6642207646856457 -3.5722373016135043 -1.096133748384049 0.8946971345602791 1.0801243676313683 36 0 2 
0.6628676338072629 -0.03860178185861167 -1.9435722767000072 -3.624340956167508 -1.0436478902850364 0.9179009326523677 1.107198370423171 37 1 3 
-0.06959424788578306 -0.16239873824603487 -2.2943543068190673 -3.7059153141313965 -0.9929613922743583 0.9334510321489087 1.1230902255140436 38 2 17 
-1.9693171410272434 -1.0532610728724396 -2.038380640487619 -3.901230815264138 -0.7832203521865677 0.9594676641253645 1.0857204081378633 20 41 
-1.9429824862790566 -1.3893061200107408 -1.818890301869423 -3.9133795624717296 -0.7020494459715817 0.9811644476041534 1.036654789650236 19 20 
-1.26480979850665 -2.054981154590051 -1.2930634446538265 -3.8643926245208533 -0.5015307933308162 1.062575167660817 0.8588438275694861 23 24 
-1.43485680782528 -1.9283638940745476 -1.4205376359837225 -3.875196780499117 -0.5430408780003424 1.0306101997884372 0.9172033587935969 24 42 
-0.9022928768933882 -2.245076397119566 -1.0491827974994796 -3.840944236683663 -0.422622550636385 1.1175437133155337 0.7437623680866555 11 22 
-1.0877083858583338 -2.1642087022325476 -1.1626496582436836 -3.8533207493537227 -0.46235455000003234 1.0922854586059827 0.7997623800528684 23 22 
-0.5244968238012234 -2.299377290819455 -0.9543252072822007 -3.813710688478089 -0.31747509660345885 1.137470727275588 0.6852857300891617 12 25 
-0.7242304280480252 -2.2178852863153247 -1.0739747460346531 -3.809750216301269 -0.37507610716232814 1.1172082289937686 0.733796964380388 25 26 8 
-0.2889873740817228 -2.2673850953122257 -0.974569237818785 -3.7864460828356243 -0.26101490916471126 1.137033510958469 0.6822435671051152 27 10 13 
-0.09156776064716857 -2.237716159404594 -1.006675548031418 -3.776274747412623 -0.20776805204670232 1.1346155245776284 0.6883062954977057 28 12 
0.16644866538677644 -2.1208416635553364 -1.155032258569775 -3.7586069306075007 -0.1347165752632058 1.1119264450397108 0.7381721844334576 29 28 
0.44364556030227636 -1.9831324327979083 -1.3066118910697038 -3.7531305944695963 -0.05852361684569344 1.0875633179129904 0.7917858146400087 31 29 
0.899831002870281 -1.2975366766244896 -1.9153250502706294 -3.7464235918688096 0.10959845096798614 0.9928593358055275 0.9419430842793294 57 55 
-0.9022063154796065 -0.472506356270359 -2.3750759246085345 -3.777648348003908 -0.935530671779639 0.9417285085459811 1.1274890326008853 18 39 3 
-1.5288298404287999 -0.7351818928064399 -2.2570870571370993 -3.829000530932554 -0.8702008014360175 0.9409736056155718 1.121735378001056 41 40 17 
-1.8158994578744174 -1.462311760598442 -1.7874738591267174 -3.896451513313426 -0.6532830790087398 0.9733516266019697 1.0226484731822922 43 44 5 
-1.900712510247094 -1.1696835284934097 -1.9796119240988088 -3.8955357300237226 -0.7248326898941644 0.9476124716893317 1.0712878389907896 44 63 4 5 
-1.6422439075586335 -1.7188421873252617 -1.6028153021060902 -3.8891546126455174 -0.5934607962077119 0.9998704952899782 0.9726473300691273 42 43 
-0.9150236289612091 -2.16673104001853 -1.1538541257759607 -3.825790484168149 -0.41732061381140306 1.0926041790603076 0.7863456646677109 8 26 50 9 
-1.1103516258081194 -2.065144288418568 -1.2849320158849433 -3.839849228068638 -0.45967248115941717 1.06240231055569 0.8453522043058785 50 45 6 9 
-1.2813629108086526 -1.9438201148795353 -1.415682939631071 -3.850911782553195 -0.5001854556098491 1.029147272391152 0.9036527795467317 45 46 7 6 
-0.5213647969145694 -2.2088505076173925 -1.0734674720923005 -3.786817086404131 -0.31501125390197215 1.1163887404260462 0.726143448842502 27 47 11 10 
-0.7188426579579638 -2.1530653193260925 -1.162731352771111 -3.796845765618427 -0.3654508998863534 1.0911755295914038 0.7774847894796482 11 47 48 22 
-0.2799009751412954 -2.193681480439725 -1.0797484132552924 -3.769017677646734 -0.2526808946276827 1.1154174175494584 0.723859134464637 28 51 25 12 
-0.0587389925973812 -2.1672795967515954 -1.1060698946460785 -3.7616737773981894 -0.19172886094409167 1.114003262008802 0.7280882052303187 14 52 27 13 
0.20887007093060644 -2.0446087462127083 -1.254922927459994 -3.749722959106961 -0.11477768182521539 1.087400222756574 0.7808874546253839 53 52 14 15 
0.6683060394919654 -1.652767046556884 -1.6449913243077807 -3.743228665679401 0.03584445062921235 1.0243322625119906 0.8933749405597983 55 56 
0.45845060639015894 -1.8826104429378454 -1.4282826422894317 -3.745108148590132 -0.03808701068151933 1.0589392582255832 0.8355108280701142 53 15 56 
0.5869473271611747 -0.23288740272381142 -2.5554973041598585 -3.771531756825047 0.3117691830414199 0.9013510303021851 1.0307226989867402 59 81 
-0.9144523065462709 0.1552511595342496 -2.4339480687002975 -3.77824714299102 0.4253487541525366 0.8903963650898651 1.0212896787600456 84 60 34 
-1.805712369596014 0.4514484713223164 -2.0064527250403112 -3.7929280727741532 0.46852739847782976 0.8776879638277989 0.9987145866671694 33 35 85 
-2.187839829081962 0.6922017132751656 -1.7927853269826917 -3.861374476443459 0.5028794025938199 0.8482307583807112 0.9720702650044073 61 86 34 
0.8821946424775802 0.20346878498138146 -1.8550401845459248 -3.6090025422833065 -1.0920541162105468 0.8381894601918447 1.098302310229108 87 1 37 
0.5889485258918359 0.16581874675660122 -2.070858985596748 -3.6529868540542805 -1.039396711735212 0.8626222016029886 1.1237174386020252 38 88 36 2 
-0.11995697866694088 0.012525969398995727 -2.3766171763721338 -3.7240715397318405 -0.9830078014280116 0.882243473357858 1.139861035808332 39 89 37 3 
-0.904921818932144 -0.21875725151330752 -2.478568349973494 -3.790033770058566 -0.9254507323109059 0.8972521697029152 1.1431599629785785 40 90 38 17 
-1.4556413195660276 -0.3539441151264762 -2.447668650836101 -3.844064916049356 -0.8732946634791976 0.9058813563001888 1.136948672717447 18 64 91 39 
-1.8797171105448935 -0.7967914559876779 -2.1990918807092923 -3.8847801403606477 -0.8067539481399361 0.9285484997604833 1.1117922272778924 63 64 18 4 
-1.4719928484701963 -1.7530625509315803 -1.5897695982117461 -3.8613890189404816 -0.5484871918446873 0.9944130041112165 0.9611793263590559 46 68 21 7 
-1.626028651571435 -1.5394552963012436 -1.7559721023708206 -3.869469792512065 -0.6045218073508928 0.9625700682667739 1.0130757725350574 68 65 19 21 
-1.7726192777945289 -1.2552511249380087 -1.9459605730673142 -3.879133588498898 -0.6715188006804074 0.9332641547846395 1.0613507767240795 19 65 66 20 
-1.1022934035857892 -1.9483135567542156 -1.4197250732098636 -3.8235141199218554 -0.45252385506827764 1.0249282308233496 0.8943808005507868 70 67 24 23 
-1.276804031310788 -1.7769772322193869 -1.5895956137169036 -3.835288183074013 -0.4988677856378353 0.9871625673417098 0.9524297144202138 67 69 42 24 
-0.504669693645322 -2.134520923004604 -1.1768959757117399 -3.7727451970553285 -0.3055231147273785 1.0891898418086297 0.7723903540154797 51 49 26 25 
-0.7009274186108412 -2.051059131055948 -1.2964005035082011 -3.7812641484135376 -0.3528704481527096 1.0568638759131197 0.828582712123257 50 26 49 71 
-0.47843164001939603 -2.0314585193391106 -1.3144630546543765 -3.7596474120786043 -0.2908289843147994 1.0536485391402282 0.8255263947931372 73 76 48 47 
-0.9151207884387343 -2.063444066581102 -1.2854400506486012 -3.8093198841775218 -0.40956324604883176 1.0603328958242029 0.834838336760995 70 23 22 48 
-0.2597936874306212 -2.1108370397222678 -1.1965230064194838 -3.7556861417801604 -0.24075941681114 1.0878177444815726 0.7710660689809946 27 52 73 47 
-0.025745845377092673 -2.0832494516976134 -1.2215924240749674 -3.7495594687015554 -0.17594551481226484 1.087412672723816 0.7738072144351172 29 54 51 28 
0.23927896433566712 -1.9358593034136649 -1.391570568903265 -3.741042541895645 -0.09628590980147776 1.0558575440955276 0.8288908874163333 77 54 29 31 
0.0020964675580927333 -1.975484964463684 -1.3629895332598714 -3.740411412452155 -0.15925076088594614 1.0532934392160531 0.8253691174091728 75 73 52 53 
0.6368312550615914 -1.4660641138168946 -1.8281308976844022 -3.7398250260465513 0.058219852165421825 0.9858292728477946 0.9355585120673774 80 79 30 16 
0.4691331174761486 -1.7328522863999674 -1.596611600432133 -3.7392040301581098 -0.018222817062761937 1.0213222763214342 0.8846626567481114 30 79 77 31 
0.7729214471240965 -1.1497391588389503 -2.0582979346836887 -3.747839393613768 0.13533852759508025 0.9528592155180536 0.9776641961401427 82 80 16 
0.6949880344957232 -0.7558877118478978 -2.3151255905567014 -3.7559352323195943 0.22096079537505758 0.9174145312297759 1.0136528730021945 81 82 
0.3028112529600977 0.10374052040343723 -2.669114863378818 -3.786923593930876 0.34045095902050765 0.8763478515509565 1.0378086933374477 83 108 32 60 
0.02821776466861557 0.170010904091199 -2.6687100133369968 -3.7873094231937134 0.3819511144030079 0.892738291037549 1.0320457874293019 33 83 59 
-2.545512203915144 0.7377890525404341 -1.447909091816334 -3.8965549837827833 0.5300046331666934 0.8147877785235939 0.9431538435147924 109 35 
1.0541445449477427 0.41262202398311326 -1.6931502461402868 -3.55152602565042 -1.1312958245594569 0.7392451219283707 1.0868430092687071 87 112 
-1.803332356134841 -0.9000521309107887 -2.1577552116019265 -3.8758375564826317 -0.7497362364130723 0.9081844808220223 1.1042314356184928 41 20 66 92 
-1.655070577765517 -0.4547059718172083 -2.3897099385119573 -3.8616686477879516 -0.8274637191745435 0.8940671549668562 1.1326629941740458 41 92 91 40 
-1.5814132986922373 -1.3176092628900682 -1.9311247270077692 -3.852294503019645 -0.6186699805721876 0.9154746929311843 1.0562765393345828 95 94 44 43 
-1.6820561278004227 -0.9693047199159257 -2.138235107448336 -3.8602235120760606 -0.6951657618290661 0.8847518889032396 1.1002334605333435 63 44 94 118 
-1.0730341588746561 -1.7847441718718264 -1.5954783294797736 -3.807375629363164 -0.4445970801288314 0.9777342675591143 0.9476688273445462 98 46 45 72 
-1.4616872282440194 -1.574797582498874 -1.7463997422976933 -3.8445869948344136 -0.5538754735942578 0.9498376086724982 1.0069642112667223 95 43 42 69 
-1.2446420990427502 -1.594040607954746 -1.7621943971463374 -3.8219082870077026 -0.49886536379504554 0.9355301262699923 1.0036169201802108 46 98 96 68 
-0.8949489822494887 -1.9403745853422638 -1.4326004576922684 -3.7940335737781363 -0.3979734029401745 1.018943684365077 0.8885887205334921 72 45 50 71 
-0.6730647924022743 -1.9239518889837899 -1.4517814114461731 -3.768687644162768 -0.33769740401148995 1.0129160952545249 0.8854857744537725 76 97 70 48 
-0.8598925189668242 -1.7780147280997178 -1.6104016909775039 -3.7816027629911146 -0.385437243208943 0.9677890132607733 0.945638137882101 99 67 70 97 
-0.23543491549940213 -2.00525390538376 -1.33817402903286 -3.745423158686149 -0.22518917526069282 1.052289813783706 0.8244959952668419 74 49 51 54 
-0.2169459055098868 -1.8743648069950396 -1.4997786268846738 -3.7395284576949526 -0.2074687916987731 1.0079109638699792 0.8821954174265445 76 73 75 101 
0.0128661782626898 -1.8406745193088603 -1.526550896682266 -3.735277201253233 -0.14143745979118738 1.010774455886267 0.8807731967824789 77 102 74 54 
-0.45005658326022957 -1.9023345702982148 -1.4740477019567735 -3.750643437901901 -0.2735994227208935 1.0087335007166822 0.8837473583091259 74 100 71 49 
0.24644242132347324 -1.7949112516748453 -1.5573745753586115 -3.7354909803491956 -0.07775022958702754 1.0160381401429361 0.8808831878483473 78 75 53 56 
0.22031540815916895 -1.6290122540111713 -1.7346746166571443 -3.734404325775907 -0.058726368193394635 0.9679993299610363 0.9338395085802624 103 102 77 79 
0.4333122839910249 -1.5612219583244666 -1.774999719653557 -3.7370204097793973 0.0019594548524331998 0.9774324112140367 0.9328357467795299 56 55 104 78 
0.5586811916658153 -1.2907439470750584 -1.9854426925596396 -3.7392783266497323 0.08150695901807486 0.9403005015239401 0.9768076451567578 106 104 55 57 
0.5218485873180605 -0.4407455481872221 -2.4865282716509487 -3.769476990252389 0.2555826968443279 0.8783954521952729 1.0342899495187265 107 58 32 108 
0.6152029098844924 -0.8938770162842644 -2.2500429335698073 -3.752821858367354 0.1650235428822165 0.9047648743956996 1.0124616669158075 107 106 57 58 
-0.015581922461180087 0.29472193196944774 -2.6994839686276313 -3.8007718443926994 0.3733816593072463 0.8539612000039563 1.0395686033411402 136 59 60 84 
-0.907825568168759 0.5455236544808382 -2.570857131043998 -3.848531219743023 0.41304355512616686 0.8371176887240317 1.0318552250358837 33 85 138 83 
-1.6515692879812272 0.7619391595532357 -2.225169281035801 -3.8626747857313153 0.45364447561328824 0.8171046165464947 1.0126045667934038 86 137 84 34 
-2.0986977031119416 0.83488807641105 -1.8969955817801507 -3.8745521870426582 0.4930064318534519 0.7920823574571796 0.9825061695312474 109 139 85 35 
0.7772393783527626 0.3182217095002492 -1.949099285817832 -3.6141130582992376 -1.083370111218881 0.7716858229504875 1.115520202991811 88 113 62 36 
0.4315828333136597 0.31504356420138196 -2.2079292457602677 -3.6847123693666424 -1.0278233479076688 0.7974462492960588 1.140511661301584 114 87 37 89 
-0.22298738041107613 0.18960995579619125 -2.46597998887332 -3.751267580923825 -0.9679520666362176 0.8201595578252505 1.1557600315021626 115 88 38 90 
-0.9250397814199065 -0.00555831397488016 -2.5539663265494394 -3.807416480241298 -0.9091007422907496 0.8415559613614938 1.1577088589980753 91 116 89 39 
-1.3705150116578722 -0.2183955372617246 -2.502785329466238 -3.8427373226350756 -0.860015666288209 0.8641608298822041 1.1486072628574036 64 93 90 40 
-1.5929929318220881 -0.5388035434132898 -2.361098666694658 -3.8524909774749916 -0.7808801601091627 0.8628523821201225 1.1339722872292723 63 118 93 64 
-1.3144193993875017 -0.256518925592993 -2.490084132121631 -3.8340737864001393 -0.8231180848385727 0.8163982185838222 1.1575479375083417 116 91 92 117 
-1.4701095977324534 -1.0462832275985894 -2.1303130580102567 -3.841164274261157 -0.6393602440384223 0.8583912050045649 1.0998623101137623 120 119 66 65 
-1.410413544472048 -1.3445505842292798 -1.943385085926316 -3.8373350039936542 -0.563238160733209 0.8951946819704817 1.054701960462841 120 65 68 96 
-1.1958572925105293 -1.3595727615619455 -1.9561844002877182 -3.8130699829352706 -0.5035347126933767 0.874656338455752 1.0547342774457782 69 125 121 95 
-0.6421009532454218 -1.7614500895483258 -1.631130181612233 -3.760811370732526 -0.3221552920110747 0.9594988024885576 0.9447051128763861 72 71 100 122 
-1.0313823146446006 -1.596212122159881 -1.7767369508765072 -3.79653459726799 -0.439268588141157 0.9208678876548687 1.0025936007747802 125 69 67 99 
-0.8239108785123299 -1.5866832933314066 -1.7947412110499497 -3.7750343691975763 -0.3758166979800127 0.9076832819328764 1.0026337360359756 122 123 98 72 
-0.4291753751887173 -1.7396813979589534 -1.653559657480651 -3.746615527681646 -0.25625949359971617 0.9547629962899267 0.9434154857562036 101 126 97 76 
-0.21419419741535933 -1.712385159741582 -1.6775962105480002 -3.7381445797568764 -0.18934794947065126 0.9548079620868108 0.9408599051422809 102 127 100 74 
-0.0009056007673211516 -1.6778640903524251 -1.7034878756509348 -3.734627596650701 -0.12297625255348182 0.959686228730371 0.9371822621073234 105 101 75 78 
0.1634299914324187 -1.4440302148407222 -1.9081953488365446 -3.737213535303239 -0.03908659870920253 0.9123617085002538 0.9849839810357561 131 105 78 104 
0.3589190670460186 -1.3814500306211759 -1.9423702624013421 -3.7387909329586413 0.023196810859694477 0.9263379293503108 0.9795462044095394 79 80 132 103 
-0.03806192474320207 -1.4892944949946885 -1.880910976542619 -3.737677540368952 -0.10481424616034407 0.9009469536917339 0.9913064601291188 127 102 103 130 
0.41520628886362176 -1.0507009908170877 -2.1680266577401897 -3.740295832848214 0.1076459179931866 0.8868924988697092 1.016090763017939 134 132 80 82 
0.38850504040928996 -0.6132871984477694 -2.419602385502651 -3.7631153829356965 0.19796971178121536 0.8525212001034737 1.0407260699362428 81 135 134 82 
0.20968458865943876 -0.13136938594748807 -2.6083313593798643 -3.7836214772987318 0.2929064852244816 0.8377184559587363 1.0478456718876878 59 136 135 81 
-2.4730705177766676 0.848815072641998 -1.5348645544866653 -3.8946726258444615 0.5283825607287808 0.7649343038494203 0.945300508630405 61 110 140 86 
-2.690464694795139 0.8197912518027708 -1.2803176709200115 -3.915982125950054 0.555876811723537 0.7382113209093419 0.9079022669392003 141 109 
1.2443519834154901 0.745674887530342 -1.5852258675228146 -3.5819182051849614 -1.170945028345793 0.6400147676745579 1.0573642645830734 112 145 
0.9967817612465354 0.6928187445391061 -1.832371816317154 -3.6159879622765145 -1.1249584065404623 0.6723942294447813 1.095215229696684 113 146 111 62 
0.6911738548828888 0.5948219155004412 -2.0871138770098487 -3.668793573968292 -1.070178701620014 0.6994858283555264 1.1290953645552086 112 87 114 147 
0.274516959904771 0.4987595134406874 -2.3282884462354954 -3.719785779078911 -1.0085870904672194 0.7227195714465138 1.1555683314062901 88 115 148 113 
-0.3068444740336167 0.3130987886710832 -2.5131122357625806 -3.763910684194734 -0.9421420291764283 0.7461022116554139 1.171002524049039 116 149 114 89 
-0.919289056418539 0.01371481446842919 -2.5568828152723646 -3.8060488090246327 -0.8777853130423935 0.7760744790106205 1.1714114040920671 150 115 90 93 
-1.2580019648438863 -0.2995901637405805 -2.4795654838574257 -3.828875374380793 -0.7727096568779588 0.7669815255773295 1.1651605827177776 118 151 150 93 
-1.4958477914076949 -0.5998579839654167 -2.344121295637965 -3.8396843246119134 -0.728061484088617 0.8281455491814778 1.1360828628496966 66 119 117 92 
-1.2601970952297992 -0.7019340475799991 -2.3222424792843297 -3.8169576048094056 -0.6699387590329324 0.7934000484489736 1.1392202294498885 152 151 118 94 
-1.3365369455982892 -1.0692995232335607 -2.1345646331073533 -3.8285716231000873 -0.5799879232790591 0.831214037023267 1.1012865897185733 121 152 94 95 
-1.1370736404237114 -1.0847942766473175 -2.1433474132610435 -3.8078051324151274 -0.5156227043955373 0.806210606277997 1.1022906571314257 156 153 120 96 
-0.6190164170162004 -1.5688649514452973 -1.8157785824501733 -3.7584155173748144 -0.3094635273023283 0.8979340186082294 1.0023311442658507 126 124 99 97 
-0.7953486152167378 -1.34766646847924 -1.9887340490460639 -3.7735736613788076 -0.37199847673441355 0.8406536818902636 1.055737418150407 124 154 125 99 
-0.609247578416339 -1.3307952809617434 -2.0064751385070507 -3.760207331896965 -0.3022266925999899 0.8303577682190227 1.054769925784134 128 155 123 122 
-0.9862016165088774 -1.3586569960991324 -1.9722452785884181 -3.7911747772916073 -0.43946042654964745 0.8558755784221788 1.0554491326137592 123 156 96 98 
-0.42302228199565206 -1.5469820760094073 -1.8369923391130574 -3.7472937652487888 -0.24134999065961804 0.8931380182182671 1.0006091025270347 128 122 100 127 
-0.23023427056782694 -1.5212111119553549 -1.8583336279609546 -3.740661970873533 -0.17271000313932616 0.8941610875864859 0.9968766238854687 129 126 101 105 
-0.4340778729955016 -1.3108824372152306 -2.0241367635441816 -3.751377446890092 -0.2310801051251151 0.8259228647397366 1.0519988002984044 157 124 126 129 
-0.2646826724812416 -1.2884946062354352 -2.0415171303277133 -3.7460200123750953 -0.15939273481329463 0.827814927398416 1.0471321769530089 130 158 128 127 
-0.09755909496377518 -1.2602679113791515 -2.060609505560819 -3.7433694574171805 -0.08814840837503256 0.8360098338125109 1.040248370892507 159 129 105 131 
0.07472468448263192 -1.2178738183957847 -2.08628345014054 -3.7430451895602386 -0.01890843602571849 0.8497860573828949 1.0319673730152201 103 132 160 130 
0.2383690715966139 -1.1542382421237911 -2.121347100294819 -3.7438377675250507 0.04657900812805087 0.8675515733199757 1.0233650046041691 133 131 104 106 
0.07203029656421435 -0.8878153007093107 -2.288419793694376 -3.7524240048437343 0.07278328364373961 0.8016540505162413 1.0617037383152594 161 160 132 134 
0.19602776979637915 -0.7726988435565393 -2.3367700466285792 -3.7463069283298047 0.1380813415744766 0.8261606642966869 1.0503257269148407 106 107 162 133 
0.09721837086251153 -0.33229217147306717 -2.538007175853213 -3.7751135118618655 0.23652891302550738 0.7954774582713378 1.0616351348650717 108 163 162 107 
-0.1352096757139803 0.12222994759634694 -2.6560098319043424 -3.8000806981506563 0.33718183382768824 0.7975931497185097 1.053273208381778 138 163 108 83 
-1.5174886678054695 0.7566347566958993 -2.2997025152449595 -3.855370863348392 0.4361430049712 0.7442578360461841 1.02365944157832 139 188 138 85 
-0.8818633695264732 0.5651113983890087 -2.5665198876278588 -3.8341090650691148 0.38664124981294007 0.7652503803985589 1.0457709836491778 137 164 136 84 
-2.041713741497612 0.807021743614902 -1.938948284662221 -3.8679357252665363 0.482893875474823 0.7272866129929376 0.9899978249645637 189 137 86 140 
-2.4407690480362594 0.8390508998761845 -1.569276222969324 -3.891828851925818 0.5227868322286312 0.7070833801924135 0.9495220669753651 141 190 139 109 
-2.6707119656392697 0.8529838720542352 -1.3032919970586445 -3.913654414672621 0.5538899180005515 0.685148993018893 0.9077922848560368 142 191 140 110 
-2.843977676984164 0.8417349677582083 -1.0620676935281237 -3.9327483612041942 0.5781661209531946 0.6629305033636546 0.8672156275676767 192 141 
1.5595870753540508 0.7827425570132147 -1.1263368276118255 -3.50857222745958 -1.2426018962327818 0.5140555912689138 0.9675129977349364 144 195 
1.4590685206421115 0.7646664562357353 -1.295622022070921 -3.53476059371833 -1.2100500149881939 0.5467515128216115 1.0110646652941555 145 196 143 
1.2625649203512739 0.7378690063790656 -1.5638538978025807 -3.578277952201608 -1.1665763645214644 0.5774670639431991 1.058225476617813 166 144 111 146 
1.0092162420440447 0.6793618938597662 -1.8293616990094064 -3.6207234781487756 -1.1147969742782537 0.6023244068435938 1.1014359965703389 147 167 145 112 
0.65311746679699 0.6166807849163104 -2.1158113487936556 -3.6757193438628617 -1.054528595830792 0.6230550339366968 1.1386926967723336 148 168 146 113 
0.1957413666799051 0.5274746356458128 -2.3631940116861396 -3.725161759285489 -0.9851666025049297 0.6423292046483867 1.167473939918189 149 169 147 114 
-0.3363622706027065 0.35793603119597145 -2.5275174102604807 -3.768868773069768 -0.9053804091623487 0.6627666855867804 1.1850685687859395 115 150 170 148 
-0.9211084502228043 0.01578636216915703 -2.5561707295865848 -3.8048676987814622 -0.8304862041185076 0.7048008396636993 1.1841233278128822 116 117 171 149 
-1.1022721511924718 -0.41652216991736274 -2.444487456195627 -3.811464664961688 -0.7113389856793854 0.7232043648457942 1.1710245605548995 171 117 119 172 
-1.208843166762261 -0.7256076357531506 -2.3221231046747324 -3.817947525238796 -0.6060777537642835 0.7608994370227251 1.1420388106610684 119 120 153 172 
-1.0577493335334391 -0.75754281266199 -2.317650473383603 -3.804111913861506 -0.5357244784110288 0.732913545548569 1.1426861949493032 174 175 152 121 
-0.7780285469137964 -1.072503161805997 -2.1694154466299365 -3.7759942517867375 -0.3752654698742434 0.7692089276691487 1.101800927590334 123 155 177 156 
-0.6133284834510092 -1.0572225176988101 -2.1833660497956626 -3.7651382298344775 -0.3016735666031544 0.75923652841995 1.0993926741846651 157 178 154 124 
-0.9511923880958469 -1.0835564690127675 -2.1555198134393527 -3.7901339385580033 -0.44692525634883734 0.7850647506086466 1.1026871002001042 121 125 154 174 
-0.45910805577825264 -1.03955360055647 -2.197165786685202 -3.757594099320675 -0.22681161813978912 0.7554344699481005 1.0953232589710142 158 180 155 128 
-0.31276143888283264 -1.0196087971113277 -2.21153995305005 -3.7530735127824766 -0.15097784385564045 0.7578882437320298 1.0894872242011326 159 181 157 129 
-0.1731939799533751 -0.9934838321486797 -2.2288374448534296 -3.7511793470758086 -0.07460141587806213 0.7666415718169752 1.0818148436207826 182 158 130 160 
-0.0389969801766549 -0.9526198135590104 -2.2531769081261306 -3.7512183141706053 0.0008916152718924982 0.7814581340277009 1.0724574494920498 131 133 183 159 
-0.10719519801545362 -0.6192916396915856 -2.4131078815184535 -3.762597728326626 0.09868443851512802 0.7300825971312487 1.0926622347110224 162 186 183 133 
-0.07529054575693409 -0.5243672619061093 -2.453526271679804 -3.7653974018216583 0.17269498708539585 0.7586294870708501 1.0773964394737043 134 135 187 161 
-0.24169776799558715 -0.05814303400048484 -2.5830891868682926 -3.77829552315604 0.2845476260886158 0.7334895477595096 1.073133440024361 136 164 187 135 
-0.9108394759435867 0.38628395945042765 -2.517130249446413 -3.808990542915293 0.34755756994530157 0.6880128061246379 1.0647533421687554 188 220 163 138 
-3.037928380189907 0.8016391093477363 -0.7428972971945595 -3.965331066862387 0.6201082749434088 0.5654017380154788 0.7688626124745076 231 193 
1.253946462831274 0.7694117754955953 -1.5800311768459392 -3.5861754693093535 -1.1559737336402387 0.5117136433005063 1.0626888839905835 167 237 196 145 
0.9841180235636533 0.7122790835773453 -1.8602837522194318 -3.6324611196731373 -1.09986968329699 0.5289356135618357 1.108760325735016 168 199 166 146 
0.6125446243692172 0.6108115171988158 -2.1417781300447625 -3.6801958721106933 -1.0350499470135843 0.5429354252853937 1.1477927466975018 169 197 167 147 
0.17405912355168046 0.4731260597544063 -2.3636813127487755 -3.72025131939161 -0.9610159835348774 0.5568854966142897 1.1776370447322653 198 168 148 170 
-0.3076857195942553 0.3045688340183147 -2.50983445615919 -3.7597902925364224 -0.8763671455370791 0.5687717529242129 1.196655434986668 149 202 200 169 
-0.8435346310714897 -0.07527019854553928 -2.520519439844781 -3.7848838538943674 -0.7595011752094274 0.6473410730309129 1.1931610709524105 173 202 150 151 
-1.0763891317798553 -0.43406250947948255 -2.442152938870312 -3.8116749798315177 -0.6398158700713632 0.6868734756792767 1.1742060887025538 152 175 173 151 
-0.9186852607958421 -0.11051499261004828 -2.5311968294665466 -3.8053115145037726 -0.6724073357378677 0.6103555462151731 1.1965586366850696 172 204 201 171 
-0.9120475873166629 -0.7660969040333585 -2.3205616799761897 -3.791483254730986 -0.46149798923572566 0.7111458264547876 1.1416375367050071 153 156 177 176 
-0.9843841317826053 -0.46130953237105327 -2.436441226641527 -3.8038883384067717 -0.5613049146930519 0.6577842034791861 1.173913597023597 204 172 153 176 
-0.8813755544412185 -0.46928830557114054 -2.4365078580087873 -3.79513445143671 -0.4811124070434739 0.6368364102784052 1.1712614552855096 179 206 175 174 
-0.7664407289141244 -0.7635455955240668 -2.327232301562156 -3.7806342428324413 -0.38532696724163185 0.6959158063745224 1.1389959184803211 179 174 154 178 
-0.6247197040678488 -0.7566235003342269 -2.334777404495714 -3.771828786568255 -0.30776682929482724 0.6869181270348101 1.1349929068469626 155 180 208 177 
-0.7620996944119248 -0.46810538677242264 -2.4404455193041485 -3.786570354459841 -0.4005989525254936 0.6229676681192066 1.1670200063232194 208 209 176 177 
-0.48950895100400843 -0.7474214074327731 -2.3426880178739586 -3.7652682639337614 -0.2289538643404629 0.6838327553422061 1.129741124056371 181 211 178 157 
-0.3632679083999377 -0.735114068793198 -2.351918649615242 -3.761180349402993 -0.14866770135658877 0.6864416256909507 1.12319771344383 180 158 182 212 
-0.24800257313434684 -0.7162173644301585 -2.364544194324078 -3.7597001107161465 -0.06659729633010647 0.6948247249433872 1.1151233806202479 184 181 159 183 
-0.1530504010110234 -0.6804641438600266 -2.3840959632373555 -3.7601058946770127 0.016729460795105497 0.7092546570233091 1.1051432471850826 161 185 182 160 
-0.31736864205523113 -0.4284994156238284 -2.4702033067195015 -3.7692225698767783 -0.06616526907864456 0.6224489807980491 1.1403441802375358 185 215 212 182 
-0.26496609261918663 -0.3901872995239941 -2.4864858209697656 -3.7705815281421304 0.02330902398353188 0.6354974076547337 1.129934658885187 186 216 184 183 
-0.28334017686607216 -0.3175478904936797 -2.5084900684035216 -3.7742598154072335 0.11589113439678514 0.6546644878983785 1.1159343371507167 187 217 185 161 
-0.37194823251156217 -0.22556763857474021 -2.5215729044974515 -3.7756452591523813 0.2090421403923265 0.6831167040464251 1.0961042584861602 163 218 186 162 
-1.463530132427586 0.622811804471968 -2.3051457401749826 -3.833498145182166 0.41393363634966585 0.668209463202077 1.036370202693403 189 219 164 137 
-1.9921488981390918 0.8137803398636644 -1.9787743045959145 -3.8665593162638516 0.4690162533757807 0.654847617751944 0.9986469632230419 190 222 188 139 
-2.390058203448789 0.8973302343648198 -1.6260547304478552 -3.893661165065311 0.5134998294465687 0.6403561721449359 0.9549679471314153 191 224 189 140 
-2.6489802085817016 0.9180507526919424 -1.3324870144473235 -3.9162632382241407 0.5491423872661387 0.6245148976893116 0.9082829408241468 141 192 226 190 
-2.829863655251063 0.9044474045404438 -1.0873606683494077 -3.9367294101466683 0.5779297675600984 0.6074731259889228 0.8606898370278184 193 227 191 142 
-2.941621051905962 0.8643260060493955 -0.9217268007991363 -3.954979363974305 0.601551321686128 0.5877439457111817 0.8131315742635369 230 192 165 
1.6197412813003333 0.7590576432884507 -1.0173116673721292 -3.4925746001016185 -1.2664290681355697 0.4323714411436084 0.9217341826821033 195 234 
1.552062480724169 0.788654452341085 -1.1413938486704924 -3.5120855501792776 -1.238517655645691 0.4620528599756775 0.9655032094795031 196 235 194 143 
1.4457547786462717 0.7933379072751323 -1.3193215573608421 -3.5423764725385656 -1.2023041758860615 0.48914070396418646 1.0133890106583936 236 195 144 166 
0.5776042896995649 0.5911108438622884 -2.162052841823085 -3.6825018296855525 -1.0125104946292152 0.45993959509002247 1.1563290866380103 240 199 168 198 
0.16264761492134597 0.48937543150670887 -2.3702185806125105 -3.7228894984571443 -0.9383547109470782 0.4672686949561802 1.1855401424959828 169 200 241 197 
0.9542935526250955 0.6708828180401396 -1.8881283320309334 -3.6361810825185112 -1.0803324330928246 0.45191047646253635 1.1170208063649611 167 197 239 237 
-0.25288563343770165 0.3803891385734933 -2.506614277852006 -3.761571425052956 -0.8603028883278593 0.4697486315060436 1.2039661736681655 198 170 203 242 
-0.7756138612377992 0.12952235163017042 -2.570354857498059 -3.8025296756975666 -0.6930834122606429 0.530817371121241 1.2095318493349216 205 243 202 173 
-0.6719388091282653 0.20869444977426244 -2.569923707520137 -3.794550575239242 -0.7841343353978565 0.5587261247507604 1.2061318654274373 203 170 171 201 
-0.5620857251781334 0.2983471660178288 -2.5663376256229937 -3.7898473089304527 -0.7809154389151163 0.46167053337786057 1.2131335519226172 200 202 243 244 
-0.8993258781884577 -0.15352997852560155 -2.5238541187835324 -3.8049399566209336 -0.586737806208285 0.5828328642396451 1.1955683707667926 175 206 205 173 
-0.8215423343244213 0.07875660518913319 -2.566191231054166 -3.8057396678047173 -0.6065411544217185 0.5078902467463338 1.208707726628827 207 246 201 204 
-0.8467138560805569 -0.1735920463704146 -2.5197345916215497 -3.800261783919316 -0.5024870261698602 0.5637781283418356 1.1919320171054617 209 207 204 176 
-0.8119519036786134 0.05857162004617874 -2.5626494942443965 -3.8038791807814256 -0.5215383646322747 0.491394952465002 1.2049175811793909 205 206 247 248 
-0.6395432173997774 -0.4634106140489958 -2.4456770911459347 -3.7791892522899317 -0.31937457506098743 0.6151392881281643 1.1617273191682393 179 178 211 210 
-0.7580045984340802 -0.18220916388060182 -2.5193932465238276 -3.7936217171467823 -0.41866901985066507 0.5513702901408524 1.1866946348670206 179 210 247 206 
-0.6542322755545563 -0.1836630500575161 -2.5216440377724854 -3.787091137494152 -0.33447856210389354 0.5445208552183867 1.1805723822045817 213 250 209 208 
-0.5195756377133606 -0.45712785202285683 -2.451445005383705 -3.7733572374124487 -0.2368612723083222 0.6126258196866378 1.1556011985158596 213 208 180 212 
-0.4098682624187884 -0.44697942082048653 -2.4590828453420968 -3.7699657096305494 -0.15261968821910044 0.6150094756360471 1.1486058285069463 211 181 184 214 
-0.5470014552298081 -0.18127246466173758 -2.525494948851755 -3.781664121465031 -0.24892755317149334 0.5423082135824057 1.1738783326900037 211 214 253 210 
-0.45017777553399163 -0.1739362174972001 -2.531360931112237 -3.778510602921689 -0.1614798020578349 0.5441881790296922 1.1665835283991712 215 254 213 212 
-0.3792284918045963 -0.15570292354764914 -2.5399721262603188 -3.7779272440061287 -0.07194898891090203 0.5503945328406884 1.1581743593422298 184 216 255 214 
-0.3605372223565278 -0.11475385928204866 -2.5507379306221187 -3.7792994067804226 0.02056226402063479 0.5613325423891923 1.1475073691392133 256 215 185 217 
-0.41815310492784463 -0.03513489998680933 -2.561828171902845 -3.7835851954086595 0.11739146150352803 0.57625169186236 1.1328489457433675 216 186 218 259 
-0.5611500918860873 0.09707530773892198 -2.5638476535087893 -3.7910016986209247 0.21772375679515157 0.5951008164865619 1.111972559847414 187 220 261 217 
-1.4651481265635222 0.5542395578255758 -2.301336199546099 -3.8316000669623724 0.386280051408201 0.5872335661649778 1.052571009084621 222 221 220 188 
-0.951697014896264 0.2859711277013398 -2.491308421813107 -3.8064499194026706 0.3100480975308676 0.5987537646631337 1.0856346037422009 263 218 164 219 
-1.4810949852145412 0.5494025881472351 -2.293619276518006 -3.8326166817599323 0.36120804496314 0.5003955014395137 1.066214105459192 265 263 219 223 
-1.9700576579297724 0.756219038839428 -1.989297393657364 -3.8582463115024033 0.4493415226778278 0.5780454227036301 1.010334131899528 223 219 189 224 
-1.964468293997991 0.7119513012824134 -1.987701045282898 -3.851287616428083 0.4296437003051867 0.49695049834431615 1.0207743384771042 225 266 221 222 
-2.3681616364473927 0.8704338315009607 -1.6479956298586749 -3.8901144132399703 0.5007011707930251 0.5683569532851456 0.9613536092449027 226 225 222 190 
-2.360090531383151 0.8188462992867467 -1.653622498869391 -3.883811003390932 0.4867169830855889 0.4914780710935991 0.9673291963927892 228 268 223 224 
-2.6395725628047395 0.9075091125904368 -1.3450364367966827 -3.914941923672505 0.5421640797079997 0.5576338281653928 0.9085280179177604 191 227 228 224 
-2.826725498393322 0.9015187888837253 -1.093352934118359 -3.9367451819600277 0.5756822652776679 0.545539138464462 0.8541500962204429 230 229 226 192 
-2.6355475433676947 0.8629206588896966 -1.3495604599870359 -3.9101474042503814 0.533505406017422 0.4848847777582549 0.9088994614275228 229 267 225 226 
-2.8276697952367793 0.8660874689767153 -1.095032052042487 -3.935052473747262 0.57149734541356 0.47753246544925065 0.8483726256723538 271 269 228 227 
-2.9389253643377136 0.8711154666327429 -0.921958955438081 -3.9531464588072494 0.6028174516941399 0.5310050656254064 0.8002146879109046 193 231 271 227 
-3.031542371025286 0.8245294934007702 -0.7534550140505996 -3.965003721935299 0.6245382427799988 0.5125496204930258 0.7483108752468726 232 272 230 165 
-3.0582668685377836 0.8010452972223328 -0.7104762580057864 -3.972235351508339 0.6422102700616603 0.48911607732998386 0.6988430546491091 273 231 
1.6659664191880321 0.6581101218301028 -0.9214913786709301 -3.4708594236895047 -1.2913734392614113 0.3511786738938054 0.8688314107211721 234 279 
1.6243787098367435 0.6996519602651972 -1.0110606933856292 -3.4874753160539673 -1.2647835145935045 0.3797199766573599 0.9153674447585137 194 235 280 233 
1.5493906294382278 0.7361240172381815 -1.1530400855973297 -3.51209015476109 -1.231706940244252 0.40489214794118944 0.9655613483713267 236 281 234 195 
1.4302978689705013 0.7554360051282325 -1.343672548385483 -3.5436653807659444 -1.1904742200399123 0.4253120912782173 1.018030635964394 237 282 235 196 
1.2354864388353046 0.727605687946381 -1.604253252604715 -3.5886713978962996 -1.1400366708547505 0.4408904885083556 1.0697554804331115 199 238 236 166 
1.2117538682134736 0.6498135068391188 -1.6359747299373366 -3.590748639101762 -1.1227574422836515 0.36515563128242146 1.0768489904428362 284 282 237 239 
0.9182846380731685 0.6131105780554451 -1.9150234990693313 -3.635040161745437 -1.0608578526669519 0.37131729541330766 1.1238507111927953 240 286 238 199 
0.5468823943300153 0.5487185022996925 -2.177801245068028 -3.6819522188042377 -0.9924837372936576 0.3745746120534269 1.1618521181124377 197 241 287 239 
0.15239767199532125 0.4835352986371358 -2.3746192692389045 -3.723979062604637 -0.9198813049881422 0.3754639589538577 1.1894836429665592 288 240 198 242 
-0.21561037420105209 0.42053588715298 -2.5011131877920723 -3.761997511195307 -0.8461599407750232 0.3729599933066324 1.2068549509135698 244 289 241 200 
-0.6823921896419134 0.2440126743113696 -2.5752634142806956 -3.797604065762546 -0.7003392650585747 0.4462320146675348 1.2164251797229377 203 201 246 245 
-0.4960154757880143 0.3693260326410563 -2.5618784467175284 -3.7882695738028733 -0.7730154726368582 0.36674068222692574 1.2157792280838775 203 245 290 242 
-0.6420737682302151 0.33986631608178763 -2.5802955963347043 -3.8002812894423244 -0.6988018465388249 0.3580247232973799 1.2190666861724648 291 292 244 243 
-0.7716302160051324 0.2196983398116654 -2.5814478679002604 -3.806656871938701 -0.6181172507427499 0.43029250511471967 1.2158322739129173 205 248 291 243 
-0.7533930396531526 0.051373619999867844 -2.562678220213942 -3.8000527457418887 -0.43649329788763647 0.48046716044578885 1.199324048589337 250 249 207 209 
-0.7905008138991854 0.21742866437559208 -2.5821110705347854 -3.808455762641362 -0.5351547857077321 0.41741626692114253 1.2120833436853091 295 246 207 249 
-0.7546155522148066 0.22459085322937639 -2.5814788693098367 -3.8048387994777153 -0.4511567124264637 0.40844775599436334 1.206357933889937 248 247 251 294 
-0.6669081227856325 0.051081816137354255 -2.564228535388255 -3.7944207708014557 -0.35062359546762223 0.4743965180748433 1.1927908473456463 247 210 253 251 
-0.6806947664571765 0.2338188214417153 -2.583670513504049 -3.8005926714574487 -0.365349445127021 0.4031879191598693 1.1995978554005546 252 299 249 250 
-0.5890452909400345 0.24223504502565163 -2.5868218989622145 -3.7958173761190546 -0.2773159482996241 0.40091809218963737 1.1923988464331141 300 298 251 253 
-0.5692440888562043 0.052910923420034145 -2.5673633517042305 -3.7893229446100114 -0.26310625093762346 0.4722326346116874 1.1857869213246173 213 254 252 250 
-0.47971571941271896 0.056082986706537684 -2.5718547964797125 -3.786201473037138 -0.17346414776452002 0.47335563943760206 1.178346528478015 214 255 300 253 
-0.4217313513286143 0.0647039287308868 -2.576812397851925 -3.785229886988721 -0.08171754077631177 0.4776798988494336 1.169948853216198 258 254 215 256 
-0.4214446466539428 0.08721379679614852 -2.5797846015257795 -3.785735814538229 0.01182843439314175 0.4850870658654979 1.1594540632350114 259 257 255 216 
-0.4522385990035906 0.2748287217974388 -2.5969319517728993 -3.793204111013969 -0.0016481016817289744 0.4059271224254918 1.166617517214845 256 260 304 258 
-0.4464738764937012 0.2588970482318702 -2.59613173307065 -3.7923742567901253 -0.0946708269251125 0.4028228568958998 1.176656068198275 257 301 300 255 
-0.4955620830908798 0.13634896480573502 -2.578907297739362 -3.790067602837685 0.10648801175574081 0.4936904587671329 1.1453670388765527 261 260 256 217 
-0.5355379900896396 0.30818572303792335 -2.5919411556737195 -3.799062976201696 0.0901290822784491 0.40868554481400643 1.1533644996221444 303 257 259 262 
-0.6671131216084609 0.2252059303921809 -2.562570040475784 -3.7998866279507832 0.1982694872559396 0.500599615428511 1.1266060024627298 218 263 262 259 
-0.7210245290240497 0.37641633769566096 -2.5625518333909314 -3.8063212932680917 0.1783122461184087 0.4096958166819109 1.1353048611539083 261 264 305 260 
-1.011150470168634 0.3702214737793143 -2.4830818581837084 -3.8138111674118855 0.28331467519275655 0.5024415831477169 1.1012904290413836 261 220 221 264 
-1.0418054578299243 0.4793015152536389 -2.4727623052401344 -3.813759801746709 0.26201060427276934 0.4092538891827582 1.109952817864535 263 265 306 262 
-1.4863201906151073 0.5811927441448594 -2.2891065852711754 -3.8321480979041582 0.3406472623981468 0.40957306890903666 1.0745305161345868 307 264 221 266 
-1.9583933203751172 0.688932392898441 -1.9883096711281047 -3.846609875821344 0.4117007777774107 0.41096331494395016 1.027979410529281 223 268 308 265 
-2.634113904263099 0.7942146223612474 -1.3532863472119028 -3.904438375773983 0.5240345128366507 0.4078944043023869 0.9090878425594479 269 310 268 228 
-2.351723966176698 0.7579962780536609 -1.6575913618864246 -3.875097785938087 0.4729346156449966 0.4104211941064498 0.9717466064923762 309 266 225 267 
-2.82978469820286 0.7976789615030849 -1.0980086067763455 -3.9315714713219836 0.5660106109213578 0.40499599788395546 0.843321228281942 229 270 312 267 
-2.9538032213502516 0.7804375513944912 -0.9171311914938116 -3.9558528552000576 0.6001657145674941 0.4008088443921826 0.7773951606691027 269 271 274 311 
-2.94622053380806 0.8450374880433488 -0.9186336269091336 -3.9558532991230773 0.6022580540597622 0.46825970756804436 0.7880874985466182 230 272 270 229 
-3.0410046311271826 0.7981504790783139 -0.7674597834544702 -3.976835448188602 0.6269311509370027 0.455249243698882 0.7298471379106655 273 274 271 231 
-3.08063918867578 0.7644183881176649 -0.7055068062850791 -3.9884481676465318 0.6466933917143707 0.4372668794850645 0.6750648695061042 275 313 272 232 
-3.045221066470216 0.7466355077033154 -0.776588377858436 -3.9796468565711574 0.6275223477716014 0.3936330528145785 0.7139663837281456 313 316 270 272 
-3.1159180441430885 0.7323530858526154 -0.6596429520718945 -4.003725081345981 0.6629893437497848 0.4151212625889628 0.6239409971120254 276 273 
-3.128623960003501 0.6765006316363136 -0.6530459244426358 -4.009321325754695 0.6665717922273557 0.36683441446615417 0.6014057984893044 314 313 275 
1.7106231078373113 0.5059931346928804 -0.8297780831727148 -3.4521869852189053 -1.3183588370204917 0.273654588120611 0.8095446323797034 279 318 
1.7434576380530482 0.360593407183272 -0.7626339302497138 -3.4424192935336704 -1.3473528811899822 0.20203749969454673 0.7442052294257271 318 319 
1.6810320110669004 0.5519577416633863 -0.8965865697676546 -3.4624976464372383 -1.2926963391609128 0.29930057751567485 0.8584772630547508 280 320 277 233 
1.6291972438619888 0.6002562266798678 -1.0085027201952224 -3.4815975652107887 -1.2613844842096051 0.32248062503177904 0.9116066234723426 234 281 321 279 
1.5441319409392347 0.6334926501542466 -1.170219829794212 -3.509271812191169 -1.2230920477066412 0.34139717986449347 0.9674638872472603 285 280 235 282 
1.414809033276681 0.6570190476968464 -1.3774708567225573 -3.546296916267109 -1.1769912230119077 0.3554364071535908 1.0235800472057925 238 283 281 236 
1.3909732178801595 0.5686027047683228 -1.4183629448382256 -3.549660000142338 -1.1638354320497706 0.2817458059086734 1.0286247739338754 326 285 282 284 
1.178732039720404 0.5718829082218995 -1.6769691917248217 -3.5946037817059486 -1.1065818671142804 0.287002210312717 1.0824077819066684 286 327 283 238 
1.5308014259884177 0.5469397847052254 -1.2015976620863964 -3.511108605645687 -1.2140058642544802 0.2729293640428778 0.9700590797855888 324 321 281 283 
0.8775033999951706 0.5605002582801812 -1.9471071196808787 -3.6365705332905334 -1.0428333258118065 0.2891663740822212 1.12860081299817 287 328 284 239 
0.5121639247447657 0.515139483095084 -2.1971221933685854 -3.6834977387386503 -0.9742537630631656 0.2880378255398932 1.164976854356635 288 329 286 240 
0.1305578786023552 0.463587869753224 -2.3830562209741313 -3.7251173570215794 -0.9035641087282003 0.2842967692062919 1.1906699296492786 241 289 330 287 
-0.21371408963385535 0.4226518477943287 -2.5011666405369612 -3.762346146462359 -0.8328973057725294 0.27940971721139174 1.2066549699865927 290 332 288 242 
-0.48115534366249235 0.401181379702447 -2.5603547006772165 -3.788392912273626 -0.7628807009506927 0.2741288806699816 1.2149657981741302 292 331 289 244 
-0.7490431684262859 0.3332298225106847 -2.5886762109972987 -3.8096617826611685 -0.621785460760373 0.34834214515797157 1.2183927592179105 295 293 245 246 
-0.6393678859843601 0.39489747106397877 -2.5820701085301896 -3.80287474193249 -0.6922996927827921 0.2685207819261154 1.217896211554846 245 293 333 290 
-0.7525461932856504 0.4013510553898147 -2.590341144132973 -3.812529622762139 -0.6193644109820865 0.26257272822997146 1.2168971564764584 296 334 292 291 
-0.763337395370316 0.356719036114655 -2.590181532560138 -3.8113822919705314 -0.46077088734483435 0.3329909589360819 1.2086684497587425 299 297 295 249 
-0.7855363447798815 0.34155856065898876 -2.5901331550835893 -3.8128689400005404 -0.542434440442444 0.3395980872090596 1.2145508037763122 296 291 248 294 
-0.79610046532998 0.41721701218630286 -2.5919863166282506 -3.816980900943225 -0.5434294423817031 0.25691998771369606 1.21280950387366 295 297 335 293 
-0.7793716529583332 0.4369975167681786 -2.591786679492934 -3.816433367617555 -0.46429633097395395 0.25240319452395754 1.2066900466256691 337 336 296 294 
-0.6092755005613902 0.3877995527914397 -2.5937884341969846 -3.802532448989818 -0.2892547538991994 0.3264223538269369 1.194299577794355 302 338 299 252 
-0.6973683652634967 0.3728866313844151 -2.590833998579659 -3.806788826933661 -0.37636837403116696 0.3287297354403268 1.2016987928542775 337 294 251 298 
-0.5020114324387837 0.2498863263867582 -2.59147262296024 -3.7929619073461827 -0.18696313709843 0.40097767199557455 1.1848961547536123 252 254 258 302 
-0.46320608520569895 0.4122010165008245 -2.6028126945759538 -3.799406864812123 -0.10870304319672543 0.32503368371048524 1.1785204123842614 304 341 302 258 
-0.5218734624334783 0.4004775029976118 -2.5981572264589077 -3.7997412808312205 -0.1997853812487868 0.3254208479665277 1.1866887021395414 342 298 300 301 
-0.5470937325892226 0.45002941128516916 -2.5953196447114193 -3.804773908409618 0.0724196470718832 0.32383315145909647 1.15603920863209 304 260 305 346 
-0.4647911449252537 0.4264003640459195 -2.602942372722602 -3.8000549828577737 -0.017384645016794695 0.3247385647101407 1.1688027628124416 303 345 301 257 
-0.7352560087925772 0.49211772734699394 -2.5615703816954882 -3.8108117466807276 0.15952123130650117 0.32220405886912795 1.1382822816746185 262 306 349 303 
-1.0435240011288898 0.5515357697604218 -2.4750505540682095 -3.819415778943301 0.2435279742346182 0.32032306676311884 1.1129994661996223 307 350 305 264 
-1.4662478710038684 0.6274034253492511 -2.2890237536479523 -3.825617110402115 0.3232339060559621 0.32026996497874505 1.077711907811199 265 308 351 306 
-1.9402460895729132 0.6792071996352104 -1.999682325647893 -3.8437530992220794 0.39609956522778633 0.3234016217853337 1.0310769913413873 307 266 309 352 
-2.335971562295095 0.7163093464118717 -1.6701572331046204 -3.8682748681276555 0.4601294690612265 0.32671411691708957 0.9736850699119578 353 308 268 310 
-2.6253673439649448 0.7322652931563463 -1.3624575829507348 -3.8964730264644074 0.5146290938256888 0.32848912323937335 0.9083282052983382 312 354 309 267 
-2.9560442047308646 0.7014543880602901 -0.9232118332053649 -3.952985468039065 0.5968991475398726 0.3301344916490676 0.7685353678894414 270 316 355 312 
-2.82647871153933 0.7227149661510617 -1.1081704150375584 -3.926270034857185 0.5599061436385446 0.3297729002708714 0.8387383136954459 269 311 357 310 
-3.093322979853042 0.710364426151772 -0.704540634881264 -3.995569148088991 0.6491983436802446 0.382268685312806 0.6551039787499118 315 274 273 276 
-3.140177816386545 0.6064347382181542 -0.6493950484553371 -4.013881876670411 0.6682329817636703 0.31285830788892016 0.5832689967589969 317 359 315 276 
-3.099007333055337 0.6399316773283333 -0.7093210753577189 -3.996855571043585 0.649954480303881 0.3229956768517885 0.6389026318083448 316 313 314 358 
-3.0463833659833455 0.6717878287920453 -0.7872111784490045 -3.978165691835927 0.6265694034616388 0.32833735732352953 0.701028596473847 315 356 311 274 
-3.148128316177362 0.5880435912309537 -0.6401064500932651 -4.017331780976122 0.683277224650076 0.29759204515191173 0.5318920431518185 362 314 
1.7216015392314208 0.40473298420722786 -0.8111445819373951 -3.44705689560089 -1.322421959800022 0.22332213418044142 0.795556805539221 320 322 278 277 
1.756424840677491 0.23336822672143986 -0.7480052611024132 -3.4434601943689263 -1.353307510432356 0.15246630925471102 0.7280381298102606 322 365 278 
1.6824994144894367 0.45922793387527944 -0.9001901952119141 -3.45936758137293 -1.292850937744893 0.24326683720576325 0.8507570558524329 325 318 279 321 
1.6242774936914404 0.5091801300825962 -1.0257753415886395 -3.4802487464167045 -1.2569491322153379 0.2600536191428166 0.9097298811451638 280 285 323 320 
1.7282378185251344 0.2797965768592707 -0.8075213620981515 -3.446009129644732 -1.326130494477448 0.16793150978829757 0.7834745791578118 325 366 319 318 
1.6189157573489497 0.38018315811432174 -1.0449973627917315 -3.478530041079873 -1.2530961016514766 0.19328780432265338 0.9079662969283051 324 368 325 321 
1.5182381785214445 0.41761073162174955 -1.2312419944565616 -3.510805852281221 -1.2063281934702015 0.2013197165500863 0.9716545203884234 285 326 369 323 
1.6829561592833546 0.3329696171709526 -0.9090659626892073 -3.457626001973817 -1.2929770435960517 0.1819782055355101 0.8441612004282956 367 322 320 323 
1.3693711650663651 0.44183010988497357 -1.4553725038866254 -3.5506366178472373 -1.1529357785625456 0.20599851246225737 1.031846173473527 370 324 283 327 
1.1462575759989095 0.4504711981020925 -1.7188218891983444 -3.597673070701999 -1.0934566634495053 0.2075724936585911 1.0855888628581614 326 284 328 371 
0.8419102000144523 0.44676795706941286 -1.9889014826538132 -3.645705268194589 -1.0285983087539972 0.20630367138213246 1.1305952596005011 329 372 327 286 
0.47766975735400813 0.44129601428672705 -2.2266808618780796 -3.692274218545741 -0.9600669652108385 0.2022733651003796 1.165280337639635 376 328 287 330 
0.10090639484468583 0.4405998244929748 -2.3951838632954976 -3.7274893261123014 -0.8902610617741566 0.19622150659685098 1.1893391985166226 377 329 288 332 
-0.49792052193155806 0.40858060779269273 -2.563273372080783 -3.7904430095148096 -0.7523330475277784 0.18325085380194514 1.211473884305858 290 333 378 332 
-0.23271247716034943 0.4164359136218268 -2.5063808640823972 -3.7640630945525393 -0.8209523048950885 0.1894796265158204 1.2040663457480272 379 330 289 331 
-0.6618124018309658 0.4137058244316625 -2.584806520224048 -3.8062769749677683 -0.6833532999280483 0.17806720105705193 1.2136740776436707 334 381 331 292 
-0.7755173669891959 0.4256383208253373 -2.5923581279022176 -3.8166651039984187 -0.612634020165145 0.17355178030376672 1.212044002535427 333 293 335 380 
-0.8173178818384329 0.4438655214005162 -2.593023808786684 -3.820987832436029 -0.5389708230990337 0.16959713650000896 1.2074751972008193 296 336 383 334 
-0.8007240164176799 0.46569318856530917 -2.5922207142141285 -3.820488913480113 -0.46185440577086817 0.16652703277757455 1.2009651479960757 339 382 335 297 
-0.7171765642639094 0.4582358045210488 -2.591911446357784 -3.812362500396169 -0.3819196396315596 0.2492417458749991 1.1994674863953054 338 339 297 299 
-0.6302730313838316 0.4785572662809952 -2.5940014044458017 -3.8079999840038803 -0.2966697007956481 0.24714937071237691 1.1918202114100438 337 298 342 340 
-0.7391452914574718 0.4898593537386174 -2.5915870791210756 -3.816230175054407 -0.38137189816290007 0.164313074061187 1.1933824812631486 336 337 340 385 
-0.651998976989413 0.5140852223250436 -2.5927586396587015 -3.8114225321098885 -0.29810073810875487 0.162634141402907 1.1853976532894803 338 343 384 339 
-0.47871550141021524 0.5122968133328877 -2.6023867502328817 -3.805092109269333 -0.12040667861374454 0.2438496132353184 1.175776205877475 345 344 342 301 
-0.5415043158542256 0.496538999119334 -2.5979899118983285 -3.8053469525703925 -0.20921242654355116 0.24556065176865183 1.1840175666836479 343 338 302 341 
-0.5620877984037259 0.5364150848808863 -2.5961738553234466 -3.808646422512429 -0.21287186371163125 0.16096893536076673 1.1772993753878416 340 342 344 386 
-0.4965824831634448 0.5561033130540005 -2.6001863145302537 -3.808431086198371 -0.1265025798363638 0.15895633609211526 1.1688526718502021 341 347 387 343 
-0.47244693808932703 0.5273953206404492 -2.6027731942107035 -3.805913205984647 -0.031306619785209315 0.24174644928510497 1.1661744577716844 346 347 341 304 
-0.5481273117298455 0.5458719307475434 -2.5945502391496778 -3.809631561197192 0.05697036320319248 0.23919829869711068 1.1536882114315734 345 303 349 348 
-0.4834493591530225 0.5727717580529426 -2.6012451920096953 -3.809850637765009 -0.03969703823587867 0.15671049184561542 1.1592255394035633 389 344 345 348 
-0.5514232627787387 0.5871131208125081 -2.5927101650210584 -3.8123384320736227 0.04689567698931726 0.1543458477011388 1.1469278562931366 347 346 390 388 
-0.7300776326292113 0.5713195720846107 -2.5613166707717925 -3.8146050679571966 0.14360690548630714 0.2366446476466088 1.1362614177201988 305 350 390 346 
-1.0274016772624128 0.601436711708876 -2.4792784451344194 -3.8219322036589554 0.2278292124190556 0.23459857710011495 1.1114335002897784 351 391 349 306 
-1.4383603272932999 0.6360511535293016 -2.3038130928010583 -3.8267137272542238 0.30815209409811933 0.23447243964829434 1.0767801020981456 352 394 350 307 
-1.9106850979387353 0.6778130969702234 -2.023053273403205 -3.8445123631064844 0.3825786103144576 0.23785491493122912 1.0304522074487508 397 351 308 353 
-2.3135334081786643 0.6592591097473116 -1.703795364799836 -3.8693744371105905 0.44889928426560344 0.24325577197804793 0.9728261601640513 352 309 354 398 
-2.613648284887605 0.6421661676827961 -1.3899947518307656 -3.894017572106039 0.5058538306323678 0.24861912795547791 0.9064561344107798 357 400 353 310 
-2.9529118730665465 0.5993105148955449 -0.9385660194336659 -3.9475546197702314 0.5927642929016004 0.25766933374815554 0.7619264170546707 404 357 311 356 
-3.044088470332467 0.5751862461994932 -0.8022326698490881 -3.9736953784433937 0.6243098661371 0.26012078404216277 0.6915081433577749 358 405 355 316 
-2.8181251222330665 0.6216478075958559 -1.1297123400592022 -3.9200247411154048 0.5535789912719863 0.25356420940329993 0.8348328448084704 355 401 354 312 
-3.100028215508724 0.5505989324143585 -0.7193976009993712 -3.9944389703248246 0.6491595830932487 0.2599508296327782 0.6269082257544507 359 360 356 315 
-3.144383975378191 0.525168609406051 -0.6548724873836947 -4.013883269919934 0.6683870971806616 0.25700891433286477 0.5700812452322302 362 361 358 314 
-3.094853098360897 0.44672995573310503 -0.734570437591347 -3.9876613162766597 0.6469876214372114 0.19435220933595762 0.6197405655573117 408 405 358 361 
-3.138559089653492 0.43040665971613273 -0.670151610164252 -4.007142534064244 0.6669310580750119 0.19729352466603434 0.5624694478371187 359 363 409 360 
-3.1567458668294206 0.5081508779353497 -0.6373972347050549 -4.019368845538975 0.6836809999222166 0.25266155273691443 0.5201971627654216 363 359 317 
-3.1515843938906176 0.4203114450370401 -0.6508897192865405 -4.013224022179623 0.6821793994131695 0.2010788332376921 0.5147874549788147 410 361 362 
1.798993938264481 0.07868299574712603 -0.6794116485403473 -3.452642737461558 -1.3816093015402748 0.0864854647787484 0.663441537208244 365 
1.7676059766364745 0.11092842937709756 -0.74138860232899 -3.44908589026405 -1.3589403934242579 0.09570687317827772 0.7142281139137329 364 319 366 412 
1.7315625652214361 0.15272945162541693 -0.8147308505110125 -3.449431488524989 -1.3300091869927666 0.10672665936917405 0.7730123679666773 414 365 322 367 
1.681940923765561 0.19977495129159 -0.9232598406254707 -3.4594974184096725 -1.2942514906752682 0.11636304774281601 0.837641333426643 366 325 368 415 
1.6119914661719104 0.2463808282193637 -1.0659181758659053 -3.478699631606336 -1.2515123677985862 0.12357515276319972 0.9047861622111864 369 418 367 323 
1.5051748525697437 0.2891352981223885 -1.2583293301624872 -3.5109200564583722 -1.2019975784991082 0.12803534167328817 0.9707339010463998 324 370 419 368 
1.3496767436989519 0.32345200857845463 -1.4856025041557313 -3.5508849646072145 -1.146255668506788 0.12966477240205587 1.032012324960676 375 369 326 371 
1.1190196808606268 0.347409239823804 -1.7504080532024708 -3.59901396912197 -1.0850628087990024 0.12837644084258393 1.0857446812517577 372 373 370 327 
0.8075936919670555 0.36173438072890024 -2.0184292754861004 -3.6481277141495068 -1.0194061881530712 0.12438566339456686 1.129806104404825 371 328 376 374 
1.0983193631393204 0.2392422918970701 -1.7720513074558226 -3.597390428065161 -1.0823123673843846 0.04996065215557792 1.0822502516232575 423 375 371 374 
0.7816655583241297 0.27266767090150995 -2.038840477743336 -3.6472278783621257 -1.0155969909553244 0.04370557630554568 1.1260490483178174 425 424 373 372 
1.3338942302349874 0.1988934995238531 -1.5072892983652177 -3.549323860084439 -1.1448632367518796 0.05346816424459838 1.0282754357914798 370 373 422 419 
0.43523952476570227 0.3705550060149782 -2.2533051337413808 -3.6958983767578397 -0.9507906133994033 0.11813599147400763 1.1630813967885947 425 372 329 377 
0.06479211756678593 0.37726200448773134 -2.417086433989971 -3.7349512954184707 -0.8808582504869777 0.11022391523519781 1.185847197301748 426 376 330 379 
-0.5289268670108902 0.3901521315754337 -2.5680327234349125 -3.791994947566178 -0.7425351471575582 0.09383218715992847 1.2059037282778018 381 430 379 331 
-0.2656297740672755 0.3881586337291817 -2.5148157997039364 -3.765508058233305 -0.8112649376746225 0.10168889898307272 1.1994973181171373 429 377 332 378 
-0.8071926782896628 0.41353937451388084 -2.594602990848865 -3.8194981795271032 -0.6036351875441504 0.08257826096912577 1.2046326751182053 381 334 383 434 
-0.6948502712719515 0.39987381542913647 -2.588842778273592 -3.809308195912379 -0.6737332672349391 0.08742353906910029 1.2071376907782443 433 378 333 380 
-0.8240771888229216 0.4543022482822679 -2.5926398499121386 -3.8220526339929126 -0.4547369303987817 0.07660961787275197 1.1922443330297425 385 435 383 336 
-0.8436022716382715 0.4324468460217185 -2.5939679778129032 -3.823015935841185 -0.5309110440533801 0.07907684277079914 1.1993511098304994 436 380 335 382 
-0.6728887475701584 0.5049305915763138 -2.592870605329074 -3.8125980345338415 -0.293055565813626 0.07345781520306918 1.1756281422524184 437 385 340 386 
-0.7609541632859744 0.47882952768487635 -2.5918059267972615 -3.81751128105232 -0.3751912077742233 0.07484770195532751 1.184115174299717 384 438 382 339 
-0.5827603158553494 0.5309472814078654 -2.5956948373786806 -3.809526295658127 -0.2093956004816755 0.07206623460516196 1.1670990325547024 387 440 384 343 
-0.5167912413526345 0.5550328027191623 -2.598770114335809 -3.8089187374280318 -0.1250313058992649 0.07057422154644719 1.1583310483892937 389 439 386 344 
-0.5628757651722751 0.5896323367684019 -2.5909262683182495 -3.8127013061383828 0.044234299510442526 0.06815342703232234 1.136323915237 348 392 441 389 
-0.5004311347057213 0.5751789220904228 -2.599329600610356 -3.8102567872490223 -0.04038132035460382 0.06925146364233997 1.148551924892311 442 387 347 388 
-0.7231066257475 0.5990244312746335 -2.5615918718762383 -3.8161148860867065 0.13258596934887118 0.15185994910520953 1.1298615940704075 391 392 348 349 
-1.010092273732231 0.6080381593989328 -2.4842592943352644 -3.821665372660087 0.2163149026734179 0.14998508894953658 1.1056605534470059 394 393 390 350 
-0.724567326038442 0.5961767719209901 -2.561651104145657 -3.8161049448014293 0.12826215635897836 0.06705417805961068 1.1196106273422757 390 393 444 388 
-1.0005708521624563 0.5918809659797443 -2.4889074434910183 -3.820864591477382 0.2106642483354657 0.06686072024878459 1.0961617721983945 391 396 443 392 
-1.405444461681101 0.6258493704785613 -2.321054635166968 -3.826135222856336 0.29666577079310563 0.15082575531411738 1.0720007508400684 397 396 391 351 
-1.8361279573098248 0.5291467201461193 -2.106986229263328 -3.851469362245699 0.3650242364073227 0.07580987788185438 1.020276302141418 399 445 396 397 
-1.3800718551692257 0.5704464973675121 -2.345394672159543 -3.8296519664864985 0.2902976918200501 0.0696021077640979 1.0636752787559434 395 446 393 394 
-1.875831310340317 0.5968821967631747 -2.065616776127913 -3.848837443826146 0.3719466616894105 0.15548751609275008 1.0267243594830153 398 395 394 352 
-2.279166958716013 0.5680210849146962 -1.7504727939760836 -3.867904231068785 0.4395937588557186 0.16251010015021794 0.9700107956877291 400 399 397 353 
-2.2437504815249065 0.48062307443349167 -1.7993721402316696 -3.8688345933190633 0.43241456537087103 0.0842816521596555 0.9656780455074911 402 447 395 398 
-2.592212388304188 0.5372064539032391 -1.4297620043208548 -3.8903194623698236 0.4979956134822966 0.1702375397894085 0.9041327107999013 401 402 398 354 
-2.804768861815696 0.5093375484543172 -1.161442565752121 -3.914560810785267 0.5473075899588205 0.17787071177833993 0.8320937453015413 403 400 357 404 
-2.5653465024994118 0.43425234240188043 -1.476877694204221 -3.8882690499104076 0.4912968111548848 0.09381669229817552 0.9014186678903147 448 399 400 403 
-2.78588100271686 0.3957625926634647 -1.20155743748318 -3.9100139754706666 0.5413697057685194 0.10350217673100376 0.8304209833081494 449 402 401 406 
-2.9446642104071747 0.48557611167787273 -0.9620225262606221 -3.9410601922070585 0.5880583844446667 0.18482020659360107 0.7579550474967378 406 401 355 405 
-3.0373191872868643 0.465047291205803 -0.8216639467485591 -3.9666173297390643 0.6209971184821336 0.1904578498763407 0.6858833313029722 407 404 356 360 
-2.930177211926005 0.3675820437993766 -0.9934402999111543 -3.9336063139346367 0.5830068458874287 0.11260644165868734 0.7566300752712105 450 403 404 407 
-3.024429550064294 0.34745452062771076 -0.8466101380307822 -3.9568612506791556 0.6168325798006989 0.12060278677997505 0.6843361187258081 405 408 451 406 
-3.08247431513434 0.3328438021442757 -0.7545915200889555 -3.976362944004363 0.6436370647955941 0.12715573873611952 0.6176177219920143 452 407 360 409 
-3.123856374129119 0.321687551654924 -0.6908839389823292 -3.993915951241606 0.6642709596765448 0.13291781014865567 0.5596880071567275 410 453 408 361 
-3.1389518472453948 0.3154950862967692 -0.66749268690349 -4.000897662181764 0.6800258661158523 0.13953995688361143 0.5115017323671842 411 409 363 
-3.1181025865517022 0.1902157013283111 -0.6847567917187684 -3.9815636530754817 0.6775924809317843 0.07062416509660424 0.5107848460428547 456 453 410 
1.7749456376662218 -0.016347936687565793 -0.7469483013150403 -3.4588042269484123 -1.3640675245898657 0.036962507767630194 0.7039775455850065 413 365 414 
1.7813340060953051 -0.15857745295238776 -0.7585000752452328 -3.473330997449324 -1.3685754918216877 -0.02283346913191046 0.698135660050863 416 457 412 
1.734921485168379 0.01652187435149367 -0.8248834543862928 -3.456704227343054 -1.3342709709865002 0.04264394625930483 0.7643976906426564 416 412 366 415 
1.680299818730524 0.05810424455469075 -0.9371380407808254 -3.463271661232746 -1.2974202604408738 0.04841143550566749 0.8305065560372841 367 418 417 414 
1.7384722990101347 -0.13332169909216868 -0.838770577935843 -3.4692247299452106 -1.339206678604553 -0.02097173750540938 0.7576447488798799 458 413 414 417 
1.680099890471368 -0.09638493681327177 -0.9507544933477217 -3.4715435437595827 -1.3028763318037795 -0.01956213837292236 0.8226198809982638 420 459 416 415 
1.6050275970173171 0.10426597268975113 -1.0849995820732883 -3.4802668426929 -1.253294461344086 0.052377439350108385 0.8990628952859998 420 415 368 419 
1.4936136345190105 0.15321575812858648 -1.2794299921377181 -3.5104482065411307 -1.2021859677725717 0.054122069069683504 0.9662092679999068 421 418 369 375 
1.5986711752195992 -0.049401438942745145 -1.1014959375241988 -3.4839957871825487 -1.2588162612175662 -0.01910373241501567 0.8907404493919872 460 417 418 421 
1.4840525584500506 0.0052381638150619594 -1.2938100429749788 -3.509710151994662 -1.207230008143052 -0.0199216779411888 0.9581163856144036 422 461 420 419 
1.3215324119708245 0.06165247881456083 -1.5207880446310935 -3.5459247317037037 -1.1490255149777464 -0.022598525610902385 1.0207718585965941 423 462 421 375 
1.0837711477590763 0.11926363992423253 -1.784968817179148 -3.593246874416613 -1.0854694255497517 -0.027951685032854067 1.0752574219597006 424 463 422 373 
0.7643099661353615 0.17448903189375098 -2.050592262269941 -3.6430035797670213 -1.0176507200685714 -0.03609042054157561 1.1193504462558737 464 423 374 427 
0.4023586821672878 0.29925767076942017 -2.271554464047561 -3.695668925910803 -0.9460980818938777 0.03530408714679421 1.1587246437468377 427 374 376 426 
0.029173825963594663 0.3178246511838928 -2.4317190846231167 -3.735817564483209 -0.8754660566040376 0.025453335362192818 1.1806678858556368 429 428 425 377 
0.3792963766220346 0.22293932600505129 -2.2831718354978463 -3.6926126562904957 -0.9468518677624688 -0.046441929088656415 1.1520837504252344 428 465 424 425 
0.0037770093657679676 0.2593228639648607 -2.440843261484486 -3.733811210071343 -0.8748090889827717 -0.05824422378871294 1.1737701600752215 427 426 432 466 
-0.30326421267102777 0.33149814405042677 -2.5286610648873094 -3.769448298528768 -0.8049540820828088 0.015094557351660246 1.193406113049016 430 432 426 379 
-0.5662935517106695 0.344613699642896 -2.5767169953900173 -3.7949462784264862 -0.7350550493304296 0.00540513589087829 1.1988472009010531 433 431 429 378 
-0.6017010736905445 0.3064974509184464 -2.581789338005952 -3.794949814782337 -0.7309984909081241 -0.08179060404376208 1.1906052789793131 430 469 467 432 
-0.33365487956947754 0.2865689028979291 -2.5364669175404297 -3.7692378583947868 -0.8027356119365345 -0.07044931794173886 1.185963851784984 468 428 429 431 
-0.7312962527154856 0.3592006521685261 -2.594050845821991 -3.8113186453531744 -0.6652894672569507 -0.002658226898676865 1.199044757760358 434 469 430 381 
-0.8415276041166364 0.37445821573363736 -2.598310517090051 -3.821558345832836 -0.5944751829110595 -0.008503389968590852 1.1955290106443588 436 470 433 380 
-0.847338302800166 0.4169684158075724 -2.59497163293532 -3.822751225620256 -0.4447065484547339 -0.015104591033987072 1.1813880408099928 382 438 474 436 
-0.871854295921136 0.3944572781577662 -2.596948767239945 -3.8246428332805436 -0.5212787928270474 -0.012403803166654381 1.1893290690731706 434 383 435 473 
-0.6923198861231714 0.4710549617601861 -2.5943784100973497 -3.8120047252092717 -0.2821889425712385 -0.018693046135887084 1.1631874451550674 440 478 438 384 
-0.7812953999896727 0.44240786783223585 -2.5936656049462443 -3.817365316216796 -0.36470838700547775 -0.017120675190005277 1.1724544753326542 385 437 477 435 
-0.5394027818162437 0.5315177806633844 -2.598609358322904 -3.8079720021052927 -0.11537801118292801 -0.020298050301567255 1.1447044947235043 482 440 387 442 
-0.6032607465674776 0.5017450871048448 -2.5964784271685573 -3.80862870729088 -0.19866593341424132 -0.019790602146546737 1.1539786067491526 481 437 386 439 
-0.5844951206019517 0.5722763030146828 -2.58922074375354 -3.812005811241812 0.04975635520709826 -0.019387476669967624 1.1222878461528216 442 388 444 485 
-0.5235066815708712 0.5563451813877954 -2.597865585531258 -3.809008491636269 -0.03260196784226618 -0.020173862724961973 1.1346030030295609 484 439 389 441 
-1.0042334255271457 0.5588158529969315 -2.495245176017526 -3.8231699114297255 0.21149709469604935 -0.01440754887107509 1.0833885292600725 446 489 444 393 
-0.7390157166189512 0.5750551550349405 -2.563422703841032 -3.8179406237479387 0.13138359021224416 -0.017658364284920715 1.1059331868186524 443 488 441 392 
-1.8013335560005022 0.46579474271909244 -2.1422585085424335 -3.8529551180210553 0.3618854399031124 -0.0013487222183258332 1.0111959578009193 447 492 446 395 
-1.3630611853185837 0.5325524903225115 -2.3617654544281947 -3.831769793058739 0.28899861497230034 -0.009065405726315446 1.0523946756542593 445 493 443 396 
-2.2067511446512347 0.3905056298309114 -1.8481735870552007 -3.8695246404867545 0.4280499758096501 0.008357003557305525 0.95927682121996 448 496 445 399 
-2.5322769218148373 0.3218825268868502 -1.5307833150942878 -3.88646170623641 0.4863319822806701 0.0192711602588044 0.8977558217911386 499 447 402 449 
-2.7593621585341426 0.2693480407009977 -1.2507153737704464 -3.904808499494609 0.5362594974479318 0.03055869966586917 0.8292497022244043 450 498 448 403 
-2.9077839232497484 0.23468064380872256 -1.0334991500695545 -3.9241205215099737 0.5780568270723019 0.04133969760313318 0.757393031957332 406 451 502 449 
-3.0039295935701213 0.21421262070437586 -0.8776079622759536 -3.9435864588035963 0.6122429634132217 0.051096711415092276 0.686326135947741 407 452 503 450 
-3.062572714948116 0.20277404949290215 -0.7782462220328489 -3.9602692094117153 0.6395422122758937 0.05921345046097447 0.6200200406556091 454 451 408 453 
-3.1014735182757307 0.19518743910354275 -0.7131075445449717 -3.9747100103537 0.6608768367599565 0.0653460676369524 0.5613175255514042 411 455 452 409 
-3.034571495817341 0.05816683129815524 -0.8029353218754213 -3.9391174049049424 0.6354290007923867 -0.008589336574967072 0.6257005925327552 506 503 452 455 
-3.0740714030448038 0.05441309948566831 -0.7293889416135407 -3.950754431116357 0.6571504174971775 -0.00192323593643565 0.567268641412397 456 507 454 453 
-3.0957018796224696 0.052533943345682094 -0.6885426030473712 -3.958346068049622 0.6744590498231731 0.0025971028039924182 0.51570395636722 508 455 411 
1.787380588205 -0.2946913890619237 -0.7660689952712502 -3.4887801209660574 -1.3714180414813317 -0.0759437908897342 0.6982907889942922 458 413 
1.7400695655345733 -0.28715430466670644 -0.8538563843248917 -3.4845703522494915 -1.3445191001725876 -0.08164446854563069 0.7534240949282897 459 511 457 416 
1.6789446376058916 -0.26471655836469354 -0.9673595826193997 -3.4851723532520453 -1.3103016458652337 -0.08608729396673045 0.8148882829135414 460 512 458 417 
1.5907654044793158 -0.21373604372077645 -1.1190493041411198 -3.4911900671397094 -1.2677226555501333 -0.089735950469197 0.8807303827202388 461 514 459 420 
1.4737610626790554 -0.1488466871516534 -1.3066291647071613 -3.510706590450359 -1.21684727060956 -0.09340919289537836 0.947118717437837 462 516 460 421 
1.3100996931215736 -0.07256534140686606 -1.5310637317290323 -3.5432423668795803 -1.1586345734253334 -0.09824115593267059 1.0097858206187067 463 518 461 422 
1.0762885675572424 0.013612030118299865 -1.7925401651955692 -3.5908823957123697 -1.0943819384411673 -0.1052829244721613 1.0649348834893377 519 462 423 464 
0.7576867165983638 0.08212235556499495 -2.0535472782561204 -3.637148752709035 -1.0254051453159587 -0.11487882816923264 1.1098945362188533 424 465 522 463 
0.36831222515233464 0.1503187116425911 -2.2873576451831754 -3.6871820066393584 -0.9531111844036322 -0.12668090565974177 1.1432730021086432 524 464 427 466 
-0.012654223726927817 0.20308177866022872 -2.445311023651729 -3.729307035996985 -0.8792655441302444 -0.14033044793583793 1.1651754677167263 468 525 465 428 
-0.6280751324310525 0.27982933018707873 -2.5831778010068036 -3.792594064287423 -0.7307860979812641 -0.16734098175490147 1.1811312009153596 472 529 468 431 
-0.3581723422929177 0.2462026433861773 -2.5408477064177264 -3.7665225819811043 -0.8051061661310551 -0.15464132339923697 1.1770892820119976 467 528 466 432 
-0.7644808068247614 0.32255491767717076 -2.5973865274117522 -3.8116566923933584 -0.6592173126078883 -0.09129727262621126 1.1898425432112552 470 472 431 433 
-0.8756935616976068 0.33831905580053695 -2.6014433146931752 -3.8231895055342684 -0.5864742797866186 -0.0980895881468932 1.1852851614082738 473 471 469 434 
-0.9077829350962203 0.3324792318428437 -2.6021287117381147 -3.825740781541723 -0.5805487044346356 -0.1843221160705456 1.17396023221146 475 531 472 470 
-0.7861815536017037 0.305748761870112 -2.5962723667705716 -3.809244956499876 -0.6561151486134364 -0.17728529603678367 1.1795555950372676 530 467 469 471 
-0.899987703992172 0.3596429608747493 -2.5995023986782715 -3.825926292372323 -0.5116159316908366 -0.10256392985696579 1.1780278879215176 436 474 475 470 
-0.870037939284674 0.3834829118530672 -2.5970060709358656 -3.823210309776976 -0.4335850219592136 -0.10588706817257579 1.1690613377461734 473 435 477 476 
-0.9271891653716505 0.3570187682970413 -2.5999968529069855 -3.8289565464576767 -0.5031841813162473 -0.189170944817438 1.1655581633636152 471 473 476 533 
-0.8919384287002935 0.38399453118497373 -2.597170042024117 -3.826039652712491 -0.42307124330499163 -0.19302469456912805 1.1554587549419533 480 532 475 474 
-0.8007770736844271 0.4102499230233756 -2.595637433527622 -3.817390144577635 -0.3520193286326896 -0.10863685698301641 1.1590845747444392 478 480 474 438 
-0.7106626375297643 0.4406479090792373 -2.5956302082726714 -3.8111309969002094 -0.2676417249663236 -0.11096994104256891 1.1487124525351478 437 481 479 477 
-0.7284079173919121 0.4469158760902017 -2.5946121966058993 -3.8132616593925035 -0.25289990363994397 -0.19979410589035781 1.1326749437599588 480 478 483 534 
-0.819694807028262 0.41381786240304747 -2.5953602545134244 -3.8199507934951664 -0.3395928195169626 -0.19648712533896343 1.144331138094035 535 476 477 479 
-0.6228782076026241 0.4734061816250861 -2.596882855300709 -3.8070748245660613 -0.18242967341845778 -0.11239018020880244 1.1384285762187456 478 440 482 483 
-0.562521298466777 0.5048485715510108 -2.5982630092203864 -3.806221067440583 -0.09877623902322438 -0.1120994545904391 1.1283487762132238 484 536 481 439 
-0.6407099697292875 0.48148469342288164 -2.594142982223237 -3.807896948996657 -0.1645679900653868 -0.20238053051122845 1.120909955301555 536 537 479 481 
-0.5493822262178828 0.529380979767627 -2.5969245932375857 -3.807242159459958 -0.017161048762142056 -0.1101259007304226 1.1177772179654282 482 442 485 487 
-0.6129540983691762 0.5406584332227727 -2.589318636901027 -3.811834723906622 0.06308689965777729 -0.10659113020915323 1.105333786423234 488 486 484 441 
-0.6366598579034284 0.5270872596179828 -2.5881508749068907 -3.812596283271533 0.08267752481109898 -0.19076941298484662 1.0860392047123149 490 541 487 485 
-0.5698742273662509 0.5313970782548239 -2.5934779880522303 -3.807230051176963 0.004004320540156309 -0.19843876634278543 1.0982989643841945 539 536 484 486 
-0.7618675183168646 0.5351168413752315 -2.564976986586641 -3.818287683666132 0.14178196652204259 -0.10113782787177994 1.0894018914574293 444 489 490 485 
-1.0165231490866593 0.504244271893567 -2.503135500898697 -3.82607833769384 0.2184242062547132 -0.09396286025784728 1.0679567650745057 493 491 488 443 
-0.7816776184941174 0.5019348918479531 -2.5659425694603635 -3.8182460260475932 0.1581539788124397 -0.1809834244535334 1.0708416503789218 486 488 491 540 
-1.0236324060346436 0.4463035356938838 -2.5125640647877985 -3.8279616716020577 0.2307378230090131 -0.17010376616517314 1.0507145117934171 495 543 490 489 
-1.7682108137021393 0.3672391018755525 -2.180744960134332 -3.8544943467573467 0.36268298760308926 -0.07575586176652939 1.0000028596627586 496 494 493 445 
-1.3572644345378224 0.44880511003993784 -2.386089144312596 -3.839252803358634 0.29255463678053667 -0.08548565296368234 1.0387299556012208 492 495 489 446 
-1.7335519823580974 0.25705439215806 -2.215000568680751 -3.851719926986398 0.3674061365304075 -0.1471620747298836 0.9874302353196489 545 495 492 497 
-1.3438011371389431 0.3622935056806138 -2.4040016620877376 -3.8375363213875917 0.30075538916657557 -0.15876117324370306 1.0235045382068155 542 491 493 494 
-2.1660641518802994 0.2737257115766678 -1.8994597734729985 -3.86866247622637 0.4267982316154367 -0.0648916976475792 0.9511467405010181 499 497 492 447 
-2.1205064691523416 0.13897383074491237 -1.9481848786458067 -3.863857748199873 0.4289428101465794 -0.13531286571518145 0.9417501777127399 500 544 494 496 
-2.72377544199366 0.12566491723846304 -1.3060416246245035 -3.89733580134109 0.5326627995670035 -0.04099791130283399 0.8279936459239269 449 502 501 499 
-2.4916630569383074 0.18850313613202713 -1.5896328092636105 -3.8829832376445133 0.4836517293973801 -0.05316609900612647 0.8930407359626494 500 496 448 498 
-2.4434855128502986 0.035669252585974164 -1.6466563222613535 -3.8753059688879863 0.48381595825438617 -0.12313453960608124 0.8873026833727029 501 547 497 499 
-2.678985429231958 -0.03753006299050327 -1.3606667609234322 -3.885408263765162 0.5313196892653385 -0.11067487766296054 0.8261747033040545 498 504 546 500 
-2.876459580346402 0.08681695583182221 -1.0792416952624935 -3.911739702542168 0.5739680430188823 -0.029075756067567606 0.7592342162150673 503 504 498 450 
-2.9746095068519174 0.06682656411358105 -0.9128502914988115 -3.926301062401716 0.6079991039656533 -0.017954470621994772 0.6905740181317603 451 454 505 502 
-2.835295900259002 -0.07820346620788352 -1.1255894409960767 -3.894817270568099 0.5715495186637641 -0.09820636006905441 0.7611993305195806 501 502 505 549 
-2.9366298507620927 -0.09390269002845272 -0.9476839338124399 -3.9046015699293153 0.6049210279751904 -0.08607141366811745 0.6957308854424941 506 548 504 503 
-2.999071070676608 -0.09474818230955943 -0.8261168492906533 -3.913702633783092 0.632021428710304 -0.0751255400571673 0.6332255406612133 552 505 454 507 
-3.0401260233597234 -0.08828832932973102 -0.744460466488851 -3.9231156719113347 0.6535170587393526 -0.06600049742444368 0.5767253044083216 455 508 510 506 
-3.0644414614245017 -0.08044269985616954 -0.6963021223854851 -3.9304872172622125 0.6704920027991286 -0.05827630302194633 0.5272212773896168 509 507 456 
-3.0237506980616833 -0.2188245599105475 -0.7103983446588805 -3.8985586726456427 0.6672691203249318 -0.11556308106582333 0.5398251862180328 555 510 508 
-2.999505980126874 -0.2351826725176695 -0.7583384828881168 -3.8921171587511867 0.6506638653287766 -0.12645816317327607 0.5875309031277205 507 509 554 552 
1.7324645094677324 -0.43308838274834716 -0.8784849079617059 -3.4996856609018634 -1.348547670183775 -0.1373898969925621 0.7543402554157518 512 458 
1.6697016156353495 -0.4241920049937265 -0.9886271809118011 -3.4984372550964244 -1.3181704029001584 -0.14952377132074848 0.8097265969311037 513 511 459 514 
1.6488268945599027 -0.6038869103834 -1.0224418015778591 -3.515286849445128 -1.3242109437281169 -0.20743882154792892 0.8104275621882723 512 515 
1.57908978371608 -0.3871698898554942 -1.1391523872823341 -3.501895750911675 -1.2787093961949394 -0.15797527308111523 0.8710852262249174 516 515 512 460 
1.5586614046748424 -0.5841496533002738 -1.1661875409293148 -3.5173700306146225 -1.2899757137534609 -0.22178796067257625 0.8644895656351241 517 556 513 514 
1.459688901003035 -0.32300654858295585 -1.3221902564427612 -3.515184443529079 -1.2300952799494036 -0.16499835640837918 0.9347005684095558 518 517 514 461 
1.4383149505787585 -0.5217666417450736 -1.3437413436995342 -3.525274560982401 -1.2457829087607544 -0.23283445122863505 0.9227535801977018 520 557 515 516 
1.2959407387805866 -0.23722192360570837 -1.5412335809352067 -3.5415532468189643 -1.1731238732480052 -0.17228855070962273 0.996251847946967 462 519 520 516 
1.0664044909607522 -0.13659074134234186 -1.7923795179472433 -3.5813696210396695 -1.1089572304883444 -0.18107697458793431 1.0516814350074943 463 522 521 518 
1.2767839679840756 -0.4221635356685145 -1.555507208351886 -3.5447493709608775 -1.191786328107461 -0.2427488854308995 0.9814548098470424 558 517 518 521 
1.055154213657751 -0.2954710374816709 -1.7966765464535766 -3.5778238000409806 -1.128808294547264 -0.2531733283525015 1.0363616029096707 523 559 520 519 
0.7540156384984853 -0.027566865440898543 -2.0527344759000226 -3.629159036285377 -1.0390060191229828 -0.19177706159794577 1.0977573210116072 464 524 523 519 
0.7509475779461416 -0.15538912958217424 -2.0516184886718354 -3.621792229772021 -1.0580735073438077 -0.26506126737231367 1.083584910151844 521 522 526 560 
0.36614934032166446 0.07790511580920202 -2.2865251805117004 -3.6801130093653422 -0.96476389700463 -0.20439358630932788 1.1323887322408652 526 522 465 525 
-0.024191903510318555 0.16197255436019448 -2.447543526886282 -3.7247807081089577 -0.8885105439781389 -0.2197844743935371 1.1549588681374046 528 527 524 466 
0.3612162219705401 -0.01996416188005799 -2.2850734487109547 -3.669674866563199 -0.9817552082820653 -0.27891632644512115 1.1197171442098215 561 523 524 527 
-0.046441789628459726 0.12536039186677447 -2.4541089780738 -3.7220378655179798 -0.9025815623222819 -0.29541621220922554 1.1431581507970203 526 525 563 562 
-0.37977467920454583 0.23188663195255707 -2.5404236256555186 -3.7619175697603633 -0.8118232800487759 -0.23635810383141548 1.1667180479386536 529 563 525 468 
-0.6516492408142381 0.287952150015628 -2.57932277699518 -3.7893054305783003 -0.7344345663288503 -0.24973292419248289 1.1703021099380924 530 564 528 467 
-0.8312287336916223 0.32925938011853273 -2.5988461191272236 -3.816914169743919 -0.656239617350811 -0.2588787618534318 1.168002305730776 529 472 531 566 
-0.9381523390190876 0.36772365535885276 -2.5995005381724514 -3.8312043255103245 -0.577208685988588 -0.2653229598247554 1.1613404132403908 533 567 530 471 
-0.912995212366775 0.4326320888562723 -2.5934201746378127 -3.833213198978469 -0.41432291774761143 -0.274094096975594 1.1404809979049353 533 476 535 571 
-0.9536336202332015 0.4000243199322994 -2.5966732191797264 -3.835584264557078 -0.4968256090757333 -0.27011718916192456 1.151752220012195 570 531 475 532 
-0.7444271223945113 0.500329195547738 -2.5902779178014366 -3.8211263791491676 -0.24174658323491383 -0.28154056845994213 1.11558025418904 537 578 535 479 
-0.8377274856630628 0.4663096423241788 -2.5912427978813195 -3.8275928367605854 -0.3293393225009731 -0.27780777670266377 1.1282745459384442 534 574 532 480 
-0.5829663892514501 0.5111645888990701 -2.595337948637623 -3.8070652916189776 -0.07822114796633642 -0.2024634316885988 1.1094850671989154 487 538 483 482 
-0.6540541758536377 0.5291566680770438 -2.5906354999358814 -3.8156193775299347 -0.15114477439430202 -0.2853201692476537 1.1024454936690375 483 538 577 534 
-0.5953076994803292 0.5491982187283034 -2.5919705819990995 -3.813257898385417 -0.05720327874463381 -0.28891303677353436 1.0883260307374953 539 580 537 536 
-0.5829556452805091 0.5566461412482794 -2.5930158359514994 -3.8140506715444435 0.030457949665024537 -0.282555670022844 1.076145914131993 541 583 538 487 
-0.7861631002299214 0.46622727781212814 -2.5724016595751475 -3.8189336938640097 0.17825316507178787 -0.25355869932616965 1.0516011402894578 543 581 541 490 
-0.6425073525222692 0.5270023017721779 -2.5906686082580874 -3.8161210826502105 0.10694435539660413 -0.2673714974020532 1.0654338019026375 540 582 539 486 
-1.3227607287886944 0.2685859131530987 -2.4244709074898094 -3.834372237220243 0.31256539505283876 -0.2272860650628707 1.0076898499684788 545 585 543 495 
-1.0138185952050023 0.3803594880424453 -2.5251691135519962 -3.8257775689429137 0.2464488783388829 -0.24027441589226442 1.0330011235606185 584 540 491 542 
-2.0650930404466976 -0.019042778742840754 -1.9935101111706663 -3.8523715351970544 0.4345538355119007 -0.20214428932043146 0.9316475467539095 547 587 545 497 
-1.6872538444857135 0.12949585697310909 -2.2503019204150627 -3.8437290158207666 0.375878157462839 -0.2145901578442156 0.9741155914213291 494 544 586 542 
-2.6246517842808834 -0.21979994370438963 -1.4071093547354099 -3.8664980018036053 0.5327051307235328 -0.17714577732952544 0.8237360171557087 549 592 547 501 
-2.385881233280654 -0.13906197915413587 -1.6967981374777208 -3.8604927819012564 0.48710203550210424 -0.18967449576728823 0.8808679043837258 500 546 591 544 
-2.8909443250755285 -0.26557909290215453 -0.9759320626062081 -3.8780051170308654 0.6035255103962958 -0.15170655130865135 0.7010922769408879 552 550 549 505 
-2.7849163141174555 -0.2589523965231809 -1.1648191365374188 -3.8719157532126776 0.5713445879743118 -0.16456279119902334 0.7628683516893427 548 551 546 504 
-2.8389266302131224 -0.4488383056069507 -0.9927107855504965 -3.846867678333024 0.6039942114499633 -0.21267163447735127 0.7064030603725425 553 599 551 548 
-2.726178214662533 -0.4568091372993158 -1.1907881725168754 -3.842585296445238 0.5734109519369338 -0.22608650863857616 0.7644368485989592 592 549 550 596 
-2.956591366525433 -0.2542490884616334 -0.8457930038860834 -3.8845507558704773 0.6297803574632133 -0.13881347653104886 0.6416099292750796 553 548 506 510 
-2.907576978446741 -0.42076972192879164 -0.861222204727837 -3.8526337042455885 0.6288860072419908 -0.19794285620449342 0.650341447237625 550 552 554 598 
-2.953644089849159 -0.38743884489505304 -0.7710644802537207 -3.8597774939030716 0.6487789446554646 -0.182085911428872 0.5988978832835409 597 553 510 555 
-2.9801043078903944 -0.3608367002405131 -0.7218219231590676 -3.8663767321441243 0.6647427941315743 -0.16610473086055724 0.5528901769728228 554 509 
1.5222099206740347 -0.7749101202163041 -1.2043174459459622 -3.533314919564587 -1.2993257023821907 -0.2794753170851496 0.8635670068684923 515 557 
1.4041769541869944 -0.7298660222943383 -1.3732956909511056 -3.5396915539797726 -1.262573776572286 -0.2952002708944708 0.9129206573125558 600 556 517 558 
1.2482302914589916 -0.614449870003027 -1.576497680648528 -3.553036308249102 -1.214153070868716 -0.3078700308920672 0.9659505354658501 601 557 520 559 
1.0373591750625049 -0.4480279602179208 -1.8079563541208865 -3.579453905046186 -1.1534200888312882 -0.31979658611779505 1.0193077181581354 521 560 602 558 
0.7439677157334358 -0.24939303648021008 -2.0568469648832832 -3.620265580553138 -1.0817078846660577 -0.3327873304789989 1.0677298679297333 603 559 523 561 
0.3587372564324351 -0.045711981434546634 -2.290030598143208 -3.6713231163402154 -1.0025308559021664 -0.3474862557632792 1.105747923376744 562 604 560 526 
-0.0642012367164925 0.13201049599365633 -2.4604279050785123 -3.724874108037496 -0.9198574785912085 -0.3635050525023026 1.1303931907202565 565 605 561 527 
-0.4065087216556316 0.24397597857795808 -2.543754709097109 -3.7638434690646467 -0.822458687992821 -0.3122642377548653 1.155034974870423 564 565 527 528 
-0.6727216698478249 0.33892909848314784 -2.572941038924434 -3.790802295034441 -0.7416008667053047 -0.32533644090594915 1.1581689778343989 529 566 569 563 
-0.43908921899650366 0.2905400230696337 -2.5429013747688236 -3.767122504932164 -0.8358015342272612 -0.37925175653462573 1.1425164660282874 563 569 607 562 
-0.8685876971928693 0.4044622363727809 -2.591273870599533 -3.8244464576697075 -0.6596566485104913 -0.33404207740120595 1.1549637460309472 564 530 567 568 
-0.9685846529095272 0.45765871320694246 -2.5902913886690904 -3.842002924321038 -0.5768669172835914 -0.3397209151393755 1.1471765277264896 570 572 566 531 
-0.905959649252208 0.5228275650447717 -2.5741985708445347 -3.8357607824056728 -0.665721555978208 -0.40075160274323934 1.140563119404966 572 608 569 566 
-0.7181165518631297 0.4212283746844695 -2.5658131547779663 -3.7993666515025732 -0.7511017016448199 -0.3920839895541581 1.144946727716986 564 568 606 565 
-0.9806023224050195 0.5009400294436973 -2.5851499982020547 -3.8476452839418824 -0.4930766786181778 -0.3436694874150489 1.1364396708287805 571 573 567 533 
-0.9324810348030507 0.5417338407316421 -2.581236477964191 -3.846739184374953 -0.4078573041439011 -0.3470764800288426 1.1240360279964532 574 575 570 532 
-1.0028344316849371 0.5990785725331386 -2.5693027497417966 -3.8585462234099674 -0.5796655222859645 -0.4061142256777767 1.1315029758822384 610 568 567 573 
-1.0097165028744384 0.654209238855909 -2.5595218234559662 -3.8648362662476057 -0.4922645616665944 -0.408835756563551 1.1196269984665603 575 609 572 570 
-0.8538549653007839 0.5808143999134455 -2.5784569205985646 -3.842514666770312 -0.321884381252337 -0.35055918085890836 1.1108955314066238 578 576 571 535 
-0.9509529454438401 0.7062734724286166 -2.55429224400037 -3.866469131930065 -0.40392402757448076 -0.41062803051809565 1.1062997984182934 576 612 573 571 
-0.8670946828462804 0.7524551324322 -2.5502183468615476 -3.8643400353823805 -0.31748671226308334 -0.41366736728921055 1.0923675448788037 574 579 611 575 
-0.659155271388702 0.6425518947616382 -2.577715607649098 -3.830878523799117 -0.14902801606715127 -0.3578726379196863 1.0844382484814972 578 537 580 613 
-0.7576670242279284 0.6178590893222616 -2.5769103099612627 -3.837010532818749 -0.23587314833582954 -0.3542118261150531 1.0976398667473117 534 577 579 574 
-0.7676273330255486 0.7891140230877113 -2.5484485873059595 -3.859965466351449 -0.23561305282986883 -0.41753850643724993 1.0789080818933496 576 578 613 615 
-0.5896860151100823 0.644727729064919 -2.5815751704184464 -3.8257033553799515 -0.060213640679038366 -0.3615357779520101 1.0707944431864693 616 577 538 617 
-0.7610797627763549 0.41311005975197257 -2.5866797477672656 -3.8160356531921287 0.19940991364204663 -0.316453264393869 1.033421699650203 584 619 582 540 
-0.6229263813783323 0.5059091876990518 -2.599368129763438 -3.8160501269801723 0.13372212050048127 -0.3321650131283671 1.045495967043914 620 583 541 581 
-0.5770592230136083 0.5568867500951379 -2.5975258650557747 -3.817485339352209 0.06810527975884698 -0.34953729921641785 1.0538868414193474 618 617 539 582 
-0.9787847624947767 0.290678991838441 -2.545500860823411 -3.818949087416064 0.26415153715843176 -0.30230372041649817 1.0161971713638205 581 543 585 589 
-1.2791885190750372 0.1334364123899513 -2.4506782668118134 -3.823181087926712 0.3275346377577164 -0.2889343157982104 0.9923720776420133 584 542 586 588 
-1.619645444514951 -0.04493483916653049 -2.2885966846799075 -3.827034088156122 0.3879175940671651 -0.27611184887496654 0.9610666364923902 545 587 590 585 
-1.9942475871866883 -0.22573653635669697 -2.033795929765983 -3.8316745193655324 0.44352499584539684 -0.26358872527989874 0.9217838385870846 591 593 586 544 
-1.230554433193452 0.009537799362837975 -2.471489127009282 -3.8090699669437216 0.3454864433591497 -0.34188552435497754 0.97812206011788 622 589 585 590 
-0.9327524029144614 0.21272395015272896 -2.5649255185880033 -3.8103458623845237 0.2840570419505669 -0.3547818684092456 1.0007652133924425 619 584 588 
-1.551784362323654 -0.17924572091004248 -2.3163083458295453 -3.8087171037844065 0.4018363595966781 -0.3305713929834068 0.9494319836369258 621 588 586 593 
-2.31488757483242 -0.357856168884111 -1.7360089852846545 -3.83605370028236 0.4933028651216865 -0.25110579600876015 0.8747147608567575 592 594 587 547 
-2.5602374263056222 -0.4310583737566289 -1.4396145106751639 -3.8395447949176424 0.5366079934164373 -0.2386895867528721 0.8214832670844228 551 595 591 546 
-1.938566653165153 -0.34699134739883825 -2.0555335891185575 -3.8131974858610693 0.45390502016270706 -0.3184507742042114 0.913295036283942 594 624 590 587 
-2.264599068728365 -0.4816230342057637 -1.7547438209858568 -3.8167925957616307 0.5013328596471764 -0.3058415162177267 0.8691561230840268 591 595 623 593 
-2.511737191010135 -0.5706820698517021 -1.4536340256419213 -3.8174109690525397 0.5425376992480372 -0.2935017173941377 0.8191287368032366 596 625 594 592 
-2.6780348321020426 -0.6089628787476175 -1.2007837215230726 -3.8175388720565855 0.5774660384417336 -0.2806203999589377 0.7653821363806509 599 627 595 551 
-2.9053591973265847 -0.5271200361881476 -0.792793881025368 -3.83172753679569 0.6469571490611662 -0.23195614928549213 0.6124771367490878 598 554 
-2.862345253263469 -0.5662125255708955 -0.8708703882484122 -3.8251786270803954 0.6290060245269329 -0.2508272791508471 0.6593499581010107 553 597 628 599 
-2.7955868301782734 -0.5998949896981082 -0.9953757559701027 -3.8205017861228963 0.6062164225002094 -0.2667875830172855 0.7109155456692968 598 626 596 550 
1.3496063368935647 -0.9432569222072297 -1.4156920431753748 -3.5572711376362625 -1.2785505917530855 -0.35124703522513356 0.9070343148931908 601 557 
1.2045560812438574 -0.8213935433100933 -1.6050270838687686 -3.5654183450340238 -1.2392949476090322 -0.36692178294550803 0.9505479190774249 602 600 558 
1.0052060612669553 -0.6257442165891546 -1.8285103712977495 -3.585250681632682 -1.1815702186858406 -0.3798985872357902 1.0014543110094658 559 603 601 
0.7234023419897406 -0.38014861174666065 -2.0720032137179945 -3.621154357713536 -1.1087634279539138 -0.39317012354091957 1.0508974711630177 604 602 560 
0.34502161812483473 -0.11339662869151176 -2.3033547325303867 -3.6730372069183885 -1.0257550569026057 -0.4073845861574964 1.0911369858619138 603 561 605 
-0.08307786798667892 0.1323615315145211 -2.466782376797615 -3.7267208982068643 -0.9386271074573449 -0.42143266823389575 1.1174717711222892 607 604 562 
-0.7783611967079861 0.4821685032012366 -2.5631531256857123 -3.8106209324585576 -0.7611337358406494 -0.44909010072801614 1.131512838568581 608 607 569 
-0.4691779464513608 0.33116982769260644 -2.5444860782238097 -3.773343959078493 -0.850087391373042 -0.43613003500578273 1.1299486724473393 605 565 606 
-0.9566684121872713 0.6316393541111317 -2.5553141750401873 -3.8496067623641244 -0.6725964954448488 -0.45705633861461253 1.1258324172647836 610 606 568 
-1.043518162077662 0.8124101785704689 -2.5184369295370033 -3.8786576430169206 -0.49404872497787133 -0.465905167804866 1.1016402746289078 610 573 612 
-1.0379293619408279 0.7470179057764861 -2.5355693098122187 -3.872962044002263 -0.5845872023796912 -0.46357217029978215 1.114913178161061 608 572 609 
-0.8770927034573319 0.9270420980995895 -2.5088198603070464 -3.8849787403557565 -0.3164144081633151 -0.4680482575162829 1.0730716521189247 612 576 615 
-0.972045979382094 0.8743773277788118 -2.514492754841053 -3.8855762729580383 -0.40235341737383395 -0.46490697770133893 1.0878227233849684 609 575 611 
-0.6630436091011671 0.8006037772127284 -2.551598085462809 -3.8524435265721255 -0.15999185259299142 -0.42028008991654003 1.0671539063193833 616 614 579 577 
-0.6686311044257437 0.9632438878549802 -2.5142507172498414 -3.8744876668902073 -0.1777141376859711 -0.4747743943353755 1.0496274163838755 615 613 
-0.7743219587709809 0.9565344283836007 -2.50834001990424 -3.8807008256643156 -0.23956619755527137 -0.47315868672653427 1.0592519997845429 614 611 579 
-0.5926547204411807 0.7787319610041455 -2.5602954662448187 -3.8445077282129048 -0.09016358365618049 -0.4191479278186948 1.057797583396262 613 580 
-0.5401209593786751 0.6146640966451581 -2.5935587906439186 -3.8222035760959003 0.01497839788493342 -0.3756003822385654 1.0558934432435847 583 580 
-0.5511553142300579 0.5291820590898948 -2.6089624055239335 -3.8172972311754036 0.11036577727914662 -0.39942369330546146 1.0338895538376853 583 620 
-0.7180391400378425 0.36422608098151193 -2.602942331812903 -3.811340335132485 0.22086896603601341 -0.3693635720210776 1.0171108303458976 589 620 581 
-0.5828885276107576 0.4816579300494681 -2.6120494587612972 -3.814851279152486 0.15987515114509138 -0.38609877760665956 1.0275324753086095 619 618 582 
-1.4193328105291272 -0.49514079203887995 -2.3329680891857265 -3.75529996531782 0.4177388173220519 -0.37677755410481584 0.9399618976580069 624 622 590 
-1.1604178303874846 -0.2925089790506887 -2.4681300330649343 -3.7594018234466415 0.3676623869297257 -0.3854004605163237 0.9652480978694388 588 621 
-2.119983933516121 -0.9151708235185969 -1.7347661888863337 -3.741725335458259 0.5100217903900475 -0.3538395765131327 0.866576966560082 625 624 594 
-1.7607344757751167 -0.802476850643542 -2.0550661296563577 -3.7317021248951225 0.4658211958462457 -0.3659284577284879 0.9073701654134042 593 623 621 
-2.4198853186796554 -0.8779620248942033 -1.444188450744077 -3.7717044401107565 0.5490820717251721 -0.34138225168180186 0.8188944857630307 627 623 595 
-2.7669463633356277 -0.7321106242061193 -0.9819997498133026 -3.80211738803639 0.6094381339827473 -0.312756011751782 0.7147407679777329 599 628 627 
-2.6171937583110783 -0.8224983071115725 -1.1914593727031906 -3.7840827720310104 0.5821399503000928 -0.32727013902646873 0.7673305220698875 625 596 626 
-2.8127594522582426 -0.7096225479247483 -0.8895287176016281 -3.801277503620405 0.6295287165433543 -0.29704224527483936 0.6690352825357735 598 626 
