29 30 31 34 35 36 37 38 39 40 41 44 45 57 58 59 60 61 62 63 64 65 66 67 68 69 70 71 72 73 74 75 76 77 78 79 80 81 82 85 86 87 88 89 90 91 92 93 94 95 96 97 98 99 100 101 102 103 104 105 106 107 108 109 110 111 112 113 114 115 116 118 119 120 121 122 123 124 125 126 127 128 129 130 131 132 133 134 135 136 137 138 139 140 141 142 143 144 145 146 147 148 149 150 151 152 153 154 155 156 157 158 159 160 161 162 163 164 165 166 167 168 169 170 171 172 173 174 175 176 177 178 179 181 182 183 184 185 186 187 188 189 190 191 192 193 194 195 196 197 198 199 200 201 202 203 204 205 206 207 209 210 211 212 213 214 215 216 217 218 219 220 221 222 223 224 225 226 227 228 229 230 231 232 233 234 235 236 238 239 240 241 242 243 244 245 246 247 248 249 250 251 252 253 254 255 256 257 258 259 260 261 262 263 264 265 266 267 268 269 270 271 272 273 274 275 276 277 278 279 280 281 282 283 284 285 286 287 288 289 290 291 292 293 294 295 296 297 298 299 301 303 304 305 306 307 308 309 310 311 312 313 314 315 316 317 318 319 320 321 322 323 324 325 326 327 328 329 330 331 332 333 334 335 336 337 338 339 340 341 342 343 344 345 346 347 348 349 350 351 352 353 354 355 356 357 358 359 360 361 362 363 364 365 366 367 368 369 370 374 375 376 377 378 379 380 381 382 383 384 385 386 387 388 389 390 391 392 393 394 395 396 398 399 401 402 403 404 405 406 407 408 409 410 411 412 413 414 415 416 417 418 419 420 421 422 423 424 425 426 427 428 429 434 436 437 438 439 440 441 442 443 444 445 446 447 448 449 450 451 452 453 454 455 456 457 458 459 466 467 468 470 471 472 473 474 475 476 477 478 479 480 481 482 484 497 498 499 500 501 502 503 504 505 506 509 
5.04302785759019 -2.0453625829706823 0.0031425511008719063 -1.2188723938165493 5.943108952851892 -1.2805211236308578 0.3774667200634363 24 117 
5.194602983644079 -2.399467424335403 1.4325158953679749 -1.4625002539662422 6.054104831345137 -1.3874247657097056 0.8277360678664635 26 57 
5.321604814451925 -2.281705420169623 1.9753343428709442 -1.6063055243597255 6.12578186538849 -1.3327496488490198 0.970057805245924 28 58 
5.39166436124583 -1.936566583392898 2.5796943546267497 -1.8260481182368187 6.289684649914967 -1.2165648806322402 1.177611107384219 4 29 
5.391869026059361 -1.8397462963553437 2.6896161794351015 -1.8719815131829118 6.305267942406823 -1.1449392937206349 1.220801313368484 31 61 3 
5.402808329333478 -1.5177327386199226 3.023105350427534 -2.025551160748913 6.4167754234193035 -0.9548827359800915 1.3660620646822292 33 62 6 
5.389227609202897 -1.6184598374473813 2.9175007888205253 -1.9765737950033622 6.400896938003801 -1.0334067052023788 1.3288684944900215 30 7 5 
5.382215550728646 -1.7254475462262513 2.8065470362096763 -1.92658707792523 6.385660882191509 -1.1081806507077911 1.2918393750761135 31 6 
5.333789555631888 -0.9378441534388944 3.362069866926706 -2.193262868469592 6.497078483392491 -0.4800676855748025 1.5602494586760378 14 34 9 
5.354736016936605 -1.037020902423902 3.3274794474529923 -2.17649576449153 6.493447122237891 -0.5655711251933858 1.5339460945601529 35 10 8 
5.3732259950778625 -1.1330136911615882 3.2862094766547756 -2.155707789395889 6.483236878007884 -0.647909332230218 1.5036371660788723 36 11 9 
5.382493189234563 -1.2300907036438784 3.2309437393081293 -2.129124184240127 6.469771289355025 -0.7279221299767488 1.4714117326046752 64 32 10 
5.24671953089068 -0.6193863558928558 3.414077140341717 -2.216389034706356 6.476634937155742 -0.21216889597237465 1.616344314400773 16 37 13 
5.278715449647648 -0.729544147898846 3.4053051441253785 -2.21350130762178 6.486279793373968 -0.3016002224101695 1.6005981428942857 38 14 12 
5.308882384772837 -0.8358432037340444 3.3884314853925868 -2.205731227127015 6.492948933911249 -0.3914303306272146 1.5815678910562425 39 8 13 
5.17503542640648 -0.3507704592172796 3.408796290256369 -2.207303549585426 6.443186236387436 -0.04298140955876954 1.630360609681976 40 16 
5.2071944071116585 -0.4899508599309779 3.413271464448738 -2.2142962862001707 6.463205201168105 -0.12658649104778957 1.6270307166062306 15 41 12 
5.065192800423163 0.1309260669256134 3.309319059515692 -2.1457406351018213 6.3171789808953065 0.19869366980617792 1.568680579955204 19 45 18 
5.110325999682713 -0.055883329507432376 3.3621904718325926 -2.173282709927991 6.338432977353747 0.11173031429786984 1.5772784736706882 75 42 17 
5.034747875977346 0.33600074069933217 3.246969811581745 -2.1137396838291083 6.297150611928448 0.27679367154065015 1.5558428621860068 44 17 
4.972762673719492 0.9979141245029872 2.9231153928155664 -1.9945295514636308 6.183453869562401 0.4756799250635114 1.4334508783871074 79 21 
4.980343499307192 0.7605757143306756 3.052465342745003 -2.0355281210989156 6.202058020309671 0.4048038340714671 1.4660720435509573 80 43 20 
5.021922712927932 1.684750136651625 2.3656053053494754 -1.8741769636440626 6.088938565117944 0.6366943431983058 1.2520090816093752 81 46 
5.162886092173699 2.165768397307044 0.5866144291469356 -1.6711556393186422 6.035069738077879 0.7503408765391113 0.6300349289285749 83 53 
5.098234059328079 -2.170795786274282 0.13332015292853602 -1.2240114281225611 5.9358324236471525 -1.3096162155100985 0.4394916220424328 0 55 116 
5.303378305798374 -2.506049982060519 1.1903634481044534 -1.40301790717336 5.994142527226916 -1.3715646506868306 0.7536648735476683 57 119 
5.243731081411927 -2.3501244743346454 1.699190645281689 -1.5276371877196047 6.063737161307653 -1.3472840841043314 0.892470057583091 58 85 1 
5.394248955774468 -2.065119048195284 2.413641421797701 -1.7577425605915094 6.2128344986679656 -1.245982724986839 1.103932289492198 29 59 
5.349280694648385 -2.185477306009908 2.177120588135977 -1.6702732287940492 6.137595460728024 -1.2733875346532426 1.027833238764722 59 87 2 
5.382990574832551 -1.943559354444712 2.556431315147476 -1.8149457418320452 6.228200611800213 -1.1797976809396422 1.1515755975394126 61 90 27 3 
5.396272602645421 -1.6361250050034426 2.9055827981672246 -1.9692435477570183 6.335868493429969 -0.9994508176697312 1.299525672087896 6 62 63 31 
5.388730094607274 -1.7405076816179277 2.7932677451330714 -1.9181858324751115 6.321346588353953 -1.0723838453903902 1.2619029929564447 60 4 7 30 
5.393398834146786 -1.3247011794812886 3.1714147859564905 -2.0989128421707655 6.452964584788867 -0.8040226800415032 1.4375937404556947 11 65 33 
5.403308127827649 -1.4192034031663543 3.106260063903701 -2.0658136613795555 6.434824290611565 -0.8791637115366076 1.4024297411097955 32 66 5 
5.339035619784252 -0.942160532395403 3.3626779193682843 -2.192119771029918 6.42305958005437 -0.4733260675701522 1.5158353405557923 8 39 67 35 
5.361528043317944 -1.0448612991887298 3.327010897346161 -2.174599377681117 6.418526786349184 -0.5541650310282571 1.491085099453377 68 36 9 34 
5.3786773175581315 -1.1439519078250835 3.282697777242755 -2.1528030466439763 6.409095897071063 -0.6325139398838097 1.463215873568425 10 35 69 64 
5.244973083367554 -0.6143229786700858 3.4134668037270317 -2.215885662871471 6.407396633768949 -0.222117400774067 1.5677150087827223 70 38 12 41 
5.280059228383336 -0.7267823463511999 3.4063315147333926 -2.2131201840244414 6.416268162206335 -0.30619211895109205 1.5539808712854721 71 39 13 37 
5.311739589160477 -0.8363889898271413 3.389338796802869 -2.2051637484801807 6.421492788802082 -0.39039488306317827 1.5364758896644077 14 38 72 34 
5.168325827098456 -0.34514004428157175 3.403260796140143 -2.2057547768380594 6.378893940852728 -0.05668210738819095 1.5818672407143357 42 73 41 15 
5.2044513797075895 -0.48341107129793887 3.4117975890950816 -2.21352684411826 6.394710379941579 -0.13935210961347103 1.5769371703654977 37 16 40 74 
5.143133956513155 -0.20955815702431252 3.3901330839638177 -2.1923719809175983 6.359636584551773 0.026301699044551208 1.581802653703189 76 40 18 
5.008086078791648 0.533228971544121 3.1661264601591985 -2.077626823039507 6.22037714278863 0.32949486045971094 1.491509539777887 44 21 77 
5.032864183440261 0.350901239306292 3.239749890210471 -2.1095641145679123 6.239327440377558 0.25160409674309553 1.5112574162627626 45 19 43 78 
5.075634096713372 0.15438555743520144 3.3119795631340248 -2.1415615578969573 6.257657171698016 0.17285345276180053 1.5247638409950286 104 75 17 44 
4.99447148744922 1.4700081543293486 2.5723259529447677 -1.9073121024461848 6.10111914144436 0.5807116985974982 1.3057579350316642 82 47 22 
4.990430084896378 1.236784021742705 2.7741034488293392 -1.9511233389726754 6.114787322552335 0.5170216836309376 1.3537728729827045 79 46 109 
5.0612857655252705 2.021795516533856 1.8074916687159226 -1.795965685558445 6.026421386537065 0.6922441519526096 1.0923756202966768 52 113 49 
5.039769570130429 1.8679538834619778 2.1032608260073813 -1.8329023558488142 6.031525838780322 0.6510982456181355 1.160375018558551 145 81 48 
5.117196052722105 2.1874344822241905 0.9721569823506498 -1.7084784781634461 6.016847037315737 0.7509313886923619 0.8635611629208905 54 110 51 
5.09745618968209 2.175342878233175 1.2082159616107482 -1.7336562015741688 6.0183138092089035 0.7412858715508845 0.9425705900083974 50 111 52 
5.0779310250821705 2.1222668677378396 1.499086640265811 -1.7619722719971338 6.022074224955331 0.7224326251179313 1.0196624165369377 112 48 51 
5.157531746874827 2.170395208455143 0.6301060140539897 -1.6750872556328829 6.023655699269462 0.7505838443210092 0.7060319396409321 23 114 54 
5.142262225671915 2.1836357848799413 0.7550831025431366 -1.6886249909589568 6.017469012341602 0.7520681858064547 0.7854096074506204 53 115 50 
5.176481890041062 -2.30196793502448 0.2791260530094876 -1.239696177961345 5.931248922209136 -1.3347159502636636 0.5153253296078589 56 147 24 
5.26294189644774 -2.4259664227603506 0.5010747384771868 -1.2651521858465322 5.932116092041482 -1.3494870026101702 0.5950201731085099 84 146 55 
5.284229634544177 -2.461000949304762 1.4095979370591536 -1.453394039700628 6.001652148717352 -1.345206969429507 0.8220311691449087 85 118 25 1 
5.3071053829896275 -2.282101134098496 1.94823745267019 -1.5961608233502655 6.071012771180807 -1.2951417668708969 0.9558848904262234 2 87 120 26 
5.3690433123334635 -2.062663214181158 2.383384072078741 -1.7447774523303778 6.15138167972328 -1.2108979656526986 1.0818187751278483 90 86 28 27 
5.409926749931677 -1.7684437496246652 2.7836053569626307 -1.9112461367144316 6.2553787766875395 -1.0408494256577274 1.2354491966433825 63 88 61 31 
5.396725841869837 -1.8593993627811567 2.6705854954326966 -1.8626208413106775 6.242383187929347 -1.1109504739099676 1.1953823646633046 60 89 29 4 
5.4047846145009695 -1.532670857425288 3.0099381424742506 -2.018224815197907 6.3501743233030945 -0.9264726581181375 1.3349180927175925 91 30 5 66 
5.419460861884246 -1.663273323365579 2.8994197592913333 -1.963142461420227 6.267354236062408 -0.9707425171273225 1.2719175189660583 91 92 60 30 
5.391510797141603 -1.2440656673688706 3.2273363888929425 -2.1253529123154102 6.396684926236543 -0.708606067280946 1.4333757396585747 93 65 11 36 
5.402101486792769 -1.339973074771341 3.166030268165883 -2.09438235341778 6.381546613985358 -0.7821241002316472 1.401753838560674 94 66 32 64 
5.407350467818057 -1.4340579729050267 3.0964424717318813 -2.059928423515883 6.365408147806461 -0.8543491461867312 1.3687847436296012 62 33 65 95 
5.375594385857627 -0.9482745476149076 3.376377478678486 -2.1882628338396306 6.344518288899961 -0.46769061163673303 1.4743020801418112 34 72 96 68 
5.39611019069417 -1.0557689989734567 3.3377174435367256 -2.170623265254139 6.3393813643312775 -0.5442809284711108 1.4511690557548906 97 69 35 67 
5.41136390691725 -1.1591075263849195 3.290479590084256 -2.14861793715824 6.33055587916664 -0.6188966269739596 1.4254396174156434 98 93 36 68 
5.287620903811004 -0.6026463445403387 3.4361959285686487 -2.211939602711849 6.3333317987178015 -0.23005480429601272 1.5228756691718077 37 74 99 71 
5.320566732199508 -0.7212625661809964 3.426134035107828 -2.209304666251237 6.3409651020115225 -0.30990941832954527 1.51031781240856 100 72 38 70 
5.350173182892293 -0.8367800836806901 3.406113528547578 -2.201384474228818 6.344629888664885 -0.38940808288102857 1.4939301842543342 67 39 71 101 
5.211598432345283 -0.321370371987426 3.4277223100913345 -2.2007710800247064 6.308849998072318 -0.06993275091636893 1.5363162436128714 76 102 74 40 
5.249922177363167 -0.465152647000467 3.4373798267593547 -2.2091765062618953 6.322130400292361 -0.15031371705848806 1.5313606090680933 41 73 103 70 
5.127241046905368 -0.029654005160479724 3.3701300503351246 -2.1689010128221202 6.275713999220016 0.09203940217366435 1.5331506537374553 105 76 18 45 
5.172375660849335 -0.18233618305273902 3.4065998027967344 -2.1879193779830106 6.293109432373983 0.010726108219830445 1.5369496181506161 106 73 42 75 
5.058995112552455 0.585626189073234 3.184992659870623 -2.0709148641697617 6.159532125889652 0.30515451977735353 1.451926639601449 80 140 78 43 
5.104891043076923 0.4052285417124211 3.271909939152015 -2.1011071180778527 6.175049282581802 0.22912815143071835 1.4709819869672507 104 44 77 141 
4.990183892619025 1.0250835591030332 2.920048271348458 -1.9895743206931482 6.129750755545528 0.4491266484894479 1.3944731899307197 107 80 20 47 
5.015722906416324 0.804393494874564 3.061403746201347 -2.0307256975778554 6.144435203477273 0.3782985861662491 1.4267381125698213 108 77 21 79 
5.014306526101877 1.6883667149647215 2.342421068164358 -1.8666277631703663 6.039680175073321 0.603745552926441 1.2218773806562324 49 142 82 22 
5.017940580532477 1.5071800763498042 2.562139657377626 -1.9055991089083473 6.048822848006365 0.5499403314480931 1.2754611015526351 81 143 109 46 
5.152270387962684 2.144630922790133 0.5812614784295976 -1.6583813460635333 5.983065229216629 0.700023266077084 0.6341616588348274 180 114 23 
5.341523963254177 -2.5215524378654726 0.8226312000378454 -1.3198212484186524 5.936265769971671 -1.3510738190599374 0.6735958186547766 119 148 56 
5.3320639093838444 -2.4151270586227898 1.6719011422862653 -1.5178027321546634 6.007008016547768 -1.307948454068537 0.8864144373276334 26 120 150 57 
5.413402418732386 -2.1102852632678184 2.356646084126644 -1.731411830438604 6.087366224978608 -1.179165379269891 1.0650512495585072 87 59 124 151 
5.363249307185939 -2.2108630042750352 2.147499520868017 -1.6584172276950313 6.078772998372187 -1.238661812110889 1.013274831463052 121 58 28 86 
5.4405905512680794 -1.79906502641817 2.7752695309059003 -1.9040136064038649 6.1852298741677645 -1.0131751716537711 1.2115928150173252 92 122 89 60 
5.421616029658354 -1.8916698759960042 2.6543409465217307 -1.8529063362811566 6.175068398565241 -1.0803353862061122 1.1726583331715739 88 123 90 61 
5.397411433277506 -1.9736011407333867 2.5309082141922246 -1.8024172281252475 6.163878440241072 -1.146581828059968 1.129604825962815 124 59 29 89 
5.427192318842356 -1.5573833755424844 3.005307548927132 -2.0123134476777307 6.279311449103652 -0.9011550466296561 1.3056681794604432 95 125 63 62 
5.454392847610423 -1.6927886720725627 2.896071761584597 -1.9570975609127035 6.194666217822365 -0.9461540017703491 1.2467443218827758 63 125 156 88 
5.422887477119896 -1.2618146077368881 3.2333002452893917 -2.1212644823780744 6.3193858902408655 -0.6917213899688662 1.3978093772558362 126 94 64 69 
5.430072285154541 -1.3597899010345327 3.1689265954895105 -2.0901284868526524 6.306073779195362 -0.762548506182387 1.3683891047997205 127 95 65 93 
5.431380559547645 -1.45618473677802 3.0951118540638896 -2.0548427526465276 6.292159312389847 -0.8320312824325986 1.3375902643241293 94 128 91 66 
5.4300210548922125 -0.9526717220757316 3.393080806184405 -2.181677304342923 6.260561938456955 -0.4626789467967489 1.4364288310404407 67 101 129 97 
5.447025891668739 -1.065369198904648 3.3513473419862505 -2.1644777115039466 6.255388049240307 -0.5356890600604451 1.4149722215477705 96 130 98 68 
5.459420108505775 -1.1734120455054011 3.3012781593636533 -2.1427764827417435 6.247370057856224 -0.6071939345231017 1.3911784266501988 126 69 97 131 
5.355644534455566 -0.5864762832757218 3.4634913579643567 -2.203403259768889 6.253380634795112 -0.23597200766795678 1.482208211469254 103 132 100 70 
5.383570890469087 -0.7125053532099475 3.4497969438774483 -2.2015291186438737 6.25945740775024 -0.31239084414444096 1.4703638237591439 133 101 71 99 
5.408647677037225 -0.8349230089704383 3.4261986035718164 -2.194237094761244 6.261649680313574 -0.38815435708360435 1.4548814528228562 134 96 72 100 
5.287007974318575 -0.2902670505104174 3.4599695785741655 -2.1906366846092418 6.23258789181672 -0.08152987938381645 1.4948545526240007 106 135 103 73 
5.32301246536143 -0.4413059774177957 3.4679679772959515 -2.199768507657758 6.243851382803448 -0.15917637447352595 1.4902142285081557 102 136 99 74 
5.153200466134998 0.20743087304559782 3.346891259914946 -2.131475510644596 6.1906344742509205 0.1517652574974318 1.484312313574376 78 137 105 45 
5.202566309347014 0.018298804590153213 3.4032157016587212 -2.1580098514916175 6.205596682253329 0.07411173254494802 1.4922930321773034 138 106 75 104 
5.2474182685643 -0.1421927968587488 3.4391321502072554 -2.1771680783708613 6.219656331172119 -0.003754906008428026 1.4956341650796536 139 102 76 105 
5.079753579709869 1.1013691486435595 2.9473049145823964 -1.9871429062259331 6.069419267923443 0.42522137123172843 1.3608770021301035 108 79 109 171 
5.1224300483686 0.8855928305125748 3.0969069650780163 -2.0241822548299457 6.080286161451131 0.35585786519731055 1.3926540418593387 172 140 80 107 
5.04256208208342 1.297144603509879 2.778927194191178 -1.9499570951134315 6.058865441006105 0.49018446991915177 1.3218497510176992 82 144 107 47 
5.116471044235691 2.183197068493901 0.9606989248233304 -1.7044899698592224 5.966966801953301 0.7094345186933182 0.8557847701291613 115 179 111 50 
5.099378882820897 2.175590050711463 1.194115404293247 -1.7307331159861896 5.968162913512877 0.7013886541435475 0.9304219760906713 175 112 51 110 
5.087774633788869 2.1334384795896213 1.482529660787797 -1.7615729121540888 5.97038333693979 0.6840074601627782 1.0036107713636087 176 113 52 111 
5.086326105542698 2.050560116084671 1.7915636743122163 -1.7988199798053863 5.973603092268466 0.6572078395953447 1.07314692422671 173 145 48 112 
5.149241750162843 2.1529932259785913 0.6225512157626343 -1.664513752736986 5.972826289641606 0.7055371599723825 0.7069746571948772 83 177 115 53 
5.136976810408153 2.1721868751196527 0.7463008338680183 -1.681488184592469 5.9676293172726265 0.7096073724919988 0.7811429845828197 178 110 54 114 
5.401845392341646 -2.3134589603209994 0.06507202411835389 -1.2002223538604595 5.8856712507286755 -1.2820056775487618 0.46013535875611256 147 207 117 24 
5.389673395589644 -2.273697505555906 0.008009297727735178 -1.1917603837375146 5.8943579905839645 -1.2474432283187507 0.39467668270191314 208 0 116 
5.416215936632344 -2.5307927718082106 1.3756716779808273 -1.44213288635479 5.94399272040446 -1.313733771536093 0.8182606339448746 119 57 150 181 
5.376463268656145 -2.543448250547492 1.1594949386682905 -1.394215443984171 5.94053309567255 -1.338308308132987 0.7485576904850775 182 84 25 118 
5.399001357636471 -2.348230081024876 1.9220721231717488 -1.5850626109615369 6.01134690449301 -1.2618059669791053 0.9468418987388272 121 149 85 58 
5.4521175809586495 -2.2693757965175285 2.1278021253012795 -1.647384848059857 6.015193795482121 -1.209218146901927 1.002280090606284 120 87 151 184 
5.495964115685903 -1.8340814863369543 2.773532284473507 -1.8977518455109363 6.110670122096103 -0.9897787719840744 1.1909653138969705 156 152 123 88 
5.4770423328315525 -1.9321927836748003 2.6466225692164995 -1.8446664531871957 6.103375924787025 -1.0539683648434919 1.1532603682932774 153 124 89 122 
5.450934821593716 -2.0210879298377438 2.513230071304236 -1.7909149601891863 6.095724545102999 -1.1174570976596367 1.1114623139206912 154 86 90 123 
5.464509095696401 -1.5847062639458396 3.005082006573127 -2.006603081100377 6.20426074187265 -0.8793325345758861 1.279086340760029 128 155 92 91 
5.467871059419436 -1.2789600637865624 3.242015085699312 -2.1160180581351296 6.237611304458802 -0.6772315596495557 1.36555944646376 98 157 127 93 
5.471884050633362 -1.379914479643714 3.1751326893664698 -2.085175055115152 6.226307213568887 -0.7455514360266935 1.3382120360239231 94 126 158 128 
5.470613040504284 -1.4800255203925476 3.098081899603753 -2.049569777440843 6.214759731839942 -0.8126686549909566 1.3093740380215915 125 95 127 159 
5.501285790572482 -0.9550511722692531 3.409662212597346 -2.1727772546733695 6.170850090925889 -0.45830149402407 1.403441705379017 134 162 130 96 
5.514339761977918 -1.073225155796033 3.3653715189564823 -2.1564031299069497 6.166161126560987 -0.5284730589004623 1.3835622985295428 129 192 131 97 
5.5235018712328765 -1.186324145093531 3.3128523351610615 -2.135358889250984 6.159337822348224 -0.5974612854062936 1.3615267874065187 98 130 193 157 
5.4426985299324375 -0.5690926283850726 3.4885214759344425 -2.1914834167777957 6.167067900096143 -0.24031429062213852 1.4467778298800456 136 165 133 99 
5.464827069078328 -0.701783892286816 3.4720117340097176 -2.190651769082967 6.171481044788566 -0.3139589312520575 1.4354260154080358 160 134 100 132 
5.484594216052714 -0.830930589135114 3.445540591874492 -2.1843629483660516 6.172415557394434 -0.3867609828762082 1.4207457741920355 133 161 129 101 
5.385758771104824 -0.2583253808161236 3.4902757334308943 -2.176820038294019 6.150311042867127 -0.09100649118913677 1.4589921530403855 136 102 139 163 
5.416152139894111 -0.41643155555936356 3.4957574489155183 -2.186797509567586 6.159460283586645 -0.16605210888712837 1.4545415399445156 164 132 103 135 
5.2685634985979934 0.26594253104457183 3.385762519325974 -2.1173668723283243 6.1165735919638315 0.13487275468987134 1.4489708093477265 141 170 138 104 
5.312653737962194 0.06872811521900016 3.439011987993429 -2.1430762158665932 6.128580288173184 0.05950156753215215 1.4566299195832968 137 166 139 105 
5.351650065734862 -0.10125927444687685 3.472031996444063 -2.162569672271013 6.139856706727565 -0.015811279696536958 1.4597829456729543 106 138 167 135 
5.1722188198756 0.6623800651888085 3.2232539716022646 -2.060395071536996 6.091994065653015 0.2840561904023796 1.41755112662386 77 108 168 141 
5.221386555114264 0.47131545353677373 3.3121067939647175 -2.088741766345464 6.1041675735089225 0.21005783693443114 1.4361038630948477 169 137 78 140 
5.123743569477718 1.785215533945421 2.355343479009783 -1.8792253677653035 5.9826544968847575 0.5767845370828085 1.1974818060756038 145 204 143 81 
5.157029061183732 1.6154857093912245 2.588854770610686 -1.9145130629895637 5.988829855027422 0.5253838377201276 1.250290407054984 82 142 205 144 
5.198054509090592 1.4050939913706175 2.8135666517593405 -1.9524346874160179 5.995504203130663 0.4678200920359352 1.295945794363946 206 171 109 143 
5.097633523089708 1.9280003545236561 2.095488567485158 -1.8411009821011848 5.977364653700833 0.6209669948157421 1.138073058044721 174 142 49 113 
5.485258148990608 -2.5078170334736907 0.4626744955779558 -1.2537249345397392 5.880082807887921 -1.3245674199108601 0.6021409696880743 56 148 209 147 
5.439637453152879 -2.404555671999885 0.21304322089574626 -1.220577299375 5.881120642539383 -1.3088036007780388 0.5294470393478756 146 210 116 55 
5.534319905991371 -2.5849964418951523 0.7838966079351914 -1.3093656728215597 5.880653646588149 -1.3271636839766892 0.6754841646657233 182 239 146 84 
5.519172043818171 -2.405580836240096 1.9010090911809978 -1.5741580069866623 5.946788403060715 -1.2357934306403893 0.9415551650479442 120 184 211 150 
5.465009625790135 -2.4821690868474957 1.6449657722656297 -1.5059764650599303 5.9455852104172 -1.2786908391392924 0.8825493017004064 212 118 85 149 
5.497822320319617 -2.164197812764051 2.339241434958962 -1.7198182294148532 6.019536158900413 -1.15261561192429 1.052483860690713 154 183 121 86 
5.574478025938611 -1.8656144470514373 2.776738217747459 -1.8924762831224364 6.032569656337715 -0.9713267229238877 1.1746505267951557 153 122 188 215 
5.557410162711851 -1.9690431731292584 2.6460802082904085 -1.838287209866546 6.028227091581912 -1.0328360390453541 1.1381003129423 185 154 123 152 
5.533052727896326 -2.066417197142184 2.5044940993596927 -1.7817537092759597 6.023993135378883 -1.093542737894251 1.0975754776677302 186 151 124 153 
5.521459699486184 -1.6129108715139429 3.0087368083900756 -2.000775158642846 6.125230580698803 -0.8611994623029792 1.256179198713135 156 125 159 187 
5.510464616904484 -1.724540665371372 2.8974122439724086 -1.9513265232990367 6.117809521265585 -0.9256066380329039 1.2249869340738635 155 188 122 92 
5.529042596630184 -1.2950231350895236 3.252043052838392 -2.1094943688509984 6.1513122430524945 -0.6651508193078823 1.3377282691725354 131 189 158 126 
5.530887531243954 -1.3994663614437208 3.1834560633341007 -2.079254598084634 6.142262528763508 -0.731397507570112 1.312210762964975 190 159 127 157 
5.52837766634884 -1.5039301493585198 3.1041177959279214 -2.043736392942621 6.133306103667674 -0.7965852398766723 1.285077788304962 191 155 128 158 
5.5633863379576685 -0.6906838262592065 3.489702197021386 -2.1779130598327945 6.077012285695721 -0.3150287590862146 1.4071047024393826 133 165 225 161 
5.577764679886024 -0.8256499132442253 3.4614310025743604 -2.172855802344338 6.077066085587837 -0.3855512458358322 1.3931915106240766 226 162 134 160 
5.589780548477337 -0.9557774078521563 3.423671147046146 -2.162468273501194 6.075416507366709 -0.45485956711518316 1.376910249097001 129 161 222 192 
5.50497051865703 -0.22932878361489906 3.514181740652543 -2.161112429539314 6.062146827528574 -0.09800073852644957 1.4302242748081115 167 194 164 135 
5.527726297514912 -0.39345787308827196 3.517249447533693 -2.171794137382521 6.0688733481789585 -0.1710585122407069 1.4257830566173213 195 165 136 163 
5.547304239372379 -0.5528136539871259 3.5079463607226473 -2.17756117685873 6.074222411295633 -0.24347345497738743 1.41806498642061 196 160 132 164 
5.449264845188252 0.11342413899115526 3.4691537655703715 -2.1268525129181852 6.045681039232538 0.04881382722055598 1.4280752800283012 197 167 138 170 
5.4791742060489605 -0.06478982858362572 3.4988077292815603 -2.146370427423652 6.054226657074779 -0.024679639848858598 1.431080145582508 198 163 139 166 
5.333806457774655 0.73890539509505 3.2636766532738264 -2.048997115697836 6.018743798760198 0.26764251782348836 1.390184478174902 172 199 169 140 
5.375560210555413 0.5343426756707743 3.349702852252467 -2.07514305808031 6.027612487708847 0.19550871890069532 1.4082945532983544 170 141 168 200 
5.41436818988967 0.31907062448615064 3.4197155720146375 -2.1020834955553536 6.0366891337715 0.12232815031182775 1.420696910235133 201 166 137 169 
5.24373228980893 1.197287057949965 2.9898192212017523 -1.9850222447669748 6.002730230703273 0.40507874912440506 1.3343464719505849 144 202 172 107 
5.288605167418865 0.9730257042263992 3.1397790438669264 -2.016990513572432 6.010379380696105 0.33783356594235303 1.365689947641152 203 168 108 171 
5.340853798777319 2.20998611602919 1.8068927744526215 -1.8344529038693937 5.913496902557937 0.6333062206279686 1.0598817022562346 174 113 176 230 
5.361582128226785 2.08077420355622 2.118691993193147 -1.8669156473666246 5.916139913315742 0.5998461417566833 1.123039479529052 231 204 145 173 
5.321508879483633 2.3338861703411946 1.1869430188319632 -1.7810348251081805 5.908857106362661 0.6733399105448721 0.9219460771853896 179 232 176 111 
5.327475018064391 2.2949319849864542 1.487361502346283 -1.805950566907492 5.910891332682147 0.6577786930936108 0.9924809811707946 175 233 173 112 
5.321631783696106 2.2894535704383094 0.5951763690331077 -1.7209571456539123 5.909852736877561 0.6727075113731348 0.7058200527567571 178 114 180 234 
5.3213919712118445 2.313611533754576 0.7181050505076257 -1.736703068245474 5.907378025235033 0.6794119439650586 0.7777265995566257 235 179 115 177 
5.320085893510362 2.3347056681468485 0.9409938757841955 -1.7581739944685317 5.907449478101706 0.6801957660107416 0.8499882293620958 236 175 110 178 
5.320234955484722 2.282412676171881 0.5705495848873312 -1.7164755882817282 5.915782253635205 0.6619644398980778 0.6346645895223086 83 237 177 
5.618116295790467 -2.590566957368631 1.3479961269936422 -1.42960761386683 5.881852281065051 -1.2936721153258595 0.8167364982739932 118 212 242 182 
5.584598192069581 -2.609094857401519 1.110134472662641 -1.3775917583927 5.881669649686636 -1.3164610409985298 0.7477539715450644 238 148 119 181 
5.605025476947094 -2.2060609736500374 2.3308821838978306 -1.7117919636095715 5.948247862107897 -1.1327757862289871 1.0442344133493728 184 151 186 213 
5.565674897351598 -2.316883686310019 2.116848045750337 -1.6389724019158192 5.947415723473472 -1.1865888412413756 0.9953104935305188 214 149 121 183 
5.65614630872268 -1.9953890938645902 2.6488590613905485 -1.8334703147802442 5.950408998845148 -1.017949774658647 1.1277392865788516 186 153 215 245 
5.635226415439523 -2.100213499022895 2.5019406903525363 -1.7753171716542584 5.949283605731843 -1.076223268352433 1.0882221466094109 216 183 154 185 
5.598434786548276 -1.63825335670969 3.0136164466239688 -1.9944671752632772 6.042365660036741 -0.8469987031738838 1.2379737537959818 191 218 188 155 
5.587837190084707 -1.7532401856384217 2.901348526397546 -1.9456137316579938 6.037225673273885 -0.9094537506135442 1.20771295905482 219 152 156 187 
5.608101886217511 -1.3089731551253767 3.2612497235167983 -2.1019184825777053 6.0605252779748096 -0.6556833525714155 1.3156121765251083 157 193 220 190 
5.608455744358208 -1.416610499867783 3.1915709215501273 -2.0723731140758943 6.053989407426258 -0.720358714853147 1.2915591334508474 221 191 158 189 
5.605394450601699 -1.5251056785880075 3.1106258146959083 -2.0371404055286364 6.0478384114309875 -0.7840461519328304 1.2657625751043915 217 187 159 190 
5.598962484256659 -1.0792923631327687 3.3774979067848867 -2.1470935970872658 6.071605684040161 -0.5228866270961264 1.3583819035036389 223 193 130 162 
5.605007895286506 -1.197346752613305 3.323055454812311 -2.1268342854914475 6.066418337782222 -0.589857686991991 1.337871820914089 192 224 189 131 
5.640233318981501 -0.20670788002695595 3.5274923252889465 -2.1450582117110826 5.96878172865627 -0.10237030494061164 1.4101960121329062 198 256 195 163 
5.654316946677756 -0.375161426572526 3.5287914505247873 -2.1561684606473226 5.972704617541896 -0.17423471304913524 1.4056634205420706 257 196 164 194 
5.666304246300495 -0.5397870577965058 3.518214088994479 -2.1628845902454685 5.975563600765291 -0.24554330461106516 1.3979402996190788 258 225 165 195 
5.605585470561909 0.1469504449956602 3.487838787389013 -2.1112279229257696 5.958408546404163 0.04208819621566858 1.4083958225369873 166 201 259 198 
5.624214930580887 -0.0368984758738094 3.5144831191559915 -2.1302829912542145 5.963834205677526 -0.030192370760794902 1.4112099728716985 260 194 167 197 
5.531746328505556 0.7984955379787482 3.2937979950873992 -2.0384570796339565 5.9413369164733165 0.2566055935847159 1.3713881768653575 203 261 200 168 
5.558705766174969 0.5828761168832706 3.375882880668841 -2.06232571254535 5.946931748449934 0.18593815744760042 1.38916038878871 262 201 169 199 
5.583564461051697 0.35921182067103086 3.4420264518447854 -2.0875965018801335 5.9527058293911965 0.11423600824974618 1.4012576265989747 263 197 170 200 
5.473017619673301 1.2792072176089406 3.029126257488736 -1.9824961894480373 5.9312843629366245 0.3911311696437476 1.316294169941647 264 203 171 206 
5.502356952068249 1.0428772166242335 3.174690742047237 -2.010072617205157 5.936085899587393 0.3254080745435846 1.3472542065880104 265 199 172 202 
5.388163793950948 1.9241332259918513 2.386353820065768 -1.896342455714068 5.919272088463451 0.5579943483460084 1.181088766416812 174 227 205 142 
5.415165477283556 1.7342168389754076 2.628177371661622 -1.9240748541826194 5.92292348622518 0.5085218738835683 1.2330866036082457 204 228 206 143 
5.443224583968931 1.507022498436282 2.8526384653903896 -1.9547621692566468 5.926859041488719 0.4524787835716788 1.2782725050034893 229 202 144 205 
5.786487801120848 -2.3525674292290772 0.05316938199931626 -1.1576816539161812 5.827358976890846 -1.2720602855573928 0.472403440736554 116 210 301 208 
5.787471043540326 -2.3415523570831134 0.03538000932413665 -1.1539414990654389 5.828410412715311 -1.235781908655955 0.4126259486985449 302 117 207 
5.799131232772837 -2.5381256553544405 0.4589498051044929 -1.232935070295493 5.82404471444468 -1.3153603935070417 0.6077613748854364 210 146 239 303 
5.788986736905819 -2.439581182395665 0.20667722209480724 -1.1884662034818874 5.825641040848221 -1.2995040663138444 0.5380187076931087 147 209 304 207 
5.67822700930723 -2.4469861584448034 1.8906654065310695 -1.5674817803123247 5.879067481135509 -1.2196278553528388 0.9393773967697507 214 240 212 149 
5.647330755045291 -2.533121158307233 1.6294161764798885 -1.4971570004168082 5.880645857324875 -1.2605908934858672 0.8807691082365459 150 211 241 181 
5.734142678399745 -2.230893048728044 2.3291752855741086 -1.707729354212063 5.874715326945709 -1.1210550284382086 1.040473206429564 216 266 214 183 
5.707913923881086 -2.3477551915089574 2.1148404859777 -1.6350486432545468 5.876970142929374 -1.1726394422490691 0.9924190697836812 243 211 184 213 
5.670487441756656 -1.887878797630621 2.78084198677079 -1.887691996385449 5.951774816905175 -0.9584864452177627 1.163456586889983 152 219 244 185 
5.7544982802231734 -2.1183837305902187 2.502243845612278 -1.7713430790437281 5.872599125160104 -1.0664631904485988 1.0837295889692435 245 269 213 186 
5.698072038445892 -1.540310222130012 3.113915953321288 -2.0295996647723937 5.958700101420164 -0.7754619102357302 1.2525040074969638 191 221 246 218 
5.691472828813547 -1.6567904684845534 3.016008305582003 -1.9873769259873408 5.956110065290416 -0.8371892559171855 1.2254457158963958 217 247 219 187 
5.68191819011267 -1.7741083075789974 2.904006328822542 -1.9395035834321168 5.953639672325517 -0.8982306562417304 1.1958516619326751 248 215 188 218 
5.702262787750591 -1.3187718830086357 3.266011302917385 -2.0933174919396778 5.965581318590823 -0.6492609135907399 1.3005232522865497 221 189 224 249 
5.701428654226282 -1.4286872161733943 3.1958628472098547 -2.0644804943006565 5.961830633599314 -0.7128515047101913 1.2774473779358444 250 217 190 220 
5.6928333010155505 -0.9548204990684994 3.4313061222748678 -2.1512312879237463 5.974819769515355 -0.4526252262505051 1.3585882199857555 226 251 223 162 
5.698282226114644 -1.082752485630216 3.3839798107428107 -2.1368317362256377 5.972194840656317 -0.5191933129252967 1.3410898888427947 252 224 192 222 
5.701334304917163 -1.2050695053207785 3.328200058317051 -2.1173221607034374 5.969003620741923 -0.5847242738532828 1.3217102509041272 220 193 223 253 
5.676209351694728 -0.6807046193336709 3.4992248321698503 -2.1643516717094156 5.97673388475165 -0.31577856314598474 1.387297391341642 196 254 226 160 
5.685316264243412 -0.8198292318628752 3.4701336152732902 -2.1604874508614023 5.976245601129732 -0.38479052219141796 1.374051418207626 255 222 161 225 
5.696320506474784 1.9984150655056152 2.396378920943538 -1.9022831526297435 5.852070969718647 0.5491423298291658 1.1735322731344244 204 231 290 228 
5.706388303132132 1.7943031183433145 2.644297748781362 -1.9256333272211694 5.853667606350103 0.5005421618257224 1.2250079392302153 291 229 205 227 
5.716349953532251 1.5582174195915857 2.868509277203109 -1.9524563073536154 5.855401455778882 0.4451824843183339 1.2698276804277644 292 264 206 228 
5.680558990072325 2.3058079053564855 1.8090975467612407 -1.8526787964256637 5.849133381760128 0.6223357134550399 1.053388610683976 231 173 233 293 
5.687129091404132 2.165969109609056 2.125902641154825 -1.8784232417910571 5.850648004543904 0.5900107533303597 1.1159821238369174 174 230 294 227 
5.676414200272052 2.446234707065125 1.1733452492665797 -1.8136676975831048 5.845280573356631 0.6603427121828458 0.9170687524999244 295 233 175 236 
5.6766901255492135 2.4002693494349527 1.482565959977994 -1.8316854998325207 5.847270066059996 0.6457543260784775 0.986687729642263 176 232 296 230 
5.694059074895009 2.4083056254786888 0.5217859379570335 -1.7684442676040288 5.839960755930856 0.6566373888819109 0.7031685803477143 237 297 235 177 
5.68630968505494 2.433791682793211 0.6727283807958166 -1.7811577462049952 5.841452827194098 0.6648244044647965 0.7745367022908407 298 236 178 234 
5.6794360417902645 2.4522397311415003 0.9116482083201963 -1.7967636314444129 5.843263407792582 0.666422987314741 0.845995969889952 235 299 232 179 
5.697178300164997 2.3996687339788823 0.4837414004401041 -1.7638111056138954 5.839533470634488 0.6433605130481577 0.6323137633689722 300 234 180 
5.831777292169191 -2.63012697633229 1.0852494989387558 -1.3663390199508743 5.820530587079121 -1.3081228512928251 0.7496363032897275 242 305 239 182 
5.814680322066782 -2.6085840587794906 0.7667202690322874 -1.2947153402481322 5.822417616592844 -1.318160180497323 0.678879930115349 306 209 148 238 
5.860462528187671 -2.457501482329662 1.887390876765623 -1.5646842075394918 5.809716321475557 -1.2146962241562147 0.9401942885177192 307 241 211 243 
5.85203148138382 -2.547621783729885 1.625590528271885 -1.4940763799661698 5.814013606190338 -1.2545718841183444 0.8815144420275024 308 242 212 240 
5.843292730301121 -2.60877898039775 1.337081296179443 -1.4235883752797405 5.817759734630954 -1.2864026753796804 0.8177015057808318 309 238 181 241 
5.869413207352601 -2.352119837982276 2.1158109717288087 -1.633321723954525 5.80498998346541 -1.1688080614573022 0.9932107238211255 240 214 266 311 
5.778272524675308 -1.8976039527918327 2.7825984019566747 -1.8832138707983204 5.869259474986926 -0.9516500439451341 1.1580439876819968 248 267 245 215 
5.768671952676616 -2.0076625064813705 2.6514526870263544 -1.8298258126479396 5.870788288634465 -1.0098250499791228 1.1227106898922061 268 216 185 244 
5.799984290706947 -1.5467769734069068 3.111516550063207 -2.0215359595594276 5.866897647254976 -0.7712870855232417 1.2462022657076977 250 270 247 217 
5.794259986068247 -1.6656457666227615 3.0133716211504873 -1.9798333118727713 5.8674635123382695 -0.8322547339426731 1.2194243041843127 218 246 271 248 
5.786531113492841 -1.7840735420784546 2.902629434548272 -1.933152682804199 5.868092005717758 -0.8924071017970681 1.1901391703262612 272 244 219 247 
5.80506960360742 -1.3223660988262624 3.2633504275882323 -2.0839397731509046 5.867316082530512 -0.6464690832779609 1.2934348178413857 253 273 250 220 
5.80328830031589 -1.4332018350805988 3.193634455884443 -2.0559218872265568 5.866699707358358 -0.7093756381840681 1.2708055280436656 274 246 221 249 
5.804149216227368 -0.952151360570622 3.4291963044720104 -2.1395927857374106 5.870192440273774 -0.4518104425054626 1.3499394464050827 222 255 275 252 
5.805940505043627 -1.0827994438778952 3.381427281830809 -2.1259106895560764 5.868926161328892 -0.5177405443449266 1.3329875514187177 276 253 223 251 
5.80610853203544 -1.208043793155454 3.325035513235313 -2.107019173983107 5.868001023798435 -0.5825847718608901 1.314147889227287 277 249 224 252 
5.79714549755979 -0.6732734294199821 3.4976752787226055 -2.1511712492991006 5.872318050069238 -0.31613825656333905 1.3777538829174847 258 278 255 225 
5.801042762457473 -0.8142048784919522 3.46845702847646 -2.1481022860071484 5.8713149560780895 -0.3845600219729216 1.3649305079972947 279 251 226 254 
5.784235249914743 -0.1934177948822029 3.5269968841913006 -2.1300306116554553 5.871807612986294 -0.10409372677498765 1.400416021899666 260 280 257 194 
5.789333885740017 -0.36401616790908875 3.5275946152751803 -2.1414609475926816 5.872627170690095 -0.17551417250191767 1.395839712181106 281 258 195 256 
5.793462415008598 -0.5320491650626509 3.5166093032477423 -2.148922823225421 5.872879055835739 -0.2463939479533922 1.3881631269273451 196 257 282 254 
5.772055420131573 0.16526108151840033 3.490196178489271 -2.0967899720914493 5.868479256459434 0.03934605827216086 1.3988372759951226 263 283 260 197 
5.778501951108334 -0.02101258085361817 3.5151286008111633 -2.1153022340960645 5.870398356750201 -0.03236474175663774 1.4015417267607906 284 256 198 259 
5.746099111016325 0.8304522409882106 3.3030477732114125 -2.0282706923350355 5.861760919519827 0.25135270720089753 1.3622291566869686 199 265 285 262 
5.755629079118748 0.6096762045873412 3.3826164814311115 -2.050361449783848 5.864078791262633 0.18155472749461843 1.3798347003813052 263 200 261 286 
5.764458920395723 0.3812434207140473 3.4464838495791024 -2.074182643290686 5.866410827398925 0.1107427094658753 1.3918059088026484 259 201 262 287 
5.726375093607269 1.3203485531054178 3.044875603968229 -1.977382936372433 5.8573466668186285 0.3844235606676575 1.3075772700425905 229 288 265 202 
5.736036233854376 1.0794661287416245 3.1869579490100723 -2.0022475919546356 5.859538622285271 0.3194142294358156 1.338279201892021 289 261 203 264 
5.877845955293013 -2.232320376451772 2.328521323965624 -1.70522771870813 5.80006039276871 -1.1183161562366748 1.0411214921640788 310 243 213 269 
5.891422594148867 -1.8929771057476554 2.780549764161956 -1.879464966451113 5.786188084647866 -0.9509501647004468 1.1588452109808685 272 312 268 244 
5.888760049756312 -2.0032886189741936 2.6512012639891607 -1.8269558477769936 5.7905328909971825 -1.008577507114878 1.1234165008266364 313 269 245 267 
5.884510193672308 -2.1169101087133604 2.5012144572540436 -1.7683632289657218 5.79511754731155 -1.0645821654386176 1.0843549169293047 314 266 216 268 
5.904358294532822 -1.543109149127323 3.103157166495762 -2.014060123849911 5.773948668078988 -0.7719412212187811 1.2473834930283954 271 246 274 315 
5.90013799519006 -1.6633516121924328 3.0053778169913232 -1.972920511631842 5.777899137315355 -0.8325046342921234 1.2204548116572598 316 272 247 270 
5.895126014543093 -1.7816883591982335 2.8964497394533013 -1.9274170884647712 5.781862088414749 -0.8921915723814173 1.191064730185701 271 317 267 248 
5.909594593855497 -1.3189322003893857 3.2527585426958034 -2.0748663310135607 5.767069505536158 -0.6478918102397679 1.2948822175369696 277 318 274 249 
5.9071834762079405 -1.4289608514223553 3.184522735837973 -2.0477846388720926 5.770050872385369 -0.7104366562138689 1.2721448684184606 273 319 270 250 
5.9164697594449995 -0.9483378485546408 3.4166379057724057 -2.1288585136631215 5.7631338659939475 -0.4527401030650188 1.3518315844640776 279 320 276 251 
5.914820397118156 -1.0795046386318978 3.3691339633321693 -2.1155098182483254 5.763302771425301 -0.5189764157500361 1.334790981732041 321 277 252 275 
5.9123316527596845 -1.2058398224379416 3.312932800117468 -2.0970230474678333 5.764805784372294 -0.5840313181105434 1.3157694115494056 276 322 273 253 
5.918769967308854 -0.6697455938164911 3.4844918533176177 -2.1399042452439287 5.765990271215369 -0.3161923920579136 1.3795798228362937 323 279 254 282 
5.917605772571164 -0.8097887798959129 3.455740598799576 -2.137116324346175 5.764197861200409 -0.3850276045672086 1.3668323422304063 324 275 255 278 
5.928754344760894 -0.1913849981454734 3.512181508527286 -2.1175869865162946 5.773402886285307 -0.1031961409657752 1.40178808032658 284 325 281 256 
5.92490676854237 -0.3618183200917961 3.513262140600699 -2.129371513630301 5.770968861637815 -0.1748563765033199 1.397368508034614 257 280 326 282 
5.921161595275447 -0.5311920426214024 3.5026865511674496 -2.1373309572527517 5.76842190560048 -0.24608487861874281 1.389846708924099 281 327 278 258 
5.939084436122671 0.16631221383162664 3.474648314795609 -2.0840528527463045 5.77771945851763 0.04048537888735205 1.3999201144802722 287 328 284 259 
5.933338700572021 -0.019216869192058245 3.4998681831660767 -2.1026001732922754 5.775835187603265 -0.031292795035790216 1.4027527691038135 260 283 329 280 
5.959842859542672 0.831797947387474 3.287060708078733 -2.0168170027796486 5.781819468816023 0.25215246557309956 1.3631276092504527 286 261 289 330 
5.952700623352699 0.6120667975074714 3.366383621890369 -2.0381914677766595 5.7807913612759645 0.18246167376987724 1.380764834838319 285 331 287 262 
5.945855490258312 0.38286185558909186 3.4305670164662034 -2.0615668733802583 5.7794108738676675 0.11182091907639008 1.392788105684686 332 283 263 286 
5.975651168422792 1.3158392996167874 3.0314345671676657 -1.9675488044474214 5.783131604313944 0.38517342990121506 1.3084593820645796 292 333 289 264 
5.967818692922125 1.0791337473896832 3.1715089574663655 -1.9916493469237628 5.782698121056081 0.3202053789110612 1.3391436991551648 265 288 334 285 
5.987588962345521 1.9920112522454847 2.3845134718374927 -1.8936682758143295 5.783756140616461 0.5499263734186164 1.1743460040691387 294 363 291 227 
5.985020117466636 1.7871382788096413 2.632985435714321 -1.9165901803184906 5.783576496059732 0.501244353994931 1.225954406085092 228 290 335 292 
5.98171413301911 1.5528513005689084 2.8554074797845868 -1.9429114102880938 5.7834320869861635 0.4458937968641638 1.2707484650447443 288 229 291 336 
5.99873314341578 2.2977780018067926 1.7988839127802332 -1.8454698787928603 5.783658188720127 0.623395897127401 1.0534426838143534 294 230 296 364 
5.9923594206940605 2.157860608704026 2.116746400715938 -1.8705834254289035 5.783943309380585 0.5909332721500691 1.1164692531732792 293 365 290 231 
6.015547362535273 2.436235742936791 1.15530952014727 -1.8079330334001606 5.780920391350994 0.6617586385853447 0.9158216654000008 299 366 296 232 
6.006482324622636 2.392206643781122 1.4684703028035329 -1.825267380684673 5.782746493123848 0.6469881392036954 0.9861301055908286 367 293 233 295 
6.052658778548601 2.3769001556777134 0.4636554478531311 -1.7615706938809024 5.768985305045286 0.6587711906579194 0.6995914087288988 234 300 368 298 
6.0395227483132015 2.413307046721777 0.6371020944680943 -1.775753312610173 5.774562783355827 0.6665701322576023 0.7716285400718912 297 369 299 235 
6.026242704280027 2.438490320154982 0.8851578040883037 -1.791272858961707 5.778249026012744 0.6679961643261404 0.8439323788096247 370 295 236 298 
6.0593159481636985 2.3615828617394716 0.41175783261981475 -1.7552172224815072 5.761728650925353 0.6461393514985033 0.6283767450731765 237 371 297 
6.095776648872985 -2.3014208455403913 0.09014447848010658 -1.1351892896234266 5.768846046281785 -1.279034228282596 0.47542558536321944 207 304 372 302 
6.102073856218411 -2.2512669106389747 0.029117540868323927 -1.1147390841931208 5.762867881456689 -1.2451665019649072 0.4153491415460083 373 208 301 
6.077793639279715 -2.4988406201732043 0.4835577701793013 -1.2236869176696863 5.76802819001363 -1.3212187005615421 0.611521106820241 306 374 304 209 
6.083190792323608 -2.4000433916017845 0.24633059881530286 -1.1741424552164905 5.769892373590506 -1.3056779582108204 0.5414855809246187 210 303 375 301 
6.072359313143299 -2.5931613722162177 1.08467503270201 -1.3590996522686971 5.759805018831854 -1.314149218236078 0.7533009594155964 309 340 306 238 
6.076213449313399 -2.569101622338572 0.7732952631575154 -1.2868517511750912 5.764559393651644 -1.323956299456393 0.6827166613993239 376 303 239 305 
6.040384327192432 -2.4283065752538366 1.884571148131297 -1.5601252712132687 5.740350943594002 -1.2213978939044439 0.94424275579269 240 311 337 308 
6.05263125353875 -2.514722054275804 1.6278161956536095 -1.4899181438688152 5.747495545685927 -1.2611611041860145 0.8852804098059874 241 307 338 309 
6.06388653024609 -2.5737903932563655 1.339631863602877 -1.4180980727087058 5.7539837600276025 -1.292763551345657 0.8212712780537559 339 305 242 308 
6.020431763987996 -2.2079958043999777 2.3240669108213194 -1.701722341358722 5.725394686130272 -1.1247465671796506 1.0462103719617122 311 266 314 341 
6.029655035477143 -2.3248754435288785 2.113092984316031 -1.6296023846068393 5.73288681044955 -1.1754258153170203 0.9977413018185508 310 342 307 243 
6.001555083948501 -1.8740750977166027 2.774295760115018 -1.876573712564754 5.7038072078271576 -0.9563182303648894 1.1658816319307408 267 317 343 313 
6.006367342543256 -1.9821256089393984 2.6467037211431332 -1.8245055594470443 5.710912044480798 -1.0141926730520203 1.12985391110983 344 314 268 312 
6.012848415262137 -2.0950724561986007 2.495797851378449 -1.7651158338448407 5.718007816618228 -1.0706442555081557 1.0900988181747515 269 313 345 310 
6.004484989929401 -1.5295785134716608 3.089721391943661 -2.0079727817877515 5.681397984217375 -0.7776714727795292 1.2560744926710683 346 316 270 319 
6.002164310099555 -1.6500970729999471 2.992547223782579 -1.9671720889889142 5.68890672250356 -0.838005629650284 1.2285829661983794 347 317 271 315 
6.000274840900119 -1.7670944051152726 2.885613776119744 -1.9226350215190635 5.696296958180632 -0.8975255692883081 1.1986774120841923 272 316 348 312 
6.009251702985205 -1.3091623250251254 3.235632186571686 -2.067383489979087 5.666686618383354 -0.6538201058716944 1.3050801718658618 322 349 319 273 
6.006495600038223 -1.4164110076417094 3.169712986812709 -2.0411404653151815 5.673560574388665 -0.7163552133171626 1.2815576842294387 315 274 318 350 
6.022950028386073 -0.944399249958549 3.395335420849348 -2.1204724933248436 5.655835219116652 -0.45568036051579924 1.3646040748615043 324 351 321 275 
6.018239646811895 -1.0738311842103017 3.348808409620645 -2.1071566266990667 5.6574217923265016 -0.5232209933626711 1.3468048351502862 276 320 352 322 
6.013405069917879 -1.1993237362937057 3.293471270722268 -2.0887831164197768 5.661371048865041 -0.5893940220294391 1.3268321678189898 318 277 321 353 
6.033902310800859 -0.6710980113727238 3.4611827334039553 -2.1316156316555683 5.66015640559548 -0.31611505130255896 1.392965268059599 327 354 324 278 
6.027987726481718 -0.8076368541430402 3.4335952006730945 -2.1287944386417816 5.6571462712804 -0.38648547810930434 1.380025460986583 355 320 279 323 
6.066331407315569 -0.20139081360011474 3.4847561558845723 -2.1087895537402375 5.676199619130242 -0.09976223806422 1.4143559963706138 356 326 280 329 
6.053620641665698 -0.36942251346293137 3.4873735371746393 -2.120897841754055 5.6703734451889405 -0.17234210601092717 1.410337099155363 325 357 327 281 
6.0420753699842615 -0.5380848271279493 3.4779315225736194 -2.129080519508671 5.664730894707306 -0.2446969998538312 1.403139930599658 358 323 282 326 
6.098648836806602 0.14969772090000558 3.4428465719754913 -2.073852219090108 5.6880824750666195 0.045304722775557 1.4116420266269634 332 359 329 283 
6.081112668722905 -0.03217512864293207 3.4704591477195743 -2.0932223324101242 5.682300309045385 -0.027140598339686035 1.4148788256292044 328 360 325 284 
6.161470661852639 0.8028508106255746 3.2478256334841227 -2.0038800416930607 5.703291475749638 0.2591209995236563 1.3738461362760233 334 390 331 285 
6.139883535114081 0.5900802853742313 3.3287688260177113 -2.025880617407096 5.698712425247833 0.18868936862671926 1.3918053603611455 361 332 286 330 
6.118963844420762 0.36377689997827917 3.395824036065045 -2.0502362650021673 5.6935643907522895 0.11731216747123258 1.4041579336155103 331 362 328 287 
6.21076811522492 1.2673934505932316 2.991714441527474 -1.9527123672473317 5.710469107546771 0.3933920274077346 1.3186029950622358 288 336 391 334 
6.185614171073595 1.0424564931433353 3.1310243166003486 -1.9779299914511772 5.70729163375514 0.3278325025442533 1.3495617526358175 392 330 289 333 
6.257099043190471 1.7166010728157979 2.596699574519353 -1.8972375772485872 5.715071087502101 0.5107478840164544 1.2355282001316343 363 394 336 291 
6.235358488673514 1.4939326339124044 2.816212941024345 -1.9260750012643275 5.71313803305061 0.45467906952005677 1.2805820648784327 335 395 333 292 
6.185262648217258 -2.37371161049639 1.8816222074147733 -1.555173611876818 5.672291840722687 -1.2392439299124527 0.9514497032120053 342 379 338 307 
6.210046545859247 -2.4516618790783746 1.6347226743452647 -1.48586226597599 5.682400008355916 -1.2796752602493306 0.8918044333939408 398 339 308 337 
6.231221524414595 -2.506107987537978 1.3514724402453409 -1.412931744428528 5.692151713894598 -1.3117865499728507 0.8270691538311514 338 399 340 309 
6.2498622095576355 -2.521057634688294 1.1012333166853023 -1.3530692074686013 5.701557591541998 -1.3334615870374384 0.7583065447529234 376 305 339 400 
6.141276892474381 -2.1661910703821623 2.316130490836487 -1.697858760868272 5.651918556715428 -1.1402361560398537 1.055640884910536 310 345 377 342 
6.162507733297334 -2.2768123965800298 2.107148233557825 -1.6252097395859668 5.662047084231714 -1.192191059793804 1.006012176145796 337 311 341 378 
6.09897376146806 -1.844019687061879 2.764496532136502 -1.8741034124426164 5.623154510487787 -0.9676099735572797 1.1787426712673845 348 380 344 312 
6.109251510000223 -1.9484239017620144 2.6384612996690127 -1.8221425177538084 5.632992014660783 -1.0265514578800439 1.1416525584691035 313 343 381 345 
6.123526432195599 -2.0587564242799536 2.4865316588317175 -1.7616760133303695 5.642332024332034 -1.0845865160757788 1.1007044212860708 341 314 344 382 
6.092943584478077 -1.508950628469372 3.072834540415703 -2.0034564028640283 5.59062176168324 -0.7884809009706083 1.2718714789696917 350 383 347 315 
6.092681998004695 -1.6285667874783456 2.976010765194066 -1.9624154456609897 5.601683514561524 -0.8487136006967395 1.2433534678992273 346 384 348 316 
6.093723175360204 -1.7429297761886804 2.8709904296736517 -1.9184287755885163 5.6124626306831145 -0.9083113705625372 1.2125280473584592 347 385 343 317 
6.096855265217901 -1.2955772276129613 3.214459149224205 -2.0621080699824716 5.568341030056024 -0.6642307428668814 1.3237314663510635 353 386 350 318 
6.093949907745221 -1.3982920689822784 3.151302405728848 -2.0364560104290197 5.579008621291235 -0.727139221122173 1.2986752869954827 387 346 319 349 
6.116502518107862 -0.9417440279786103 3.3686147542363125 -2.115121483666244 5.551053241255016 -0.4606374619974012 1.3877891949563146 355 410 352 320 
6.109063690937813 -1.0676320434641957 3.3235925009214964 -2.10160956586359 5.55382280272006 -0.5305671530361454 1.368661126503651 351 388 353 321 
6.102192749353439 -1.1906911037638834 3.2694947796733063 -2.0830182913206556 5.559971791835699 -0.5986606648418072 1.347084953836058 389 349 322 352 
6.135688500990476 -0.6778401466960271 3.43117052057925 -2.126762030910957 5.557598388196666 -0.3158437195587759 1.4170916158230242 358 411 355 323 
6.12520276416435 -0.80870320191945 3.4054650473486046 -2.123741079344737 5.552885589472446 -0.388843371007445 1.4039056774531904 412 351 324 354 
6.18977287959143 -0.22296972102595464 3.4478173455574046 -2.103533364913605 5.5829492337964925 -0.0939448859388585 1.4371720352325 360 413 357 325 
6.1685951767291245 -0.3867000625283183 3.453034846816926 -2.116042999795129 5.573623935647634 -0.16810448253709476 1.4337532442931833 414 358 326 356 
6.149427972550772 -0.5528421289391662 3.4456125234959383 -2.1244184728191935 5.5647153886472065 -0.24219336571424613 1.4270878181610331 415 354 327 357 
6.242561635495602 0.11658801436073747 3.3985840260364815 -2.066529387778366 5.601880670283736 0.05371143698282757 1.4332894562625798 328 362 416 360 
6.214192685291966 -0.05899938826971877 3.4302234247629833 -2.0871968500244433 5.592501894017286 -0.01998520785406336 1.437096931226755 417 356 329 359 
6.306770559374835 0.54589692543137 3.2753959542221165 -2.0143604102297004 5.619981866995112 0.19993190973868177 1.412217969474268 390 419 362 331 
6.274652074747975 0.32570044904885015 3.346794344818041 -2.040860564169262 5.611151893111958 0.1270858778078703 1.4251895279924072 361 420 359 332 
6.278910449458371 1.9092392730109775 2.3522744336763868 -1.8709930163938204 5.716897778232305 0.5604088330294327 1.183373520654794 290 365 393 335 
6.323847098727103 2.190401409702574 1.7754911425021949 -1.8132985122889271 5.7196389331137905 0.6365031545169723 1.0601302368415646 367 424 365 293 
6.303262634253808 2.0603189377234585 2.0922550690515056 -1.8440279804669808 5.718684985613439 0.6026512077521308 1.1244884409077354 396 363 294 364 
6.3453541379345175 2.3123326412311234 1.1307322148043943 -1.765030078747733 5.7184346652880995 0.6774183109002375 0.9184615708375099 295 370 425 367 
6.336790453334148 2.2768244310834573 1.443330218208678 -1.7872165178794897 5.719803440690604 0.6614202468050193 0.9909809789314323 366 426 364 296 
6.370219417465238 2.2200456704346863 0.42166812736394216 -1.7082809782664623 5.702265961645693 0.6781465948212273 0.6950305036443994 371 427 369 297 
6.360325552955899 2.2704733817647607 0.6126955833379845 -1.7253852932140052 5.710639787034719 0.6841799244931572 0.7692251234049601 368 428 370 298 
6.351308893916886 2.305867069366227 0.8594379497670591 -1.7440834375351544 5.715532196071745 0.6846393818013297 0.8440903593329971 299 369 429 366 
6.377831573341105 2.194178945407238 0.34773270508416676 -1.7008593516518207 5.690654210020876 0.6686501267016864 0.6222471849408584 368 300 430 
6.25496945080356 -2.231863175162787 0.12956463756401757 -1.12118743498953 5.716382416827891 -1.3006278695605986 0.46806808793970534 373 301 375 
6.266271076042652 -2.1400207910274838 0.026854073280454607 -1.087844116711079 5.7074726667494 -1.2669958976548013 0.3990937297186543 397 302 372 
6.2738360895769505 -2.4191809189909965 0.5198922004610441 -1.2146672283968245 5.715270204588726 -1.3415446004051785 0.6121757912178367 376 431 375 303 
6.2698780422397 -2.323954519958755 0.29034779614528067 -1.1626855119768904 5.718043490907595 -1.3267434106006881 0.5390430028592015 304 374 432 372 
6.265885141124331 -2.4917342642278166 0.7965140839610975 -1.2793058428381299 5.709632652250436 -1.3436108048637645 0.6861231279198323 374 306 340 433 
6.220559309122421 -2.123816823620411 2.308837654752001 -1.6941563739724599 5.580691101502394 -1.1642441581580623 1.0692292010712412 382 404 378 341 
6.244476854509565 -2.230183338464268 2.102131712916323 -1.6208327363653348 5.593261697865724 -1.2184763450189129 1.0181060714726509 436 379 342 377 
6.268162764007793 -2.323172124526695 1.8803594597255058 -1.550062461737231 5.606343708883205 -1.26760194161908 0.9619029803206658 378 434 398 337 
6.173357951406982 -1.8102193191335616 2.753784553982697 -1.8719325919631409 5.544719323245246 -0.9848007195619425 1.1967752600331785 401 381 343 385 
6.185123585072159 -1.911525197251166 2.629444912388806 -1.8198841873765308 5.557363856823482 -1.0454234701538725 1.158282128796636 402 382 344 380 
6.200750582998534 -2.0202427459949197 2.47739793118188 -1.7584449049056237 5.5689447862350345 -1.1059590706950804 1.1158425545467003 403 377 345 381 
6.161512560424394 -1.4871456311882358 3.0554650140696706 -2.000444167206915 5.502546384404461 -0.804342794199002 1.2940242115888192 346 387 409 384 
6.163171245000915 -1.6048691789335456 2.9584557861393153 -1.9585491092916574 5.516909253566038 -0.8646982974753539 1.2640245512933226 405 385 347 383 
6.166306692888902 -1.7156685485631173 2.8551134383747563 -1.9146437156573173 5.530878105354799 -0.9246490298844863 1.2318938769889065 406 380 348 384 
6.164630073326556 -1.2828026171906013 3.1929622486090063 -2.058920187572263 5.473585641843427 -0.67884649355168 1.3499066156119977 389 407 387 349 
6.161539200017692 -1.3800413124768953 3.132633432241039 -2.0336633490446068 5.487637727693485 -0.7426569127215659 1.3226625307959468 383 350 386 408 
6.180020807368437 -1.0639015790198718 3.29791573455001 -2.0986958572521224 5.454688479732132 -0.5402844050637237 1.3991817664081232 410 445 389 352 
6.171166306468003 -1.1836938986029026 3.2451125722003504 -2.079589225317934 5.462487521543501 -0.6112927175457983 1.3755160913439868 446 386 353 388 
6.338864429704359 0.7463129521721064 3.192263160666498 -1.990552819513332 5.6280364783045265 0.2717851672890973 1.3936804500526923 361 330 392 418 
6.412960700285801 1.1800636230299524 2.9350802236432325 -1.9342182453316428 5.641134858454585 0.40880175394562185 1.337478955324468 421 392 333 395 
6.374023400952286 0.973473770181625 3.0740905834458747 -1.9623494508081964 5.635170835531737 0.34187651200636865 1.368859198677928 422 390 334 391 
6.529793278622007 1.7603461986508022 2.300288322727403 -1.8333868176988484 5.654459775500181 0.5811051055779103 1.200685456835293 396 458 394 363 
6.494299713039329 1.5903764217292593 2.5391021462287955 -1.8671596359739473 5.65078288957549 0.5291874466062688 1.253545281630067 393 459 395 335 
6.454407871118596 1.3884503799747474 2.758272868749589 -1.902583311048275 5.6464819882515185 0.4714259500138438 1.2990439083225633 423 391 336 394 
6.562028775799018 1.8893325705204622 2.0516638464723456 -1.798840543714429 5.657659491744573 0.6260965055910256 1.140550389055059 424 461 393 365 
6.293927775304222 -1.9887448959563196 -0.12134089114356815 -1.054931990500196 5.692704803270341 -1.235136351985481 0.3397195653233893 373 
6.291955554653031 -2.3966107976105824 1.6437978273939633 -1.4813329858392699 5.620080107688672 -1.3093406818413156 0.9008414867121087 379 435 399 338 
6.310465264232158 -2.452170512029013 1.3636496764595694 -1.4070590359267408 5.6343034254235205 -1.3418625471150074 0.8350701990458231 462 400 339 398 
6.301390695599292 -2.4842124927545686 1.1128105033611713 -1.3469175016992707 5.648236225651929 -1.364044634069836 0.7651260179559294 433 340 399 
6.214489183847209 -1.7846738727612261 2.7469533353234366 -1.8706465932313436 5.468484627153623 -1.0082373105639386 1.2192889744317366 406 437 402 380 
6.223393332042192 -1.8852683366686591 2.6250667393518663 -1.8187281121174137 5.484090063655257 -1.070523669626282 1.1793289306625685 438 403 381 401 
6.232020948591342 -1.9971845666824515 2.4753897908913873 -1.757406254064913 5.49832000290378 -1.1336384752746733 1.1354280653806081 439 404 382 402 
6.243471462211135 -2.104205086881524 2.3104711551513684 -1.693745187865894 5.512586920760539 -1.195258390814499 1.0870825666535948 463 436 377 403 
6.204763625770354 -1.588509798757369 2.9441425440934204 -1.9554798812601568 5.434777793708535 -0.8863603600881951 1.289705972838212 406 384 409 440 
6.208380031743676 -1.695989551361038 2.842404620011179 -1.9115345985150392 5.4516383317387 -0.9470753361808177 1.2559400512645946 441 401 385 405 
6.205986495861366 -1.276988536005063 3.175737475946138 -2.057237801001318 5.382977531000533 -0.6968009555357422 1.3824498057642698 386 446 470 408 
6.201992190985428 -1.3690085383401958 3.118050329158841 -2.032212157877173 5.3997118855134305 -0.7623807704660222 1.3526148062764358 387 407 442 409 
6.202170603777649 -1.4726169431309548 3.041879087682132 -1.9985846602704005 5.41752611530449 -0.8251915305403137 1.3216357645849528 408 443 405 383 
6.190295209741921 -0.942472981720984 3.341154429581982 -2.1126201558545605 5.451495793601757 -0.4669295877763666 1.4198685568496208 412 444 388 351 
6.218421681188087 -0.6901768702493842 3.399240154596426 -2.125107746420868 5.4610356699517855 -0.3152382880059117 1.4500674576710009 415 447 412 354 
6.202950725628604 -0.8141396985190933 3.376155277828172 -2.121748441721291 5.454444593646686 -0.3915565200966295 1.4366758255195853 411 448 410 355 
6.29339459342696 -0.25422739364801933 3.40625168666625 -2.1014393085039043 5.495743475957522 -0.08600549060556487 1.4684272177193614 417 449 414 356 
6.264626422459356 -0.4123720787570445 3.4148976072114863 -2.114441194501586 5.483106883014761 -0.16234947524608326 1.4656822737467854 450 415 357 413 
6.237999700631291 -0.5747961176480648 3.4103769270796254 -2.123050287343754 5.470879831089111 -0.23873342892899635 1.4597342286799626 358 414 451 411 
6.363591472895159 0.07016309202036698 3.347874336932954 -2.062085116211635 5.521008794090111 0.06543496062851488 1.4633750392848799 452 417 359 420 
6.3261258463131735 -0.09714392883971135 3.3844989419355804 -2.084248939717012 5.5085193964548775 -0.010005746829542268 1.4677321227393796 453 413 360 416 
6.481279523179359 0.6702268053308227 3.1307738480597034 -1.9782874387330132 5.557366447890621 0.28903051368041205 1.4216958961793362 422 454 419 390 
6.44409510003486 0.4851531811206112 3.2149255569910165 -2.0044911967046692 5.546114547797781 0.2153990501340917 1.4408066892932097 455 420 361 418 
6.4048011408299015 0.2728069424555858 3.290544824100199 -2.0337934552348513 5.533741925277252 0.14062381027540435 1.454555671039514 419 456 416 362 
6.555558540415953 1.0762939382024976 2.8809397443295537 -1.9160811341030985 5.5763204466172525 0.43045843840996023 1.364585630497559 391 423 485 422 
6.51703040580676 0.885369785717087 3.014816996470511 -1.947155330810904 5.567534787668145 0.3610615821632046 1.3964002720466833 457 418 392 421 
6.59853628586119 1.272323184803769 2.7053383341390966 -1.878689065123005 5.584707469312983 0.49560734554026253 1.3254607835969903 395 459 487 421 
6.582737944452223 2.008459825759941 1.736866507286275 -1.758336098207913 5.659816085487739 0.6628812333619623 1.0739143851426405 396 364 426 460 
6.593739462111455 2.112683526469471 1.1007237869411612 -1.6947043747219643 5.660925420680075 0.7076868126063199 0.9254398447009323 366 429 488 426 
6.592374170941318 2.084776956988043 1.4066218905894938 -1.7228381266418176 5.66133010230705 0.6900535683188288 1.0015565142348641 489 424 367 425 
6.592693667581582 2.0032505393412996 0.4040344019734068 -1.6324780937166206 5.644859256199141 0.7114879621376806 0.6896503939142585 430 490 428 368 
6.589872675989244 2.0610467146067455 0.5996473253336071 -1.6497533978993506 5.653680683064815 0.7162120847618165 0.7680189045851032 427 491 429 369 
6.59097889649846 2.1000078516416725 0.8360042366625705 -1.6696282207701942 5.65846439286261 0.7160048933097193 0.8470353654255668 492 425 370 428 
6.597612240626026 1.9765583545548253 0.3297831652423583 -1.6280009390989605 5.632476121900496 0.7045828147445425 0.6133648609057434 493 427 371 
6.32329698879988 -2.380626600808955 0.5348494164607661 -1.2041726769764278 5.669504638922458 -1.375052117568261 0.6080642291939925 432 374 433 
6.312728985542403 -2.2905144619557682 0.3029965313181898 -1.153304688722249 5.67481609351843 -1.3608889043228314 0.5296564058980098 375 431 
6.311224146335998 -2.4580461640829134 0.80917892809264 -1.2717367107616915 5.660673222221905 -1.3753205513173843 0.6890200693823432 431 376 400 
6.28586954737924 -2.306322378696364 1.8856626543808115 -1.5498950374469909 5.543934971307136 -1.3054707622830122 0.9756242586917284 436 465 435 379 
6.289008743094786 -2.396658975459895 1.6557428866643067 -1.4860115561379554 5.561777410149808 -1.3490528496417473 0.9127558693966076 462 398 434 
6.263381199146226 -2.211986551833585 2.106490587270115 -1.620667688640632 5.527715731325244 -1.2532182655823836 1.0338973019603208 378 404 464 434 
6.225451500924765 -1.7741218384927366 2.7471767311160167 -1.8712011524569243 5.394380643160404 -1.0386787658030987 1.2455884096716316 441 468 438 401 
6.232833992594694 -1.8739196019691433 2.6279170037731574 -1.820043690597316 5.4130995044400585 -1.1013482640806642 1.2046492142882255 469 439 402 437 
6.235796182218502 -1.9899768230450798 2.481906206901339 -1.7605144714492682 5.4307191144396025 -1.1658016521154062 1.1597011938791764 438 494 463 403 
6.21557267148335 -1.5865691617186302 2.937022034352118 -1.9533399811163141 5.355405413835773 -0.9148205996926353 1.3192590010271363 441 405 443 466 
6.219795251669415 -1.6912805314538293 2.836543309429818 -1.9097002849293143 5.374832354516186 -0.9769525339163823 1.2835723375335497 467 437 406 440 
6.212150084791431 -1.3709502813813113 3.1110050572819663 -2.0309493128363587 5.315055472691254 -0.7863068840516938 1.3875985359353753 470 498 443 408 
6.212392629484026 -1.4717698665606016 3.0357670464251667 -1.9973507254110345 5.335514702013143 -0.8515052605354964 1.35372066043991 409 442 471 440 
6.240216779013699 -0.9489790766412238 3.31798088135017 -2.1123423142030116 5.359327746257429 -0.4738723535005165 1.4582930427011984 410 448 472 445 
6.226073592099734 -1.0663147514393119 3.276817433712202 -2.097833667397588 5.361957701776108 -0.5512851482769627 1.4362086872928472 473 446 388 444 
6.214445701552723 -1.1832244600730937 3.225208469760177 -2.0779387955958937 5.370266583462315 -0.6261879217545985 1.4104826303259843 389 445 474 407 
6.279221823331629 -0.7079889287781216 3.3702180710251977 -2.12588761876434 5.3722646171865716 -0.3144206528043742 1.48931134708604 451 476 448 411 
6.2578211083171515 -0.8250418450523321 3.350609548100022 -2.1220978617686685 5.363820108101017 -0.3944201256333576 1.475697399649171 412 447 477 444 
6.37469200107227 -0.2920996324395792 3.365068214474169 -2.1016852643516524 5.415564549466608 -0.07645556775327382 1.5060305053667926 453 478 450 413 
6.339532293202751 -0.4442582517709878 3.377561080370304 -2.115236161383778 5.399989889072231 -0.15542809742442423 1.5038857653496192 479 451 414 449 
6.305403889932322 -0.6026566634560764 3.37688031672882 -2.124198654636566 5.384671770914498 -0.2346450578241682 1.4986564460852732 475 447 415 450 
6.457398779492935 0.015214248365623326 3.2978667417621534 -2.06025711439756 5.4465168693215595 0.0800902709252033 1.5000114948086372 416 456 481 453 
6.413351184116731 -0.14264914089970412 3.3392951433620324 -2.0837367279379224 5.431215719215777 0.0023003691438349258 1.504825269170489 482 449 417 452 
6.585961836962975 0.5851324208198742 3.073036631796667 -1.9679847689031822 5.492216826756077 0.30995961443063197 1.4565667058589087 457 483 455 418 
6.548338123589932 0.41554184421262214 3.156116426200573 -1.9965932451403772 5.477774498515471 0.23417140643062995 1.476219496381572 484 456 419 454 
6.5054084956706575 0.21096943181551947 3.2349212386693083 -2.029037773994612 5.462214105584453 0.15723247915127414 1.4906232726798905 455 480 452 420 
6.615221917542245 0.7948576862368701 2.962161980999591 -1.93318677449573 5.50558812231376 0.38421639183291817 1.430837268905599 485 511 454 422 
6.6672367256429 1.6216804614623874 2.2570954594261634 -1.7951522958178523 5.598511173866366 0.6106461061339326 1.2256170428655326 461 512 459 393 
6.64225288455337 1.4588625854151633 2.4862092436297907 -1.8352005717960367 5.592270577502479 0.5559783684197606 1.2790186397187815 486 423 394 458 
6.664468980025173 1.909007797980837 1.7246251894594429 -1.7246701950239236 5.606818637368983 0.701293633503173 1.094531420441879 424 489 461 
6.6630234647631905 1.7733209815326305 2.0325654163279445 -1.7649158085472896 5.6031899080560414 0.6594333970527522 1.1648300552158117 458 396 460 
6.295986084728486 -2.4677451280495553 1.3715724266725096 -1.4154268133613235 5.582083718658971 -1.3804409849653663 0.8462130114805116 399 435 
6.231731356258806 -2.1093515491522714 2.3228582717889132 -1.7002458630007924 5.448652069611036 -1.2308919806554781 1.1092343309172883 439 464 404 
6.248615130022297 -2.2212113119817603 2.120366347951954 -1.6285520514393177 5.466229357482595 -1.295083036197291 1.0534124677037848 465 436 463 
6.27534239535798 -2.315720029612231 1.895463579824275 -1.5566723913076372 5.485749300244312 -1.3507036570741247 0.9936500457569626 434 464 
6.205193706765229 -1.5972222831445049 2.937070496323125 -1.9522337615904146 5.279193732452157 -0.9497708560998662 1.352051206174898 471 495 467 440 
6.211074457915818 -1.6999062932222218 2.837334888410439 -1.9094798152570778 5.300796777196606 -1.0148409651434738 1.3140777435716993 441 466 496 468 
6.217562382292163 -1.7774720135900288 2.7536489131155615 -1.8740144782679677 5.322166572722628 -1.0770153327298335 1.2753473898312095 513 469 437 467 
6.218555492841901 -1.882174255949284 2.6388407748206473 -1.8254132196808988 5.343888226579034 -1.1381153839148488 1.2342367147067852 494 438 468 
6.2170236867724356 -1.2831547217998622 3.1662944299410505 -2.0554561579069066 5.29653645921756 -0.7177697641472818 1.4201719338511762 407 474 497 442 
6.200703741206316 -1.482972875472751 3.036581994451936 -1.9961632527517428 5.256532026398056 -0.8830670734256877 1.3896763716260443 443 498 516 466 
6.262341784467054 -0.9622814652601183 3.3032266703639768 -2.1121728167674085 5.2749594066347205 -0.48191402551615947 1.500638495483469 477 499 473 444 
6.242881232555767 -1.077372440009928 3.264265872476937 -2.0969041547755363 5.276294774581319 -0.5637611776225171 1.477468953244398 500 474 445 472 
6.227575337970835 -1.1932012900996565 3.213550361869421 -2.076130169780271 5.28372754096314 -0.6431029097592962 1.4502378109762777 501 470 446 473 
6.346523361050946 -0.6332459222214636 3.3509584997761044 -2.1260284119236457 5.306387739960458 -0.23020841208068732 1.5416308869985098 451 479 502 476 
6.313715150126644 -0.7295671278182249 3.3492640645301806 -2.1272200280076428 5.2916726181935685 -0.31385002204198603 1.5324017599330442 503 477 447 475 
6.2859404546844 -0.8410664259134993 3.333349459218747 -2.1227838245609463 5.281164005464362 -0.397946530442432 1.5186006265161838 504 472 448 476 
6.427400002611148 -0.33041838094323134 3.3317025488943126 -2.1025763216067945 5.3424601036158 -0.06558909918103317 1.5481754275534612 505 479 449 482 
6.388010503898125 -0.4777995304446728 3.347320436873437 -2.116656089592693 5.324232039028648 -0.14747925428735675 1.5464823969078951 475 450 478 506 
6.554903804904267 0.15959917320200726 3.2020641587052863 -2.027118505352168 5.397074961023785 0.1770059574166166 1.531790236564952 484 507 481 456 
6.5077607929598225 -0.03461949474128898 3.2652800004082443 -2.0605057127501243 5.3790303523686 0.0973625863063586 1.541319191267326 508 482 452 480 
6.465879125402184 -0.18632241698693838 3.305527889037148 -2.0842843250057914 5.360940933272845 0.016390437813497628 1.5465113361945078 481 509 478 453 
6.601653769092427 0.5445638453524998 3.0688375586153938 -1.9679583739819884 5.433136814379319 0.33422352348394035 1.4967148296880741 511 484 454 
6.591529320712108 0.3657704284283862 3.128128429280015 -1.9933424584038228 5.415389901132098 0.2557779087087402 1.5170276046415125 510 480 455 483 
6.632232847003703 0.988811786369868 2.846537004250605 -1.9026255949202557 5.516878427162061 0.45734652764137873 1.3989585582355386 457 421 487 
6.703944094097966 1.3763368088583847 2.463645370573157 -1.8173470653993518 5.539863249683528 0.5910354552569 1.3103793033462494 459 512 487 
6.663733198137952 1.1904251181579832 2.6792496915012673 -1.8636649242580734 5.528350093933399 0.5264989555034328 1.358974240795113 485 423 486 
6.690697159671341 1.9784406882229457 1.0849153771537328 -1.6418251959508319 5.6116197294805366 0.7509356053773247 0.9370012995852083 492 489 425 
6.687665538286785 1.960863301736472 1.3878034889551443 -1.675603836262351 5.61040073219856 0.7316447898543671 1.0175337939821367 488 460 426 
6.7223968990784915 1.8010130159243707 0.41147450318584844 -1.5618225600412956 5.59943151987015 0.7547698297065133 0.6835987360324041 493 491 427 
6.706132313385054 1.8844860009739153 0.598447672233206 -1.5835295231887356 5.606644323065192 0.7601655893014837 0.7677219220038148 492 428 490 
6.69989017356925 1.9404015099379806 0.8242661316244626 -1.607588483728517 5.6100441121983975 0.760584860771722 0.8524004402866401 429 491 488 
6.73156511633431 1.7617171656136086 0.33532773604187244 -1.5556512777917872 5.5904215512704 0.7468840583647341 0.6058294983436135 490 430 
6.215742473551458 -2.0030155246543813 2.4967331745427686 -1.768535754933082 5.3656004600113345 -1.2007855287252305 1.1892333012531346 439 469 
6.196005772048418 -1.6070028510511478 2.9376662764308077 -1.9515004254852488 5.205781337177511 -0.9915987518870852 1.387871170227662 496 466 516 
6.204326549667464 -1.70750328072746 2.837757629177252 -1.9092202316604 5.228888329777155 -1.0624918474983098 1.347294204749667 495 513 467 
6.199188967569795 -1.3010922687083581 3.1660242954553857 -2.0520309973393975 5.21448333589062 -0.7427106411336641 1.4615469740648352 501 514 498 470 
6.197418379235176 -1.3851230103879164 3.11154306144121 -2.028781995739471 5.233788724026748 -0.8149094025311931 1.4265693375785933 515 471 442 497 
6.251616858169681 -0.9807328376269897 3.301517298420542 -2.109821242970958 5.1966719123427225 -0.491770254983118 1.5458581100970352 472 504 517 500 
6.226500412224341 -1.096197905606402 3.2640348195200075 -2.0936633911098577 5.196279506789341 -0.5785695015084581 1.5218380909282423 501 473 499 518 
6.208366075715391 -1.2132473981332357 3.213116907726458 -2.072228649832647 5.202302935343971 -0.6630452966391926 1.493382807642627 519 497 474 500 
6.3497186590345125 -0.6601765837807152 3.3436014396393388 -2.126639354237077 5.235163926524693 -0.22530646301141227 1.58733636340746 506 520 503 475 
6.313963148556159 -0.7506606907012928 3.344036134925035 -2.1270667894978454 5.218291236940528 -0.3137542799883075 1.5778907089811514 502 521 504 476 
6.281791363582397 -0.8593507551889632 3.329863528158932 -2.1216351700799336 5.2051798581768205 -0.4026529321154232 1.5641052233871986 522 499 477 503 
6.441225116542751 -0.359892091438948 3.3185976281972396 -2.102789445393957 5.275651195928904 -0.052950198253961404 1.5938728068268824 509 523 506 478 
6.398961713633336 -0.5052197148778219 3.335903982238517 -2.1171144248920655 5.254938021254132 -0.1380468253840652 1.592451639789008 524 502 479 505 
6.5323654989551265 0.1487772726879532 3.222887619704439 -2.031731535916779 5.3378552020155094 0.20108095406289894 1.5772968828498435 480 510 508 
6.495852498126994 -0.05596787605797693 3.2759720320417642 -2.0644142343160943 5.318474764317322 0.11601588892025902 1.5857151184628169 509 481 507 
6.47238002365698 -0.2148072923220805 3.29905809034064 -2.085329478330488 5.297353287412284 0.03139275807695256 1.591364259054016 525 505 482 508 
6.561249127653195 0.36786260600138027 3.1549500031273516 -1.9978487703665129 5.358639560189069 0.2806269531342382 1.562433955058891 507 484 
6.595997844330664 0.7843855715681728 2.9845489383316344 -1.937831663495109 5.450111053031894 0.4103987987957646 1.4704272207291678 483 457 
6.710936565136657 1.5609913486454658 2.2456260399196406 -1.7812477299568776 5.549096491733674 0.6479790987675409 1.257580974258891 486 458 
6.216513612784465 -1.7770865565116447 2.7558770536319077 -1.8750715402057316 5.250064673892473 -1.1262080501991762 1.3091542137595904 468 496 
6.173094422694641 -1.321076217056267 3.170187824886623 -2.0485441832431217 5.1365349322647695 -0.7732422711742104 1.5053819303035207 497 519 515 
6.178445263322014 -1.4015435316101148 3.11386192823396 -2.0263099494782635 5.155513167547143 -0.8494984246503706 1.4687823267316493 516 498 514 
6.188653424374957 -1.494842244905005 3.0376337981928256 -1.9948212654090878 5.180178658082543 -0.9205328598654526 1.429099948463016 495 471 515 
6.226854375446655 -0.9991907364048883 3.3083063773708647 -2.107555131263332 5.121357026511795 -0.5036067929361975 1.5948202815430625 522 518 499 
6.1980429630273735 -1.115624781073025 3.2711184171986227 -2.0905989662526356 5.119282572200454 -0.596467593460178 1.5697507671621618 517 519 500 
6.178818765577769 -1.2335957398520268 3.219331078173185 -2.06867425283485 5.124199591900425 -0.6875096228215188 1.5396645537009646 514 501 518 
6.320975704593296 -0.6767481200325836 3.35973171217067 -2.1285332629517204 5.168718587314422 -0.2199933391669247 1.635939059310703 524 521 502 
6.293996018264998 -0.7674565287788713 3.3521890010505784 -2.1270993956390853 5.149816984906468 -0.3140589933169833 1.6258828028931633 522 503 520 
6.265232982742628 -0.8758597193435101 3.3341434078506444 -2.120407988922701 5.133096704095683 -0.4084767474338316 1.6127639980006228 521 517 504 
6.403360506006246 -0.36775031480131076 3.3475579210878514 -2.1072192036705055 5.21274415660951 -0.03747972084016965 1.6440370540034999 525 524 505 
6.370693512795353 -0.518748440806214 3.3548111222631967 -2.120003420670746 5.189674690731495 -0.12697578519342767 1.642420917542582 520 506 523 
6.411766125909496 -0.20485016170807377 3.347435082007538 -2.0913310336504147 5.238140847499948 0.046195541204041866 1.6397311994808639 523 509 
