21 22 23 24 25 26 27 28 29 30 31 32 33 34 35 36 37 39 43 46 47 48 49 50 51 52 53 54 55 56 57 58 59 60 61 62 63 64 65 66 67 68 69 70 71 72 73 74 75 76 77 78 81 82 83 84 85 86 87 88 89 90 91 92 93 94 95 96 97 98 99 100 101 102 103 104 105 106 107 108 112 113 114 115 116 117 118 119 120 121 122 123 124 125 126 127 128 129 130 131 132 133 134 135 136 137 138 141 142 143 144 145 146 147 148 149 150 151 152 153 154 155 156 157 158 159 160 161 162 165 166 167 168 169 170 171 172 173 175 176 177 178 179 180 181 182 183 184 185 186 187 188 189 190 191 192 195 196 197 198 199 203 204 205 206 207 208 209 210 211 212 213 214 215 216 217 218 219 220 221 223 224 225 226 227 228 229 230 231 232 233 234 235 236 237 238 239 240 241 242 243 244 245 246 251 252 253 254 255 256 257 258 259 260 261 262 263 264 265 266 267 268 269 270 271 272 273 274 275 276 277 278 279 280 281 282 283 284 285 286 288 292 293 294 295 296 297 298 299 300 301 302 303 304 305 306 307 308 309 310 311 312 313 314 315 316 317 318 319 320 321 322 323 324 325 326 327 328 329 330 331 332 333 334 335 336 337 338 339 340 341 342 343 344 345 350 351 353 354 355 356 357 358 359 360 361 362 363 364 365 366 367 368 369 370 371 372 373 374 375 376 377 378 379 380 381 382 383 384 385 386 387 388 389 390 391 392 393 394 400 401 402 403 404 405 406 407 408 409 410 411 412 413 414 415 416 417 418 419 420 421 422 423 424 425 426 427 428 429 430 431 432 433 434 435 440 441 442 443 444 445 446 447 448 449 450 451 452 453 454 455 456 457 458 459 460 461 462 463 464 465 466 467 468 469 470 471 472 473 474 475 
13.366126282336154 11.781208116076371 -6.626021479709392 -23.56505416643403 -3.3494742810516698 -0.3520320227409086 4.713622747376874 22 20 1 
11.773079508924356 13.274771658174444 -6.784594521670451 -23.404532646664094 -2.9816715100138187 -0.6868077495719174 4.836073744241805 2 24 0 
10.071684059230645 14.577008554207993 -6.904062820295538 -23.28971380199719 -2.567767278746482 -0.9909304244944436 4.935997492638449 3 25 1 
8.190792195717634 15.750374322965236 -6.977906177633866 -23.221186974580796 -2.120821311588725 -1.2618013248584492 4.995931857230546 2 4 26 
6.169285462318179 16.70124602598687 -7.000127101819762 -23.164282634629412 -1.6431806650946301 -1.4865059946133283 5.026886224893884 5 27 3 
4.070404429763406 17.401732867892218 -6.9977017517133975 -23.136108507788972 -1.137517970957815 -1.6534601134989182 5.041894916363537 6 28 4 
1.9165177764335135 17.81419210669625 -6.989576697643725 -23.11602213572157 -0.601990333735465 -1.7483736453442071 5.060465663213753 5 7 29 
-0.20416047978850682 17.97722856546677 -6.891885207806411 -23.09553181019545 -0.04545175362374909 -1.7645433998345057 5.088377252449136 8 30 6 
-2.317934995986789 17.904640826165995 -6.7073822165349455 -23.07544864015506 0.5079234277521041 -1.7087298283536732 5.111860588687713 7 9 31 
-4.467285267604761 17.56771512503189 -6.480408004371344 -23.065681119212655 1.0446207089781907 -1.5844418369662858 5.126894737455678 8 10 32 
-6.597579660016897 16.95147219664008 -6.213413164481428 -23.063256198850908 1.5566556372466394 -1.3959055161627125 5.130728774113429 11 33 9 
-8.701865188989046 16.08835289332813 -5.9091370079312036 -23.111811740041517 2.0287673025087782 -1.1598217678984675 5.109557116921064 12 34 10 
-10.766867856404769 15.00398972333871 -5.614589447355011 -23.26615253667469 2.4487815323822484 -0.8950473291634728 5.052843481866588 13 35 11 
-12.566277690350535 13.624933188852395 -5.466530525718348 -23.41204076612254 2.8274903930571296 -0.5868887547651209 4.978114262921983 14 36 12 
-14.109133715619489 12.004794301341835 -5.191451789900462 -23.45304968617244 3.16339069992473 -0.2356623034474915 4.897846333028396 38 37 13 
-17.155076546967912 6.688734848051892 -4.241049398118915 -23.586044805091262 4.055162372771435 1.5758312852886898 4.717315352643566 44 42 
17.53237169038478 4.930560242446015 -5.679444975198017 -24.237481964226756 -4.3271676164625035 1.277336716188759 4.130200254176603 17 45 
17.283857677998657 5.547209300368526 -5.7778115819254365 -24.15840043682754 -4.22872464770219 1.0429001295667248 4.246464224219453 18 46 16 
16.385948947463277 6.94134098485346 -5.897658368752875 -23.732235028345457 -4.091890033703579 0.7401881429916768 4.365922981569939 19 47 17 
15.659473602971262 8.486139438268403 -6.187836082095223 -23.711665474848598 -3.901549188006158 0.3896722078981949 4.487467445036713 20 23 18 
14.66619057019525 10.147457133724169 -6.432609340761524 -23.668118502113987 -3.656266086769218 0.013538525654295447 4.598024839463657 0 21 19 
14.796050304770516 10.14327278485576 -6.242838217616146 -23.681328336385988 -3.8036900468944532 -0.10718202981369271 4.229675390060788 23 20 22 50 
13.482200094578143 11.757041272209996 -6.4891763193971554 -23.570982919377684 -3.4857396988412885 -0.48207092988139333 4.363019109454488 24 51 21 0 
15.811039661051288 8.494368392826003 -5.949443426869499 -23.736276234556087 -4.057747369294953 0.27190941332394786 4.096995091979945 19 21 49 47 
11.882976008634056 13.261431698097839 -6.677914585112847 -23.414353405955573 -3.109926496454749 -0.8354001179740127 4.484787003784169 25 52 22 1 
10.161848452590865 14.591528079023625 -6.815585206459398 -23.30462284710714 -2.6862931993874737 -1.1571004171663697 4.5814089576946255 24 2 26 53 
8.256211456634242 15.769955681483218 -6.895356544136007 -23.223072670495984 -2.2233559783613965 -1.4384797657507977 4.647607546313113 27 54 25 3 
6.223433680477499 16.726448572615123 -6.930722805034964 -23.167156920993655 -1.7260057162060911 -1.6690887459042516 4.688626108911411 28 55 26 4 
4.122503340815582 17.431392849567725 -6.944408809361043 -23.145212940600917 -1.199083384897724 -1.8391391645211523 4.713634460595982 29 59 27 5 
1.9759070163876697 17.84631424357541 -6.933739218396996 -23.121284001761595 -0.6479633539821034 -1.9391982743636456 4.733418876714528 30 61 28 6 
-0.14038661814347228 17.985237122887014 -6.8848834350386054 -23.098523972253915 -0.08150554288822633 -1.9629941453478108 4.754865337239412 7 31 62 29 
-2.2433006420225525 17.867390108890895 -6.7792330086527635 -23.071097304066065 0.4865995997032796 -1.9101213096317893 4.777149531709001 63 30 8 32 
-4.377861267104146 17.488935035358143 -6.628204483361305 -23.052726687109026 1.0430435738235604 -1.7832812902947097 4.795501700308938 64 31 9 33 
-6.516732017998597 16.862935604714497 -6.42927542043714 -23.06989835259701 1.5753291567706555 -1.5891924052289725 4.801841368892065 10 34 65 32 
-8.655584792652293 15.989950261533476 -6.180912535301114 -23.146069029920284 2.069527304331224 -1.3408300581786465 4.78464929227648 35 68 33 11 
-10.727952325636094 14.837589311083061 -5.930550727853739 -23.275396038687695 2.517344474142994 -1.0480380012647792 4.739354778479576 70 34 12 36 
-12.558025070696521 13.449216742467513 -5.6994344191152315 -23.403799287410298 2.9175336171172583 -0.7126563329891726 4.672839912139822 37 71 35 13 
-14.124818128785632 11.835776467588603 -5.411683917418932 -23.47110906945393 3.265361331167506 -0.3404893270043482 4.594107993330698 36 14 39 72 
-15.162158078469437 10.433771532739375 -4.942984565409855 -23.398742662667004 3.4443040213516483 0.1418911760833174 4.819088891998038 40 39 14 
-15.184638995547138 10.282574083290571 -5.122630986893382 -23.42498138201542 3.556247648767021 0.05931087058095098 4.515849864454124 74 73 37 38 
-15.937440696992876 9.24409532892939 -4.808415482775256 -23.49354857227703 3.6735343661038256 0.5475472261928527 4.764872137999708 41 74 38 
-16.410686106796078 8.470633269100004 -4.647196920755763 -23.56356311949448 3.8509881499331615 0.959165617743625 4.744772409701785 42 75 40 
-16.857990476925387 7.4954339585672525 -4.395721976226361 -23.572681362390078 3.9742949057534602 1.3183845201993845 4.740722121924868 15 43 41 
-16.776783085495605 7.443486055202825 -4.6592338678142005 -23.589051128293015 4.095335010628672 1.2294471761865626 4.402519096368103 44 78 75 42 
-17.031766021457127 6.688984444443226 -4.6149760668300726 -23.61815163794606 4.177535744199204 1.5309831417220474 4.402674960014518 79 43 15 
17.64798888925156 4.997429241746061 -5.3579023935369054 -24.226414856218586 -4.464152760794166 1.2299936116953032 3.79173806474545 80 16 46 
17.41465993097163 5.552586553505032 -5.478763361334641 -24.156506569029244 -4.376710654714519 0.9542403093513125 3.8728716453933387 81 45 17 47 
16.655627281722975 6.9732353434583665 -5.683001209168276 -23.885068386626966 -4.247076588879465 0.6322911903159858 3.974946082259141 18 23 48 46 
16.902825301224066 6.9376211089791715 -5.484475039066713 -24.01587023650119 -4.406088488903499 0.535477919477355 3.549105988030127 81 47 49 82 
15.988173464894126 8.479040692228947 -5.673301711954739 -23.767524532796706 -4.2153739040190175 0.16185726692277147 3.6768260275201525 48 23 50 83 
14.977422849468383 10.165990397568576 -5.955929492967736 -23.712175161485487 -3.9561374561120695 -0.23074440475834798 3.820245846694264 49 21 51 84 
13.659856658572425 11.801375438993942 -6.21043096127869 -23.59880377943956 -3.6298965188844705 -0.6218584676646053 3.963190875139282 85 50 22 52 
12.04620232297134 13.33245135064906 -6.419504323297633 -23.443282948935636 -3.2433972963825517 -0.9934061937912334 4.090179126576861 86 51 24 53 
10.283098648328632 14.686316893653837 -6.584620248678258 -23.32672655793065 -2.8052087228347515 -1.331134419093325 4.192240916113878 54 58 52 25 
8.339595031813285 15.865034920320802 -6.694895674966429 -23.234856137064142 -2.323453917971224 -1.6239125173995501 4.266956390372135 56 53 26 55 
6.284226475099988 16.82191739653652 -6.768527427846715 -23.185052874589775 -1.8050470662140181 -1.8620863441226265 4.316893976989089 59 57 54 27 
8.487028625201496 16.119434288294237 -6.350500086076769 -23.3399842442696 -2.4149688735207926 -1.8112075820850135 3.8598070799074042 89 58 54 57 
6.382311944101647 17.069301650736328 -6.4588454520046765 -23.277784895480043 -1.8750830349827021 -2.058219569564504 3.9173884569807536 60 90 56 55 
10.52194218957241 14.975415853114269 -6.222657372055705 -23.502033933774605 -2.9165427630504004 -1.5057729681955836 3.7763292100908084 88 86 53 56 
4.2051808325260795 17.640230220512027 -6.8857307393313745 -23.310536737624783 -1.2569327955598213 -2.037164315082526 4.348813951522649 61 60 55 28 
4.251320502297343 17.8074479302295 -6.563888748641402 -23.313682585214192 -1.3053425249900759 -2.2391346515302124 3.9548471307440733 92 91 57 59 
2.029063145641682 17.92166042515319 -6.838731886392571 -23.145295880770774 -0.6869930134767201 -2.1416852888438576 4.370988536519981 29 62 92 59 
-0.08208989942637007 18.029973027035307 -6.840202491253094 -23.115215245070516 -0.10413106635677097 -2.1699809285246476 4.39105381972891 63 94 61 30 
-2.1761472925180847 17.86702174724276 -6.811790886701105 -23.079033664677137 0.4813649765819737 -2.119461494785935 4.41251994237224 64 95 62 31 
-4.297952373423661 17.438213610806798 -6.741985386069576 -23.047295611403197 1.0572902408467155 -1.9916209602314157 4.431454844558323 65 66 63 32 
-6.434137991637651 16.75879780624398 -6.628339254185106 -23.053786632695363 1.6104768130093412 -1.7923831328299475 4.438810357947206 68 67 64 33 
-4.302279281330577 17.618165033890744 -6.659097031842069 -23.161899512514335 1.0900523869142698 -2.1996243658314607 4.04169345848133 67 97 95 64 
-6.442794995786163 16.834835748555836 -6.580074316731994 -23.09570904946611 1.6649901887537202 -1.994634429002721 4.049246170084807 65 69 98 66 
-8.590581613409258 15.844841247172438 -6.488743151536336 -23.15279522683104 2.128512724247587 -1.53054435932211 4.425458372981078 70 69 65 34 
-8.60139131198831 15.833713423129057 -6.486762323163658 -23.148505456917043 2.2062257305844515 -1.720435103158421 4.037415858617568 99 67 68 100 
-10.690926441312026 14.6539079315402 -6.326840854425122 -23.311190636007087 2.601558929913758 -1.2147016524201677 4.38690727844119 100 68 35 71 
-12.56231398293063 13.226736343811169 -6.129745493743397 -23.464005613261335 3.0219638889038167 -0.8542183294903737 4.324811545800637 36 72 101 70 
-14.09078072606791 11.568734693447192 -5.876838315203144 -23.507825693942277 3.383830842521208 -0.4587420333893538 4.2464968880783545 71 37 73 104 
-15.20266151857895 10.064593017917767 -5.683070122861683 -23.577790312348462 3.6847413286931627 -0.03989889336015214 4.164216699947741 76 105 72 39 
-15.933658984741973 9.107043277102068 -4.921946626814559 -23.48573557642924 3.790358373666181 0.4727210454618076 4.453716006715074 76 39 40 75 
-16.311147072161177 8.335157176094626 -4.75458667719465 -23.47713632715358 3.9693279444950655 0.8727979192604649 4.416637501450705 77 74 41 43 
-15.859463442368458 8.899661099969176 -5.547358156472675 -23.60087003106376 3.9258783495312164 0.3834640950259838 4.091855496963055 77 106 73 74 
-16.068346488860467 8.17454447513039 -5.473514253893754 -23.503637157523514 4.111628028792264 0.7877088865730152 4.041326763072103 75 78 107 76 
-16.37842806260649 7.371041920831398 -5.532456975284735 -23.564608132266592 4.2464391462707365 1.1551097191372317 4.016603209749165 79 108 77 43 
-16.673947466190057 6.675947001104748 -5.64945884713726 -23.705034591288676 4.339628827163862 1.4819313892282995 4.00987546260676 44 109 78 
17.71146623603711 4.969605800182164 -5.230427774805444 -24.233489643978047 -4.623158496396373 1.1634322519633267 3.3634889021070387 45 81 110 
17.519856214435794 5.476925754054344 -5.306566544648743 -24.172914454850087 -4.535339943302529 0.8716179282916688 3.445606141540743 48 112 80 46 
17.124830594739574 6.993737599820855 -4.97536818530759 -24.048318757439 -4.561173984986271 0.45653692453994393 3.099258088536172 114 112 48 83 
16.332213485352824 8.614481660616665 -5.188209888450152 -23.92968528294188 -4.367837645704767 0.06537525118908641 3.233936776831447 82 49 84 115 
15.21686981038246 10.29556971199149 -5.426477179768055 -23.755207262218608 -4.1040519583496415 -0.3474976261934573 3.3829980896079594 50 85 116 83 
14.000827758790665 12.02806185338479 -5.760675504855121 -23.786884483387546 -3.769900904258811 -0.7598179560191167 3.531730724810167 86 117 84 51 
12.376960641199881 13.617384656042763 -6.02881479860126 -23.66956745156019 -3.3712448132287705 -1.1513218008423445 3.6657899735357575 58 87 85 52 
12.62103561944667 14.060514647285085 -4.771047349651751 -23.645751895425054 -3.478080317869175 -1.295718434441178 3.227625648709877 86 88 119 117 
10.735148195815771 15.448319954719857 -5.050448078762927 -23.50466785526324 -3.0087240134094095 -1.6667710763689556 3.345986139405459 89 120 87 58 
8.67783869767117 16.641525373824823 -5.26442848167684 -23.399050208710023 -2.489549042513454 -1.984686233482254 3.4373190177598927 56 90 121 88 
6.484875766128282 17.514100993498474 -5.380643436491305 -23.23997611259941 -1.930368152471408 -2.240316050412407 3.5016381801858425 91 122 89 57 
4.310572074959732 18.230315379653682 -5.503594422678697 -23.252058531342996 -1.3406516215115611 -2.4266269276035937 3.544327667007032 93 123 90 60 
2.091806510605362 18.23933249325726 -6.637835423113108 -23.336200442599942 -0.7144593977285697 -2.3474890341922605 3.9802566029081268 94 93 60 61 
2.122931963463465 18.68195598340211 -5.611168685725423 -23.300842840866373 -0.7296563505050947 -2.5379507700088637 3.5736011169292157 124 91 92 125 
-0.044955457196838806 18.35448012389657 -6.688673711548192 -23.329748207616674 -0.1114847303888359 -2.378291468891137 4.001611742910575 95 125 92 62 
-2.1678166379705748 18.14831718994464 -6.702464529424003 -23.271867295976943 0.49377748090847606 -2.3288407411834333 4.0231050601027185 96 94 63 66 
-2.2201825610720616 18.548423792471997 -5.728248338422563 -23.214887563904725 0.517919226846617 -2.5206689136378357 3.6193819032234678 95 97 127 125 
-4.397282473776675 17.998391935661765 -5.735849953627751 -23.114202527230926 1.133525380128226 -2.3896445877061487 3.6372220339389827 98 128 96 66 
-6.5767067407981425 17.176413606162658 -5.706966491133012 -23.04795339882364 1.7282547621901978 -2.179513775727515 3.6436106108353816 99 129 97 67 
-8.774261819829782 16.14451310599254 -5.663405662278338 -23.11661761380623 2.289593978051352 -1.895463598424389 3.630587458579982 102 130 98 69 
-10.71932844889848 14.594587879743619 -6.378728232929156 -23.31042317301265 2.7018902363404242 -1.3857277040039224 4.000936369349577 70 101 102 69 
-12.600611825253338 13.111041982905594 -6.2241584627928965 -23.46156297812229 3.141739032950201 -1.0021075544395528 3.939923057501095 104 103 100 71 
-10.925282241371745 14.876553284212905 -5.5975306337217035 -23.29835439582085 2.804775838047443 -1.5455991352013574 3.5928865065658018 131 99 100 103 
-12.807882106044103 13.3407553811916 -5.481286915757673 -23.43839588190625 3.2626072397666994 -1.1416327101063743 3.5306032824078284 101 132 133 102 
-14.097776236691146 11.423891615116004 -6.0341458679501425 -23.50603004484903 3.51895574683088 -0.5826901812861487 3.8602013535549897 101 72 105 132 
-15.077919386755296 9.876356760302825 -5.897275411418903 -23.486039687982775 3.831845569313317 -0.14312095973894073 3.7724466155240215 135 104 73 106 
-15.72990795332435 8.790293424914276 -5.941424009844299 -23.61379229706298 4.083768248869876 0.2965959115738631 3.6904726994579953 136 105 76 107 
-15.83885816553676 8.169237684885147 -6.037123576252959 -23.535377856023413 4.281554425857152 0.7152493246304847 3.628138546477763 108 137 106 77 
-16.05075061976434 7.438348527375897 -6.265944537019563 -23.599079534456887 4.429962611409697 1.0992495528900768 3.591880872679277 109 138 107 78 
-16.32767538333855 6.699352091193193 -6.506771910719651 -23.761637391375327 4.535849913350325 1.4471512815782146 3.575479093923165 139 108 79 
17.841612492931205 5.107148679088858 -4.793133422927729 -24.2295313485415 -4.783601798383544 1.1100057208397363 2.8950881469802625 112 111 80 
18.13358552885937 5.6066775778781475 -3.3662774871485888 -24.19579982408341 -4.9147341860445755 1.0837284036236576 2.4368026271781944 110 113 140 
17.684385490033726 5.532285159122732 -4.834270471119639 -24.172889015328533 -4.692789451445034 0.8066013873085246 2.986617712263016 113 110 81 82 
17.840913204098808 5.916372475521687 -3.3454602046010735 -23.97500738099684 -4.82243916454499 0.7641367385994402 2.531666312853697 141 111 112 114 
17.393167985989457 7.391117774849759 -3.5104784469658337 -23.971045076822364 -4.690058553323826 0.3972699435198316 2.6479298794364645 115 142 113 82 
16.669941752348542 9.058430505146317 -3.7616901365619557 -23.94266212397808 -4.495370442920078 -0.013704136031436859 2.784927694462144 116 143 114 83 
15.236652427685968 10.58794205850578 -3.9389172177044456 -23.411290377897945 -4.2282503325895595 -0.44900617795239306 2.935586748003699 84 117 144 115 
14.295740245704534 12.481731640882906 -4.436461460781799 -23.791218849198657 -3.8874534192969223 -0.8839130027849573 3.08753525501578 85 87 118 116 
14.534846925223988 13.431227296219044 -1.3402803851365352 -23.78163206556822 -3.954723884138429 -0.9795877236301191 2.6458153889355196 119 145 144 117 
12.918668546721428 15.066905771745633 -1.8612029963818562 -23.750324271462578 -3.5402468055705385 -1.4074891138394647 2.789582936880727 87 120 146 118 
10.954510630164226 16.39864532117641 -2.264900635614908 -23.544248164362582 -3.062828288324183 -1.7916013765990249 2.9131499382395236 121 147 119 88 
8.983911103923997 17.79227670074572 -2.6378338016764276 -23.68865473998873 -2.533022991485322 -2.1191918077834226 3.009908926259814 122 148 120 89 
6.593848692401733 18.36632920126082 -2.7492478994662504 -23.189978266191993 -1.9612503756826927 -2.3813236586709743 3.0792421416721165 121 90 123 149 
4.366736465950987 19.054682314778894 -2.8994585721729527 -23.17151390326256 -1.3576313978933918 -2.5715094487326056 3.1262858549518975 124 150 122 91 
2.1533580751900536 19.775020278918706 -3.1027564530703264 -23.497400855158848 -0.7320409343443031 -2.684788162392759 3.15905273386663 93 126 151 123 
-0.054137412217561784 18.776866018161105 -5.681969527883127 -23.2797704024829 -0.106785354685351 -2.5700698766176604 3.597323360581909 94 96 126 93 
-0.13704222343231412 19.85390627670617 -3.1996553491951354 -23.46038932872789 -0.09446930144230303 -2.717607949584671 3.185112693913784 169 124 125 127 
-2.3858431592200167 19.347959519995378 -3.2090480498770115 -23.121854886170436 0.5446467691344798 -2.6680345132637973 3.2079719420746255 128 152 126 96 
-4.7212546485147815 19.091302357987765 -3.3644051989343233 -23.36791610445635 1.1743636968802706 -2.535790317594958 3.2248916891731145 97 129 153 127 
-6.874621464007754 17.937439303812162 -3.2979428570121283 -22.98209829285815 1.7830427340369286 -2.3225702802784913 3.229050596261108 98 130 154 128 
-9.114340855856875 16.888455161798333 -3.3006026280696923 -23.069528616092928 2.358217359945715 -2.03250753058932 3.213110989323724 131 155 129 99 
-11.300263235123689 15.616551723064223 -3.2740961575930165 -23.278959813476103 2.887255374343421 -1.6726139004066432 3.172424437323268 102 133 156 130 
-14.266402197950303 11.628565125622076 -5.3617519407742815 -23.471813979493046 3.6556157551241073 -0.6986516626636119 3.4489712773191346 103 104 135 134 
-13.200470329737703 14.069427696801027 -3.2096212579387986 -23.43235536373888 3.3591018460649025 -1.2536955798260268 3.107723021456012 157 131 103 134 
-14.605091355728275 12.33592872296846 -3.164062808563741 -23.415131200810723 3.7661995362772647 -0.7909970321240819 3.024964674795394 159 158 133 132 
-15.184254402929575 10.08355134800547 -5.34192403064961 -23.444702307002558 3.9822682241785907 -0.23571457945181395 3.357567211696284 105 136 159 132 
-15.775065548488042 9.04576098924 -5.54644634348464 -23.591262556454797 4.247508802391228 0.2246599818736243 3.2690184504761564 160 135 106 137 
-15.778541793686713 8.506116740989443 -5.811559289224561 -23.50366420005572 4.46041599807254 0.6603214163069544 3.1962654622743223 107 138 161 136 
-15.938764307995642 7.761743456949593 -6.201058815440414 -23.564610456786593 4.624822675062808 1.0572784217359954 3.1466133769454965 139 162 137 108 
-16.24509743675881 6.8679071604818684 -6.534101534279088 -23.73816693529294 4.743599283460489 1.410819299549313 3.114659034160308 163 138 109 
18.069744040454815 6.779526910277466 0.5626122612739228 -23.79273431294413 -4.979451231988684 1.0639987124238035 2.0093277046247304 111 141 164 
18.029954646078963 6.9520780370925666 0.4834611237291181 -23.802562415725294 -4.887193971165637 0.7341139822961528 2.1034078809269436 142 165 140 113 
17.396204501741597 8.309795927612083 0.17863037870866327 -23.628360572899954 -4.7569465480803705 0.35389396477830637 2.2145029033406534 114 143 166 141 
16.624422082203214 9.90832159612085 -0.24705010880977285 -23.567528606619582 -4.564250686314288 -0.07313704665101818 2.34600415061508 144 167 142 115 
15.68307880534324 11.648559081165317 -0.7689380149878466 -23.62700014572166 -4.297600049250539 -0.5265689663655471 2.4934110205096975 116 118 168 143 
13.971113834308063 14.545827037062173 4.636361343637075 -23.857024675100458 -3.9355630953718985 -1.0279118671939784 2.221485958058507 146 176 168 118 
12.517321543790855 16.148577540944625 3.839157025249085 -23.87200050170337 -3.5271314901558806 -1.4620982314685587 2.365605825432617 147 178 145 119 
10.664984830970164 17.40457726696111 3.180426771645499 -23.656014428915082 -3.053567665000122 -1.8512863250583136 2.489880997301967 179 146 120 148 
8.609685373475266 18.41672109464328 2.703747274386339 -23.41940582209433 -2.525230945649221 -2.182401528664961 2.5871460853701107 180 147 121 149 
6.4564674916338625 19.23186235600302 2.387819358063528 -23.256987926148152 -1.9527140652832535 -2.446573694908439 2.6570992719545403 150 181 148 122 
4.2482168669403855 19.86856513957309 2.1795352383925777 -23.200343157402475 -1.3468390424831336 -2.6376096380655927 2.705216569012464 123 151 182 149 
1.9809409210752122 20.26460195814342 2.0280233480018466 -23.18755948718661 -0.7184494670494923 -2.7510991558982525 2.7393667660902485 169 197 150 124 
-2.6235083199958487 20.09331533395014 1.789530382977435 -23.07475245661572 0.5636903831772998 -2.735091151556735 2.789877807256035 199 169 127 153 
-4.907014684313448 19.5708153300148 1.6955077037927768 -23.029105906418362 1.196377740538687 -2.603604098483494 2.80616815814859 183 152 128 154 
-7.1566944604692235 18.78404928507515 1.6416295590458274 -23.02726306135103 1.8081400732446755 -2.3908048091891976 2.808600912917746 155 184 153 129 
-9.38729528427875 17.807201076656384 1.6458549448848179 -23.159901524383717 2.3863628643991506 -2.1001388352559083 2.790201202882133 156 185 154 130 
-11.548744439526912 16.61412876555169 1.7159650228964483 -23.394782470027565 2.9187258344410316 -1.737869481384827 2.7467249870740735 155 131 157 186 
-13.414315833519478 15.134179628535808 1.8283260459752457 -23.53646145082074 3.395035367714062 -1.3138519798300252 2.6794708999396946 133 158 187 156 
-14.78756743683274 13.477185605362237 1.8984749270684813 -23.484186072083247 3.8089018407788595 -0.8422651445005571 2.596035347045502 157 134 170 188 
-15.477502117205919 10.819499216772067 -3.2776050545087982 -23.36733134700953 4.106693878360373 -0.30584855819545825 2.933964844786111 170 134 135 160 
-15.918749074977969 9.79857142215592 -3.621656954837747 -23.384393337087612 4.385513155113019 0.17438012044641338 2.8452510598772873 161 171 159 136 
-15.954558893058609 9.386589002792185 -4.158620001835464 -23.407513473901986 4.613807586204594 0.6239481736357367 2.766913120600886 162 172 160 137 
-16.1631643209555 8.57290553846029 -4.792334958134595 -23.50446087596718 4.794121684861206 1.030489479798019 2.708989777147468 138 163 173 161 
-16.49874541549219 7.4417765659923765 -5.334278070695138 -23.65873341650739 4.924347668154761 1.3885981167496588 2.6697914931438937 174 162 139 
19.57358607258994 9.476452312976953 8.658325724336276 -26.856689406643056 -4.920618313644889 1.0244536567408258 1.600987213075519 194 140 165 
19.654430319953303 9.281246026682576 8.50701079893214 -26.82967895420118 -4.839270068138 0.7040014696397808 1.7065975270426643 141 166 195 164 
16.578216239631374 9.593023797408385 7.151133216611938 -23.83231310175666 -4.71520548734716 0.32323154426209244 1.8081005741382796 142 167 196 165 
15.835323823141218 11.09932880961055 6.348078133782516 -23.663735342220992 -4.529334939464552 -0.10840760613813581 1.9289607695272384 168 177 166 143 
14.996851059212084 12.794468557141153 5.489513934996382 -23.69837937331427 -4.2707241520531 -0.5681369153218034 2.070672224900092 175 167 144 145 
-0.3232930252833581 20.343078589246268 1.901834068259139 -23.147863439139034 -0.07815398355599001 -2.7841215435220135 2.7665823418600963 152 198 151 126 
-15.67839581900947 12.07348462456725 1.8000694455715578 -23.417297754027455 4.159557228113594 -0.3437072825232652 2.5086779264590664 171 189 158 159 
-16.15162266486249 11.22638010944719 1.4318660020491736 -23.414798334433314 4.451336766725649 0.15129081334971378 2.4284966310502725 190 170 160 172 
-16.187076523427354 11.056521144142362 0.7531358594010426 -23.405832786946394 4.6941932078854816 0.6098948162506608 2.3574396447782826 171 161 173 191 
-16.647559574399992 9.958608364802176 -0.06782283642642066 -23.438632387473042 4.888382709924153 1.023983593341274 2.312190701789029 174 192 172 162 
-17.188320494980232 8.431647211380556 -0.7600442547656934 -23.504169021921673 5.027567312828317 1.3999372084577186 2.305081247642034 193 173 163 
11.83394146090282 12.629383634722977 13.084291962013499 -23.629215501004683 -4.1244840661081295 -0.5583444506005875 1.698517273417328 205 177 168 176 
11.303629008628272 14.275787467265568 12.052144512063773 -23.800270855517052 -3.809413093417155 -1.0115640827236185 1.8432813822435352 175 145 178 206 
12.211103764953307 11.001069472889208 14.182349180698555 -23.61013076927822 -4.3650245377426105 -0.10559011874212926 1.5645579833741023 167 175 204 196 
10.382789571905104 15.768332096582276 11.078739882222775 -23.86506777123632 -3.4205092040041962 -1.4395690497893088 1.9810187052320691 179 207 176 146 
9.037945899707921 16.92688460612681 10.220634609654924 -23.70069505166501 -2.9646038467524742 -1.8229374131650127 2.0982922557286794 178 147 180 208 
7.413165010913119 17.83832471605352 9.570904356563737 -23.482420370657692 -2.4518441214336892 -2.148459081454609 2.1886372842422315 181 209 179 148 
5.5955996864654844 18.546241253215662 9.124313737093082 -23.291497443934198 -1.8934937837069337 -2.4072904197170795 2.252765492368297 182 210 180 149 
3.6330019214132174 19.05375175756546 8.832717099111749 -23.14771803312366 -1.3012963545380956 -2.593675079506136 2.2968208895554256 197 211 181 150 
-4.795318777469881 18.805775274894497 8.410191332621942 -22.992072686857906 1.1866009301923248 -2.5606331606730484 2.394822352573342 214 199 153 184 
-6.820736973502265 18.177012203817686 8.479157668399155 -23.07976569402632 1.785757445812542 -2.352903662295634 2.397828885401228 154 185 215 183 
-8.768646917404457 17.364303609697632 8.673658335484848 -23.26018774994533 2.351815317749118 -2.068128497641008 2.3800796430724054 186 216 184 155 
-10.56298832778825 16.314392428549155 8.98155219720048 -23.446923084163178 2.872337012178311 -1.7122934802848462 2.337239648389394 185 156 187 217 
-12.072871797310922 15.034931446732067 9.35142751618735 -23.54642311454029 3.3376619604790205 -1.2951902827897759 2.27072383082887 157 188 218 186 
-13.156813332452797 13.58616341047865 9.667089230348031 -23.44159758013526 3.743136027674267 -0.8304040958131673 2.1887713032730574 189 219 187 158 
-13.946832802024744 12.389479243125866 9.879502045116013 -23.40682640608042 4.091963535735271 -0.3345125786211016 2.104690654518361 190 220 188 170 
-14.444932337175803 11.759099872275083 9.819631645820456 -23.452047846788748 4.396618954301092 0.17412106650295311 2.0315147899478716 221 189 171 191 
-14.473939721317405 12.050769251757096 9.393840239253596 -23.4800745841642 4.662421690889412 0.6405070939092811 1.9893084432215287 190 172 192 200 
-15.785344998083874 10.299398713638215 8.55199887359805 -23.571510998994892 4.874363836213986 1.0413879972163755 1.993211783181247 193 201 191 173 
-16.911046282690222 7.531274606173716 7.983426842890027 -23.53599441266781 5.0250814763702 1.4079313895419998 2.04996888743437 192 174 
11.141964014789343 11.377025435058746 15.207637522587415 -23.54461376273435 -4.756284083058469 0.991536713799315 1.2903192139414847 164 195 
12.269317196762895 8.788075389695885 15.861894964651329 -23.70990872333875 -4.66032193750714 0.6865708772498494 1.3758193593476327 202 194 165 196 
12.4040189932394 9.493279415674909 15.182868580379496 -23.6585934892623 -4.538487548937712 0.31765142258016166 1.4569170432209777 166 177 203 195 
1.5640543162832992 19.343230850032175 8.641127643186131 -23.04632255423285 -0.6867890494766229 -2.7039959157482127 2.3288602309977535 151 198 212 182 
-0.5664909591820034 19.399615187108047 8.51152923782435 -22.984470433790428 -0.06066417989246746 -2.7360572232752505 2.3552810838755383 199 236 197 169 
-2.7026885610059845 19.21921065728283 8.430833991300137 -22.965559326533292 0.5672130996357754 -2.6885114435735944 2.37832227405293 198 152 183 213 
-9.253853731502353 8.763265341444248 19.061481272895904 -23.56299719720129 4.575071249814809 0.7879004556828538 1.7321618497583318 247 191 201 
-11.323451414393137 7.013143810318822 17.80242356661166 -23.472386375563083 4.775578448654184 1.0865867616541494 1.783392152158814 192 200 
7.8005954315273565 7.264772020811082 20.581263658033247 -23.871361976402614 -4.3661926691737705 0.6914382057519977 1.125407787178277 195 203 222 
8.230696794194754 8.181909920033126 19.928256367778147 -23.847170577242412 -4.244591402307655 0.3396346127682941 1.1807997051256316 204 223 202 196 
8.48922107463029 9.793750742587001 18.93868011968435 -23.82498771261472 -4.092085487275029 -0.06502320461077324 1.2738451125259398 203 177 205 224 
8.559146864249355 11.337375065187006 17.788452476866404 -23.742179006612695 -3.879913698240076 -0.5001954689152006 1.3956455323063448 225 204 175 206 
8.457146997197897 12.808131631017087 16.72853229767646 -23.77711433343316 -3.5944234572237455 -0.9366728900149937 1.5273574004716464 226 205 176 207 
8.041891871505397 14.180759412751264 15.792619343528212 -23.841404092850397 -3.2339462793253158 -1.3484776613111258 1.650815014452412 208 227 206 178 
7.192464036037284 15.252288676691583 14.918815072618916 -23.692261050266968 -2.8049632785682226 -1.7160994324399996 1.7535356679908842 209 231 207 179 
6.018666189689286 16.10883788740613 14.237801655959924 -23.504579096833368 -2.318481066875105 -2.026428569893772 1.8304561484377238 232 208 180 210 
4.581573313278402 16.769038942578625 13.751479128447686 -23.325346797253996 -1.7871118985881003 -2.2712052271632723 1.8834166911706354 181 211 233 209 
2.9317514033875223 17.232703927650157 13.428621406039127 -23.175675090873614 -1.2233131792712304 -2.4458896764730866 1.9191376040025674 212 234 210 182 
1.1254337089976203 17.479709329163367 13.233086675409513 -23.060039876419747 -0.6384314309878278 -2.5482554481805035 1.9458776884900983 236 235 211 197 
-2.647900962653318 17.28888123851278 13.178118441361903 -22.985441822177247 0.5551745838288967 -2.530710722787094 1.9924659227791064 214 238 236 199 
-4.44582080505961 16.85335367360121 13.341292015042107 -23.038793970358075 1.1448096246983395 -2.4084623539755183 2.010920271704049 215 239 213 183 
-6.100479982613532 16.217656544740322 13.680953097599756 -23.16915992781221 1.7150704094845126 -2.209866374580514 2.018268723964313 216 240 214 184 
-7.761715544258589 15.75280564456224 14.487069030203529 -23.855897122708797 2.2531424363597443 -1.9366869014717367 2.006908044964704 217 241 215 185 
-8.69742411697624 14.312266745773824 14.946345886633804 -23.504035832376843 2.7461748239641066 -1.5942920401890648 1.972017145427894 242 216 186 218 
-9.543820788728048 13.181576573361301 15.914200318243385 -23.764285680791094 3.1839885623280897 -1.192621871315159 1.914315542091715 217 187 219 243 
-9.741549743168964 11.735055788466848 16.680025058782668 -23.517846635805714 3.561844944501101 -0.7460311764513163 1.8407623815971705 220 244 218 188 
-9.758818128973866 10.61782297881858 17.61032905396455 -23.578910409744893 3.882225012024597 -0.2724513300878723 1.7622092882252172 221 245 219 189 
-9.508993711389925 9.822482159278847 18.41453936639546 -23.643214105847846 4.1535523439893 0.2079059878936921 1.6883588438111907 190 247 246 220 
4.736745666899704 5.208022871216417 23.338789646614963 -24.46392322730068 -3.948882890267717 0.7145657172360136 0.9165648840550019 223 249 202 
5.393602004139255 6.505008594648103 22.5319459405374 -24.259675175127132 -3.8664405737925867 0.3775328846280297 0.9646229267499705 224 251 222 203 
6.073237944937703 8.266007026815894 21.40311807329524 -24.073113198302 -3.7507855664082452 -0.0037660411964281423 1.0433262311492952 252 223 204 225 
6.646498722285781 9.900428182820688 20.244160146081253 -23.993221579722547 -3.5741504618270645 -0.41444126410755977 1.146626830889216 226 230 224 205 
6.935367276946456 11.406152808162295 19.132297068249237 -23.968275688123907 -3.322093798704339 -0.8275691374939522 1.2579687573975404 227 228 225 206 
6.805697417742965 12.758637917400904 18.100025937464782 -23.908983329182952 -2.9929930049701228 -1.2167317955583716 1.3607864529773144 231 229 226 207 
7.2081917326964655 10.510051751246394 19.65033748024749 -24.041028412202348 -3.0146855870848865 -0.7036780766365632 1.00589129605479 256 230 226 229 
7.021990606897151 12.0795432594159 18.64129513410487 -24.000123632101467 -2.7167193359777517 -1.0656947702867057 1.0839405780171174 258 228 227 257 
6.9639465149575805 8.769442644555872 20.753557579651748 -24.084243724299256 -3.2343511649895778 -0.31714695267993565 0.9196328191571952 255 252 225 228 
6.244854121174791 13.887727560836318 17.188242455767906 -23.766081416287246 -2.594821657391366 -1.5617560771477221 1.4438980543879547 232 257 227 208 
5.3185372778718065 14.825448691594723 16.468790162516857 -23.617399342184243 -2.140551564888721 -1.8497659746184631 1.5034351418589493 260 231 209 233 
4.073003041486018 15.54439533369653 15.913089655708843 -23.44641705924013 -1.644173044439387 -2.0739221084269217 1.5422206410249806 210 234 262 232 
2.5700943391503626 16.047041661936696 15.509009822103797 -23.28528418211573 -1.1184516244645626 -2.2315498645335614 1.5673861155398683 211 235 263 233 
0.8792223595355785 16.28697698172711 15.220964405525919 -23.11740449755479 -0.5741004612423611 -2.32203039440121 1.5870994639019194 237 265 234 212 
-0.7627565628129234 17.499832888368747 13.148998161461417 -22.993617136376624 -0.042502658401741514 -2.57693948883965 1.9697363253487694 213 237 212 198 
-0.9023145561169943 16.310904342927845 15.093105847874762 -23.03942957798007 -0.020043484830324615 -2.345016850864015 1.607279677880645 238 268 235 236 
-2.6900332261289153 16.121666890440533 15.139894888908751 -23.073763612827744 0.5355171109602541 -2.2995536681564532 1.6296690178751472 239 269 237 213 
-4.388618213533156 15.681355102030246 15.348282519817575 -23.170123693737775 1.0836841441989782 -2.184144537626014 1.651367275934675 214 240 272 238 
-5.911948002505291 14.984770195413358 15.728724508245248 -23.30076809199799 1.6137556328377758 -1.9975759834184363 1.6658904675706185 215 241 274 239 
-7.186718673392319 14.064976982381394 16.316833328835806 -23.47509557443593 2.1130638962866217 -1.7403447872649065 1.6655044541987925 242 276 240 216 
-8.099479186006041 12.90058805262025 17.06786912388183 -23.596244686564344 2.568081838179981 -1.416675191355956 1.6445228001125167 241 217 243 278 
-8.582461022004948 11.609324846399984 17.97185127077759 -23.693714806839477 2.9668459109744916 -1.0364033186727795 1.6020194339968792 218 244 280 242 
-8.613470569408438 10.305302035852298 18.917211458445305 -23.732665261055196 3.3018185327276814 -0.6159903337522408 1.542704773386086 219 245 282 243 
-8.3050200893243 9.215999021304558 19.834528616057767 -23.801396480246183 3.57146487685816 -0.17939058602532074 1.475097411966302 246 284 244 220 
-7.770529366749363 8.49212771572793 20.556800585886275 -23.838456898036814 3.779197781196226 0.2423129461307006 1.407101824852453 286 245 221 248 
-9.424706436567435 8.329487634088142 19.220835963373695 -23.634287756601104 4.29159879357115 0.6239500513126013 1.5860304371162126 200 248 221 
-7.380466810815962 7.461650926062807 21.085050112131356 -23.75616938010156 3.934540164715984 0.6289999227846564 1.3480043293327442 246 247 287 
5.07019351510236 3.9882025830424213 23.612618507401102 -24.64196281304212 -3.467013573490742 0.7536845459571012 0.7261573904137111 251 250 222 
7.330927117289191 2.509393728617174 23.296631696439047 -25.06262639249077 -3.0128298234101285 0.8020837622584769 0.5337919406622658 253 290 249 
5.757790441550714 5.046692071954715 22.985220637707943 -24.483611243633483 -3.444629372597294 0.4282645523576797 0.7738285749261652 223 252 253 249 
6.415944688650842 6.9192170948482445 21.91321149535702 -24.22851263709936 -3.374245044499588 0.06815873529410763 0.8384214682239616 224 230 254 251 
8.072507269649876 3.4272278664057705 22.761422109617488 -24.98498494516684 -3.025886082001379 0.48837106640370975 0.5723035778091522 292 250 251 254 
8.546538757942384 5.653085088007858 21.632427644727564 -24.596791900642213 -2.9909561484109504 0.14537496670790812 0.6212698238282217 255 294 253 252 
8.725847809417168 7.90197108613588 20.25377831465559 -24.163227255736352 -2.882317517756035 -0.21664503045160363 0.6805771064482513 254 230 256 295 
8.57047036248286 9.981834181671774 18.976425755667922 -23.893402256048113 -2.691428639007154 -0.5754057691872724 0.7414666618364568 258 298 255 228 
6.391827813668267 13.37690158504509 17.726240468434856 -23.861338785053817 -2.350987417723294 -1.3834174441577025 1.1446047227943255 259 229 231 260 
8.062540407866395 11.860804415749303 17.940241088704077 -23.813031293480986 -2.4232549488286166 -0.9074830706895018 0.794402405446653 300 256 229 259 
7.218431529403251 13.513792728687232 17.147095639874774 -23.85945921416687 -2.0906273058138134 -1.1955729251734386 0.8330801811962993 302 258 257 261 
5.392076491370274 14.42495855933757 16.967136540094995 -23.686949416490556 -1.9322509525402725 -1.6451618841973255 1.1853261212269943 232 262 261 257 
5.964082375081616 14.755505146177303 16.378304367428758 -23.704125723257278 -1.7090968046368955 -1.430229103779082 0.8565300763529108 264 307 259 260 
4.08773065094443 15.226135054428548 16.360132345763244 -23.495812978690072 -1.4753429318854665 -1.8458352311876811 1.2095485198466298 260 233 263 264 
2.533159147698339 15.768546043712002 15.886732507933758 -23.296020926849117 -0.992954620433508 -1.9843721324734314 1.2241635399540325 234 265 266 262 
4.440477021320259 15.68867502362143 15.752536261442597 -23.530644377309443 -1.2934130845355816 -1.6077662195157596 0.8682568027334878 261 262 266 308 
0.8031504085565188 16.05251025289622 15.558007944424341 -23.130376622147974 -0.4950271931413709 -2.0614549848280013 1.2367488998142324 267 263 235 268 
2.6900320748153645 16.272594257664853 15.22552735200968 -23.294977128746932 -0.8557784340365614 -1.7279202673789764 0.8742363530884254 267 312 264 263 
0.799326831484627 16.56416929570228 14.85295691173716 -23.102396002481353 -0.4054415881860387 -1.7920546417239431 0.8810845694576828 270 313 266 265 
-1.0190933945573961 16.089790801219692 15.400717803842888 -23.051993705437027 0.010732503365465669 -2.077729709778014 1.252946698381842 269 270 265 237 
-2.853077181394924 15.878649092866898 15.431347799342463 -23.08040794417442 0.5175200399479595 -2.032671569527365 1.2746352394578473 272 271 268 238 
-1.1660567739486258 16.626903220128536 14.693616891285206 -23.05692455845511 0.0507814557567578 -1.8014666750519739 0.8939436336759842 267 268 271 318 
-3.1577413711362903 16.42728042422532 14.738010425734709 -23.135549608478353 0.5070917780813818 -1.7560909355698353 0.9147724647730173 270 269 273 319 
-4.615081265200894 15.413005179530144 15.662418723684675 -23.210639667012384 1.0176961231094288 -1.9245497225971135 1.2993386221070566 239 274 273 269 
-5.117758682566654 15.962564771270094 15.00860590529589 -23.350404031543842 0.9568126846308076 -1.6543221472186407 0.941618657585943 272 275 323 271 
-6.210381610968369 14.6435474691854 16.06665328374432 -23.36267200574957 1.5013904732891867 -1.751415240445658 1.3210797928361502 276 275 272 240 
-6.950159586749236 15.128238112535865 15.447977175692365 -23.57144482643866 1.3908426109586525 -1.494020515782882 0.969188077383031 277 325 273 274 
-7.5480506181295395 13.593526878201756 16.66214917486069 -23.529731011399274 1.9561169953460944 -1.5128118586178325 1.332347831130363 274 241 278 277 
-8.509114278025102 13.866636607667498 16.004934826447435 -23.685574345370465 1.7971524855169398 -1.2744698918978745 0.9906225389836145 275 276 279 326 
-8.524131013850818 12.288666828831213 17.442000115549007 -23.67931916685373 2.367562035426213 -1.212062958352522 1.3268138110556889 242 280 279 276 
-9.681081323422436 12.25183222924678 16.698029762617583 -23.714160782372165 2.1615361711199554 -0.9986169508559545 0.9997086544675359 281 332 277 278 
-9.011551824182677 10.81867374492356 18.354634274601565 -23.768557472648826 2.7217991319820456 -0.8588827554007108 1.30181613118003 278 243 282 281 
-10.379844531282929 10.474628075315264 17.57202348403634 -23.757322343885697 2.470060194500329 -0.6754725638362533 0.9929045350378145 283 335 279 280 
-8.979384835676154 9.359355696662268 19.319736413960726 -23.803885159543125 3.008869318179947 -0.4711988827979363 1.2597703070353887 244 284 283 280 
-10.590575410743353 8.761019660537443 18.618474260011933 -23.8959615922097 2.713318014710395 -0.32179889801138856 0.9710201049733799 281 282 285 340 
-8.524329329723878 8.156333453496039 20.232889788325075 -23.830851303479058 3.227757900548974 -0.0741336369623879 1.2076907877782723 286 285 282 245 
-10.302958079345608 7.377618996007415 19.673849137724538 -24.063113886452935 2.891947237094974 0.03954183549835858 0.9390215859686131 283 284 288 341 
-7.844761442744284 7.425577830933765 20.96822362747146 -23.866253346975096 3.393094234418146 0.3081158611738511 1.1551815572793693 287 288 284 246 
-7.3584632755080195 6.839828099925965 21.49267196194478 -23.919081055779152 3.537017633148529 0.6707139532319925 1.1147471523213948 289 286 248 
-9.573451465800566 6.685508263189216 20.456711552648716 -24.098075105693102 3.0218685329521744 0.3865378999639655 0.9038026478396752 344 285 286 289 
-8.862999812138469 6.6936495093016095 20.80802394600745 -24.024791150541553 3.130697116642195 0.7092975536085868 0.8719994412489098 346 288 287 
11.232184165552628 0.5799179287065824 21.974671225825855 -25.70828731511488 -2.619779154866837 0.8575253460646095 0.3206795547660137 250 292 291 
14.713907199250851 -1.1340549654992802 17.89363480677562 -24.723127419551385 -2.3075074553566424 0.9184146431090909 0.08251932093421527 293 348 290 
11.88706719732 1.4626656356008096 21.356375174974936 -25.56721016406961 -2.6463665763294126 0.553003175416495 0.3430158715199494 293 290 253 294 
15.35659633635956 -0.41165749468523105 17.431950706761253 -24.80053426062101 -2.3308563556335073 0.619157988055639 0.07990345878901087 292 296 350 291 
11.94081200170373 4.3064709978697815 20.144929337919194 -24.899977866038434 -2.6296528009385085 0.22419220808338672 0.37205458749477205 295 296 292 254 
11.434538191923476 7.19069715515618 18.564674195244724 -24.05120626086496 -2.541290834312176 -0.11626868131788574 0.4081287344403726 298 297 294 255 
15.777134425680106 3.0707520381506024 17.183226553615437 -25.05161598079225 -2.3170995557152643 0.302242858182903 0.08219671635440548 354 293 294 297 
14.674866043796301 6.744930985514876 15.832274098862936 -24.07551751858458 -2.237789580177452 -0.01831580987820539 0.09150191383700473 296 295 299 357 
10.690317522579011 9.810123636855119 17.25494055722871 -23.634077225191497 -2.373667679906917 -0.44729206178461134 0.4443102024404988 300 299 295 256 
13.384858223475907 10.093512281885936 14.760650769200344 -23.723837029436503 -2.0868381186156078 -0.32355023903445207 0.102985298239723 301 306 297 298 
9.750821509626727 12.186317130664834 16.33589667388125 -23.669632564842715 -2.133244502870676 -0.7491835558625426 0.47401590257345627 258 302 301 298 
11.943155347699559 13.08115682661828 14.016578457968164 -23.903288729969287 -1.8705247640213711 -0.5981118799680045 0.11196203698787452 303 304 299 300 
8.506531577030982 14.222286056483608 15.623211826193158 -23.83048381361623 -1.8332480891758873 -1.0085302287853355 0.4935555218215253 259 307 303 300 
10.174151723764922 15.537752516812406 13.38040350906237 -24.138394171977296 -1.6004038765278317 -0.8324860603328319 0.11594278319863735 302 309 305 301 
14.37200244685173 14.374125864539895 10.805392359083555 -24.503257491432052 -1.6595485530551533 -0.4623948299286045 -0.2938171392104102 362 306 301 305 
11.97546958804132 17.173088150904686 10.256428643553091 -24.688406920482755 -1.4129610061681945 -0.6784514804845385 -0.30304940746718395 363 304 303 311 
16.44324403362224 10.854278982940905 11.383210440475038 -24.361778445758983 -1.857332384328195 -0.20886911342833483 -0.2834976183981828 360 357 299 304 
6.901589324887945 15.784927585674058 14.955763604911207 -23.842827508266 -1.4885422742301384 -1.218200346192886 0.5030170159191769 308 309 302 261 
5.013889528333972 16.841081873985637 14.319004764068657 -23.67038601555106 -1.112838587397289 -1.3753146757097523 0.505413737875613 310 307 264 312 
8.056820780561592 17.34594576172773 12.745719106506462 -24.173025127944225 -1.28907795976442 -1.0214639400696952 0.11500088221662161 311 303 307 310 
5.717456159734746 18.540520100992257 12.143479287671456 -24.031407466838672 -0.9485728481202298 -1.1624408766189633 0.1113025168278702 316 309 308 314 
9.31325126307282 19.227020366883025 9.716889550469872 -24.756493544434402 -1.1275954841064026 -0.8529207434817617 -0.31204263156535417 366 305 309 316 
2.954687483643624 17.47307046880506 13.777584501723885 -23.42942598021443 -0.7176052734348888 -1.4797099599642558 0.5055477562537951 308 266 313 314 
0.8075182181114594 17.79044444462058 13.405453857571178 -23.260643142394343 -0.3116937031612629 -1.5327385490475054 0.5088372938723044 318 315 312 267 
3.2764168818217927 19.27228150272074 11.652729840657267 -23.867750739584523 -0.5896410810416772 -1.2547722325965067 0.10841557143512658 317 310 312 315 
0.7931627469583926 19.653421818678808 11.32153914497459 -23.787024855103514 -0.2211567341114396 -1.299257880327051 0.11047988860887088 320 322 314 313 
6.505764834728486 20.62163171233621 9.221807381536737 -24.72787985691556 -0.8138095897986255 -0.9830345354117147 -0.31970336589842446 368 311 310 317 
3.6407629540176325 21.50504345202399 8.819833768687577 -24.70228796732658 -0.48179016404400254 -1.0673779518346524 -0.32368019231501033 322 369 316 314 
-1.3893848879368036 17.86423388037637 13.247987573413566 -23.25262852043032 0.09833754020763746 -1.535886320436155 0.5196595217332146 320 313 270 319 
-3.6317749330425246 17.698541964135693 13.318230416538725 -23.42419478162788 0.5069466753176769 -1.4895117731206935 0.5398873807742046 323 321 318 271 
-1.7170240276135083 19.746557180035577 11.174789523216255 -23.845426308174485 0.14992087481703714 -1.2972357737990623 0.12094955680729448 372 315 318 321 
-4.276858294268461 19.543849789729567 11.2139283988005 -24.042422401899287 0.517591544039485 -1.2494492371734323 0.1414239997970459 319 324 377 320 
0.7607445741407887 21.960502136679533 8.534499378184742 -24.726212614948206 -0.1407001444673351 -1.1060131272191582 -0.3210182762725856 315 372 373 317 
-5.889188827446741 17.221989620542015 13.600007505444347 -23.71977799495164 0.9078149708433001 -1.3925635800638634 0.5681025402161917 325 324 319 273 
-6.879025919009349 18.96995198271085 11.42813352331469 -24.330770695624043 0.8753876573678727 -1.155668700715755 0.17088029280845102 327 331 321 323 
-8.078378047036853 16.302908886037834 14.040992226634323 -24.00928535456652 1.292386361028389 -1.243416161519966 0.5998250470493142 327 323 275 326 
-10.009506127848304 14.81009230479205 14.552484167637699 -24.107445013507597 1.6495709008394317 -1.04163447471734 0.629024867679031 277 332 328 325 
-9.468597536932567 17.890952140085343 11.784488586103613 -24.611898062195106 1.215232486269088 -1.0152203188991467 0.20564026893842394 328 329 324 325 
-11.855493873639807 16.15081032939651 12.20997778604223 -24.713238516031065 1.5274632575822227 -0.8282213602099486 0.24058813081821057 333 330 327 326 
-10.968025812032407 19.645367456594165 8.63619838931652 -25.390901711852205 1.167936127307038 -0.8229960583292565 -0.21699703318996144 331 327 330 382 
-13.797501333841398 17.626239003029823 8.89098425284765 -25.465604101688374 1.4445252920111382 -0.6460103138244859 -0.1766040115297405 334 383 329 328 
-7.993547331312705 20.970712093644483 8.442028622665841 -25.200028950002213 0.8633084580962054 -0.9580833914052501 -0.25512672589000657 329 379 377 324 
-11.516071589235711 12.795636159694363 15.116365934298093 -23.994053217738998 1.9666764626642237 -0.7898889520397292 0.6501682442595469 333 326 279 335 
-13.83425232096633 13.754081662928874 12.662815775599253 -24.5779509174548 1.8017221189536174 -0.5970062975117332 0.27114563126181224 336 334 328 332 
-16.29345200446134 14.901452950109327 9.173708791196917 -25.397468710495794 1.6850927298501919 -0.4292434911687741 -0.13726354862499107 333 337 386 330 
-12.530550315639298 10.556452254424398 15.82532363131388 -23.878075441975984 2.2319806944353293 -0.49598084661528785 0.6600825458994252 340 336 332 281 
-15.254130778342416 11.031035794623643 13.193842426726262 -24.376255697299815 2.029343484850864 -0.3282096924671263 0.29542281826235467 333 335 338 337 
-18.187449054431692 11.814916341606375 9.506692461917241 -25.2792408293267 1.8833901098117 -0.178768751962912 -0.099426854341001 339 388 334 336 
-16.15811114493583 8.440096229923526 13.895930333916132 -24.36402545679474 2.2064704580527055 -0.03509604695885039 0.3149654937645036 340 342 339 336 
-19.40339097521851 8.88975763823331 9.943908232538192 -25.244140266394314 2.0373484623030786 0.09192654094969371 -0.06057087067370322 337 338 343 389 
-13.10215303201795 8.432589826746735 16.76635773883376 -23.981690725043528 2.438672042376378 -0.17449239741867018 0.6592691548591828 338 335 283 341 
-13.189908136415855 6.763846546158093 17.84359552007247 -24.255356288155976 2.5884731305182167 0.15367108626906445 0.6507429512335775 342 340 285 344 
-16.539555254180815 6.429421857182295 14.757601645570652 -24.545757293964176 2.3363603259746077 0.2618785737001957 0.3323538102537445 341 345 343 338 
-19.929875681248628 6.709883508125082 10.514305086265791 -25.276215948782806 2.151852948410668 0.3617421398961768 -0.017743537019042223 391 339 342 393 
-12.681994575836816 6.001393435749546 18.742139577021636 -24.39111347753961 2.6939667307120434 0.4653482295160143 0.6371313711516741 288 346 345 341 
-16.23207197503286 5.549653986685145 15.584845720969575 -24.60973467143253 2.43091225504263 0.5387991048312581 0.3478040297093232 344 347 393 342 
-11.842031095888695 6.539410114210785 19.12011226642591 -24.28228621044183 2.7776402494195582 0.7454797508631136 0.619662674150352 289 347 344 
-15.212072078845363 6.823590152281356 15.924990950969905 -24.352352029487164 2.512462155416238 0.7796843986963222 0.35887707735130453 397 345 346 
18.943723201939545 -2.0369728934176354 13.52347429557728 -25.275943679217352 -2.0816397893681122 0.9740323088298208 -0.1766791209619526 291 350 349 
22.92625735666881 -1.5861953353684297 7.856740748101602 -26.34869785007997 -1.9431045798890267 1.013841425337342 -0.4479820395947264 351 352 348 
19.304287903670733 -1.4949371660312283 12.950332646298383 -25.218231481942542 -2.0934615341695224 0.6829585580142963 -0.21382336590954615 354 351 348 293 
23.06176342783967 -1.3910055817062175 7.290441961820369 -26.28606376391262 -1.9415220481121855 0.742405050402301 -0.531864521239193 350 355 353 349 
28.575675718686302 1.254047051136319 1.4937179838116454 -30.5429536754013 -1.8847705591970203 1.042187114613995 -0.7308268639430591 349 353 
24.67991019156983 0.39863566342881235 0.6873675425864322 -26.606286505182712 -1.8766919503466153 0.8007959453445543 -0.870414963186468 352 351 356 398 
19.60528480508234 2.3752304496620997 12.857987958035936 -25.412520075545178 -2.074499649549967 0.3782310976086512 -0.246542746802973 296 357 355 350 
22.858488676443372 2.643124612544981 7.2274109638766095 -26.077980118323463 -1.9171331349021328 0.45274073990061 -0.6064323833914266 358 356 351 354 
24.69850268129452 3.9820534342748584 0.8173084607780822 -26.837102504542464 -1.8529865811350266 0.5263140446353257 -0.9841064213971252 359 400 353 355 
18.22417329426955 6.777671719642984 12.077816234670975 -24.62421882358666 -1.9973626540800544 0.07529625439334944 -0.26907960611396475 306 358 354 297 
21.584873062274074 7.460349854826951 7.1263388560362495 -25.74459226801621 -1.841182955636428 0.16352563395843478 -0.6640493933796165 360 359 355 357 
23.85776862183441 8.735258980745318 1.1372776675843024 -27.100029408279074 -1.7810629757418752 0.24394184470221436 -1.0744500250628635 361 402 356 358 
19.36504625910994 12.00051598061575 6.887358189088952 -25.464202156475846 -1.7081188986397309 -0.10804636934208503 -0.7056606818490402 306 362 361 358 
21.51340353206864 13.392748769833121 1.3869901981513728 -26.8925150938016 -1.6524927627500725 -0.02619234056351628 -1.1441700811416775 359 360 364 404 
16.60846036682692 15.805931212266458 6.560227120862993 -25.358300499810497 -1.5214794211395462 -0.35065644502907645 -0.7358147723651736 360 304 363 364 
13.625734651620116 18.811553448137946 6.203902717155691 -25.419952610426773 -1.2885238587669434 -0.5579218282114968 -0.7586433990259382 366 365 362 305 
18.230908593842006 17.196514120921027 1.4657618575211526 -26.464375635400454 -1.4692983463615918 -0.2703966503644997 -1.197349094313024 361 362 365 406 
14.814180123287278 20.187921201146896 1.4142616959606813 -26.305665747419017 -1.2386747848178674 -0.4803090528861201 -1.237691811953682 363 367 408 364 
10.5089802250385 21.10334396383034 5.849705665078366 -25.56101571206653 -1.0179236782070455 -0.7257239779692876 -0.7759707391600045 367 363 311 368 
11.422238161029338 22.625864781898706 1.294531388845172 -26.495411542178296 -0.9696797421959236 -0.6506544974929143 -1.2669717430863288 365 366 370 410 
7.297274802060468 22.740758437347015 5.515441817537876 -25.703072548546825 -0.7190892326247337 -0.8508991989471517 -0.7877072427703288 370 366 316 369 
4.026671085100535 23.798715866531413 5.224156403892971 -25.835647213782057 -0.40187487318618575 -0.9313937614491614 -0.7924953404402316 373 371 368 317 
7.9670034498239675 24.50909452106527 1.137568543553131 -26.833055037300987 -0.6720046283647039 -0.7775948232271168 -1.28553761791178 368 371 411 367 
4.40535303712274 25.763687940809533 0.9663672079759561 -27.140618534630658 -0.35560806860025124 -0.8586696712390967 -1.2926299224596765 369 375 414 370 
-2.120006926631614 22.03884285694382 8.378920521171914 -24.826766226075776 0.20173344722520842 -1.1000380162061851 -0.3091446443209914 320 377 374 322 
0.7478328528194973 24.31979008826245 4.9918486653395835 -25.953509839661596 -0.07572333955665245 -0.9666987288251223 -0.7883143494244915 374 375 369 322 
-2.501357273554053 24.34000434537024 4.828546637231724 -26.057998562772053 0.25091084366625777 -0.9577250648100792 -0.7733185272563686 372 378 376 373 
0.8128810184922903 26.354629705266962 0.8012420300447873 -27.34231535848413 -0.03009489265735875 -0.8930915429116537 -1.2868584373894927 376 416 371 373 
-2.722381015818437 26.296483578296602 0.6514846843708533 -27.414088980532696 0.2955822913270773 -0.8816692680213267 -1.2670047309938375 380 417 375 374 
-5.035862132259684 21.729548231951313 8.350003068056482 -24.993794718483922 0.5386975850496334 -1.0505326381881666 -0.2868726555835566 378 372 321 331 
-5.755085814473597 23.86258396839944 4.730711400841841 -26.145252383407996 0.5703727155598399 -0.9057928918848256 -0.7468673036476067 379 380 374 377 
-9.020836953071768 22.847299727374832 4.6935979476771745 -26.2103722969817 0.8752019854912256 -0.8121022209899189 -0.7101613228828755 378 331 382 381 
-6.224130155191723 25.617914646611478 0.511386888127301 -27.370612212135615 0.6130555565337608 -0.8258179743611042 -1.2331201044782927 420 376 378 381 
-9.68676404645888 24.326043989050472 0.36731234009987734 -27.249574623973352 0.9141369123088938 -0.7270661929004678 -1.1871149864715846 379 384 421 380 
-12.293387110505723 21.21463655879033 4.701476022659953 -26.25087013008602 1.1580013769364956 -0.6777531365049481 -0.6660326920059889 383 384 379 329 
-15.451000506502204 18.921716480901594 4.739124755682228 -26.277268767427312 1.4119378635719273 -0.5040972305449979 -0.617684336090419 382 330 386 385 
-13.124865705262389 22.417108043528405 0.19258430622842101 -27.128878583616494 1.1910340599663316 -0.5871199389618241 -1.132076263751731 381 382 385 424 
-16.466113086709317 19.97124894851213 -0.03224850319263977 -27.1477393994378 1.4371441878035371 -0.40807716261834703 -1.0706780691888123 387 425 384 383 
-18.36777532384167 15.967819709594202 4.786066103856489 -26.326719587121463 1.6307153998664885 -0.29332728327720226 -0.5671008377575112 388 387 383 334 
-19.673915817774986 16.98706780255758 -0.33953176659963274 -27.390331030087484 1.6466718073672337 -0.19278515523096204 -1.004098711790136 390 427 385 386 
-20.663470418948553 12.692204999827327 4.874746349882843 -26.392072997904187 1.8093173815613022 -0.051781674918261134 -0.5136805037672155 389 390 386 337 
-22.107470200191226 9.628080168791563 5.061465227044796 -26.416981097971473 1.9461351713553678 0.20553083863501473 -0.4550388411416932 391 392 388 339 
-22.217372480576856 13.74679600709722 -0.6475052397075318 -27.66346543647549 1.8149952459383978 0.05143880336741303 -0.9316430744554255 392 430 387 388 
-22.652170734783013 7.535456580021235 5.460346138444931 -26.352143603963626 2.0466554946795403 0.45591825001004754 -0.3900382566032641 389 343 395 394 
-23.705450449361383 10.758724003548304 -0.8332792648507248 -27.695102193553897 1.9410849713228546 0.3083468332299559 -0.8527871476235442 394 432 390 389 
-19.756772736314215 5.867217750090523 11.160517828855413 -25.20859769720358 2.241257549227835 0.6068973843210834 0.03218954873432161 397 395 343 345 
-24.23136221887224 8.909367709826103 -0.7128845354923792 -27.56052941349284 2.0311890076392998 0.5546586794894295 -0.7713900126604007 396 434 392 391 
-22.37526848225564 7.357897725657734 6.186174169707401 -26.216920110242505 2.12635511065456 0.6769662273714003 -0.3185880961656316 396 391 393 
-24.117721348689535 9.004456269121304 -0.08573461123461805 -27.488386192056254 2.0998864779590303 0.7690846437854131 -0.6980712722462032 436 394 395 
-18.492524189583524 8.139534724828613 11.57521997200242 -24.885083582385487 2.3319939302322137 0.8051541137689466 0.09564100560434469 393 347 
24.586457053635506 3.2060828411229347 -5.462891892401478 -26.92424558285905 -1.8977885979914115 0.8657869585037817 -1.2241690631850017 399 353 400 
23.086828256316434 5.963354189501914 -11.212449259316466 -27.343789900330915 -2.002611585288219 0.9468199487450997 -1.5699067598503516 401 438 398 
24.67138254421557 5.869222195980034 -5.424967538233672 -27.37410072146168 -1.8796600394820384 0.5969457147001637 -1.3597707136595938 402 401 398 356 
23.09854755219357 7.914720227107738 -11.066771038864768 -27.738292098537194 -1.9878921917269705 0.6650504776167718 -1.7145958349738888 403 440 399 400 
24.233599819260036 10.189988704042111 -5.053954529879075 -28.087692046809973 -1.8140767050308502 0.3119647067347146 -1.4769640119109964 404 403 400 359 
22.847867439610102 11.557784453676595 -10.671558766290362 -28.581236478490364 -1.9269420323745736 0.36580501805200244 -1.8529784342733229 405 442 401 402 
22.27025755313171 14.746504507697225 -4.504085176209438 -28.26994026294707 -1.688634840560126 0.03217605972068939 -1.575579923136015 361 406 405 402 
21.440485486119844 15.818648578931771 -10.02018463103007 -29.207979502117944 -1.8026828922842566 0.06582393690932661 -1.9806222393940192 444 403 404 407 
18.924227592395 18.417512541337096 -3.9743144184481 -27.754337517594365 -1.5033455507810496 -0.22560557384220534 -1.6567333258085555 364 408 407 404 
18.53426690810171 19.3459472333641 -9.184785417496512 -28.96354806770142 -1.6118263661817387 -0.21571504030903832 -2.093901725905626 405 406 409 446 
15.311783570351626 21.184417307930154 -3.6466355552993432 -27.32475163976146 -1.2656495045371892 -0.44970656427557815 -1.7209231518450416 409 406 365 410 
15.094365603867887 21.864453440378004 -8.493381237945892 -28.446041127008378 -1.361071350579368 -0.46362382640758026 -2.1875901026912183 408 412 448 407 
11.844798916784349 23.5787279236225 -3.516259515291458 -27.458319161044837 -0.9861186403472081 -0.6323887180772795 -1.7680361099933084 412 408 367 411 
8.363931440191488 25.628166769904958 -3.51278051965268 -27.956007243579773 -0.6759922718824146 -0.7684472277998647 -1.7978374327499123 370 414 413 410 
11.73463395648895 24.03541739051344 -8.09532638772402 -28.427953655537554 -1.0624525577328499 -0.6670702600309354 -2.257954376805837 450 409 410 413 
8.406307839929806 26.062369262260564 -7.932859472726526 -28.945655747841062 -0.7292312556375984 -0.8188540148660829 -2.3031234708893225 452 412 411 415 
4.713030875934478 27.070412947749205 -3.568411251741312 -28.436071550727736 -0.3461777976968883 -0.854917951696762 -1.8097095802582597 411 371 416 415 
4.878394219533117 27.615848856478266 -7.872504759629933 -29.538323993603267 -0.3738907681551314 -0.915126821206252 -2.3218894318940673 414 418 454 413 
0.982327166187015 27.74076098711538 -3.6452187235895033 -28.70961842799896 -0.006649682221999277 -0.8908994228200138 -1.802686656439061 418 414 375 417 
-2.6763178162765047 27.61912135896292 -3.732439347778757 -28.72319699258736 0.3333577119312981 -0.877218556294842 -1.776133154089877 420 419 416 376 
1.2182909696496758 28.367117254428532 -7.837008106136214 -29.86439597655664 -0.007440483739913503 -0.9547524185054672 -2.313597528553008 419 455 415 416 
-2.377790878106985 28.241860929745997 -7.814604489630304 -29.82865485819797 0.3603622120913379 -0.9386675811019083 -2.2783182230010124 422 458 418 417 
-6.272618738435603 26.770442914686893 -3.8477988648667396 -28.524975331255085 0.6648833352795647 -0.8152856160012463 -1.7310310954045565 422 417 380 421 
-9.780578523990272 25.255583982666344 -4.023066936760277 -28.203323879995985 0.9787753425664463 -0.7067132014709672 -1.6704019051089356 420 381 424 423 
-5.917366947314658 27.314977637840602 -7.835252214848859 -29.495673094639525 0.7196621864804557 -0.8683879516847757 -2.2184322344900105 460 419 420 423 
-9.35112810133495 25.706996370003978 -7.953387035373277 -29.017811889751904 1.0600391281167556 -0.745555613375783 -2.138376313980858 421 426 461 422 
-13.239427981240913 23.1877692064641 -4.318948195345982 -27.956237055054086 1.2660652263729886 -0.553678727760506 -1.5981961462088055 426 421 384 425 
-16.622312749244976 20.775398629678165 -4.794742433741368 -28.04655359196768 1.5191847813089272 -0.3593011354936127 -1.5173130475114727 424 385 427 428 
-12.74484548661126 23.632994317292383 -8.280611839604397 -28.708203604405057 1.371113248035169 -0.5725800114770987 -2.043061325247138 423 424 428 463 
-19.92459052147639 17.92775483758566 -5.508473411348167 -28.490546572345664 1.7316787422920494 -0.12779562458250543 -1.4291579782506854 430 429 425 387 
-16.047443668076138 21.36011508078173 -8.928499986156401 -28.869228836765675 1.643684426989932 -0.3536407596628668 -1.9363127347157847 426 425 429 466 
-19.180906585819983 18.633983256780034 -9.942337050933533 -29.324569270961522 1.8702403073113605 -0.09429458660207823 -1.8209269726995183 431 468 428 427 
-22.61594396684179 14.97838900611894 -6.310714252656159 -29.090117018598168 1.899062370526309 0.13185116010025713 -1.3346911565667954 432 431 427 390 
-21.221753416352854 15.650660220025944 -11.002662508395357 -29.443072874511557 2.0462833414526 0.19396906494014138 -1.7013497927825991 430 433 469 429 
-23.56644019068234 11.987388314709706 -6.823328445804451 -28.639870467304757 2.022041219992661 0.4029101516424572 -1.2369420960866089 434 433 430 392 
-21.97918719667392 12.928389025140406 -11.824358900384055 -29.033800519432116 2.1741748032220363 0.4922277652064851 -1.5845350362090953 432 435 471 431 
-23.951947582513977 10.293495807321708 -7.039434196413939 -28.403020369856407 2.109052661919227 0.663999455552925 -1.142806928455492 436 435 432 394 
-22.11003639930721 11.373719314755933 -12.267134908302902 -28.685228434467465 2.2649479576505374 0.7810001248462202 -1.476543065281453 437 473 433 434 
-24.033042183691425 10.120737285216935 -6.775277166536121 -28.36646573077495 2.175696698120591 0.8977447695620293 -1.0619361080481031 396 437 434 
-22.168844809959683 11.202017466625152 -12.224926864537231 -28.657406842825164 2.335817267600588 1.0492767362996367 -1.3790370220945711 476 435 436 
21.145394182930183 7.9657213338104675 -15.514339938536986 -27.887387783605764 -2.1707009678227838 1.0247595793684936 -1.8823012485113824 399 440 439 
19.580737928907745 9.201316862958961 -18.50974761235738 -28.55267797409294 -2.350589681703269 1.0864713237507875 -2.12753857168124 441 478 438 
21.068672435008878 9.540536136715254 -15.302020066096466 -28.163969668704862 -2.1554858876805376 0.7266708859376527 -2.0316976492484047 442 441 438 401 
19.44838433248779 10.742742646046544 -18.17462357299998 -28.74870676627466 -2.344869353507033 0.7755750576033644 -2.29575898433254 443 479 439 440 
20.778823269422883 12.607268544156515 -14.856915398875252 -28.856761087783685 -2.097352807952154 0.4049131282031967 -2.1910084932145897 403 444 443 440 
19.01603598384912 13.441199092758545 -17.621785767224164 -29.200295697437024 -2.2954401128093034 0.4272956085577131 -2.487654055634426 445 480 441 442 
20.15887833716647 16.856727080303806 -14.499991220448427 -30.316668708129075 -1.97261762662519 0.07619797158292141 -2.349598909458838 446 445 442 405 
17.816867810693235 16.817521935385326 -16.93813671586533 -29.723689219318455 -2.1718445560790265 0.06513960114632558 -2.682523119462926 444 447 481 443 
17.266747937515202 19.797975863866654 -13.340032254144718 -29.691339926633823 -1.7735530958717445 -0.23618718319538812 -2.4962051181027762 448 447 444 407 
15.743840303951144 19.819194079366035 -16.089562824038154 -29.876629554772126 -1.9627241431743265 -0.2796106231630859 -2.8593320674213496 449 482 445 446 
14.333104786913081 22.213433830952233 -12.529736356308257 -29.422609107827945 -1.5063973146162086 -0.5135476238794608 -2.6205380437102597 446 409 450 449 
13.339357035920989 22.185056028812074 -15.35465335725704 -29.942301019928482 -1.6769407189151484 -0.5865596771253312 -3.0091065579916347 448 451 483 447 
11.283346637900017 24.2363438703856 -11.968650562987527 -29.412594855195664 -1.1845062702590552 -0.7425738762356694 -2.7160596533819987 448 412 452 451 
10.72381803946302 24.279376758262366 -14.825799678232753 -30.221245107602773 -1.3306397108151244 -0.8413482343933423 -3.126762841966459 484 449 450 453 
8.185582540259798 26.06749824648061 -11.652239835861065 -29.799212241196088 -0.8225489664486723 -0.9140687849598595 -2.7785520189504935 454 453 450 413 
7.894255615281256 25.969359709330625 -14.414135961731075 -30.543207773500228 -0.9391068427892546 -1.032865945368581 -3.2050994809891167 451 452 456 485 
4.893357519074193 27.540306712877022 -11.464448290861576 -30.32040871775342 -0.43423687248706894 -1.0228841868525498 -2.8048866785349142 456 452 415 455 
1.4561622937222463 28.291038490872204 -11.30494180231387 -30.604854140013995 -0.03212513426196135 -1.0673373296366746 -2.7944261111309694 418 458 457 454 
4.836011557933555 27.228735934901426 -14.073581088549401 -30.850656757075633 -0.5160524736814729 -1.1545727305160813 -3.23802031308448 454 457 486 453 
1.654075578326031 27.919936778154383 -13.793322972777775 -31.03216193656577 -0.07474402556770408 -1.2037441024181117 -3.2234758407703 459 487 456 455 
-1.934208292587138 28.266334135085675 -11.181844437387072 -30.59252639691969 0.37252248347999706 -1.04854099847926 -2.748392853987555 460 459 455 419 
-1.4867895996852292 27.959320082768457 -13.599942239162626 -31.01035104629701 0.36954124884048273 -1.182151554116878 -3.1655166964308057 458 462 488 457 
-5.330659936838326 27.409779360100046 -11.094448536792205 -30.225205325731803 0.7679454329156283 -0.9685675166748886 -2.6714731852362945 462 458 422 461 
-8.653067234952996 25.880336717822217 -11.113823423955605 -29.70596552893809 1.1422587888315394 -0.8293609488973023 -2.569865734918165 463 464 460 423 
-4.734099559025181 27.295275199150556 -13.448534546101605 -30.72952647302055 0.8018462351561995 -1.093028731028438 -3.072075277792467 464 489 459 460 
-11.960409191868452 23.89170933726524 -11.371304515269147 -29.358558079626725 1.485214997884723 -0.6323808089891869 -2.4480446117899572 466 465 461 426 
-8.051578852599166 26.19814737331234 -13.472493805235734 -30.544895461817628 1.2096117475081503 -0.939142986291736 -2.9510254236241704 490 462 461 465 
-11.212439669901736 24.052082567372246 -13.456735298615236 -29.84898526772401 1.586174667102775 -0.7186190811255372 -2.8039142626860367 463 467 491 464 
-14.944200142830084 21.53116762557298 -11.96286301394806 -29.212084371834003 1.7868272273224588 -0.3815171175057478 -2.310250690269809 468 467 463 428 
-14.036215924679716 21.705892878959613 -13.880402089956759 -29.51912018883005 1.9256450916605563 -0.4290328950488056 -2.630714107982988 470 492 465 466 
-17.921208023287317 19.05967842860594 -13.213842066266741 -29.783015300225724 2.0371534366589428 -0.08416399909684369 -2.1626285124848885 469 470 466 429 
-19.48087425825339 16.137250435657226 -14.417426022169536 -29.628953497593265 2.230192892846757 0.24389497545304828 -2.014402365806721 471 472 468 431 
-16.682556225144175 19.262488156039247 -15.289485377552195 -29.93733870630848 2.207988975416841 -0.08677722489628562 -2.4474487374791565 472 493 467 468 
-19.88452561793183 13.551267274619184 -15.418677834764 -29.102857645891127 2.3687338384808996 0.5787612449830595 -1.8754781436758372 433 473 474 469 
-17.932453940130074 16.438777563618967 -16.558456881977545 -29.65613318819459 2.4213678357598774 0.2847499911105852 -2.269261741252435 474 494 470 469 
-19.795966728890114 12.110794454043669 -16.024026854709664 -28.723773401316258 2.466373281745038 0.8995973744604294 -1.7518944919504575 476 475 471 435 
-18.1196373935066 14.005242567525938 -17.692126657973297 -29.14244934745166 2.5725939877944417 0.6618429813968573 -2.103619167850368 472 471 475 495 
-17.872810043623144 12.653619869279293 -18.49754490110838 -28.831222232241092 2.6767979881563924 1.0168529641017652 -1.9602470606806879 477 496 474 473 
-19.768237645870588 11.899368682862788 -16.117797182345914 -28.66852561962873 2.542511563857671 1.1960227856077998 -1.6437277925116351 473 437 477 
-17.72309836276613 12.315985691754248 -18.787307413968087 -28.760564956665473 2.7563727850498023 1.330432085884365 -1.8452898843564418 497 475 476 
18.598689424910933 10.16325102811671 -20.226075484502868 -29.125522849137297 -2.5034261108926623 1.1200563649509008 -2.30460004780355 439 479 
18.470675926102732 11.641108023960733 -19.77429469556321 -29.262706675582372 -2.528465955089153 0.8120392202968022 -2.511273188838117 441 480 478 
18.037637458802394 14.07784061302939 -19.09721099653206 -29.58219867100107 -2.4959116134565336 0.43572754023664073 -2.7481834899156503 481 479 443 
16.82522307323744 17.115465505463405 -18.33457385809163 -29.933803139749998 -2.3754802089962217 0.03909113731993738 -2.9828789492777856 482 480 445 
14.86681870528669 19.806176381021782 -17.413396721940693 -29.965899759435118 -2.1551324249114474 -0.33438029098069877 -3.1840195213967624 447 483 481 
12.731371238009901 22.10162251023804 -16.66685735501884 -30.139468460799186 -1.8494185778052028 -0.6667934108062875 -3.3516831013403294 484 482 449 
10.306714809949815 24.092579361650383 -16.041177988240626 -30.38842211020694 -1.4779155774547774 -0.9434714060630971 -3.48403706768936 483 451 485 
7.703213134180713 25.832478042671703 -15.594064119445752 -30.814102880251614 -1.0574649276011587 -1.15186686768694 -3.572718041686407 486 484 453 
4.803625638427123 27.08639716765559 -15.186920466724267 -31.116755161469648 -0.6015980657030917 -1.2849445619405189 -3.6106351006833934 456 487 485 
1.7551442368220018 27.719367351105383 -14.846780399543764 -31.219365065251928 -0.12007866024863892 -1.3373452205505214 -3.588597253098625 488 486 457 
-1.2363961668748786 27.754908908151034 -14.710474063058165 -31.190653667625284 0.3603281985719831 -1.3142590140372867 -3.521066458802151 489 487 459 
-4.387077231656698 27.192167621219063 -14.54681738622731 -30.956546998086672 0.8214236554610486 -1.2197527474379684 -3.4178835045671656 462 490 488 
-7.721734981059398 26.388405601450785 -14.57996238771165 -31.00798687481963 1.256662638662314 -1.0553182811277977 -3.2822031923491566 489 464 491 
-10.807892529622404 24.1221595130433 -14.332439550693026 -30.05582709101453 1.6629058510403627 -0.8159931510899727 -3.1151251780158518 492 490 465 
-13.65284694231666 21.814568560588775 -14.528616477753749 -29.64592223953056 2.048202758133013 -0.48083225318725176 -2.9025649542850323 467 493 491 
-16.024170263044553 19.356261322096476 -16.154338802559213 -29.967834245660082 2.3674333853293037 -0.09283870234265926 -2.6832421266862734 494 492 470 
-17.268379848780523 16.606757357458577 -17.295072877383745 -29.658843833542047 2.5966885819111356 0.31384169451774574 -2.4800504279367015 472 495 493 
-17.49236100304614 14.256515041198153 -18.38151818315462 -29.191996333733538 2.7616718178597797 0.7395324286582368 -2.2829673425193615 474 496 494 
-17.18589146602314 12.943540536502306 -19.306589165744533 -28.93802449371982 2.869856166193948 1.135276614600512 -2.1111254282249803 475 497 495 
-16.971647093199373 12.48089743929661 -19.753570534998644 -28.878055610023644 2.9295567079745526 1.43595330033703 -1.980941829457449 496 477 
