16 18 19 20 21 22 26 27 28 29 30 31 32 33 34 35 36 37 38 39 40 41 42 43 44 47 48 49 50 51 52 53 54 55 56 57 60 61 62 63 64 65 66 67 68 69 70 73 74 75 76 77 78 79 80 81 82 83 84 86 87 88 89 90 91 92 94 95 96 97 98 99 100 101 102 103 106 107 108 109 110 111 112 113 114 115 116 117 118 121 122 123 124 125 126 127 128 129 130 131 132 133 136 137 138 139 140 141 142 143 144 145 146 149 150 151 152 153 154 155 156 157 158 159 160 161 162 164 166 167 168 169 170 171 173 174 175 176 177 178 179 180 181 183 184 185 186 187 188 189 190 191 192 193 196 197 198 199 200 201 202 203 204 205 206 207 208 209 210 211 212 213 214 215 216 217 220 221 222 223 224 225 226 227 228 229 231 232 233 234 235 236 237 238 239 240 241 242 243 244 246 247 248 249 250 251 252 253 254 255 256 257 258 259 260 263 264 265 266 267 268 269 270 271 273 274 275 276 277 278 279 280 281 282 283 284 285 286 295 296 297 298 299 300 
0.35587978006830073 4.78531459784415 -0.09506470856370097 -3.6748197303470693 1.4875692196883068 1.3809805546538 0.6996498735570773 2 16 1 
0.43561764859487223 4.779727108864212 -0.2914563643794673 -3.695843387954577 1.4810509428445497 1.39663432502582 0.7666892317677642 0 17 
0.26186681269802875 4.7692208664876405 0.4191550487993876 -3.620184413491379 1.4793785525549392 1.365655849697509 0.6081176158227108 3 18 0 
0.3153659691017222 4.725059497169119 0.856698471146383 -3.570805664027186 1.4519381498298518 1.35836517391913 0.509022959807626 4 19 2 
0.5462178743536629 4.598212189126893 1.4448209764675624 -3.501575092725435 1.4058280081135215 1.362663683942136 0.420083085491735 5 20 3 
0.771165708846642 4.42191918217906 1.8674131350972227 -3.4509088449507965 1.3340665718551405 1.3761581554635136 0.34706656645481354 6 21 4 
1.055352307751411 4.2524227235173075 2.15147247031572 -3.414127758191888 1.2380224370413038 1.3943233598598894 0.29400035345735764 7 22 5 
1.3995858257590235 4.101811296196888 2.3131175497888172 -3.3887021984977426 1.1344792952839096 1.4158885161815964 0.26483970732253337 35 6 23 
2.8418203544177167 3.39707144545916 2.2280217558374007 -3.3888467322148985 0.6750355125586024 1.6135845424767679 0.32920769074505346 10 27 9 
2.610422999311265 3.5080294681168684 2.355382162890066 -3.3867918177176324 0.7525523452278152 1.5634995838229133 0.2976126207643594 39 25 8 
3.018261338015713 3.306945189454332 2.0796432176525617 -3.3835161068234356 0.6056923913661019 1.6605634585413762 0.3725326007193936 11 26 8 
3.1799442306023193 3.2110607456377718 1.8905471714912043 -3.3707795687521482 0.5451065868061512 1.700570317851467 0.4292839972359149 10 12 28 
3.3162326374608457 3.1191603531396486 1.6650356055796296 -3.3536343313971915 0.4950543325488973 1.7317788557207223 0.49879403062560546 13 29 11 
3.4246007349663876 3.035283605333309 1.4130238013758956 -3.338552456857438 0.4582951669917062 1.7531243308196296 0.576110879081174 14 30 12 
3.494121617896066 2.973023298445038 1.1867971116384677 -3.331813092773016 0.43564945046652553 1.7650138164020015 0.6525181655377329 15 31 13 
3.515602015865482 2.951893298938844 1.092897469587481 -3.331381970419447 0.42333971783082736 1.7710124952991708 0.7183484131759609 45 14 
0.2638136775221941 4.7548848154788415 -0.09422636723411239 -3.675386231551436 1.434849655733208 1.3603540246291432 0.6880454951052238 18 46 17 0 
0.3240062309204362 4.748903808079642 -0.2979943508042303 -3.702136501810293 1.4370295144883505 1.378566225771952 0.7537689269794556 1 16 
0.19726727646021755 4.748004756015551 0.42038439407942546 -3.622043734244942 1.4253014996545628 1.346105465899389 0.6082870764169073 19 47 16 2 
0.24304179013625898 4.699891083623503 0.8638522361095606 -3.5710584133078456 1.399945627768113 1.339232799303119 0.521965380801295 3 20 33 18 
0.47481798165908035 4.562404929054546 1.4775570326257483 -3.4959671963543064 1.354181230299408 1.3419967802078887 0.44112050373259304 19 4 21 32 
0.7360141680684283 4.398005205895937 1.895208189080162 -3.447748653366934 1.2862717934032213 1.35334463837853 0.3750754987965523 20 5 22 34 
1.0302247235243727 4.225664708764854 2.1869684403854164 -3.4123882538738504 1.2010454310161651 1.369389148939785 0.32863040725657605 48 21 6 35 
1.7267623094087978 3.9379102035327103 2.4164173068375994 -3.373869764023596 1.0332307298743506 1.4418899109397347 0.25572818339360287 36 7 24 
2.037691051532947 3.775126311397081 2.4656820749632207 -3.3728591543902753 0.9336311915640023 1.474824087243361 0.2605792353352343 25 37 23 
2.3306119950935438 3.635044588222179 2.4435336317036938 -3.3795060047673267 0.8387950149950641 1.5159055185642627 0.27522547816060156 9 38 24 
3.0253698303349186 3.2733432108641005 2.095755073694535 -3.3802810383410877 0.6115450359497994 1.6144711490399406 0.4090616136392357 27 10 28 40 
2.845187166825259 3.3632556281422046 2.2541909539882377 -3.387811427639351 0.6768208361247025 1.5713895927557895 0.36694665493040635 41 39 8 26 
3.188920702478926 3.1784382984087873 1.8983739929476346 -3.366480996910161 0.5546433111375569 1.6513075945202276 0.4635637055751129 42 26 11 29 
3.327163075038568 3.0832495096837613 1.6679019628078104 -3.348889710425019 0.507991610750819 1.6803138932043997 0.5293994032865132 43 28 12 30 
3.437652754542542 2.995902040785658 1.4119797095320623 -3.3347096049781917 0.47332434911808174 1.702161466965357 0.601657233127076 31 44 29 13 
3.5069948115972145 2.935596371080681 1.1831115791640328 -3.329444827630635 0.4502736322445122 1.7193349536905922 0.6729930590664224 30 14 45 57 
0.3423838591338127 4.48852228789149 1.5507540901171482 -3.4854275750215504 1.2969772660438785 1.3166481756049024 0.46770772894489554 62 33 20 34 
0.0646050303850724 4.624390587871497 0.9038385015590868 -3.5654010600486528 1.3408115214422995 1.3157571409924862 0.5385921630740417 61 47 19 32 
0.650248502366078 4.330021798001919 1.9779020997306074 -3.4393359665982763 1.233843190520431 1.32571489934464 0.40968099071324815 48 63 32 21 
1.3724837289195697 4.0514565385387105 2.383356208848506 -3.3896994111481176 1.106815147199645 1.3893641296821169 0.3026429049219716 7 36 49 22 
1.7100986353956151 3.885297638720977 2.49141516513638 -3.380191273883091 1.0109772592950594 1.4140872436384333 0.294426142342621 23 37 50 35 
2.0310024223356176 3.731608499246718 2.526888377822928 -3.3813250600837605 0.9177119861785418 1.4448516875329125 0.2994457218509936 38 51 36 24 
2.328514274208328 3.5969276443416467 2.492279367128684 -3.386086452071557 0.8299588543289707 1.4824845566672844 0.31375556401900995 52 37 25 39 
2.6105858138018663 3.471950051726799 2.3934716982116067 -3.389335293068191 0.7495775549637043 1.525818746891419 0.33584841789961967 27 53 38 9 
3.035563067111088 3.19039280629237 2.1448931989586604 -3.371846732742817 0.6182833730584494 1.5599446722495274 0.45237827951084814 26 42 55 41 
2.848365034486924 3.289885749101803 2.3136429043416578 -3.3846252306895046 0.6789395090152319 1.5211978134848998 0.4115569921204946 53 27 40 69 
3.2059864146047694 3.0861078793626815 1.9355090976501181 -3.3543133520521367 0.565409481689046 1.5935043020995057 0.5045151555418779 54 40 28 43 
3.351304030404068 2.981752206759363 1.693332385192734 -3.3360210918629596 0.5222039401074724 1.6208286460488348 0.5663699796212656 44 56 42 29 
3.467960120027252 2.8857121255353317 1.431201101088576 -3.3245079546007124 0.48986959493447835 1.6433799707586696 0.632983226589045 57 70 43 30 
3.525349115442801 2.920214468501941 1.0955140736626932 -3.3294849472596115 0.43499508614457844 1.7344090885850387 0.7386072268091639 58 31 15 
0.004000101027859069 4.654057103656278 -0.053125362215169725 -3.664876356937731 1.376972286140877 1.336234485335635 0.6791378149439317 16 47 59 
-0.010956191753737948 4.665764853537191 0.454147822211513 -3.618836564572455 1.3659361444809224 1.3232245806935554 0.6124075866107173 33 60 46 18 
0.9775025593777712 4.161454042863609 2.2724547448980457 -3.408881052278351 1.1571543572701735 1.3395489955387943 0.3693650467680158 49 64 34 22 
1.3388478277172815 3.983251373523487 2.4770702580006274 -3.3921637695569027 1.0724678819953422 1.3573546583246625 0.3470022049316919 50 65 48 35 
1.6915829330641632 3.8174800292420596 2.5848649470494784 -3.3885807573238633 0.9852162174111196 1.379874553592737 0.3402319839269136 49 36 51 66 
2.0236465820183343 3.6683074428676203 2.611284481439268 -3.392471682368721 0.9000962702981011 1.4079095796290415 0.34545656794595486 52 78 50 37 
2.3261133284126383 3.5347929224392916 2.5671591048310782 -3.3949872911732157 0.82003329514977 1.4417862415421638 0.3594609948068336 53 68 51 38 
2.6101579109126614 3.4056771717384295 2.461051933633968 -3.392584231213333 0.7462396599418054 1.4804926450846747 0.3811361862744682 52 39 41 67 
3.2287796600293848 2.957376362877905 1.9915787237391418 -3.340270253695879 0.5765767403992703 1.5268091309202942 0.5516582386571054 56 82 55 42 
3.0486057710896537 3.076833864800644 2.2127580200221004 -3.3614738705412095 0.6250857832705924 1.4963711890102167 0.5025313383755765 54 81 69 40 
3.384145296880189 2.8402912539808107 1.7371479575752267 -3.322690789893546 0.5367859226302452 1.5533125890237218 0.6087314874106778 43 70 83 54 
3.5401992748933755 2.818974318275943 1.2071420970630629 -3.3222491501402813 0.46733909775651267 1.664392605877423 0.697749907148832 58 71 44 31 
3.5568263366977635 2.809102925046062 1.1318236434922089 -3.3243334609173374 0.45057735321079606 1.686947536487556 0.7557875268297106 57 45 
-0.33619738897910284 4.50830589938007 0.006579665018048458 -3.664354527067402 1.3207824452610306 1.309601200846389 0.6764213947098117 60 46 
-0.27123161742019297 4.540594556546867 0.5352309428870561 -3.6084451704593747 1.3048220073107468 1.2960634056425062 0.6228238449739367 72 59 47 61 
-0.16656949367907353 4.514624650498273 0.9663820670399486 -3.5598353279686066 1.2784922174333815 1.2871672667743679 0.5600962793427382 73 60 33 62 
0.1716146024065836 4.385235069288538 1.6566069156011485 -3.4760632456145757 1.237092672191695 1.2858961727080336 0.49948473898060974 74 61 32 63 
0.5338758960534828 4.229982290354382 2.101470100122478 -3.4316173247846176 1.1788830483979997 1.2922049108603373 0.45030634469076275 64 75 62 34 
0.9067029469048673 4.0656797181761135 2.398313679279523 -3.4062321423795705 1.1096969117496078 1.303379032836372 0.41645868046298695 63 48 65 76 
1.2999974364309357 3.8928673000355167 2.5962963612106367 -3.396006513792999 1.0342432922461064 1.3186138542097714 0.3980521991571616 66 77 64 49 
1.6720821516227282 3.732178624756877 2.694918565905615 -3.397597530485155 0.9567017304119341 1.338406906448384 0.39304670204656045 78 86 65 50 
2.610016174260783 3.3175141174210077 2.5455055991297484 -3.395193633097591 0.7420402118927492 1.4267060549399215 0.4336999516789639 53 69 80 68 
2.3237002635259763 3.4522656008420674 2.6584658242550487 -3.4034200930214715 0.8088581076310128 1.3929660817988128 0.41241626277623533 88 78 52 67 
2.852561631882308 3.1909593949345076 2.391243447476867 -3.3802117293715233 0.6806492770160368 1.462232204266103 0.46331677996112264 67 41 55 79 
3.507724979823174 2.7365702898824447 1.4689213701507624 -3.3155192357006555 0.5066421470924214 1.5772822350733489 0.6693177077159732 71 84 56 44 
3.5788324415733177 2.6687572852743333 1.256777960323064 -3.3157039655443343 0.4851979971475204 1.600730155620124 0.7274606236602021 85 70 57 
-0.6261303820269233 4.313616896926654 0.7499183758921609 -3.580708851934677 1.2442553969507402 1.2626181428859906 0.6385339957618361 73 93 60 
-0.5107815840120539 4.315797762940149 1.1008429040371757 -3.55502918344981 1.2182090128659422 1.2529135903042485 0.5858762014340317 74 94 72 61 
-0.06791435827599172 4.212356793397989 1.8409942604132576 -3.4703464891853066 1.1795343583042612 1.2494055224452638 0.5350558831896148 62 75 95 73 
0.37764107853634177 4.069258384425921 2.298690784649838 -3.4279110993819355 1.1257895999014467 1.2523826454323488 0.49501904798805013 63 76 96 74 
0.8148927582141123 3.915581314205934 2.5876926439490577 -3.4070672010967815 1.063236599537043 1.2602654738756245 0.4680794877393092 75 64 77 97 
1.2515085114355824 3.7556106609599853 2.7655600643867886 -3.40258313726417 0.9961735504527598 1.272576467956954 0.45387628067407726 86 98 76 65 
2.0160318845496303 3.5862717140580096 2.7112884959486645 -3.403288446588916 0.8807630787075975 1.3632178462965918 0.3986092813884061 68 87 66 51 
2.8564751719924173 3.0508712857461653 2.499932236883382 -3.375530839068807 0.6808581210934214 1.3957192402024852 0.5205264177726375 69 81 90 80 
2.6077408610250843 3.1903920589118266 2.6608769363004128 -3.3972161405303147 0.7365405613250652 1.3653497474907723 0.49160894839337527 102 88 67 79 
3.06419621975182 2.9179147052955186 2.3118968893962095 -3.351270957034233 0.6303235119578053 1.4253950702990767 0.5579742236639265 55 82 89 79 
3.2566063535148837 2.77855182957928 2.08144894266491 -3.3279954539554146 0.5862020427540815 1.4531643781100148 0.6034623742168004 54 83 91 81 
3.424311011275887 2.643768837648625 1.8191678919925685 -3.313154396512132 0.5498408850270685 1.4796192240950807 0.6547049748212774 84 92 82 56 
3.5559997329997146 2.5292825272984856 1.5486277608980694 -3.3109975326824337 0.521782558353502 1.5059101767896585 0.708335517324693 83 70 85 103 
3.627525560488949 2.459353468591448 1.3454482972595547 -3.3133008819565943 0.5011069350686888 1.5320415313984554 0.7614592023980178 71 104 84 
1.6477728083145171 3.6056324584533623 2.8438696536985284 -3.407756534521964 0.9278213403081583 1.289494058695251 0.4507685339750458 77 66 87 99 
2.0049246435542774 3.464986968813317 2.844198569481804 -3.4134389487821317 0.8607398831787619 1.3109810532805894 0.4568097600983902 78 88 100 86 
2.318326347288346 3.3310339091805483 2.7808451152095057 -3.4108344648458035 0.7966760860936133 1.3365651481612992 0.4705662784155152 80 101 87 68 
3.079013960549369 2.7169621486509055 2.4416620752856564 -3.3456712793132746 0.6318703696785495 1.3494258328607094 0.6164430892041963 81 91 116 90 
2.858971611668225 2.87125762042934 2.6347309020016443 -3.372543044277507 0.6781465773235069 1.3234570433301873 0.5807099938251709 115 102 79 89 
3.2822483595081438 2.554720637257389 2.210923949680789 -3.3234213942449076 0.5915862722266619 1.3752390256531544 0.6582046099515737 89 82 92 117 
3.45934797678439 2.397513704358691 1.9542508902444844 -3.3127270509906834 0.5585329951868314 1.401857277472593 0.7032609624103684 103 118 91 83 
-1.0216256325377826 3.9929114822967535 1.0637397640487916 -3.567983006024051 1.1888778041355623 1.2219518262654248 0.6585844245480954 105 72 94 
-0.9170571068279757 4.011937097837186 1.3085906282652773 -3.5574852025810064 1.165200888649677 1.212566584695253 0.6147544989670185 95 106 93 73 
-0.3348766264447254 3.958364961035982 2.1063467545228955 -3.4740177152805862 1.129103813825703 1.2065747885831548 0.573075553299798 74 96 107 94 
0.2161672906945206 3.843686183072194 2.5610964059150616 -3.4327325314641497 1.0792197773964833 1.2056929284110645 0.5418817416218241 97 108 95 75 
0.7243373037596553 3.7132513994932363 2.8236667096931916 -3.414332363264806 1.0221867527460873 1.209780883371444 0.5217497887841934 76 98 109 96 
1.2036696535586613 3.574607848387961 2.967743331401259 -3.4121172205196055 0.9620066337866292 1.2189667949987841 0.5116876405489734 77 99 110 97 
1.6222555137533146 3.439694400881068 3.0175065371893646 -3.4171616570624628 0.9011355789193333 1.2331018281187491 0.5105215179375366 100 111 98 86 
1.9913013662190513 3.3060515441533167 2.9977654866935977 -3.420467336040673 0.8412868857701565 1.2515163217197234 0.5172537113299258 101 112 99 87 
2.3098263081246144 3.172358401762646 2.923610956118816 -3.4149783586416067 0.7836688795332661 1.2733234205114463 0.5312286463162406 102 113 100 88 
2.602791029470142 3.0252658908177588 2.7990217263883985 -3.3980217612980343 0.729062240621935 1.29765401129699 0.5522848363770233 114 101 80 90 
3.5959330502787052 2.2658366841355493 1.6965312567655078 -3.3138222461062083 0.5329833179774944 1.4305470810316747 0.748215365519102 84 104 119 92 
3.6752301094151343 2.1896114560298323 1.490638552006569 -3.3191710496328715 0.5137720401506041 1.4617100143283197 0.7906018088184191 103 85 
-1.4577670583709916 3.501429840088806 1.4457935348538933 -3.5735406267915932 1.144668472958942 1.176072479588663 0.6783975995090672 106 120 93 
-1.3560800828144692 3.537094435098784 1.6382961488864731 -3.571901835328446 1.123493680371204 1.1660639821173984 0.6449609648519942 105 94 107 121 
-0.5831381928107833 3.589269315679885 2.470825148798173 -3.4885861607401147 1.089598932928203 1.1567404796231813 0.612621129835869 95 108 122 106 
0.08638281069748252 3.5370211528820907 2.886098311824033 -3.447091629419096 1.0429174472329965 1.1516591087726045 0.5893270806623301 107 96 109 123 
0.6550342724649403 3.450994191983766 3.0955113285577562 -3.4283179881753947 0.9899828261648349 1.1518667133673401 0.5750786322792228 97 110 124 108 
1.1645199359888039 3.346120597317054 3.191132053095556 -3.4235654890917493 0.934553484834183 1.157970565094338 0.5687015544239848 111 125 109 98 
1.597795243732173 3.2328888223571735 3.2055224612310345 -3.4243469105977855 0.878620271789507 1.1694968705077453 0.569530859216024 110 99 112 126 
1.9752620456703338 3.109887136198784 3.1627484089850526 -3.4232160619734544 0.8234586760593785 1.1852024600324116 0.5773409373647749 113 127 111 100 
2.2968213994959337 2.9789142058563267 3.0771733703816864 -3.41484555827009 0.7700147567687682 1.2038693811432557 0.5919948004723237 114 128 112 101 
2.592582774492086 2.8275312618042534 2.949252909895315 -3.3968594281157913 0.7190389344814654 1.224694485607724 0.6134154925910238 129 113 102 115 
2.8553200658085496 2.6614380986752932 2.785494413760321 -3.371918580238439 0.6713392622377774 1.2471593452013112 0.6415464013334303 116 130 114 90 
3.0846764136112075 2.4884645602503057 2.594511532251835 -3.3470879097253743 0.6280140580758171 1.2708151538641181 0.6757175250742957 117 131 115 89 
3.293088445763403 2.306520502682682 2.3739816202041863 -3.3292389964593037 0.590545241148209 1.2957675967108937 0.7140891258112534 91 118 132 116 
3.471194862643074 2.130732353537384 2.1371114661889195 -3.3231945844106754 0.5603329658021692 1.322471538190976 0.7535504399021364 119 133 117 92 
3.5933140133517036 1.9945206994597793 1.9236394273294917 -3.3223636031568398 0.5376295246913044 1.3513362655212349 0.7903053992587628 103 134 118 
-1.7372841122148872 2.8711009384219 1.9970143148214736 -3.5873456351391937 1.117209975399628 1.1267647423919638 0.7020102259177085 121 135 105 
-1.6488730861903163 2.925960657215691 2.109971083286621 -3.588342938294533 1.0964794305105674 1.1134877580788949 0.6772704666704965 120 106 122 136 
-0.7206474274807285 3.134593256855151 2.887644536243232 -3.5101347919059007 1.0638968128634538 1.0997392268589932 0.6529509866236001 123 137 121 107 
0.02890519656416392 3.171084091398291 3.2268880935459707 -3.4679039921058794 1.0192565360054449 1.0903790268722837 0.6357609612685757 122 108 124 138 
0.6249329876096655 3.1420612405969868 3.3696677147891383 -3.4456085043326943 0.9685231439571895 1.087011002779179 0.625873364412976 139 123 109 125 
1.1422846879806678 3.0771781823136832 3.4140956264060565 -3.434412930865459 0.9152575874717638 1.0901739310446334 0.622547603032915 126 140 124 110 
1.5775759916725591 2.9888770278301693 3.3941324821817687 -3.4281555079751724 0.8612854371418763 1.0991699904461043 0.6255082952593143 127 141 125 111 
1.9571654292814733 2.8785830126567364 3.3298710804997795 -3.421396533615709 0.8078063396603082 1.1124763960373485 0.634926385541553 128 142 126 112 
2.277345907397141 2.752149650801376 3.234886634834474 -3.4104311951348185 0.7557687843602094 1.1287278126837488 0.6508723752387613 129 143 127 113 
2.57250232106424 2.59886307992821 3.106639249869522 -3.3935326321770027 0.7060392019678654 1.1472652448036555 0.6731420466245235 114 130 144 128 
2.8375680499995846 2.424397823821742 2.948960551119998 -3.3730428799066305 0.6595984553585299 1.168046707490901 0.7012805701866661 129 115 131 145 
3.0704273509034565 2.237750550366048 2.769287030478772 -3.3550569542917503 0.6176378152182472 1.191204298064469 0.7341812950892305 146 130 116 132 
3.276400377369228 2.0417163434144054 2.5704138635802685 -3.3447401933701233 0.5816813753865401 1.2167872614380812 0.769817776099677 133 149 131 117 
3.447655368642664 1.849920216713254 2.364973187400812 -3.3437300130547816 0.5531707230960132 1.244023685398585 0.8053228743341773 118 134 150 132 
3.5547800629954494 1.7041934657008513 2.197668769527915 -3.342966647952817 0.5321633665874339 1.2711084152898078 0.8379203163108264 147 133 119 
-1.7912445359731386 2.1192013203118174 2.5902713121756613 -3.5991565574870523 1.110039377591432 1.0767513078473332 0.7332207784567364 120 136 148 
-1.6787633112494755 2.2206923485650525 2.7059479638565493 -3.6034569275313584 1.0876229239585695 1.0570291452699965 0.7118715198687574 137 151 135 121 
-0.697078490057779 2.621436198688801 3.321555463942546 -3.53441045445925 1.0543054709419177 1.0373031172276501 0.69224636430047 122 138 152 136 
0.05210276073331285 2.7610758984870163 3.552374502825997 -3.4920857805960273 1.0093795663520349 1.0233780293033452 0.6789774030922533 139 153 137 123 
0.6375118868349386 2.7962041203283894 3.6252809043843093 -3.463240021330487 0.9583435033650909 1.0164611880210903 0.6721313280128453 124 140 154 138 
1.1413895129417857 2.775824560282102 3.62147473743963 -3.443359844830464 0.9044652632309798 1.016516002160328 0.671445218593391 139 125 141 155 
1.5653833852337538 2.716594496456582 3.5702627943436767 -3.428791407756304 0.8494794983341051 1.022793081203124 0.6767964511121571 142 156 140 126 
1.9390662962255318 2.623751536289188 3.4862552770709803 -3.41592473325381 0.7946633834863643 1.033841686358564 0.6884197248577061 141 127 143 157 
2.2516515634709267 2.5072535138954177 3.383369643334289 -3.402908247552289 0.7411745967500016 1.0483459988721224 0.7063411558735228 144 158 142 128 
2.5402212023171984 2.3594798716322685 3.2568140161609618 -3.3888169706360216 0.6901881561855454 1.0658365052613439 0.7300579716080232 145 159 143 129 
2.8003910717289866 2.186564558331649 3.109090175123285 -3.3752419577701267 0.6429468193170456 1.0866321506833514 0.7586875378045232 160 144 130 146 
3.029269868109122 1.9979568544931008 2.946305109437113 -3.366557641107492 0.6006926398724961 1.1111531844784936 0.7908533424294852 149 161 145 131 
3.496829046842721 1.4176424149705462 2.446940218342026 -3.3713984831599255 0.5145185115754557 1.1979561888419588 0.890873578862742 164 150 134 
-1.5594632453727797 1.4198906526392392 3.152884657810111 -3.611996640595236 1.122174317484724 1.026905727640066 0.7655162678457978 135 151 165 
3.2270739886434434 1.7990914114750647 2.7732785799617674 -3.3650072540684564 0.5647442381249352 1.1392164017304094 0.8247563369463378 150 162 146 132 
3.3903426745792458 1.595502381961035 2.597029712305373 -3.3695058934133724 0.536146921344878 1.1692044279084122 0.8584660671898112 147 171 149 133 
-1.4058847762911064 1.5954469400721287 3.288143273391774 -3.6179457162143605 1.0974906080967914 0.9993870433795159 0.745381783725141 136 152 166 148 
-0.5238919774834091 2.1187226141978606 3.7000517365072785 -3.558432767085088 1.0612910743997521 0.9725031575058065 0.727889366201182 153 173 151 137 
0.14807361690292847 2.344532178128244 3.827809358078591 -3.5163686193928743 1.013189447885862 0.9533000119943613 0.7167703042560689 152 138 154 174 
0.6918271858081282 2.439869430333522 3.8421881543676775 -3.480476058913978 0.9591907194937012 0.9420132161103532 0.7123210855635719 155 175 153 139 
1.1651458171865319 2.4627451908779756 3.7987214280211474 -3.4511238935258373 0.9020931091276176 0.9381333476377949 0.7142846107271261 156 176 154 140 
1.5653944075936703 2.4334529841689396 3.7224168005435363 -3.4280406344004892 0.8433963857850436 0.941101429135195 0.7224299271074389 157 168 155 141 
1.9239983774373113 2.361243904307952 3.6226612670320795 -3.4090794379841465 0.7845182756803069 0.9497741166172735 0.7368736076256268 142 158 167 156 
2.2218736660814566 2.2597310510067703 3.514987319873986 -3.3946686132513175 0.7269899288412827 0.9630413661656454 0.7574277730516517 159 169 157 143 
2.496968736338085 2.125064376599549 3.3933832175351095 -3.384575479344851 0.6724350335700753 0.9806180986969002 0.7832015868392188 170 158 144 160 
2.7454492336736736 1.9632603001230555 3.2595451344778184 -3.3791793068240774 0.6224190082403738 1.003021680523991 0.8129211452542658 161 177 159 145 
2.9643793263836034 1.7824759092869842 3.117674688280525 -3.3803881219691254 0.5782126396568972 1.0307336021589966 0.845074069344802 178 160 146 162 
3.150321935889891 1.5888361036515637 2.972240559729063 -3.3872762858679004 0.5408114776012753 1.0634197651394115 0.8782276949230672 149 171 179 161 
3.4565793408230796 1.0479356101500708 2.6133092252954127 -3.408497844009251 0.4690846181497327 1.1702292063928634 0.9774873836107053 182 164 
3.41615022358886 1.1689489775404633 2.680362253866503 -3.404954375913817 0.4876238403440155 1.136194504607359 0.9442832091999606 171 147 163 181 
-1.2153069232774658 0.8467759821891696 3.5438459827001942 -3.6287315601038825 1.1523777587272013 0.9780078420879854 0.7974404913872758 166 183 148 
-0.9937076755181422 1.1434394090246836 3.720796852574073 -3.633294983308854 1.123179002199682 0.9420588577692689 0.7751119847749032 165 151 173 184 
1.9139866463832178 2.1164328071080285 3.7322977169097094 -3.403883559050979 0.7778872693629595 0.8608529288947161 0.7800896477619437 169 190 168 157 
1.5785612263731765 2.1676156405974627 3.8418609702612234 -3.4280294045016153 0.8430408009939567 0.8549514504441519 0.7622678835412355 189 176 156 167 
2.190947579986763 2.0326784527624344 3.624315849645259 -3.3888394742410584 0.7141848709800309 0.8732241698029468 0.803815100630555 167 158 170 191 
2.4472365227742294 1.9157986051673153 3.51122892212015 -3.38305927414487 0.6540450990606123 0.8919740779475835 0.8321467412105348 159 177 192 169 
3.3037585986499374 1.3810856123793875 2.8234043147089367 -3.396891266558216 0.510769174254165 1.0994786350702062 0.911346076987799 162 150 164 180 
-1.0459957457056606 0.04574981457495146 3.5712606847324926 -3.6576097867181074 1.215806214249943 0.9703931076054323 0.8498594251852557 183 196 
-0.2793951873392605 1.6897779997490667 3.974536057830231 -3.5796846239140496 1.0820642071541757 0.908170917878568 0.7577969062522487 174 185 166 152 
0.2925809494784831 1.968970708779842 4.03228879004624 -3.5370519284800372 1.028912968466294 0.8827579945675041 0.7480505994742437 173 153 175 186 
0.78026746203208 2.111946595460812 4.005935669479869 -3.4956862703644442 0.9700337565681538 0.8655450260716862 0.745944733346035 176 187 174 154 
1.211410799784522 2.170752012972946 3.934845304679883 -3.458463795132813 0.9076506966991162 0.8562883466852432 0.7508537060538683 168 188 175 155 
2.6794241006348165 1.7707942116533564 3.3941249046969038 -3.3855766503204587 0.5993895973502377 0.9175895696579888 0.8635339632225264 170 160 178 193 
2.884656835982867 1.603511597188759 3.274497457183928 -3.395381278746182 0.551593631669215 0.9503649494239222 0.8964090318003992 179 201 177 161 
3.0565235298612095 1.4206137616133765 3.15595677811945 -3.4092346339424027 0.5115042960151388 0.9897856646027273 0.9295466784889083 180 202 178 162 
3.197488229774058 1.2180025519863436 3.0346762935825606 -3.4232869334344653 0.47949755649481574 1.0343213488827212 0.9622923442872268 171 181 203 179 
3.303022359784854 0.9980488028698419 2.9106828113607364 -3.433623611974747 0.4554017662836748 1.081667974867244 0.9946180087380831 182 204 180 164 
3.3418763682227723 0.8543176820629946 2.8384304301523886 -3.4344587460257716 0.43767075329515326 1.1288655018873492 1.026371732842997 163 205 181 
-0.8495609533254751 0.41122639758724655 3.809572241495096 -3.655122787469135 1.1934053665327409 0.9319918257511149 0.8241035208322698 184 197 172 165 
-0.5882005016143902 0.8116761507267133 3.9918812623859807 -3.6408376037170522 1.1592698723533201 0.8874753595578081 0.7990578286271468 183 166 185 198 
-0.02578904935784627 1.3535171996627309 4.150729773586048 -3.592659266731358 1.1126795611453721 0.84652343965489 0.7815148913708281 186 206 184 173 
0.4566522495523103 1.6625943866681558 4.167652360441033 -3.5500853583068714 1.0542331729162284 0.8134100859246783 0.7732182255234983 185 174 187 207 
0.8865793097735241 1.8372261141194277 4.117284834194702 -3.5062333641123105 0.9895440311267069 0.7884785180904373 0.7736082133656442 208 186 175 188 
1.2713088433546937 1.9217751387360342 4.030928461355709 -3.4648238129148674 0.9204846688325942 0.7722646582941353 0.7817513913191882 187 176 189 209 
1.600904022446757 1.9394525476930424 3.9300567162549296 -3.4300687975730098 0.8483960070664743 0.7654402438070318 0.7968430202456629 210 188 168 190 
1.9089289606631932 1.9076940314131996 3.816621917229515 -3.4024780660073946 0.7753577782999258 0.7679919881187875 0.8184742764022319 200 189 167 191 
2.161337623003754 1.8421040225875862 3.712191925830672 -3.3872899486132417 0.7038475130515252 0.7796772878802802 0.8457471320728962 192 199 190 169 
2.396255142024762 1.7445834651244048 3.6091996729261293 -3.3848435173266265 0.6364573782564741 0.8006280060652001 0.8769708929888632 193 211 191 170 
2.611067589838771 1.6185911025105257 3.5075881376241638 -3.3930470819158676 0.5755271450968354 0.8310216726435796 0.9104524569855997 192 177 201 212 
3.2598778897697995 0.604734491039859 2.9566153283270866 -3.4577871988402897 0.3923793128290517 1.1358853946458514 1.0991584884590961 218 205 
-0.5248152855588984 -0.38570689801048386 3.7767225455291134 -3.6605810195017914 1.2805365476200001 0.9857120166633135 0.9029708629464549 219 196 
-0.5251179527622788 -0.2709471390953632 3.8164972931980143 -3.651722255086315 1.2630846899515422 0.9429742120513646 0.8733680661076991 220 195 172 197 
-0.43221089689590414 0.11611672925018525 4.003345941428241 -3.658152479106173 1.2392130899450207 0.8917567682959465 0.8435014609428685 198 221 196 183 
-0.22410939447192493 0.5774974097092473 4.155624126231271 -3.639858009059919 1.2018420620114392 0.8384235464441869 0.8172508489575973 197 184 206 222 
2.1337242716105456 1.6784034697311911 3.7882664042971874 -3.3905783203845785 0.6968355299625352 0.6837872996322093 0.883522985676564 229 200 191 211 
1.9075413913584536 1.7284094104239578 3.885917189259979 -3.4055899548597455 0.7773135025836424 0.6727048029969122 0.8524951816686712 228 210 190 199 
2.8019354473747957 1.467986943701077 3.4067265374532996 -3.408439036711075 0.5226913108821167 0.8706460192260669 0.9446170049132161 202 213 193 178 
2.959446339567372 1.2999475120746886 3.310298314823785 -3.426424803077389 0.47890795576144096 0.9185147879861184 0.9782550587049604 179 203 214 201 
3.087955204668196 1.1095943665820647 3.212192685910996 -3.4431694952488554 0.44462585719292774 0.9725254577440954 1.0107454052866336 180 204 215 202 
3.1870947490156936 0.8954775666800929 3.1054228967981987 -3.454858897113915 0.4198593116006308 1.0296069364399543 1.041987143374111 205 216 203 181 
3.2326148460712227 0.73370282703902 3.027675798891348 -3.4579444230980454 0.40330274133787625 1.0857935265243894 1.0716132161595886 217 204 182 194 
0.21424554452129452 1.1033309682343542 4.257665423384847 -3.5963739216865513 1.1507064951099024 0.7887436647167639 0.8000286704851539 207 223 198 185 
0.6201461671637926 1.4215219717264214 4.251743752649423 -3.554992251271774 1.0873356705042991 0.7461711421971589 0.7933380102696652 186 208 224 206 
0.9957064580192156 1.612330424861576 4.189582702681138 -3.511272506318965 1.0164239938160586 0.7120393961966023 0.796251273744458 225 207 187 209 
1.335795331031159 1.7124443829142821 4.09819075399324 -3.469569634834353 0.9398571226629256 0.6875578515512729 0.8077545515220673 188 210 226 208 
1.6282066772594224 1.7444510528286896 3.9974843500684347 -3.434286947650379 0.8593064380298558 0.6741408878168418 0.8267773921468251 209 189 200 227 
2.345878219824658 1.5985744574692766 3.6959743533355875 -3.389944890488018 0.6209214839919173 0.707703680635162 0.9178252182628718 212 238 199 192 
2.5426698382309345 1.4907563795901844 3.6076737701563912 -3.400979166442631 0.5523863342537022 0.7441932472955833 0.953653844700961 213 239 211 193 
2.7182232052375697 1.3569547956919992 3.5224528274662434 -3.4189476500752907 0.49331466118252076 0.7922128882381126 0.9894495585374006 214 240 212 201 
2.860459515997369 1.205074863838163 3.4443003819216034 -3.438378205524641 0.4449449527072602 0.8497328102463221 1.0240013847106573 241 213 202 215 
2.9756214546246804 1.0295613168307134 3.366748569777438 -3.4564314294991982 0.40782098354482194 0.9135651990990562 1.056641429306839 203 216 242 214 
3.0646549967731627 0.8259025218855754 3.2816395334669712 -3.4697408237080283 0.3819758494653882 0.9797016330395775 1.0871460074728425 204 217 243 215 
3.104451813816098 0.6592183073429125 3.218409094316713 -3.4746690845639607 0.3661532856563844 1.0444081648599441 1.1150313074190696 218 244 216 205 
3.1198806296484127 0.5278844527849745 3.1640150261340687 -3.472814210393908 0.35822948501032603 1.106225163993321 1.1399034891533488 245 217 194 
-0.07722297857197373 -0.5485190725938984 3.9137969080902186 -3.638565512071172 1.332427394313929 0.9744330721912632 0.9253634168919885 220 230 195 
-0.11083032966030838 -0.42829821316982947 3.9621483836383136 -3.644469091511889 1.3169889418386984 0.9201244716653438 0.8924652962015256 221 231 219 196 
-0.07255784312301598 -0.04009309109169748 4.121435982187041 -3.648424680665722 1.2906418928553853 0.8584605609992587 0.859120540959377 197 222 232 220 
0.08308940953700397 0.42137023623149295 4.248322310633197 -3.630110695077841 1.2500381059238381 0.7949993185357871 0.831667522987128 221 198 223 233 
0.4284349141034567 0.9196937756062465 4.317746700979636 -3.5910953917752098 1.1946979177722552 0.7349812145240454 0.8146640656522306 224 234 222 206 
0.7691371005820774 1.2356492598233364 4.299505653755415 -3.5522670928453053 1.1264674141077329 0.681934666620324 0.8093905671882766 225 235 223 207 
1.0967025137722257 1.4336751254946036 4.233235840199875 -3.510841983543277 1.0491358033835918 0.6377115588601128 0.8146970760850073 224 208 226 236 
1.3973326116243154 1.5435266309245057 4.1431793302305495 -3.4718984398539945 0.9646980545693751 0.6041093637776522 0.8295390346177064 227 237 225 209 
1.6564126358269398 1.5863960150378167 4.047607637561168 -3.439363937923365 0.8752344359009658 0.583372515316781 0.8525542788752847 228 251 226 210 
1.909032064434974 1.5842748023794355 3.942145475976236 -3.4126957998295144 0.7836820754978181 0.5774941974534424 0.8824652194568436 229 252 227 200 
2.1104838306113964 1.5478369700937842 3.8528513171036045 -3.3987381947286393 0.6934598953770164 0.5879600994478835 0.9173464896832646 238 253 228 199 
0.3165108579145375 -0.6571387531169741 3.9988449592946695 -3.621580792841104 1.3980700288847792 0.9668966922528596 0.9483037835261146 231 262 219 
0.2682149108957437 -0.5303571862616834 4.052632253993388 -3.628658695666859 1.3776883015646324 0.9024002889482066 0.9092979900141986 263 230 220 232 
0.2622189531511309 -0.14942681427645185 4.192724353906748 -3.6285639407378736 1.3469765089923345 0.8308916627139452 0.8722287628794447 233 247 231 221 
0.36084209165783265 0.29678400597198107 4.299522532334685 -3.6122001036466274 1.3021621053951125 0.7570547680163642 0.8431044686783518 234 246 232 222 
0.6259616079633862 0.771475924910643 4.349180626057968 -3.5782115416200555 1.2423864164362777 0.6861818931964261 0.8259911776194557 235 248 233 223 
0.9090310604025197 1.081898415158113 4.325336586573155 -3.543562805757045 1.1692142779095602 0.6222379472262032 0.8218991353194773 224 236 249 234 
1.1925988842156023 1.2839641945437816 4.260360636278343 -3.5071239211128353 1.085542654286864 0.5676232043036963 0.8294477147051293 235 225 237 250 
1.4573306569218776 1.4023322252028236 4.175583583229391 -3.473638404844252 0.9933625643124375 0.524711351235076 0.8474982550014329 251 264 236 226 
2.301429891369214 1.4830393551915741 3.76965092864123 -3.398291918870604 0.608114764754671 0.6152649486522446 0.9548274147583109 239 254 229 211 
2.4807167526183167 1.3908600583710693 3.69048651662839 -3.408477118164839 0.5310294606587491 0.6585839376498075 0.9931478341488527 212 240 255 238 
2.6423728778367868 1.2731538291337807 3.614581389596093 -3.4252579066427153 0.46486072410258217 0.7158389619831279 1.030791045425302 256 239 213 241 
2.77211615033145 1.1378856732278722 3.5470657174644917 -3.4432828843213197 0.4111227348068185 0.7836369312550351 1.0666426038013788 240 214 242 257 
2.877133540393266 0.9789117890580906 3.482341350841276 -3.460833940396703 0.37035072256450846 0.8576746710682969 1.100078503310569 243 258 241 215 
2.958400093519264 0.7887880792545086 3.41333145199154 -3.475154703582154 0.3423723129779961 0.933251283860799 1.1309849852314806 244 259 242 216 
2.9940612349013427 0.6219480425198954 3.362117393874393 -3.4819723948792434 0.3254424689470656 1.006138826081159 1.1593335305045476 217 245 260 243 
3.0080514891687575 0.47866085126159263 3.3127021765799514 -3.4822304472264274 0.31640011407932134 1.0739023876916793 1.185707001716821 261 244 218 
0.5724538973013731 0.21738724415987803 4.319626117929488 -3.5915150324889082 1.35527156098079 0.7256478754738298 0.8520411969149915 247 233 248 275 
0.5163538366274056 -0.21416829072169022 4.224155651765987 -3.606072233680461 1.4054317732872086 0.8102452576279116 0.883448891286726 274 263 232 246 
0.7851106985296863 0.6688075398756409 4.359742948248392 -3.5619983605116428 1.2903953645784816 0.6434804346678678 0.8344065792607702 234 249 276 246 
1.028946087723794 0.9651245799370154 4.33554157618944 -3.5319642535209375 1.2120914263907658 0.5687023066034878 0.831260950368671 277 248 235 250 
1.2790658630071567 1.1629353114863588 4.276060965590731 -3.501938061781448 1.1225424145130043 0.5043322234926115 0.8408166416009397 278 249 236 264 
1.6861436676873247 1.455438447280772 4.0879475533335015 -3.4463204725170367 0.8950343672170451 0.4965583873583637 0.8743873564869101 252 265 237 227 
1.914751239256075 1.4663864025668578 3.990592788639734 -3.423767159219664 0.7937367865032081 0.4860883154603334 0.9084766703883915 266 251 228 253 
2.0938563586135963 1.441973248861539 3.9099892145778634 -3.4116502883748847 0.693318032081442 0.49575406316151227 0.9473285096070607 254 281 252 229 
2.2657686867938387 1.389642128795278 3.8338102804784873 -3.4102258089117514 0.5980245776760381 0.5264203568049723 0.9881042984055892 255 282 253 238 
2.4292186794688475 1.3107699744630565 3.7597969238818543 -3.4171625285993463 0.511967696928622 0.5765794291722302 1.0290014261477884 283 254 239 256 
2.5785626394043564 1.2070864712684226 3.688196057209266 -3.430089987096439 0.43827461827238484 0.642996879954514 1.0686735074467413 257 268 255 240 
2.698331057620084 1.0867900837944553 3.625481576239096 -3.444684177558995 0.3786510977397688 0.7210421195810974 1.1061735810934703 258 267 256 241 
2.795786484266131 0.9432234248265915 3.567128802362047 -3.4599724178762967 0.3335513563704726 0.8053222847846263 1.1410330760060083 242 259 269 257 
2.873651549380443 0.7666072948463394 3.5056945943049844 -3.4740678031023777 0.30246057652854696 0.890425072314474 1.1734483190884142 260 270 258 243 
2.911425839181531 0.6030435470488799 3.4575293153997535 -3.4822124754830934 0.28322744035529535 0.9719954317888679 1.2038143725477968 244 261 271 259 
2.9243565902974478 0.44698085785518843 3.4126641420134445 -3.485247080222431 0.27246156083016276 1.047370565570351 1.2329280940867398 287 260 245 
0.6246613132131343 -0.7433340477200786 4.026202590557369 -3.6022268902756553 1.4712900894717187 0.9668609754423791 0.9715457981273464 263 272 230 
0.5597299910850889 -0.5936106212032409 4.092886614909362 -3.608982773663266 1.4424929382873484 0.8917749576823213 0.924977439187808 262 231 247 273 
1.514122014050773 1.2846046846356358 4.199304325098768 -3.4751500740987202 1.023315298251086 0.45290506613520265 0.8617431327940095 237 265 279 250 
1.7169272680034064 1.3439363579549721 4.121627466867824 -3.454315193757144 0.9166132201056983 0.41785303089529613 0.8922102247556418 264 251 266 280 
1.924890485304229 1.3632368781186373 4.0339110308830515 -3.4368632801731342 0.8057803419340501 0.4029076175688053 0.9303387429958236 252 281 295 265 
2.625961807918927 1.0324921980006214 3.6988295555011814 -3.4445896073493345 0.34836950883443657 0.6638466720361836 1.142016025684775 269 300 268 257 
2.5183141863113234 1.1403331527893392 3.757313774590851 -3.4349042482900365 0.41394531431607845 0.5758713839502658 1.1027554184258221 256 267 299 283 
2.7130586791944413 0.901232011703536 3.6468901094375266 -3.456323209129336 0.29855961642429174 0.7580312687358968 1.1787490032475665 270 285 267 258 
2.783434363231945 0.735003195995238 3.5942353945607954 -3.4690707715446476 0.2637580110138503 0.8519171886934966 1.2134035178907852 271 284 269 259 
2.8202998837834192 0.5749935674758617 3.5513267705070195 -3.4784014344425005 0.24169441840298445 0.9416173948966067 1.246466862868515 286 270 260 287 
0.8122072412921805 -0.7952725142573387 4.027885193601014 -3.5875382602491728 1.5397649860171119 0.9716866459748106 0.9922114455714632 273 302 262 
0.7354079172957103 -0.6232590895659268 4.105374164473086 -3.591894303245669 1.5047340581952882 0.8879505191077979 0.9395870112972269 274 289 272 263 
0.6750662326192866 -0.24405346816761442 4.233782651921088 -3.5865583488641035 1.4620004676289409 0.7964909903707912 0.893519481788153 247 275 288 273 
0.7101540799721698 0.17388504108299707 4.323975356359336 -3.5735440271031447 1.406186152945748 0.7008510890144599 0.8593268123031017 276 290 274 246 
0.8964235459241917 0.6051694357449706 4.3597668075031315 -3.5469781635454867 1.335136265815146 0.6071829348500851 0.8406452621243194 248 277 291 275 
1.1220087628005968 0.8817078750134238 4.3374036985592594 -3.5206794738883183 1.2511170267682372 0.5222586534677629 0.8381265958557061 278 292 276 249 
1.3529570401145796 1.066028620240891 4.284762399886611 -3.4964666151648935 1.1566238976600647 0.44990423882334546 0.8492692697150316 277 250 279 293 
1.564294662106927 1.1880386482333254 4.216655665443244 -3.4763591888961574 1.0519502350744077 0.39184819223272627 0.8724331997872642 280 294 278 264 
1.7452118070715765 1.2529703787199966 4.147932806443803 -3.4613602100794045 0.9376619863080782 0.35068353949253817 0.9060904621091317 279 265 295 303 
2.083405478850967 1.3463915336639756 3.963607741372073 -3.4276793314630627 0.6951996812000082 0.4114490951485459 0.9732147272895271 296 266 253 282 
2.2363042962670607 1.3023728379064867 3.8947423597024793 -3.4249076687598747 0.5899756557234453 0.44472564330521425 1.0174569136463214 283 297 281 254 
2.382905565794692 1.233029400162947 3.825544856339649 -3.4274821825752357 0.4950454001848691 0.5009026507982095 1.0610416211931188 255 268 298 282 
2.7034216309640136 0.7039313292320835 3.6667728002419464 -3.4626000745690027 0.22789961753357424 0.8189389113662267 1.2492669587553646 270 286 309 285 
2.6387752625824024 0.8610012600951878 3.7144807621720126 -3.451750571520405 0.2667095325385378 0.7174205895217569 1.2119098098335912 269 284 308 300 
2.7391173006746476 0.5481165746234761 3.6280537733362674 -3.4727413926371256 0.2027105485918183 0.9137532858633509 1.285068240221003 284 271 301 310 
2.838977120153021 0.4142432481297859 3.5046973283140157 -3.4846292347070174 0.22915512548703987 1.0268629482441898 1.279147007458533 261 301 271 
0.6935766596511104 -0.22556820916025072 4.2400935419477035 -3.582994556791767 1.5134804203054895 0.7868055331604882 0.902999069778664 290 289 274 
0.7273230086276309 -0.5962918310199224 4.115910749300774 -3.591745959475556 1.5588073826253028 0.887420675522693 0.9530462839690117 302 273 288 
0.7512877281112964 0.1727506786023756 4.3258500939893025 -3.5674686493458134 1.4529823993221558 0.6810912234216037 0.8659137531663287 275 291 288 
0.9359905864385765 0.5904765508579639 4.35915160588698 -3.541430581350965 1.3753066207010438 0.5768671093810802 0.8458145514597819 276 292 290 
1.1603378615891917 0.853502749036636 4.336808398047528 -3.51575700441363 1.2842686279956719 0.48251068850063994 0.8435651894535892 291 277 293 
1.395833948377978 1.0129952620973237 4.288214381851317 -3.4930134188688595 1.1858572886594976 0.4042389234241195 0.8557183846426909 292 278 294 
1.5928011365004229 1.135349355745376 4.225106849665958 -3.4766096502270765 1.0783044028059696 0.34206893642354624 0.8802781051705422 303 293 279 
1.936363544710254 1.275903711440855 4.069814045709632 -3.4487976949617543 0.817803547743191 0.33156629189841785 0.9479678353010552 280 266 296 304 
2.0771075567114354 1.263902571830004 4.008888163562184 -3.442288964049483 0.6977494345538301 0.3387853374121009 0.9946789083183634 297 312 295 281 
2.212728137157772 1.2249187343733683 3.947306233150768 -3.438562685401415 0.5830653406734762 0.37320079056948396 1.0426433109127093 298 313 296 282 
2.3429473040481974 1.1623713655122632 3.88333350124232 -3.4373393531962178 0.4798628933523047 0.4336628103427513 1.0890805618859147 306 297 283 299 
2.4644110942388116 1.0792241454566718 3.8179730223882067 -3.4391901508864624 0.39213953466745716 0.5163519052528036 1.132515916516775 300 305 298 268 
2.5606204600798534 0.9819236434166652 3.7624400204869732 -3.4437893693033335 0.3211712033693672 0.6139822943771345 1.1731811527323543 285 307 299 267 
2.769395322505755 0.38830184952787056 3.574158653920785 -3.4819745335132577 0.1884382469483258 1.0024680407296989 1.3197189223626058 311 286 287 
0.7940338181006592 -0.7774096323723836 4.036223192349361 -3.589721536221581 1.5889955099637372 0.9722532803975472 1.004655638500378 272 289 
1.7599325925843445 1.2068256749409605 4.160423382078558 -3.4643538027776 0.9568967884767663 0.2952671936134148 0.9169301871996105 304 294 280 
1.9420863137501418 1.2281315647527273 4.088705635016223 -3.454555815955717 0.8285494860723221 0.27260463387312306 0.9621272813099355 312 303 295 
2.4382459052767147 1.0534148528410678 3.8459939754801833 -3.4409974614760492 0.3731677640551 0.4651206787481613 1.1582050839668996 299 307 306 
2.3223807050047904 1.1288795497877393 3.911641495132927 -3.441987439460776 0.46630953648621654 0.3750395721602247 1.1137132017244964 313 298 305 
2.53091773570736 0.9625210638096241 3.7904560000797254 -3.4434093038342852 0.2977261109663344 0.5719134368012986 1.1996850707396944 308 305 300 
2.610581097354886 0.8498701125451396 3.7394912092387353 -3.4499751457886116 0.23904519533724405 0.6825934783789139 1.2403977029692372 309 307 285 
2.6844509397477214 0.7038497242029313 3.6836160327795144 -3.46071482266302 0.19637285717143937 0.7907904882272505 1.2806308312707195 310 308 284 
2.72524431066796 0.5516221487340608 3.6415515875674913 -3.4712651524966684 0.16768212373115426 0.8885398920299594 1.3195095809354331 311 309 286 
2.764690574953499 0.39167459704046104 3.5799059989118427 -3.4815856150964626 0.15490437458993053 0.9731586938708937 1.3505661012184702 301 310 
2.073076116051705 1.2204265666815166 4.031948481341095 -3.4490466348121247 0.7003204808807486 0.2788215798282824 1.012153441091167 313 304 296 
2.2000923841129727 1.185509851188668 3.973745210249786 -3.445010224691449 0.5768472238973934 0.31239176643495814 1.0642477514093773 306 312 297 
