0 1 2 3 4 5 6 7 8 9 10 11 12 13 14 15 16 17 18 19 20 21 22 23 61 62 63 64 65 66 67 68 69 70 71 72 73 74 75 76 77 78 79 80 81 82 83 84 85 86 87 88 89 90 91 92 93 94 95 96 97 98 99 100 101 102 103 104 105 106 107 108 109 110 111 112 113 114 115 116 117 118 119 120 121 122 123 124 125 126 127 128 129 130 131 132 133 134 135 136 137 138 139 140 141 142 143 144 145 146 147 148 149 150 151 152 153 154 155 156 157 158 159 160 161 162 163 164 165 166 167 168 169 170 171 172 173 174 175 176 177 178 179 180 181 182 183 184 185 186 187 188 189 190 191 192 193 194 195 196 197 198 199 200 201 202 203 247 248 249 250 251 252 253 254 255 256 257 258 259 260 261 262 263 264 265 266 267 268 269 270 271 272 273 274 275 276 277 278 279 280 281 282 283 
1.4288332859909192 1.1125124116222715 0.8307614380524108 0.43290054791851235 1.4405040185970241 1.4992615390076025 1.0191511555548487 1 283 28 2 
1.427958580477975 1.1184710255359849 0.8212250238864164 0.4324079154466485 1.508314298261039 1.4904860540881852 1.0190576904983908 2 5 17 0 
1.4367001309605398 1.1271847135782407 0.8015860503214584 0.4311797257412837 1.473740915601265 1.5198877068474348 0.9688896841526539 0 27 3 1 
1.466536154535824 1.1325644893955658 0.7759887588919611 0.43241508428278985 1.5336159833967211 1.5235886030451904 0.9402573579241951 5 2 25 4 
1.4720062588747005 1.1362566606484625 0.7623415452285309 0.4328179870676738 1.6058776209872807 1.5045534237233924 0.9394368416043402 3 246 248 5 
1.4583556211206292 1.1249691574940648 0.7961730564268911 0.4319277238322971 1.5694005105713396 1.4913886452475087 0.988456767488541 3 4 18 1 
0.6066663939387167 0.2463459914483411 0.6722672366640898 0.4875715681983284 0.17634114202553064 0.3729582447707855 0.8570371709449962 7 203 24 8 
0.6170974944306791 0.24890221767752002 0.693978212767529 0.4869009508148899 0.19758851966300156 0.35284467063619795 0.913467314701227 198 201 6 8 
0.6030808847522957 0.20263931455090164 0.6599420995420247 0.5057200531330525 0.2053526958747448 0.40601733734238343 0.8919784931080389 6 61 66 7 
0.8418408042493205 0.39539251278560267 0.9805895531857913 0.48866107075524967 0.5156407996153568 0.4367171664032038 1.3384914558282062 23 182 185 10 
0.8077438124876186 0.3626178284482845 0.9548587877913359 0.4863361614323411 0.4612345865906269 0.40379227573472415 1.2897711672509398 9 187 192 22 
1.2172365893382666 1.0058632586919203 0.969183927912397 0.4629810910234732 1.3654620871237744 1.1647559018301308 1.37496647918924 14 13 124 146 
1.1666702255864916 0.9450359829734479 0.997270513070904 0.4724528956799986 1.3114791991701817 1.0781810240166747 1.424258091090064 15 155 21 13 
1.1806755551403323 0.9653030962256393 0.9886176075700843 0.47072383235937826 1.3159892279273726 1.1248468228726147 1.407422983345768 15 12 19 11 
1.1988895746954422 1.0207594900127215 0.9651502448245133 0.4693945027498037 1.4111056363816128 1.1187790660002979 1.36967423976888 11 145 151 15 
1.1719283413063568 0.9750183000692935 0.9857837489288802 0.47320210635312215 1.3640152622145827 1.091929323688786 1.4002542108642724 13 14 153 12 
1.397166093013789 1.1222691035571848 0.8309703751486566 0.4356838941185177 1.591191796619296 1.411851054612851 1.0843705275996451 17 18 253 135 
1.4197297031336982 1.1058888452180957 0.8435574083457184 0.43364596796115207 1.5062079600924663 1.454139311537347 1.079368890874655 16 137 283 1 
1.4255313041258502 1.1454783132413262 0.7817656259926787 0.43493115635243584 1.6331304449955275 1.4394814411558001 1.0169024381160747 248 251 16 5 
1.2279256823104774 0.927217370133547 1.0049064688450111 0.464109998711052 1.2557131621067503 1.1598288253507725 1.4015083288360597 20 119 124 13 
1.2032377428137733 0.8917561707641983 1.0184132478546657 0.4701668703760694 1.1988657363086164 1.1072281257728642 1.4324049997466353 19 21 113 116 
1.153149620035309 0.9249931325226199 1.003758412985904 0.4761348570053168 1.254051388426048 1.0531508740855817 1.4475018854126458 12 157 162 20 
0.8402246888815385 0.29479584182765617 0.9737343383055664 0.512450961680192 0.4522836105885519 0.458544576197386 1.2617180904766547 77 23 10 282 
0.8789874549053273 0.32997927850439807 1.0016715553560473 0.5139272703030048 0.5015669590815062 0.4879511032009677 1.3089168957940842 9 22 79 84 
0.5808399115075402 0.26433313171625045 0.601321555520752 0.4883754056544829 0.15407192339053133 0.3919797205753518 0.7932542186229318 6 205 60 
1.4729330871622541 1.1450948860278531 0.7360310657645763 0.4348355982765991 1.5350298642689935 1.5450079121628197 0.88462840595926 26 246 3 
1.4746930926131356 1.1433108677936237 0.7409197353505395 0.4347213952886287 1.4621698591075398 1.5550272908754244 0.8725506964268059 27 25 
1.4419692787142058 1.1271111475205877 0.8003852506697204 0.43116938457550036 1.4249104504261925 1.532256014492249 0.9372544114349741 26 2 28 
1.4306283271058509 1.1110744596837916 0.8328893249672296 0.43315298428355054 1.3813350858463669 1.5026905353725373 1.0040861656207638 27 0 29 
1.4224545350582578 1.0914071553829325 0.8646832345644797 0.43562192183113113 1.3459700147894824 1.471902961074023 1.0572066711305421 28 283 30 
1.4077900359156885 1.0678495564518495 0.8985658933232161 0.43787409068908956 1.3181143889884155 1.4435399249062137 1.099440200281168 281 31 29 
1.392566011819413 1.0457499170432536 0.925261450084505 0.44077214010869536 1.289252986294771 1.4140648366664579 1.138834877906658 30 134 32 
1.3751869682605284 1.018655294663156 0.9527044467042416 0.44539551403735633 1.256819474248031 1.3815685345712378 1.1769885265170201 133 33 31 
1.3610220367927388 0.9946195668490595 0.97370383758884 0.44978844154946473 1.2196778060204596 1.3454022073132093 1.2122291695294822 32 128 34 
1.3440797141164014 0.9591642142627811 1.000335430143026 0.45739808053559733 1.178289493002672 1.304883444292163 1.2447503751423694 33 127 35 
1.3327600716653112 0.9287215011332597 1.0204651622862952 0.4646520876775054 1.135061065982056 1.2601986639271707 1.274528837394445 34 122 36 
1.315725707150238 0.8745445553739534 1.0515521959208765 0.4791019355637812 1.0918499147029421 1.2132245364784346 1.3015589858410408 35 120 37 
1.306800012947683 0.8388525213155938 1.0702294297459924 0.4895927226333269 1.0488177275915824 1.1647101059686005 1.3249844680885319 36 118 38 
1.2972913223667228 0.7935935746584831 1.0924241854845054 0.5027607885793259 1.0048294302828729 1.114118180375293 1.3423317250955078 37 117 39 
1.2834594696796435 0.7307628552920052 1.1200179896575324 0.5215659550225766 0.9599484619875126 1.0620745382893388 1.3556865690456459 112 40 38 
1.2736345508836309 0.6940336397383216 1.1334454921544272 0.5319435002790891 0.9149413667645836 1.0095877113665586 1.3629658417302002 39 111 41 
1.2436810222580572 0.6258798429113014 1.1494900618376394 0.5459535271335806 0.8718086362848394 0.9586255376788129 1.3666948191684345 40 106 42 
1.2227016955291656 0.5878309741412263 1.15403863629019 0.5521833517272156 0.8299406738553126 0.9090938430631932 1.3676080898303322 105 43 41 
1.1858306729738384 0.5290243417895382 1.156922312633176 0.5592152507263324 0.7884689223913103 0.8616913175005214 1.3631496701265786 42 100 44 
1.1638030624184474 0.49628297975441715 1.1558868760068948 0.5625173204265232 0.7469598215535243 0.8161499880006755 1.3526000942911225 43 99 45 
1.1245462716356867 0.44230504116793407 1.1507102567842613 0.566007600700192 0.7044292260825054 0.7709556038978537 1.3356925767286711 44 94 46 
1.0819758972292068 0.38519791629840017 1.1424386744484694 0.5705535386681654 0.663530362492331 0.7296458674866009 1.3168094289393788 45 93 47 
1.052969523224892 0.3495260240308458 1.1336983437983215 0.5728337768210874 0.6233913871538339 0.6915713317236367 1.2920863684359376 46 88 48 
1.0129756476821068 0.3008774031886467 1.1198715392704632 0.5758072142335396 0.5829138596558067 0.655490715221185 1.258730172760071 47 87 49 
0.9609474453491831 0.24350887274527042 1.0963167778113692 0.5792737148141717 0.5450886642664202 0.6247113359280736 1.2223105836699324 48 82 50 
0.9162520230668267 0.19999155591518733 1.0707296860012794 0.5819245139251046 0.5105494299892293 0.5997304808889963 1.183981819437902 51 49 80 
0.8685478995266752 0.1576897644107259 1.0389042266767607 0.5848561664669822 0.4788359188585633 0.5797928578923541 1.141662250010616 50 78 52 
0.8233299380578369 0.12243368598530648 1.0032281301374533 0.5872205809825359 0.4514230028555002 0.565410284863505 1.097499520977579 51 76 53 
0.7636784660517434 0.08764163530563164 0.9461738254988146 0.5878948408551725 0.42577525367003033 0.555416487828446 1.0512291947785675 52 75 54 
0.7153840045301415 0.061868340088423776 0.894487560934131 0.5912548304194101 0.4019417223938744 0.5498055113397773 1.002176936881463 53 70 55 
0.661741438962172 0.043274653111873305 0.8266259103553222 0.5933429443716716 0.38225026606684037 0.5498039150172009 0.9511435002671623 54 69 56 
0.6079303022848713 0.045093204494607714 0.7389421299646901 0.5891015455137839 0.3629522727858492 0.5557424849466481 0.8936432153448914 55 64 57 
0.5504769465458061 0.06007192310068641 0.626915459102415 0.5882340200001569 0.3473971359267796 0.5704983470818035 0.8312106712565286 58 56 62 
0.5296372009596658 0.08405053736520388 0.5625172488245829 0.5831250403998162 0.3382139847299522 0.5901931653525432 0.7745107420095443 57 59 
0.5535176000065444 0.12854979115357418 0.5784545033073868 0.55102178355483 0.26545152557959795 0.5447039307058914 0.7882140916889779 60 58 62 
0.5754064683755207 0.20193793147645958 0.589249672089192 0.5128672096379688 0.19713930014617925 0.4730137879232741 0.7947176158400183 59 61 24 
0.6007765550927413 0.19098605684312311 0.6591500381411515 0.5091100175708705 0.2301867067751373 0.463503727504905 0.8686612975762182 62 63 8 60 
0.5759148695273472 0.11157620417650946 0.6427280140077888 0.5514097674558267 0.2842983658685007 0.5260884753436251 0.8523965503763244 59 57 64 61 
0.6468990636574274 0.1884741645695193 0.7464570268913924 0.5092878867890995 0.2669114468601136 0.45997677314485014 0.9430177859131228 66 61 64 67 
0.6256798081736729 0.09255877722688548 0.742390313806613 0.5582257252805276 0.30854512079960017 0.5125161177281009 0.9204868759779546 62 56 69 63 
0.6852579444757518 0.211125378821461 0.8054979355428965 0.5044352720485639 0.2796097206332746 0.40184425172944893 1.0310296072476186 72 196 66 67 
0.6491316490632861 0.20915162337267892 0.7476113503048929 0.5016816092289802 0.24184540917247158 0.40229747845858643 0.9612568147367562 8 63 65 198 
0.6867090958596402 0.1960718150138872 0.809462220096043 0.5100653440850113 0.3013918585422509 0.45838648304167806 1.0112350753097457 69 68 65 63 
0.7273691275688392 0.20907576570751743 0.8630887444178841 0.5124057419396503 0.33612482950903844 0.4624025143403303 1.0713013031227656 70 73 72 67 
0.6740791180370005 0.08885747971381219 0.8219588093253304 0.5645939078723535 0.33630237849174993 0.5081464411165995 0.9842677184474682 67 64 55 70 
0.7229140587063919 0.10040481954974556 0.8862234313870405 0.567693107661053 0.36513852131357183 0.510646018841826 1.0403813470877494 68 69 54 75 
0.7570716721321114 0.23861293045674448 0.8958895544821179 0.5082787334934147 0.36047348255254097 0.417479104081786 1.1538936564699238 191 72 73 282 
0.72234691082171 0.22142254820693444 0.8554612173530275 0.5070012190203755 0.3185205575252099 0.40670060860627744 1.0945375725967947 68 71 194 65 
0.7637900146752821 0.2272991206551763 0.9043613680891319 0.5137423633008347 0.3729144683419137 0.47163462779429927 1.1267852267231038 75 74 71 68 
0.812525737916161 0.2566559845358043 0.9521453675849461 0.5164432243188738 0.41212920065666053 0.4865843070143304 1.17931956462966 76 77 282 73 
0.766241010983765 0.1199051057006511 0.9345477663782319 0.5680883854952934 0.3958862276810918 0.518224293259185 1.0919584849472257 76 73 70 53 
0.8243612682662331 0.15250638741504283 0.9908048751766084 0.5694573465929338 0.42845628087777177 0.5307510809049635 1.1407135479874517 52 78 74 75 
0.8503202411524518 0.2875138040573884 0.9831272852243557 0.5176382107109507 0.4532830116359626 0.5071239571791849 1.2284033921150963 78 79 22 74 
0.867541575331136 0.18514912708841638 1.0256276557138246 0.5688085577742329 0.4629855699585105 0.5482420506607013 1.1870420158964743 77 76 51 80 
0.8898646481839222 0.3223949756465691 1.0108309709154217 0.5193569025168498 0.4970753398289698 0.5327843932536758 1.2740272503422538 80 81 23 77 
0.9130788391632253 0.2247566693014252 1.0566391876526116 0.5675068539975935 0.5007007157649527 0.5707436153271027 1.2307899596536673 78 50 82 79 
0.9261068287982822 0.3595237283634833 1.0321967958323266 0.5200295138571696 0.5438460291878477 0.5641231476780248 1.3158737234103 82 85 84 79 
0.9559471854286015 0.26694019028959715 1.0813295271180172 0.5655865295066526 0.5414080817443994 0.5987000852720589 1.2709199928828885 80 49 87 81 
0.9524326951685723 0.41334814126011193 1.0417840754885803 0.5145492928452925 0.6063682687300527 0.562648194690959 1.388856296969366 180 84 85 90 
0.914180632026776 0.3679554854676384 1.0229495023371329 0.5143181619582241 0.5533903882440858 0.522875343975218 1.351605813857128 23 81 83 182 
0.9675305404482492 0.40472974007138685 1.0522468273377514 0.521110960289385 0.5921723213456017 0.6008788182443741 1.3526857541027988 83 81 87 86 
1.0027089048274347 0.44856291403857373 1.065094215237877 0.5215597479851185 0.6396655068113187 0.640417625773853 1.3838168055307487 90 85 88 91 
1.0056992658564115 0.3230005627216612 1.1037772379878017 0.5626851350705697 0.5844675978945648 0.6324481652982163 1.3071897639463583 85 82 48 88 
1.0439166211439328 0.3704442687562177 1.117003258630885 0.5602052096123706 0.6278833776715964 0.6697725674329371 1.338891826788593 86 87 47 93 
1.0045890281464518 0.49934572879784433 1.0575713463607885 0.5112367077709008 0.7111191758293121 0.6490575392701636 1.4457292954187468 90 91 96 176 
0.9844096529638608 0.45951578398895704 1.0533174737415008 0.5138566706529891 0.6582716162943726 0.6050898345912785 1.419910802871933 86 89 178 83 
1.025141518820681 0.4823497682506508 1.0709274766451728 0.5199232204172849 0.688348176098846 0.6820223355023893 1.4101688788704423 86 93 92 89 
1.0573965223070447 0.5278614407847437 1.077504253384679 0.5181304491812793 0.7388865841098238 0.7276667191979371 1.4311613414159148 94 97 96 91 
1.0698892477995676 0.40528571160351584 1.1241795685129794 0.5572857427393056 0.6719074338854114 0.7091283774610001 1.3648367583663712 94 91 88 46 
1.1083500154263863 0.4625991306590344 1.1298495881210844 0.5515246826559655 0.7175392454221782 0.7526258863038944 1.3852992050230921 93 45 99 92 
1.059348122320527 0.5999004664089844 1.06333533704069 0.505673684290023 0.8183892903145977 0.744909587066866 1.481095141730869 97 102 172 96 
1.0315268675454745 0.5477423974477391 1.061721747191692 0.5084851645115576 0.7656554283375661 0.6958735301056043 1.466356857482666 92 95 174 89 
1.0915064999082056 0.5778874915332961 1.081561011308923 0.5161328375792227 0.7880254748688217 0.7758738178484003 1.4464362348443573 92 99 98 95 
1.107890415788463 0.6073947412795754 1.0815952586597777 0.5130103094008113 0.8373542901371355 0.8252070595518848 1.4563449343744366 100 103 102 97 
1.1441736623063894 0.5210999492226592 1.1312064931675239 0.5455903736146618 0.763179162204466 0.7994296258472127 1.4014990535637972 44 100 97 94 
1.161157491613273 0.5537942877444548 1.1296567744368613 0.540496050208365 0.8088302680155935 0.8473120833920895 1.412253454953821 98 99 43 105 
1.096505022367595 0.6865597946442055 1.057684294086314 0.49774041366005906 0.9251565994942483 0.8457718462844848 1.494462998138749 168 102 103 108 
1.0716027989856276 0.6362010593846739 1.0607108068544857 0.5020784758997057 0.8712471864276957 0.7947387142063391 1.490348053259754 98 101 170 95 
1.1396246925169182 0.6554973435775366 1.0810396582618957 0.5087265098039824 0.8875359843535069 0.8763783828299186 1.4608948345780337 98 105 104 101 
1.1574911817336486 0.687934597383113 1.078498399757354 0.5039373380238051 0.9385875182671474 0.9293490975431742 1.459763760398193 108 103 106 109 
1.1913561652808866 0.6140160440668669 1.1227904672202917 0.5311285983643707 0.8549196848961551 0.8973096356317694 1.4170620288231275 103 100 42 106 
1.2069740020069162 0.6516008039430922 1.116233089045597 0.5234751195853886 0.9018801563764222 0.9496319369425262 1.4160968160713958 105 41 111 104 
1.140494286671173 0.7786843036059911 1.0460446689279326 0.4870405972401637 1.0339777850825271 0.9502261099340101 1.4864998945896286 164 108 109 114 
1.1100067051292368 0.7227986657051391 1.0532147279647806 0.4933918754870422 0.9799793878050579 0.8979332853493439 1.4929731953516279 107 166 101 104 
1.1938882134677733 0.745352027973833 1.0719236677631931 0.49645720189420767 0.9893350404693997 0.9826739140048786 1.4540003831458337 110 107 104 111 
1.2045220762643878 0.7704835596462671 1.0665498216967446 0.4914864993640508 1.0401339130565241 1.035823820914562 1.4428453767888831 112 115 114 109 
1.2371860840143545 0.7193078418039979 1.1015108752240872 0.5110686212461204 0.9493538258632803 1.0026647802233328 1.411108920142936 112 109 106 40 
1.2457273014976764 0.7485373333436007 1.092446920405247 0.5037693226489914 0.9975587088388739 1.0561136172119392 1.4010437353145206 117 110 111 39 
1.1796010286766876 0.8547047853269385 1.029305509600484 0.47591457910670254 1.1434629674610295 1.0539575385015847 1.4565749837492001 115 20 162 114 
1.1496989474498436 0.806805999353338 1.0399504160114743 0.48322445413780224 1.087952259319018 1.0019321557780951 1.474562826495351 113 161 107 110 
1.2354286306733346 0.8210278860160433 1.0544725874529008 0.48255888534635527 1.0920503303196285 1.0891600703947981 1.4257709142454824 113 110 117 116 
1.2560029025209962 0.8585285373945377 1.0422835775660697 0.4755435585702651 1.143352138395223 1.1414592051228762 1.4039801673809866 118 119 20 115 
1.2712116250990193 0.8042104073275611 1.0750554892022899 0.4920524482127516 1.0462280883443564 1.1089803379577654 1.3853744691738776 118 115 112 38 
1.287087399029836 0.8446134184438866 1.059109270257716 0.48290587383215344 1.0938020035582376 1.1594984545257638 1.3663027256694997 117 37 120 116 
1.273060128662038 0.8915966631563587 1.0287142752849558 0.46863785571765204 1.1971760636673725 1.1913764243238358 1.3769591120938474 120 121 19 116 
1.299042941101586 0.8783376573179908 1.0432758875917931 0.47441107296635726 1.1427831031792643 1.208331119851798 1.3419357545202455 122 119 118 36 
1.301662684806068 0.9424311151380949 1.0040848112097498 0.4579353886074533 1.250460162261731 1.2381628095656627 1.3462238062257026 119 122 125 124 
1.3226853737586495 0.9325776171204289 1.0148162155257905 0.4616680978440297 1.1920667899151929 1.2553662327693007 1.3136890470883782 121 120 35 127 
1.2758036752152493 0.9989391256919443 0.9678998714625303 0.4519808278349269 1.3612684674158504 1.248327272890452 1.331205546727782 146 124 125 130 
1.2577333981343075 0.9723493137754625 0.9837065460573222 0.45612372343441093 1.3099594110762056 1.207467808005627 1.3674504342320501 121 123 11 19 
1.316224314907049 0.9701024826242601 0.9872747547785224 0.45261826250859755 1.3005498271203033 1.2808279473695843 1.3121028919809805 121 127 126 123 
1.3381543366866304 1.006399508876275 0.9610143391261489 0.44595342273608873 1.3490477131517766 1.3191998268692564 1.2746254149634635 128 131 130 125 
1.3351507168039993 0.9617239258971172 0.9962320009904362 0.45528266796898065 1.2392617954762317 1.298899659026035 1.2822951637326774 128 125 122 34 
1.3542137314279474 0.9980183419127802 0.9694124281642486 0.4479816003959095 1.2840739942851407 1.3383557846021075 1.2476210654969426 126 127 33 133 
1.3245261970902213 1.057976244303388 0.9205753712283172 0.4430865370593124 1.4623846824040283 1.3178858578750225 1.2472713194502358 131 136 142 130 
1.3024752708516463 1.032830421240034 0.9433812217909132 0.4465137452186552 1.4123010461276662 1.2846279293165168 1.291279999677195 129 144 123 126 
1.3553942062296553 1.0320606543968 0.9384439357376895 0.4419534639956602 1.3954529353400456 1.3543306168181337 1.2336630938524278 129 126 133 132 
1.3772261510271848 1.0608024035786114 0.9084680021462362 0.4377608348279285 1.4385773472192447 1.3876818444269128 1.188015442565923 134 137 136 131 
1.3694052766869866 1.0226140772112657 0.9478462865558737 0.44370144802969513 1.3255058971754554 1.3743162452637432 1.2098031278720327 131 128 32 134 
1.3882830456367978 1.0507645359376874 0.919016016012289 0.43917410059205286 1.3629599891745119 1.4079483451678703 1.167769350307927 281 132 133 31 
1.3746852371552811 1.1046387666513084 0.8625355784310326 0.4371019018258974 1.552500250158099 1.3805353748011462 1.145150541803237 16 138 136 137 
1.3507247205842148 1.0842276889626146 0.8915022894038835 0.4394456909430993 1.5097815792711609 1.349398109691268 1.1986034834308714 135 139 129 132 
1.398370980266546 1.0832949346377256 0.8792900905300204 0.43522726675386786 1.4760253173906082 1.4207044147938488 1.1370036921770628 132 281 17 135 
1.3604928298409313 1.124172737476764 0.8502240926971867 0.4415252831483693 1.6164087768275037 1.32047745782072 1.1461235611395604 256 139 135 253 
1.3315099346261474 1.1065979127001428 0.8797319244405525 0.44484217258343584 1.5700934905901633 1.293638489643851 1.2004303364257698 142 136 138 140 
1.3144157725571268 1.128616103537679 0.8711511509410919 0.454194483033031 1.6133990013700212 1.2264497174535762 1.1940954039983156 139 256 259 141 
1.281080906360496 1.1059948405683577 0.9005322128490248 0.458831750049262 1.5631670966014704 1.2031629303235496 1.2450379319602836 140 261 143 142 
1.3004851875585894 1.083515421603783 0.9083072333993385 0.4491475779177647 1.5201942005191893 1.2652647329625133 1.251045423360663 139 141 144 129 
1.251454724191666 1.0807725169587954 0.9253157699045577 0.46250414401658985 1.5118285888760354 1.1769777748406938 1.2916994607928451 141 147 145 144 
1.2732102882115302 1.0597410458188439 0.9315084280258094 0.4529713611886016 1.4684186643576254 1.2347634185979872 1.2970895245157836 143 146 130 142 
1.220694305056332 1.0500853928839007 0.948182286672177 0.46701648186361305 1.4605798364814517 1.1485949405554021 1.3335055603505859 148 14 146 143 
1.241714402539307 1.029888652871606 0.9542239506080897 0.45851376616763834 1.416406052823601 1.201522653002294 1.3384307443977008 145 11 123 144 
1.2207459304007422 1.1156418904744156 0.9198811636864763 0.4820844945875863 1.542157960431067 1.113810332662486 1.275611652805073 143 261 267 148 
1.1883875376069244 1.0873365155631747 0.9417907543679119 0.48649047865030903 1.4938273275965093 1.0914813255917561 1.3173446127372732 147 149 151 145 
1.1561185233296063 1.130045450997886 0.9394722450933997 0.5136642028997025 1.5144672501620766 1.0300129322422888 1.290486575311463 150 148 267 232 
1.1236469603400734 1.1004295631449956 0.9584368664933917 0.5170922838832419 1.471393336864018 1.0108687596056591 1.3277229326570499 149 231 152 151 
1.1616764189017394 1.0575228565190924 0.959633670340237 0.48894914176760473 1.4469923411955146 1.0682542459937672 1.3539370474661518 150 153 14 148 
1.101699650775666 1.0745540181648543 0.9705041139585512 0.5181482153144524 1.4271243004054954 0.9896348539446479 1.3619441681248494 230 154 153 150 
1.136923350044128 1.0264534815043251 0.9743046362006611 0.49162732949045806 1.399194200540638 1.0461310730481181 1.3870998052724068 152 155 15 151 
1.0685738650198422 1.0393874364997664 0.9867203365460041 0.5206552184048413 1.3810433511658826 0.9637092425065865 1.3935383472155665 156 155 152 229 
1.1169384770016004 0.9969744165402519 0.9869018905620184 0.49228944901681865 1.349592863650877 1.022066342868829 1.4173782731587492 153 154 157 12 
1.0490140620668835 1.0081410887715043 0.9956028109154361 0.5202031828289144 1.3334155986685001 0.9335851545149968 1.4222003237948375 158 157 154 228 
1.0985501428015387 0.9655266904957275 0.996508815652314 0.4935314447489471 1.2991828440498367 0.990916555291137 1.4439412563999046 155 156 159 21 
1.0230886585549601 0.9701596559580496 1.0053037987723965 0.5204544179645254 1.2829441898194593 0.9003658449160863 1.4483046810364992 156 227 269 159 
1.0746562366748553 0.9265798961314767 1.0069266016592726 0.4951684331178902 1.245661097306171 0.9533825002647919 1.468068632068119 162 157 158 160 
1.0517628946809463 0.8851916935679629 1.015432369995114 0.4965832276204076 1.1877393849025226 0.9113660300841412 1.4894998317663868 159 269 163 161 
1.105137728303579 0.8370604825134352 1.02572195863724 0.4849855739693878 1.1389927416336707 0.9591389259905777 1.4909363789955998 164 114 162 160 
1.1302520440959964 0.8848345189476899 1.015178423947989 0.48019146177229255 1.197639983405514 1.0066184294411928 1.4716273439097955 21 159 161 113 
1.033098751572677 0.8448795153738042 1.0225008005876375 0.4960892284149804 1.12999712174724 0.8656462290444796 1.506005446891217 164 160 268 165 
1.0938807809288933 0.8035343806582276 1.0323403044999924 0.4868702292045334 1.0819172061073885 0.9102743061880316 1.5046275329188235 163 166 107 161 
1.0129619614289689 0.8011465386402055 1.0272362333940122 0.49630393791975697 1.0722894621261372 0.8172701640017996 1.5170686648495022 163 270 167 166 
1.0676587705025478 0.7527978112830075 1.0383650969210836 0.4908783450673997 1.025134039809544 0.8599555588078891 1.5128459315288703 164 165 168 108 
0.99459122528321 0.7608037617128345 1.0305051508763603 0.49545684665433465 1.0134450858929385 0.7674439574095523 1.5229958978611982 165 271 169 168 
1.0521683803174007 0.7156377632285653 1.0420167506080604 0.4929881218573188 0.9672776309228128 0.8090681989994788 1.5160645018133545 101 166 167 170 
0.9738637227450888 0.717995943873317 1.0318391902160509 0.49438147810211913 0.9553507091300835 0.7166116446693698 1.5232832245553938 167 272 171 170 
1.02808158488416 0.6701069818447137 1.0437171582488107 0.4948657315643053 0.9104470121047412 0.7581256880972078 1.5137292099917756 169 172 102 168 
0.9552582108746109 0.6785835336319923 1.0319258386822623 0.4922830120127729 0.8976060826136301 0.6654457048350988 1.5180798045810728 172 169 273 173 
1.0114439692539428 0.6340220049883664 1.0444184428734842 0.4955411059325829 0.854542205664546 0.7074492913248873 1.5062049937875372 95 170 171 174 
0.9341836701379209 0.6366254046219937 1.0292128860402836 0.49019598670582853 0.8399064166707275 0.6143497533659759 1.5070777631687011 171 274 175 174 
0.985389470261001 0.5892938026253952 1.0415206977452873 0.4956875647412021 0.7988410056894539 0.6572691329969523 1.493054594703295 96 172 173 176 
0.9113114879142435 0.5954588223948873 1.0240347290670804 0.4877105903632615 0.7808932017369723 0.5645297967820655 1.4901738417479167 176 173 275 177 
0.9592404671929102 0.5473537758225184 1.0361932972045136 0.4953212721226855 0.7412698378109893 0.6090876072324782 1.4739144829918427 175 178 89 174 
0.8889431309781937 0.5571486741303382 1.016987388622026 0.48469776787035573 0.7222939456368175 0.5159783614972183 1.4673703936943086 175 276 179 178 
0.9361560919390713 0.5108949018119372 1.0296665039817936 0.49428867788048225 0.6849607654446744 0.5625428933476424 1.4493557746210246 177 180 90 176 
0.8640260351169873 0.5176795730062799 1.0059414653815122 0.4817273207908295 0.6634163631150176 0.46917039430559104 1.438105742903283 180 177 277 181 
0.9062434841554273 0.4703914360801579 1.0177341161714601 0.49242030742677656 0.6290834660995265 0.517243553665376 1.418889280536846 179 182 83 178 
0.8361179039600546 0.47746994194482345 0.9899647784162874 0.47901642806910344 0.6031728445162199 0.4252806746979237 1.401926178521961 179 183 185 182 
0.8730942856746915 0.4301472210560061 1.0004591456899135 0.4905386885732941 0.5719711686051294 0.4748062619482137 1.3817225656309886 9 84 180 181 
0.7913654207450804 0.5350715603303607 0.9842386126492392 0.478927788499339 0.6430711437260894 0.3837365722676604 1.4107868055777344 181 277 216 184 
0.7709529932627687 0.49477386086030556 0.9666061179864058 0.4742327727592032 0.5807578321052629 0.34122008724826475 1.3696571460420646 215 186 185 183 
0.8096820958061027 0.44151483971921346 0.9714185213499626 0.47668861276554214 0.5431183426031404 0.38506064707800314 1.3589943867596876 184 187 9 181 
0.7477144409175508 0.45548367998063183 0.9435592046606509 0.4703063192653205 0.5182071656841969 0.30222276008328613 1.320650992169903 184 214 188 187 
0.780528956477196 0.40601304288912304 0.9471058470608482 0.4744934781616923 0.48418827088944133 0.34943373084834667 1.3094846694136695 186 189 10 185 
0.7244397067934194 0.4206783391713693 0.9167244583662496 0.4675009933311404 0.4564202045237975 0.26892528780485764 1.2643131777259593 189 186 213 279 
0.7529415490662771 0.37462430018900916 0.9195413173150706 0.4730680112941673 0.42689297874209503 0.3196697034783698 1.2536742820952247 187 188 190 192 
0.7203839478682185 0.34321452015796083 0.8813858750754398 0.472624592706773 0.3716386895178698 0.29728863356120544 1.1925194543672877 189 279 193 191 
0.737244744298973 0.3076399955620155 0.8855594676687655 0.48277150021676296 0.35871495192882774 0.357037377382213 1.1766199780798623 194 71 192 190 
0.7754559790860936 0.3345871492098066 0.9259372983755962 0.4844100703801682 0.4089293312835817 0.37682401108758834 1.2356538352733615 191 282 10 189 
0.6946764849708716 0.31940729586108224 0.8457785453725152 0.4732837422657633 0.31970144678288753 0.2830762607914944 1.1273403814989287 194 190 278 195 
0.7073712013167232 0.28914691587114355 0.8488723489345961 0.48209633962227927 0.3116505692838407 0.34469420398772216 1.1137483973220712 196 72 191 193 
0.668085885433851 0.2983609524335696 0.8031064342603217 0.474725268917156 0.27229611118501845 0.2766265395031596 1.0589390974953488 196 193 280 197 
0.6765318960525099 0.2744359245231722 0.8048864431996531 0.4816301760496329 0.26849745642023537 0.33920667209218214 1.0470839956921048 195 198 65 194 
0.6410031012564296 0.28053727341947565 0.7522428475544445 0.477701075123291 0.22937285959829795 0.278074452204378 0.9889655217718653 201 198 195 199 
0.645964350709176 0.26212107969240944 0.7525471493074725 0.4828654410034344 0.22902933494091404 0.34073478365860277 0.977402015592947 197 7 66 196 
0.625256629108337 0.3273546912625995 0.7593358772906685 0.4667857311363884 0.23900090061218118 0.21635336337514102 0.9907058976260745 197 280 209 200 
0.6011324735326937 0.3247159438760904 0.7151695829363982 0.4663467756029176 0.19594836221693837 0.22389306822780372 0.9158083533024263 201 199 208 202 
0.6164661304390934 0.26663925905336244 0.699947157916441 0.48153619692449257 0.19159721123880985 0.2884664066906138 0.9195083087270123 7 197 200 203 
0.5821426810486622 0.3254913981956033 0.6779462545160989 0.464279764190537 0.16040783296785516 0.23419929622648716 0.841299227517745 200 207 204 203 
0.6027574478742922 0.2602963273552412 0.6683968699260009 0.4829757772945382 0.16051013386712476 0.30178769104921904 0.8506704423634311 201 202 205 6 
0.5688097537423915 0.32164207230921443 0.6221310635003976 0.4698503363517392 0.13251438686036934 0.24560602791330882 0.7708821348298251 202 206 205 
0.5800520337475655 0.27750713699370444 0.6060702446919621 0.4838944171403417 0.13470435005709708 0.31612670602632154 0.7837778503069703 204 24 203 
0.5622083095434206 0.3379339365639021 0.6257200817981995 0.466784889065338 0.14434450296064183 0.1855376796453487 0.760198569772218 204 207 
0.5792346285177393 0.32978216755634704 0.6746839039763258 0.46427051630621413 0.17276252412794038 0.17408691610197163 0.8280008986339705 206 202 208 
0.5976658176330704 0.3304122790853465 0.7136635358301272 0.46581736146366387 0.21043048959851052 0.16496664617082152 0.9051562564482898 207 200 209 
0.618536192455882 0.33840688028737076 0.7582516397782558 0.46544896697538213 0.25761709946191824 0.16042443363248657 0.985402750089243 208 199 210 
0.6406119241715185 0.35538113912994207 0.8038973850550452 0.4645529792208882 0.3099161142546438 0.16362983035173403 1.0623440546179097 280 211 209 
0.6635125423253956 0.3753898511678924 0.8437583938334831 0.4648073336198671 0.36520067829810476 0.17451767877949376 1.1334122161078202 210 278 212 
0.6875687318210085 0.3964777448191468 0.8779962976102413 0.46588409809227455 0.42682538056741026 0.19641958439068166 1.2031689951822795 211 279 213 
0.7133699439166967 0.4324484742710346 0.9146467138350155 0.46782641003328407 0.4922538841569389 0.22747522363842954 1.2682937961443503 212 188 214 
0.7360005259814024 0.4672126565357147 0.9416671604528785 0.47126342972539487 0.5571832476894217 0.26412918859966633 1.323811336907617 213 186 215 
0.7591332247664607 0.5049401106941206 0.9646382287652472 0.47568563456833185 0.6224417617406244 0.3069276053608979 1.3716212763971507 216 214 184 
0.7786223324951913 0.544975234783571 0.9823010324362413 0.48108523694729144 0.6859981905899339 0.35254763880950124 1.4105388685713636 215 183 217 
0.7965911740937304 0.5871740906265248 0.9964771383287122 0.4874214710702876 0.7457417609246813 0.39637531658095526 1.4397959840391044 216 277 218 
0.8143407398981678 0.6255415628963493 1.0067661991495007 0.4938120363422862 0.8052191545198037 0.4415697710399811 1.4624585850441378 217 276 219 
0.8295697269472773 0.6682458070285295 1.0142658314182955 0.501917971361507 0.8664134818334907 0.49151229708870686 1.4801729702118656 218 275 220 
0.8433658747053051 0.7154656401711565 1.020004056392169 0.5112345049850057 0.9263471660266936 0.5426555823908067 1.491647773628946 219 274 221 
0.8561114430686511 0.7646438547707957 1.0238303271654778 0.5214673283016034 0.9845598586370946 0.5923951615095169 1.496796941614419 220 273 222 
0.869676635314082 0.8107645477013558 1.0252299582019986 0.5313089308666488 1.0428281607720045 0.6423077459930594 1.4961092207377933 221 272 223 
0.8816247932547393 0.8620318796722858 1.0254959878724454 0.5427682391146341 1.1000230556203294 0.6904789619113234 1.4896661981822643 222 271 224 
0.8989605693826828 0.9077095396809859 1.0238341936005486 0.5509515133878589 1.1547054908427088 0.7340832459907829 1.4776391525361636 223 270 225 
0.9192680888232472 0.9452627016968412 1.0211255188508133 0.5547183931617661 1.2082596834919006 0.7758575045537436 1.4608025830280726 224 268 226 
0.9496268140525836 0.9844357900624421 1.0147039718770652 0.5551277869946132 1.260580374089679 0.8166636090737825 1.4403272197375987 225 269 227 
0.9745743842809336 1.021527732598187 1.007840148637905 0.5567337387569306 1.310544724867599 0.8531946216193471 1.4161872380375524 226 158 228 
1.0038833024115381 1.060652503386731 0.9980784698990965 0.5574482183191967 1.3573442655120809 0.883168472249239 1.388467767215578 227 156 229 
1.026204874937878 1.088865988979253 0.9896511457600553 0.5574541162432849 1.402166463184559 0.9104503980867198 1.3578356145064345 154 230 228 
1.0661321260329892 1.1231481900190459 0.9723414132436785 0.55260977118338 1.4446702178513608 0.9360666119651261 1.326240765359263 229 152 231 
1.0904600463932774 1.1499114645550865 0.9598424331800732 0.5523668327856999 1.4842590272560758 0.9553704871611378 1.2919618827182329 230 150 232 
1.1263159304303347 1.1780141881849564 0.940432485081207 0.5481591252954633 1.522782713154835 0.9709479440120122 1.254158021789703 231 149 233 
1.1622455112848333 1.2038979071965523 0.918801944905451 0.5440366459332718 1.5609261825340606 0.9856831450516397 1.2144034947413394 267 234 232 
1.203192166103461 1.2263791488487792 0.8913592254870022 0.5377983886010392 1.5986271228409799 0.9965264187424789 1.1702882645131223 233 260 235 
1.2466524400681909 1.2469460348355395 0.8588503666192759 0.5314096831674255 1.6347203647578108 1.0029552986527843 1.1232775926074932 234 258 236 
1.2912128010373678 1.2597666800777734 0.8219383988067618 0.5231258970534807 1.66842092329818 1.0051459039641992 1.0748949087859134 235 257 237 
1.3326953929927112 1.2655530492205855 0.7832002204847032 0.514630752615493 1.7006526774493087 1.0037792430092392 1.0241376889493212 236 262 238 
1.3729599590036972 1.2681094503076222 0.7409863969034703 0.5068306404979019 1.7313678373028825 0.9989828068921115 0.9704975212607792 237 263 239 
1.4200290744307704 1.2631228593951551 0.6794825160290463 0.4999139150130278 1.7604742839997607 0.9897811589493378 0.9149328371418874 238 265 240 
1.4386101810927472 1.2570950993699879 0.6482109650464316 0.4977498024181741 1.7876490987841653 0.983302782441202 0.8663761977234067 239 241 
1.442231731630633 1.220428862142358 0.6648652392139619 0.47136957619088027 1.8280973605603807 1.0858592863284533 0.8896966301035231 242 240 265 
1.4484188790309882 1.1960181267446826 0.6783706955515992 0.45599667791522874 1.837085716919193 1.201038821998782 0.9081696492224335 241 266 243 
1.4554616143147645 1.1772199967401433 0.692167484074995 0.4459544741568162 1.8148073559330937 1.3069822746598725 0.9139987950887829 244 242 249 
1.4625971325538556 1.16421203154662 0.7040387729440011 0.4401781811530268 1.769051006920516 1.3978912364156815 0.9084872051417247 243 247 245 
1.4652072653236 1.1580618677825663 0.7133910814065618 0.4382359438533446 1.7066316041528653 1.4690784833258235 0.8979179082077722 244 248 246 
1.4797161273106687 1.1457476206697224 0.7279834650935623 0.4355954176163468 1.6261234309837567 1.5180227791844294 0.8909503439629832 25 245 4 
1.4452514601398718 1.162443777982143 0.734173347723909 0.43816580554014223 1.7366738609176589 1.3864333203745263 0.9647885830228138 244 249 251 248 
1.4484843037721913 1.155036376354321 0.7434489364481711 0.4360799241938036 1.6749808504325343 1.4578024636992044 0.9527828320180634 247 18 4 245 
1.438598176755228 1.1760832142635649 0.7223045182200829 0.4439411218812693 1.782810622219096 1.2967002233039755 0.9676664958539244 266 250 247 243 
1.407225733798221 1.1682232744613394 0.7697412505113811 0.4435555565920714 1.74577531182582 1.2813549391614654 1.0256019223229698 249 264 252 251 
1.4182085599824865 1.1528945648806703 0.7776240844100899 0.4370379102258618 1.6991744721591 1.3679146580401378 1.0263092976586727 18 247 250 253 
1.3756119539981182 1.1577912120423632 0.8078828939746416 0.44695382519783233 1.705177644868217 1.2642831803955992 1.0841169466653695 250 254 256 253 
1.3873892546338693 1.1374241168774541 0.8196206937975564 0.4389756836103862 1.6590768719698703 1.344918778089045 1.0882447817397098 251 252 138 16 
1.3604341593308507 1.1871764040909412 0.7972374986590044 0.46209599555744035 1.7272185530236608 1.1750975061888231 1.07191979675946 262 255 252 264 
1.3276167698851982 1.1772446982845686 0.8308331394525719 0.4668360270003658 1.6843825650810114 1.164914042160154 1.1263444803029041 254 257 259 256 
1.3462970171363788 1.1458553979413981 0.8398142748219688 0.4502794576811482 1.6610800311810023 1.2468535076414173 1.1401407685704048 255 140 138 252 
1.3090445034592308 1.2134615257672854 0.825522162852651 0.48994722161359966 1.6855227192035216 1.0813559333563607 1.1046434234370637 258 255 262 236 
1.2682960677396211 1.1995929566933794 0.8605373241672296 0.4970909422827132 1.6445423403220112 1.0741387901516068 1.1555441552737893 257 235 260 259 
1.291577656781857 1.1612272850876835 0.8640328592486164 0.47197867258756127 1.6385117846780632 1.1515959145077794 1.1792083788792875 255 258 261 140 
1.2279435116570712 1.1802215413420214 0.891313304006335 0.5039479683215902 1.6017354966046942 1.0626856852008073 1.2041267133466698 258 234 267 261 
1.2548793561540603 1.1403172345566552 0.893916539683146 0.477603294155529 1.590680253068428 1.134402884745714 1.2293871859922914 260 147 141 259 
1.3462721177815073 1.2209971118060936 0.7895519427927501 0.4831659841915013 1.724197458834139 1.0852297745461916 1.0522516143098428 257 254 263 237 
1.3833506414564867 1.2226283094524868 0.7514145339276473 0.4747265208319107 1.7613340159286912 1.0872716706477958 0.9974710164159972 265 238 262 264 
1.394240650477033 1.19290159113716 0.760274036636739 0.4563814463915386 1.7673773298171838 1.1848501197170225 1.0155756449017832 254 250 266 263 
1.4255922322690826 1.2219079100359567 0.6949362521347263 0.47032972790778427 1.7969928588026378 1.087064949599316 0.9418543314751329 266 241 239 263 
1.4312418868659895 1.1967004580605516 0.7085333314094415 0.45464714377360377 1.8047768884564332 1.1938319308494167 0.9598188955869523 265 264 249 242 
1.1897563023532791 1.1565544698929304 0.9182260742125993 0.5094613564358538 1.5581162808230036 1.047501371959217 1.249269071385537 233 149 147 260 
0.9757790665136264 0.8907403245595297 1.0193546357460117 0.5180784921831608 1.1735864941935554 0.8193533129445032 1.4902936308176107 269 225 270 163 
1.0015702877791188 0.9330057877758555 1.0123981356589584 0.5194798333650327 1.22906104662716 0.8622604270116665 1.4714472793794477 268 160 158 226 
0.9561206344834353 0.853894433766225 1.0227243623645432 0.5164027242693643 1.117092053247355 0.7730470074691869 1.5041416753127286 224 271 165 268 
0.9332891138301045 0.8144252058739323 1.02518554844062 0.5139441063944512 1.0594068205755482 0.7247215718684173 1.5127679728168146 167 270 223 272 
0.9115654569346603 0.7754589439268678 1.0256388847821474 0.5108648819158937 1.0013726020297204 0.6749296342282831 1.5159069023469058 273 169 271 222 
0.8907221108629914 0.7367071519580061 1.0248484658857089 0.5064065801885487 0.9429118696148331 0.6244267664596362 1.5134266408335115 272 221 274 171 
0.8701941708357652 0.6971794751782128 1.0215292876758233 0.5016877333926395 0.8842235384367643 0.5736174334225362 1.5050765131491224 220 275 173 273 
0.8497590491624132 0.6568028106948872 1.0161193595080633 0.49623024635512303 0.8247477353052942 0.5232301533369726 1.4908330473384153 219 276 175 274 
0.8307545777731732 0.6169277768457746 1.0089316607086858 0.4901074469667274 0.7646224925215503 0.4742753343800963 1.4705331157182548 275 218 277 177 
0.8116288837799889 0.5776483496400162 0.9987099291332692 0.48441615469057475 0.7042948630465381 0.4279377860104001 1.4440877559920555 276 217 183 179 
0.6738367066414138 0.36222711086179976 0.8459728254981267 0.4655842026791328 0.3390553021468849 0.2253157881781579 1.1342945866276375 211 280 193 279 
0.6969579216356254 0.386128244913457 0.8802489136725554 0.46609679204044224 0.39600278366744457 0.24278240611796859 1.201441862823563 190 188 212 278 
0.6500045534522606 0.3414126778167793 0.8054486372715816 0.4658467169528416 0.2869804400207593 0.21674590276950312 1.0640113057956906 210 199 195 278 
1.4052922157459466 1.0736827712949615 0.8906980149779384 0.43641750822129494 1.3947638927973212 1.4399855914350588 1.1215933561110059 283 137 134 30 
0.8029920997599984 0.26542750864243864 0.9420895425397099 0.5108498684222036 0.4053787801679053 0.4347970914662857 1.2099795711232566 192 71 74 22 
1.4204582512294244 1.0972138712905668 0.855969689216838 0.43445986543406984 1.4196395481929915 1.4704026202512845 1.072295527625744 281 29 0 17 
