22 23 24 25 26 27 28 29 30 32 37 38 39 40 41 42 43 44 45 46 47 49 50 51 52 53 54 55 56 57 58 59 60 61 62 63 64 65 66 67 68 69 70 71 72 73 78 79 80 81 82 83 84 85 86 87 88 89 90 91 92 93 94 95 96 97 98 99 102 103 104 105 106 107 108 109 110 111 112 113 114 115 116 117 118 119 120 121 122 123 124 125 126 129 131 132 133 134 135 136 137 138 139 140 141 142 143 144 145 146 147 148 149 150 151 152 153 154 155 156 157 158 159 160 161 163 164 165 168 169 170 171 172 173 174 175 176 177 178 179 180 181 182 183 184 185 186 187 188 189 190 191 192 193 195 196 198 200 201 202 203 204 205 206 207 208 209 210 211 212 213 214 215 216 217 218 219 220 221 222 223 224 225 226 227 228 229 230 231 232 233 234 235 236 237 238 239 242 243 246 247 248 249 250 251 252 253 254 255 256 257 258 259 260 261 262 263 264 265 266 267 268 269 270 271 272 273 274 275 276 277 278 279 280 281 282 283 284 285 286 289 290 293 294 295 296 297 298 299 300 301 302 303 304 305 306 307 308 309 310 311 312 313 314 315 316 317 318 319 320 321 322 323 324 325 326 327 328 329 330 331 332 333 336 338 339 340 342 343 344 345 346 347 348 349 350 351 352 353 354 355 356 357 358 359 360 361 362 363 364 365 366 367 368 369 370 371 372 373 374 375 376 377 378 379 380 381 382 386 388 389 390 391 392 393 394 395 396 397 398 399 400 401 402 403 404 405 406 407 408 409 410 411 412 413 414 415 416 417 418 419 420 424 425 426 427 428 429 430 431 432 433 434 435 436 437 438 439 440 441 442 443 444 445 446 447 448 449 450 451 452 453 455 456 459 460 461 462 463 464 465 466 467 468 469 470 471 472 473 474 475 476 477 478 479 480 481 482 483 485 487 488 489 490 491 492 493 494 495 496 497 498 499 500 501 502 503 504 505 506 507 508 512 513 514 515 516 517 518 519 520 521 522 523 524 525 526 527 528 529 530 531 532 533 534 535 536 537 538 539 540 544 546 547 548 549 550 551 552 556 558 559 560 561 562 563 564 565 566 567 569 581 583 
-5.295371281582474 20.736065628192637 -9.859364456609855 -17.60307782693515 -11.811024957068032 17.277118697553345 6.108846175955278 24 1 
-3.3788087533408837 22.22143143706916 -9.279765866119494 -18.308851524546164 -12.624738080111998 16.83939223249292 5.559393951606689 22 21 0 
-8.794701794038739 15.22174349092804 -18.772180706870447 -25.53799049477002 -9.482551450611371 17.514227050513647 6.6447125911915075 25 3 
-5.414545530784582 18.089730352466415 -16.52993453169844 -23.615775075588356 -10.241708719048274 17.013148565321984 6.549578027256016 26 24 2 
-11.877116724801992 6.320928498741737 -20.25030976767742 -29.347887583969413 -7.435537028339681 17.750781408999543 6.403726653482396 27 5 
-9.921119829324038 9.063182907970422 -19.03389515989443 -27.041552104700223 -8.00165005875237 17.222777837909128 6.665001555610026 4 28 25 
-12.25839013089626 1.1947052392243587 -15.683919032716256 -28.044862568637335 -6.004763620343651 17.637848078432764 6.145632438098682 29 27 
-8.820058117196263 -3.8635941831489657 -14.081079194305236 -29.508907601966797 -3.490337267409959 17.843711483713108 5.171839271196427 31 30 
-11.097613488245814 -1.8858914469340513 -14.493413576097382 -28.851733244916538 -4.683787375089795 17.64832916355126 5.735439135167619 30 29 
9.522624169468918 -2.361583799996729 -15.02498120315673 -29.011613589857365 4.7491094835261025 18.500160231524035 4.5492630321953875 37 10 
6.594819062486798 -2.7298466937260315 -14.652463149608549 -28.639326088605824 3.5739120218027676 18.02017663150611 4.8329359260444775 38 36 9 
11.422581716323492 0.9547768087333218 -15.932229564347022 -27.751318542779465 6.228362967300132 18.48348920046545 4.9320975203960575 37 39 
12.989883678327047 5.816118668639654 -16.628882431471123 -25.863583534574524 7.780342448028022 18.545876770418356 5.262672795120596 13 39 
9.93581458661365 9.49843000556579 -19.537864582425247 -26.586449526045172 8.4072936374932 17.96736565153303 5.6051043108727105 42 41 12 
10.06606335183286 15.874218610664226 -18.518319389591696 -24.265095595134333 10.121555751021805 18.101251171316797 5.632909105035291 42 43 
9.298904541181718 21.215442750328986 -14.969478537146006 -20.856688004962532 11.791244000711833 18.48298415939654 5.543204932541993 16 43 
6.413978807770345 23.752734686751968 -15.618859568213315 -22.544705471728975 12.597725249402096 18.07577042318934 5.290465388155811 17 45 15 
2.8978461298481637 26.377054338609266 -16.113034241233365 -25.010036758630278 13.374069900496652 17.575258590456205 4.806901666778314 18 46 16 
-1.1209495732819528 29.717195699749702 -17.049310324235563 -28.985880194677247 13.989995715295642 17.099784125459934 4.214921851105265 47 17 
1.4130982641720087 26.083381917139853 -8.563915523294918 -22.259357231850885 -14.106706081478904 16.041784838496355 3.814039656078733 21 49 20 
4.260223018640174 28.639639854807527 -7.8715270343304375 -25.22380152465179 -14.507018836002635 15.79207026135815 3.0206513741510665 19 48 
-1.2355167222073373 23.859106334056555 -8.94819257762775 -19.818556543303735 -13.448526824210907 16.425151588073977 4.752283440288528 1 23 19 
-0.4383325120845754 22.913806291707992 -13.3902409956575 -23.329411969189977 -12.004009682158681 16.05334325819505 5.656816300821472 24 50 23 1 
1.426151880617105 24.70443927796238 -11.595175442556931 -23.602227385786502 -12.796863078111507 15.621498868873825 4.8849323219741905 22 51 49 21 
-2.6669780036852413 20.82558525570253 -15.020670374865906 -23.282299489064542 -11.143186890350297 16.51459270872994 6.216946049539411 22 0 3 53 
-6.8105108743548834 12.475731063137681 -19.111023128625344 -26.319636867249052 -8.680722926183433 16.681232913630705 6.791517514204571 54 26 2 5 
-3.5207539786288105 15.645420324014065 -18.449582958218045 -25.874731742503588 -9.47914174536299 16.13596340984609 6.711392847872432 55 53 3 25 
-9.347619282318538 4.812989601797916 -18.817716174089142 -28.35620687517951 -6.465919252960766 17.05952491919129 6.58323446076377 4 6 56 28 
-7.779136802290069 7.194761208485742 -17.92251694583325 -26.497478436792775 -7.027553582914428 16.40911610307047 6.895726990504099 27 57 54 5 
-9.706141232753936 0.7426158393385248 -14.281193977796047 -26.72034887970953 -5.021179037455861 17.040535395831395 6.353997635461588 59 56 6 8 
-7.993793330048772 -1.1609814121530697 -12.538513981976067 -26.387440481700757 -3.7047701262227317 17.172287083414894 5.932437730909121 32 59 8 7 
-6.106268720736913 -3.3955769042026067 -13.235041949267695 -28.193687117801627 -2.509632189741685 17.51665516725213 5.31137779243441 33 32 7 
-5.463539132967569 -0.589986634307582 -11.47018801485611 -24.88979868509991 -2.6111686801492286 16.697252047425255 6.185097261488979 31 61 58 30 
-4.240489623852309 -3.3984084915203185 -13.14850903657738 -27.925843579292142 -1.4342067286016356 17.231298300152087 5.443859042190106 35 61 31 
3.1276500669124934 -3.6818035017096973 -14.6917098772484 -29.04833987075286 0.9125369651843042 17.197991850948377 5.359447516144581 36 62 35 
-2.231478826710472 -3.426538101441851 -13.403913496019241 -27.949536065745704 -0.31435285104443644 17.097055742418227 5.4502905693281924 63 33 34 
4.590989280579325 -3.22223668720843 -14.548526778778184 -28.73559706199675 2.2274426392762634 17.537538983876306 5.156887633372319 10 64 34 
8.634057173247191 -0.46339660749810163 -15.086254872535946 -27.607286532811905 5.106751233758706 17.910060523011317 5.197577186344617 11 40 38 9 
5.92365832547129 -0.6240153202004088 -13.855195591235107 -26.536646574810295 3.8497608744942586 17.28897445758366 5.589454451410579 10 37 65 64 
10.082373959503741 3.3972230825768253 -16.211959725852765 -26.30956385884548 6.753031718435903 17.920606988857468 5.4564374678200736 11 12 41 40 
7.28660758823989 2.0296264634437766 -15.075488893826462 -25.898455875580566 5.576065077102326 17.23736219320869 5.797629534488273 39 66 65 37 
7.169062657583814 6.725555914481616 -19.36653695922208 -27.34052237267765 7.3568843447534205 17.25136858627533 5.850977319517232 67 66 39 13 
7.747098822438095 12.457467478946125 -20.144540547366564 -26.421211678683402 9.177108263406431 17.33723033313141 5.76947202397413 67 13 14 44 
7.378776183872849 18.729804518513888 -18.618632438895713 -24.497982155184378 10.950452789525798 17.617978065387742 5.579041966263257 44 14 15 45 
5.123519837350937 15.556701213790944 -20.2252659379601 -26.459054532507366 10.02167961801521 16.720601725765 5.73574814840436 69 42 43 70 
4.21938021036876 21.657982126967063 -17.93754795118875 -24.88980211707699 11.806820562123479 17.12593852263114 5.31539840796793 46 70 43 16 
1.2316639107467418 24.20022296696894 -16.441752120195755 -25.305215893038007 12.624718557191638 16.632717350344098 4.832203391986907 47 72 45 17 
-1.1113867830556312 26.212301369990378 -14.660651693772932 -25.786971037162623 13.309342174560731 16.177232713678904 4.199070310855719 18 74 73 46 
3.8990575676991477 27.721809304702244 -7.524270160471906 -24.33388799693117 -13.880890227506095 14.985939489509661 3.1184062789815323 49 76 20 
3.1599270196772693 26.569866374384524 -9.751010140294722 -24.352467746211968 -13.438065833168586 15.249234748064508 3.9880894214004154 23 52 48 19 
1.8464741530514002 20.992043881925568 -14.980151651786407 -25.293308608585104 -11.260014087151172 15.14237301134812 5.828268940117496 53 82 51 22 
3.491317340076423 22.87314772436078 -12.462151798419326 -24.83177556671814 -12.061592788502312 14.719915518027141 5.07369559952472 80 52 23 50 
4.551052749669735 24.388928104851832 -9.791840558196114 -24.38903225364132 -12.704384767444994 14.355641397311995 4.198233434703397 49 51 79 76 
-0.40561167829341316 18.644962736895963 -17.17220504033224 -25.774673244759168 -10.371760087239558 15.61518292451537 6.388058456371154 81 50 24 26 
-4.943255246982216 10.122012564654922 -18.645934306712007 -26.474121091008122 -7.729566494367333 15.746747392333015 7.057699799567041 28 83 55 25 
-1.9089608312258382 13.126187131025004 -18.287318370293654 -26.234021381796126 -8.566713558826192 15.118544992719851 6.992253362918228 84 81 26 54 
-6.734354709311971 4.007647442487824 -17.137734835440273 -27.020768379747174 -5.414369753598132 16.31552685844957 6.8655177893603225 57 27 29 60 
-5.508804767043557 5.848693671714225 -16.5468285896013 -25.694074372372334 -5.935591719639144 15.503377780650922 7.241830893846354 56 85 83 28 
-4.542860438239765 1.6350345812130005 -11.14675903268545 -23.099463537239448 -2.7670134249188423 15.74559397835012 7.028865590083338 87 86 59 32 
-6.797811422402504 1.233134654563086 -12.31319209438796 -24.473367977227827 -3.9530586042954043 16.40277307084979 6.659489840870096 60 29 30 58 
-4.067825572192507 3.7397466671077404 -15.418834562509065 -25.565102161395128 -4.271334789657749 15.498710915758295 7.260175133609284 59 86 85 56 
-3.718550039987674 -0.3132350737728722 -11.075073808979948 -24.23407853012975 -1.4084318319388118 16.280126427876922 6.408333053893142 87 32 33 63 
2.682956998525921 -0.4256819400917155 -12.372206705522231 -25.09623917015101 1.1457725925207878 16.180402770675283 6.3522441844332524 64 88 63 34 
-1.9660658707382985 -0.3109623692004979 -11.230716927245908 -24.197435605689382 -0.15443167880873765 16.047076273718268 6.478174401542995 89 61 35 62 
4.008941420063401 -0.391781306903946 -12.774338703749649 -25.453689627539305 2.496347165238501 16.664753864820597 6.0305603852646215 36 38 90 62 
4.848391589723733 1.6991971033095263 -13.384198236493729 -24.632871577754937 4.29093341077885 16.487217877379223 6.282133456329863 40 91 90 38 
4.378629036768534 5.019639123612484 -17.84618476192212 -26.755738337573398 6.171114217522028 16.45816840777862 6.25536516336374 91 40 41 68 
5.105185452543902 9.46303958718733 -19.79866931401062 -26.97929573318249 8.099044280425066 16.51125575222966 6.054488333445544 42 69 68 41 
2.697287245151117 7.3232807312224075 -17.933210964651224 -26.164675620432433 6.919346743122539 15.613148781945231 6.500744079481033 94 93 66 67 
2.913475493934721 12.330397109414523 -19.366417796333412 -26.369478752537667 8.975792460860855 15.782136766416263 6.045399888479242 44 71 94 67 
2.1376063946889676 18.86817448689611 -18.841812737510416 -26.008209431312093 10.917561040483069 16.14038283177057 5.4705557440640655 72 71 44 45 
0.31826671918200683 15.564316363726407 -18.175612130583517 -25.83498432116858 9.926572767811574 15.122863480406322 5.782499171562314 96 95 69 70 
-0.42162402080509176 21.651584502452984 -16.588728041770935 -25.516948416547255 11.779000946252115 15.617613563116892 4.97639058881226 96 70 46 73 
-1.8855026027342694 23.4034854947887 -13.746760593377426 -24.544776457722413 12.518279841948909 15.16516108436767 4.31865633361163 47 75 98 72 
-2.314719262874969 27.168090701316547 -12.260357039441821 -25.282202312508183 13.805772375538872 15.762972861640591 3.5119678542130988 75 47 
-2.0956088663838095 24.042484177434552 -10.78210279088655 -22.884110968794435 13.0745453603056 14.77226403334388 3.601378377385414 99 73 74 
4.307299008956716 24.92879430120249 -6.883928457921528 -22.96485371275577 -13.14077137811886 14.043459040590244 3.305139619892059 78 48 52 
5.196099056463061 23.122711592979496 -3.1381558477164067 -21.46084917892178 -12.681347136372878 12.781208024935514 2.6521390742289803 103 78 
6.0677254001451 22.857367070550726 -6.709723300381475 -23.327339351904858 -12.444937193340442 13.06514496438712 3.5345201871533063 102 77 76 79 
6.02052416811883 21.99155717028609 -9.802057676921617 -24.541086418085282 -11.978064234687931 13.376774914094263 4.458839756004974 80 104 78 52 
4.887956219564717 20.36675703916803 -12.585920350129367 -25.066516574230736 -11.28889716501376 13.709718375359273 5.344512960585495 51 82 106 79 
1.0827569893083324 16.00316408655378 -17.24321491303507 -26.205647954419835 -9.494953486442746 14.56488127248132 6.670706145580562 55 107 82 53 
3.215215287381223 18.371089597025744 -15.046913497039249 -25.550645148155564 -10.43359229197991 14.09873521857122 6.105070125302838 105 80 50 81 
-3.084908430977947 8.214244002371357 -17.367530374706515 -25.912688441298464 -6.645131242447773 14.69915833923248 7.4466323364536535 108 84 54 57 
-0.33614726151154084 10.687151941262442 -17.86575145360939 -26.491732556945408 -7.533191631047093 13.98116892896513 7.395247243095907 107 55 83 109 
-3.28346951408314 4.957781893660894 -15.030541103588664 -24.721887769415947 -4.75687919809919 14.52111080915446 7.695990747460057 110 108 57 60 
-2.2533994692793953 3.8032481880882707 -14.131966741274137 -24.427864208724866 -3.043387723758602 14.641427269767199 7.7201743802375 110 60 58 111 
-3.063214586091144 1.9294470680690605 -10.471153393444697 -22.277371435912013 -1.4617185206025456 15.140680207678699 7.3619165895528695 89 111 58 61 
2.133077119560397 2.29631763745318 -10.623547142886222 -22.010279170176457 1.4673562937536357 14.915201053904758 7.35466319148374 90 114 89 62 
-1.6918022702036903 2.0882058565832082 -10.145367124999485 -21.822350223497228 -0.031152496185880535 14.69882970079056 7.545192552988292 88 113 87 63 
3.204899541987804 1.8326500631190172 -11.914831241947894 -23.34937214407619 2.9198376157226367 15.696629882037188 6.839120603570232 65 92 88 64 
2.171781357613152 4.146071224536559 -16.045452737845554 -25.719524682588588 4.892084752653801 15.600257671668585 6.79761419276749 66 93 92 65 
0.7538585453289248 3.7020159659018046 -14.744985577758452 -24.916500581910928 3.5559437732538504 14.673390978077196 7.421180746726815 115 114 90 91 
0.8563475941678217 5.865029682328411 -16.22321059991043 -25.390572041026363 5.676665848096591 14.663256885517315 7.076555480301598 115 91 68 117 
1.0867348228730331 9.634989419990923 -17.359557761231944 -25.364205272924124 7.84022194208082 14.798844748654247 6.515013285834289 117 68 69 95 
-1.060127172364896 12.430760239668853 -16.57668943992678 -24.970529330760854 8.86147229050639 14.081294646439567 6.2551588039375225 97 119 94 71 
-1.8621805643667044 18.430802470626347 -15.989391465500827 -25.09188140129397 10.853737159605382 14.560739443813887 5.2712099180963055 98 97 71 72 
-3.0559842324137736 15.170338995773127 -15.061311095553203 -24.559670847372185 9.87488293068618 13.484434102701847 5.725624377969726 96 122 121 95 
-3.2643408985035562 20.504793773556237 -13.300656127306093 -24.175866933240805 11.660482945560291 14.087349462601484 4.579438777193734 96 73 99 122 
-3.6987275889494455 21.665600626130406 -10.318096979987557 -22.785841081440395 12.262796123250286 13.653981926872053 3.806744645034639 100 124 98 75 
-3.382738930237074 22.129590187530315 -6.899783999168074 -20.849793135240382 12.629724744670655 13.219556982696805 3.016199589974268 126 99 
6.00534800751954 21.223889321175953 0.09899803468233055 -20.674323618858516 -12.244490056563325 11.692552234256745 1.8459811951517373 103 132 
8.241169085263197 21.085220753690265 -7.054818914376497 -24.535179566336957 -11.834044622143102 12.106557080973507 3.7943497747772987 78 104 135 103 
7.985158353285246 21.885934326282857 -3.325084635976737 -23.313883075622833 -12.14699768188255 11.884665516373161 2.8135180563069877 131 101 77 102 
7.549209326200969 19.667148914624008 -10.096214351258821 -25.101970204907282 -11.282723342063964 12.351280341321347 4.775299674581409 106 134 102 79 
4.4512894058345776 15.673376836857354 -15.175502040361526 -25.957629622379287 -9.561408622565255 12.964038779542829 6.483330264379218 107 139 106 82 
6.098869391900248 17.756409691909656 -12.752511484189437 -25.364884981562458 -10.505974616180218 12.624355518062124 5.6976827476372875 105 138 104 80 
2.5593624128100974 13.333831525997029 -17.472646721349278 -26.95076645559438 -8.53698616589195 13.404666953936955 7.066454042889407 142 105 81 84 
-1.346792435631345 6.692708353680786 -15.928147880800989 -25.20425832229754 -5.484342374805388 13.583173145862874 7.9366248107465225 85 145 109 83 
0.8181007296731831 8.561454019498974 -16.430868341176016 -25.757013331379593 -6.441060491907573 12.783716538612854 7.894889586037367 143 142 84 108 
-1.7995467964146672 4.563576951376035 -13.78168275433635 -23.820505393316008 -3.5407969397023056 13.483553814422164 8.209846824191724 86 112 145 85 
-1.4060617493552678 3.86024921001837 -13.506514773466872 -23.85964396064101 -1.736250070641038 13.78467121557099 8.156641100792903 113 112 86 87 
-1.1035798030250346 4.37366399467939 -13.213978266422131 -23.404064586334325 -2.3226084184062388 12.363876371668029 8.717416774763903 147 146 110 111 
-0.8478464022853005 3.7778511677311832 -13.321769810688625 -23.722111431947503 -0.330730717530173 12.99744903085405 8.486412333965296 111 89 148 147 
0.07475145969863065 3.6391428151615326 -13.631034593621656 -24.0131914087492 2.188042009408396 13.614198629359095 8.07233420602343 88 92 116 148 
-0.3570436552189987 4.922748485450652 -15.001488180830595 -24.83286017152027 4.437234046184537 13.64794553142478 7.72044472442655 93 118 116 92 
-0.9756345925980751 4.461762452746126 -13.898354702500757 -24.09058189598976 3.306437600952604 12.500655336320381 8.37341253298184 114 115 151 150 
-0.30438471311932835 7.620855167378267 -15.690232654623683 -24.64636682769214 6.663017441750772 13.784347090865896 7.107395095741044 94 119 118 93 
-1.2763634024156554 6.194633896152789 -14.500514716625137 -24.19388129885593 5.5226391502653485 12.726470198870054 7.753146964797483 120 151 115 117 
-2.1438093108973932 9.899305142000541 -15.239782491252988 -24.436323002472424 7.768439708862631 13.02969705870561 6.849173699042316 117 95 121 120 
-2.861919780484162 7.977964939752847 -14.078782539486298 -23.96064978592939 6.718274842739575 11.963922340020387 7.491163788327545 154 153 118 119 
-3.9761577030040347 12.33763003775485 -14.186878754139894 -24.213050550008237 8.88114556134048 12.417581262207127 6.303292951285722 119 97 123 154 
-4.790734029883563 17.597017172393258 -13.148340493566812 -24.36198345806662 10.782341326695267 13.002362747805222 4.988494375302317 124 123 97 98 
-5.921755365430186 14.784098154139341 -12.94732391871382 -24.50930778777141 9.90623961282661 11.945569801043902 5.521918089168974 125 156 121 122 
-5.950921702001202 19.53378241906491 -10.682488383759006 -23.937204082321685 11.500144366940486 12.598545197622169 4.1360201217262516 99 126 125 122 
-7.777207171598141 17.203064479749592 -11.175786177380859 -24.989818436416357 10.760961311448447 11.591591132283382 4.58760529491845 159 158 123 124 
-6.367199573555001 20.953189357748965 -7.489802644080378 -22.99086428023291 11.986984022742147 12.257007090362645 3.2574566503323483 127 159 124 100 
-5.585443146084005 21.491203362794703 -4.134776392975203 -21.262265057577864 12.249530207144751 11.99584925769096 2.4559282109579024 161 126 
6.9650945755888785 19.552941484595216 2.649926297513677 -20.79037559591595 -11.799747387467427 10.779699375182076 0.9886260677829132 132 129 
10.044450614039086 18.348647208877104 3.0134370002692012 -23.1703973837151 -11.453940210387131 9.954365352843137 1.0794951705733353 128 133 169 130 
7.407371431298551 17.337137916432493 4.374085755092989 -20.572328653865622 -11.286732019828337 9.934626848161436 0.07541995482766901 165 129 
9.85811712054839 19.63071449641098 -3.3593407924798884 -24.081510359446717 -11.676277769376325 10.975501676444074 3.0186796954729602 135 136 132 103 
9.231394702318346 20.152809471071482 0.24659103159432363 -23.09653860671508 -11.828804017985014 10.852003070196762 1.9560336125565259 133 128 101 131 
11.465393080728948 18.35258864769363 0.22292553862222858 -24.495501695913326 -11.460123350333083 9.975961844533048 2.1491930842662104 132 136 168 129 
7.904336250598154 16.533890955313538 -9.703729527280482 -24.339814339964192 -10.626489613695682 11.290128973867498 5.151563067977866 138 140 135 104 
9.056771451962616 18.18137050364047 -6.866074472460663 -24.172397419478774 -11.278577269173693 11.122820461437263 4.09917342287967 137 131 102 134 
10.790317876728345 17.074741418743017 -3.4106194852617104 -24.1063006509332 -11.24592295370017 10.012753652352085 3.294272844494652 131 137 171 133 
9.160285140567353 15.304173730527367 -6.60489790991577 -23.39833868298545 -10.76610779061081 10.082099996346091 4.455666664125816 170 136 135 140 
6.525087599290368 14.69055163845254 -12.279013484360904 -24.788425281710563 -9.743562560402593 11.494367984286637 6.121993191024453 139 141 134 106 
5.110251590502189 12.762319846778883 -14.694237908529088 -25.702063196101363 -8.688160777378322 11.779670373503235 6.9425550338167845 142 174 138 105 
8.026907866231795 13.690720618738023 -9.426364710632068 -23.744872835869696 -10.019120334760952 10.184051356930093 5.571111907008988 134 141 173 137 
6.468252553254146 11.973618302278256 -11.618924158737745 -23.98751678341209 -9.034176797794185 10.332397601200316 6.583667896568127 174 172 140 138 
3.262832342450288 10.683907346183512 -16.339590650095417 -26.289558309524885 -7.549342353650949 12.190812970565357 7.5523488685861615 109 144 139 107 
1.4539269985965877 7.161615260434959 -14.909537515046816 -24.737052774320173 -5.375713708298032 11.55586779773957 8.43043143196172 145 176 144 109 
3.3819717206789273 8.715624698038292 -14.740105810849066 -25.025892811515522 -6.606264008733721 10.954300507125948 8.070617904643141 142 143 177 174 
-0.19637746616029056 5.795748211087239 -14.681173568765885 -24.45938091245341 -4.323840865257086 12.420199396404847 8.473135170142871 146 143 108 110 
0.3910538996219671 5.313321866231798 -14.109728534679478 -24.132758276445895 -3.232321794464813 11.163734758352597 8.99224774396372 145 112 178 176 
-0.6333680058533376 4.245352898285305 -12.817646835678676 -23.087702222441568 -1.1054847310752531 11.124947230564672 9.17055977885005 149 178 112 113 
-0.12058783293070653 3.959266087396285 -12.191264845726534 -22.582033128588563 1.061806613899228 12.105276353365161 8.789923853414983 114 150 149 113 
0.0022713781595554046 4.061713446751475 -12.534941874349094 -22.87185463610702 0.2447332372572673 10.163745985326372 9.463318483899378 180 219 147 148 
-1.2099305703685126 4.325191670860304 -12.719530011825594 -23.07249705546795 2.3797146525646986 11.129916515263341 8.998833059780585 116 152 180 148 
-1.8136503174936942 5.294026816145421 -13.544616467255494 -23.69998098990152 4.514571098650904 11.583261532807375 8.383991950091895 152 116 118 153 
-1.9782658971542726 4.82826979469659 -12.497680013318485 -22.88470707705318 3.7021664979289852 10.329077665377318 8.949562064698618 150 151 182 181 
-3.3205416239831225 6.591065113188926 -13.238208251605302 -23.62277137397387 5.7885667714374955 10.860455474774596 8.108466420022724 155 182 151 120 
-4.575908657471674 9.975291163731104 -13.346927826095781 -23.888958574529358 7.9270058705203414 11.360678867677658 6.933606058606454 155 120 121 156 
-5.012909715412898 8.120045222213157 -12.757033582092175 -23.750082881024465 7.071618872560519 10.292483407216324 7.545317091539518 157 184 153 154 
-6.442721472611614 12.108837391778033 -12.3865428257106 -24.196683146498895 9.0657340492844 10.908771676886989 6.118993625215666 157 154 123 158 
-6.770309749730869 9.847270288104818 -11.908769467102216 -23.98086120622916 8.302044891199637 9.862796825424654 6.71375871452998 156 187 186 155 
-8.451231870458503 14.40492209593399 -10.971712986460938 -24.831264875296437 10.051136152275012 10.590729668860146 5.114080975994968 160 187 156 125 
-9.236827909498006 19.4990176779749 -8.439959461181287 -25.248782930777352 11.38240271334828 11.332024921576213 3.601098937381132 161 160 125 126 
-10.357509365738249 16.823324659774556 -8.559139332234611 -25.459545147428155 10.804813189755341 10.373417760746884 4.008687003132573 158 159 163 189 
-9.129248314794788 20.658812167882616 -4.827734716054061 -24.14919925934409 11.748957127887483 11.132978209907012 2.658332806768486 159 127 162 163 
-7.585903839666073 20.273109198823807 -1.5263780719864064 -21.861377139579155 11.883133609298204 10.9200368578018 1.7828168731346858 164 161 
-11.07839273662845 18.527619352054632 -4.993537097213155 -25.139221983643942 11.277499102741698 10.20118677616233 2.8949289379501897 191 160 161 164 
-10.407784080893343 18.909086001831273 -1.2985339308846195 -23.83688734588858 11.46984883640116 10.008913053132666 1.8354229931206263 194 193 163 162 
10.442185580049056 16.245426605331588 5.154048370856231 -23.157191800001463 -10.976925078912016 9.06325909518764 0.11391928767095665 169 203 166 130 
8.203389391858009 15.611029702733596 5.702949875173969 -21.061443832650294 -10.730008899764757 9.109480511999163 -0.8146496417569523 165 167 
10.320038599206518 13.731831535773532 6.041996972321389 -22.579583434469942 -10.467447902305977 8.168434581948969 -0.7571335452776861 203 198 166 
12.711495070533413 16.122798951928182 0.07737098459458043 -24.98897277957534 -11.115871176929392 9.00067831074282 2.3790115321258085 169 133 171 204 
12.44230553931498 16.65231490716451 3.2368814916771718 -24.874478149677362 -11.138113968391618 9.039221821567624 1.1985689720549355 200 165 129 168 
9.543151510113757 12.973156159884947 -6.706369539285372 -23.314791337317217 -10.29163916961836 8.974730272843786 4.83792156793408 173 206 171 137 
11.67766044822272 14.751010479425432 -3.669303139805364 -24.382586890645022 -10.845240023252776 8.968089792871973 3.610537114934869 170 205 168 136 
6.542269477939811 9.97324410639702 -11.372139175548103 -23.742258441658855 -8.396109297699056 9.142528831460424 7.033543828710478 213 173 141 175 
8.267387495806487 11.481748472202284 -9.446849649592432 -23.662881980747002 -9.463467204988975 9.02960812917776 5.997725704484376 209 170 140 172 
5.033579347594512 10.322074394829773 -13.547398877271691 -24.655694170233094 -7.867449851788422 10.570834843458423 7.435228618531798 144 175 141 139 
5.079333539348019 8.630171785093024 -13.014072533612904 -24.255642004810834 -7.144793192949098 9.3489406944936 7.896547680367777 174 177 212 172 
1.857635192946499 6.302154403699645 -14.27142497053649 -24.386222581901293 -4.4304679303682235 10.285248065863048 8.924273278315654 146 179 177 143 
3.554765554280532 7.421779684564941 -14.038506169770091 -24.568308734635433 -5.7872221734147935 9.703327455611355 8.543418813175649 215 175 144 176 
0.7320646795579676 4.961107473537573 -13.656186366489969 -23.82071316202226 -2.2586844883073915 9.736556099663229 9.454281172815126 146 147 222 179 
2.1316042861234763 5.568263197451854 -13.77011277185286 -24.086738769235488 -3.707653530275322 8.961689791530674 9.323899086781026 218 215 176 178 
-1.182922782938124 4.372852132013521 -12.840227081407336 -23.17163719068707 1.6983760377087902 9.543609019675182 9.530581559333852 150 181 223 149 
-2.022726048401243 4.739831233860645 -12.518786954058 -22.93397534424167 3.1045663838500652 8.955863421232554 9.406526121645017 152 183 225 180 
-3.3921940727259043 5.705916625095912 -12.209315759553986 -22.8725239324113 5.039584278746873 9.696825595409067 8.648060563960266 152 153 184 183 
-3.534891799956403 5.34680846172818 -12.230506457781825 -22.998845232529053 4.485578559295159 8.449439395911467 9.074629572230474 181 182 185 226 
-5.066518676105005 6.7413501536644835 -11.90457655569036 -23.18056160515651 6.371296634754176 9.186625192976619 8.081718578529628 186 185 182 155 
-5.308588018325762 6.071915048983659 -11.945102795380445 -23.39642350441163 5.845931449510126 8.017495656205853 8.503019012473345 228 227 183 184 
-6.989208247049777 7.948474862171752 -11.49484891981054 -23.82737581891951 7.658797280562977 8.785368965464375 7.250289081032632 157 188 228 184 
-8.605553094076177 11.765271256591127 -10.530268152321325 -24.33397244970612 9.400037054127285 9.56683668221868 5.658301293884505 158 189 188 157 
-8.584010411000564 9.410596894953983 -10.06939940779999 -23.85716688018685 8.836475612756015 8.507267358587324 6.172194501758234 190 230 186 187 
-10.240592341688556 13.87174784304959 -8.085864794440907 -24.47812358400135 10.271816022862243 9.371353984150215 4.45410696932346 190 187 160 191 
-10.189006118103505 11.14953244975274 -7.741734233864729 -23.84426022991577 9.80356618896818 8.328771327369166 4.902546476953374 192 232 188 189 
-11.370783889132614 15.70812124879089 -4.713640649694107 -24.47205628824141 10.84524015785316 9.220580275561995 3.1901828824565777 192 189 163 193 
-11.820183353105106 12.954237871473447 -4.6022644206400365 -24.21115471904063 10.465632927555975 8.201092928803375 3.5241716427701926 196 234 190 191 
-11.749595513146772 16.75984542876963 -1.0179536164065937 -24.307377028106856 11.100194748961353 9.062255831947747 1.9556136858499449 191 164 195 196 
-8.951179280908523 18.29203375759459 1.6006411341455247 -22.11246193127719 11.42895305286063 9.772940204501417 0.8540361359463469 195 164 
-11.412531971380636 16.89003171988672 2.2951697424128996 -23.93351825294375 11.077416032142315 8.871950022723713 0.8172964054519053 197 238 193 194 
-11.769878428489207 14.029739086458312 -0.6962570523940741 -23.509478811102525 10.779119387526878 8.076809777395088 2.1396243284270886 238 235 192 193 
-10.985483103343427 16.520553177640036 4.702682340115077 -23.73796753834855 10.86335074645376 8.666994314870463 -0.19535157012738277 240 195 
10.36837165838817 10.737222589541915 6.112193873872198 -22.026157153660524 -10.22918236873354 7.051957034988899 -0.7234430764436102 199 167 202 242 
9.321711469002286 10.560055883799697 6.532023625329207 -21.177920447970386 -9.90548231789921 7.03652344958658 -1.588788854640971 245 198 
13.031646729386734 14.012525479495396 3.1240277476957155 -24.708465812323336 -10.861258751175562 8.024579754954251 1.3648186762577548 169 204 201 203 
11.429859795441146 10.56491891221971 2.7270396908795695 -22.420806289208315 -10.642148204405457 6.911473892472831 1.54479368022163 200 207 246 202 
11.247586517948516 10.81356810352922 4.967140330969558 -22.577480666173038 -10.502645543598696 7.01191261342707 0.32701252051881735 203 201 249 198 
12.026976055384324 14.097674071442958 5.35557588424298 -24.0864002484252 -10.716961213579287 8.106725213751783 0.21845117495275332 202 167 165 200 
12.43855231296385 13.233176591781275 -0.0637470583770876 -24.01095042006228 -10.806900837013348 7.927962807038533 2.628052089370331 205 207 200 168 
11.047191081632384 11.95795106786985 -3.558645098361913 -23.185589577902654 -10.485181473763685 7.843570357152208 3.933153313214261 206 208 204 171 
9.509553644558306 10.576696793276277 -6.6688334493269235 -22.917791440270353 -9.868692513732283 7.805371535323836 5.208348182840454 209 210 205 170 
11.361351465431108 10.025429388404245 -0.20197828189453765 -22.39165483438857 -10.560175976044011 6.779829094763983 2.8715095937095034 201 204 208 253 
10.486581797998731 9.157001908578671 -3.536786045126313 -22.251847096462633 -10.194304976120922 6.6595426775705775 4.227502291528604 210 250 207 205 
8.017945485458075 9.317330927632971 -9.10305770735058 -23.068434084289628 -8.976090208841166 7.830126549825608 6.392406631289673 213 211 206 173 
9.183160291174477 8.171210315123039 -6.507992486959942 -22.327841922224366 -9.525566739177062 6.591576067506366 5.534871145222236 208 206 211 254 
7.854112252862 7.25080282117033 -8.85773821751882 -22.685989728953558 -8.584754591800232 6.596692548801451 6.729149722012418 214 255 210 209 
5.113754375796341 7.117269709514272 -12.57554928229644 -23.94634865283476 -6.55629993060778 8.116510422739294 8.284443834658266 213 175 215 216 
6.508318675481883 8.135082729761645 -11.065278136548082 -23.44099741767891 -7.8517718517704305 7.926379810041141 7.431864382370872 214 209 172 212 
6.462146002736149 6.40684944168213 -10.760170363835524 -23.173590671370007 -7.428361738079039 6.6839077046353665 7.758275410815754 216 257 211 213 
3.684442172023076 6.27963580975977 -13.469449260468979 -24.195108215384654 -5.156438811222842 8.440893162636076 8.923578045920998 179 217 212 177 
5.062696805665303 5.7288095147581775 -12.030959449757301 -23.508223193807037 -6.122431107495595 6.8644834473583565 8.588947385725529 214 212 217 261 
3.6929239099703834 5.21834619111257 -12.71497091718281 -23.58916085411796 -4.7260970269777305 7.152255893284215 9.210993116099832 218 260 216 215 
2.2687482288338408 4.820321393022165 -12.999134490014454 -23.474602712778996 -3.2694202664065974 7.557241177913186 9.621514646858078 217 179 222 264 
0.18097156404322798 4.499910539004342 -13.604532614739707 -23.82717903078159 -0.20556508802197637 8.162891351889948 9.90171971865291 149 223 220 222 
0.15612783403413857 4.187878717804681 -13.590894569340088 -23.85014691073086 -0.317936889414998 6.230655239378616 10.13845132030568 219 224 267 221 
1.0002849056607175 4.173174067432785 -13.533618175525914 -23.85030257673059 -1.6841989014935907 6.218712986857338 10.04932796979715 222 220 266 264 
0.8923562784656728 4.579336390966592 -13.078699264452796 -23.342396829605566 -1.7460839778569939 8.041981656593872 9.81944990162841 218 178 219 221 
-1.1353661358680966 4.664997508275153 -13.744117848191584 -23.99793447818839 1.2745252438267836 7.843520796161441 9.891391339749294 224 219 180 225 
-1.1890899158194719 4.285374401608461 -13.499085233831842 -23.800366894581764 1.051625349914773 6.0879644354550475 10.099563863584482 268 220 223 269 
-2.1493090122606593 4.892045441237289 -13.574943586410535 -23.958694539419227 2.699627128823244 7.464188879407124 9.721037345273462 226 269 223 181 
-3.863711494774923 5.320038448338921 -13.206339352481628 -24.024919524835713 4.099741898881226 7.0981815744371115 9.366193770575588 225 183 227 271 
-5.805639463449554 5.824261164547305 -12.784887047864201 -24.384077027994614 5.478537334178802 6.767049008027882 8.785851833810161 229 273 226 185 
-7.322213344966924 6.925945615867667 -11.58919887749774 -24.138100222545706 7.162795818280031 7.659498263056189 7.6777805786399735 186 230 229 185 
-7.993728057473102 6.3938176980561074 -12.34044478428209 -25.149614395632423 6.814422233565164 6.476618341120693 7.960970956516442 231 275 227 228 
-9.253565164339637 7.983034059913492 -10.453750505398142 -24.562900305286416 8.384803793559376 7.401738428720337 6.59877062843177 228 188 232 231 
-10.10835912611173 7.083191032748819 -11.14460920919961 -25.63051500231896 8.05799263549944 6.250705878278732 6.886689294664995 233 277 229 230 
-10.617832155719986 9.289497596406385 -7.838805934631022 -24.066359726389262 9.415147895678658 7.240282735501598 5.299010772224367 233 230 190 234 
-11.552417819104251 7.912128191719096 -8.350203196808641 -25.015637907988395 9.11952866205246 6.106096187796684 5.5820707551603 236 279 231 232 
-11.374718536000515 10.596905727670134 -4.283739124262135 -23.28503636323454 10.14496642259371 7.1359291717416475 3.848344484786934 236 232 192 235 
-12.075980170179019 11.691764370186622 -0.5417571975662356 -23.257234393573178 10.50853843225999 7.044058463823126 2.349979200885225 196 239 237 234 
-12.378784240704832 8.781247474450593 -4.5735972956316235 -24.078104065880133 9.888781237674662 6.0179431103072485 4.100066553342159 280 233 234 237 
-13.013767004355472 9.556891891742342 -0.55486231504366 -23.799879661563242 10.287446633965146 5.953033630920781 2.532578930439112 283 282 236 235 
-12.455445320019646 14.693659058604576 2.751498276826021 -24.282358793400498 10.776129658333181 7.935920835966807 0.8481667051779395 240 239 196 195 
-13.099468539328525 12.440027284532517 3.035023457446225 -24.359526323190998 10.5206041510299 6.940281343907618 0.919868363533717 283 235 238 241 
-12.478891188632181 14.6820828326528 5.378107599029186 -24.711754897474414 10.557343605781757 7.799437602715697 -0.2871611929440181 241 238 197 
-13.169808825353465 12.469230386500415 5.798733616068874 -24.90255830979145 10.2725399025375 6.805874428902632 -0.352058957216838 284 239 240 
10.103713467151799 8.033454601659125 5.954684691677869 -21.36729841297701 -10.066819662372232 5.865990498677504 -0.7038565664924744 198 249 243 245 
9.556068557315555 5.373748534960745 5.765322773148313 -20.606069327257696 -9.965643969928184 4.60093453577286 -0.72770909569537 248 289 244 242 
8.570615671375558 5.289321717190543 6.114529157535537 -19.808670782302617 -9.583215163073692 4.579511127541588 -1.7356233018550962 292 245 243 
9.111777293862845 7.902821418482612 6.305083369703638 -20.553898776386625 -9.722170818988591 5.879993649269606 -1.6338445482411876 199 242 244 
11.268918757716836 7.913631117950363 2.4593410618213385 -21.902337574277457 -10.491509221325659 5.727185421002893 1.6969550809118008 201 253 247 249 
11.085275169306978 5.319696304386095 2.2169060748287266 -21.534721373912692 -10.410109766641774 4.5119272720420245 1.8050985357130456 248 246 252 293 
10.386519081983781 5.416033430352415 4.500478770538287 -21.086958788476057 -10.274004688561863 4.59026237231703 0.4629909466056912 296 243 249 247 
10.857499498686215 8.066588668277676 4.718011248333277 -21.77752642028611 -10.354612047634443 5.825298372532052 0.41413696642046 248 242 202 246 
10.477516962222154 6.915016475066843 -3.7225247546381968 -22.110180710137314 -9.98537609066019 5.444553518689075 4.464059506834371 208 254 251 253 
10.551064497453918 4.63884170266029 -3.976082222711295 -22.17738556399871 -9.859356207013517 4.225562245228611 4.6338963510954425 250 256 298 252 
11.2435666500672 5.050069549891245 -0.7269580631040035 -21.921532589469745 -10.287471002416579 4.376093104591294 3.2233963232894878 297 247 253 251 
11.349700425115524 7.5453963790629315 -0.4727690741439031 -22.131509058060576 -10.38714188191711 5.585110947170971 3.074038303036745 246 207 250 252 
9.312039154599313 6.224958699586072 -6.657276972786702 -22.410683866014537 -9.277163576703432 5.353985014187964 5.789550126100581 256 250 210 255 
8.058470095029413 5.610365528541727 -8.99936833488891 -22.898098331101934 -8.3068850442994 5.340062803468954 6.981840026597508 257 258 254 211 
9.48272923378198 4.237214616489088 -6.8756221170359 -22.630173577787737 -9.129470941605712 4.111239019185135 5.95845249355999 258 300 251 254 
6.633076836135947 5.081811878229411 -10.805042235848916 -23.328828931534854 -7.141556877756527 5.411419001644049 7.992587346769923 261 259 255 214 
8.131580436281041 3.936868225893193 -9.043304102563082 -22.976023095866225 -8.151858848339245 4.068794740644147 7.134676976806399 255 259 304 256 
6.623594181448119 3.724874833512017 -10.632122317789214 -23.20473787016383 -6.995445996228359 4.10781016058462 8.124733260791274 262 303 258 257 
3.8296938862267496 4.434323153590026 -12.614336571763046 -23.599077826947415 -4.479125726063049 5.794479948465214 9.40741050534437 263 261 217 264 
5.18074822689839 4.696252883766091 -11.929434287725817 -23.51914443138915 -5.847285347436855 5.568979218670192 8.80052541405757 262 257 216 260 
5.19930779507566 3.5964630730849088 -11.681251556194928 -23.344392745417412 -5.7246775920695185 4.216312626282912 8.915097865553005 263 308 259 261 
3.8574379957317806 3.533055241414638 -12.335200576581993 -23.390463625592176 -4.395655189515478 4.351759046907529 9.511090632344077 262 260 265 307 
2.414036494825712 4.2630022761067385 -13.040296067407095 -23.602251349178417 -3.0769846220640313 6.0417579451681185 9.819853220701537 221 265 260 218 
2.468609659003992 3.5194040968910345 -12.949029906300193 -23.569387931423773 -3.0509508511653274 4.449704956738866 9.921336108161043 266 311 263 264 
1.0049625168785492 3.5555409400194367 -13.55606678171975 -23.910836160313146 -1.722471864953663 4.454148970732913 10.156460811715755 221 267 314 265 
0.1303272293622461 3.5971689810376475 -13.615790148839187 -23.90909401468781 -0.4080642340600254 4.385892254071231 10.247805582898398 266 220 268 313 
-1.248962879653597 3.6719422919513574 -13.54900524959166 -23.88692857452223 0.9246580117816994 4.29836270836913 10.203672029017785 267 224 270 316 
-2.2215866903479573 4.40255177461861 -13.409787998385001 -23.85362028363891 2.4439483605927013 5.875089760851082 9.91095778212234 224 225 271 270 
-2.314343220370542 3.735100929554034 -13.5068957470926 -23.994312554988365 2.297809181982191 4.2074567905724365 10.008912858011753 272 317 268 269 
-3.9490113741498827 4.654519171545878 -13.048554150029435 -23.94321449464101 3.850294184501315 5.650758628905065 9.541739223199247 272 269 226 273 
-3.995539211026899 3.854991047948487 -12.936195641096802 -23.873825551646476 3.7172517635204834 4.130868757397361 9.62949652536928 274 318 270 271 
-5.848897719440678 4.936333084274959 -12.541359255051274 -24.214949994523227 5.251479509822212 5.442449642006743 8.948133885234405 274 271 227 275 
-5.8355696752341215 3.939902128541729 -12.33567777558462 -24.03956831004572 5.152902548515281 4.073259384957459 9.018722040830005 276 319 272 273 
-7.87838623138422 5.217062077729394 -11.888569699221328 -24.719421174614723 6.608042166115895 5.24939253976958 8.114564284056634 277 276 273 229 
-7.724554388429485 3.973208467345188 -11.489668053400475 -24.308013441372882 6.5355616973587605 4.004567969595211 8.168808561468971 278 320 274 275 
-9.818577343695635 5.5281484162395245 -10.632346334843966 -25.024893946745028 7.861033533767077 5.078064854616765 7.042813245469496 275 231 279 278 
-9.493924686159584 3.9696413485337723 -10.136616059170846 -24.429072159772375 7.793176790712364 3.9074427550447215 7.093935062733531 281 321 276 277 
-11.503297089006333 5.952052056161888 -8.178886171131294 -24.768588256008485 8.929106528142142 4.950966412779646 5.747198003706947 281 277 233 280 
-12.714628855485778 6.481582191853126 -4.610593531499593 -24.19398673316867 9.711414090957373 4.866515426240113 4.2642194340461685 236 282 324 279 
-11.25018192221857 3.982750453372994 -7.861575365058215 -24.33359416362628 8.853045102085272 3.8010106545780324 5.810285242380171 324 325 278 279 
-13.710717622504818 7.040998289468482 -0.5817472879121744 -24.182798507781033 10.127656357975328 4.8166196032838595 2.6714298645846086 237 285 328 280 
-13.815128423484184 10.115401258235833 3.2744293999917704 -24.617699504294606 10.310950846643644 5.8833473131774445 0.9969696852365366 285 237 239 284 
-13.945540565450154 10.218019840203553 6.397137913591993 -25.3344006808495 10.033756500113952 5.761740009862978 -0.4012745646118992 287 286 283 241 
-14.34120783192804 7.508497742289005 3.4272434769635134 -24.783192420820264 10.16143753408312 4.785658889741953 1.0841630085906222 330 282 283 286 
-13.938636538940779 7.711060231253133 6.623431855561098 -25.020139204713818 9.87849927032287 4.736449855704349 -0.38454913202499086 285 284 288 331 
-12.753656827670756 9.901074704121335 7.102221460117112 -24.388494088317795 9.597082973585762 5.5881942505091775 -1.6177471193336355 288 284 
-12.175848836272982 7.526009844994412 7.0770650207938495 -23.494458812702433 9.426023432719667 4.668042335392858 -1.6718627669588748 287 334 286 
8.682517418987896 2.4614050560336858 5.578262771511591 -19.726587335310978 -9.94017456685119 3.294796544293222 -0.8101320638758038 243 296 290 292 
7.998452411329891 -0.2397043716489081 5.584933829267537 -19.298621916238538 -10.001658643809265 1.9852198045726301 -0.9434968992457016 295 336 291 289 
6.017195832406225 -0.09325007526439431 5.539235540969782 -17.453696577908545 -9.529658854789455 1.8392610831644545 -2.1022623407619085 337 292 290 
6.967072087513093 2.467267907130945 5.511805503076555 -18.109261852272887 -9.519545028915925 3.202310399006194 -1.8895137331704133 244 289 291 
10.657788705991436 2.4977877043881316 2.005452409049007 -21.104872300021082 -10.410257302139785 3.2899826809394908 1.8535544959451848 296 247 297 294 
10.655192545797073 -0.18775895896702288 1.87058857954539 -21.2947900262336 -10.497901678853335 2.064957731184939 1.8179662026895422 293 299 339 295 
9.755302306742772 -0.2824554366967959 4.386106199903356 -20.663824256754616 -10.355690325955733 2.0674874628873035 0.37376570548889465 296 294 338 290 
9.823172845062592 2.504546971682229 4.344857682287064 -20.50663112964442 -10.272047422622236 3.3337485961199667 0.4533037158349605 248 293 295 289 
10.915044155292499 2.407836606804612 -0.9432640157435798 -21.645864855770295 -10.27418207960904 3.1707303379676075 3.306502438213038 252 298 299 293 
10.394670211974905 2.2795184307729386 -4.16882392751608 -22.12733155917797 -9.830506409941615 3.0157274555969713 4.7240746694489 300 301 297 251 
10.93133054696596 -0.05475665419957718 -1.1841688871848273 -21.868058018011453 -10.354465904063849 1.9707574701812427 3.29825764911404 301 346 294 297 
9.347167150334537 2.2066411791737317 -6.939556313621743 -22.57993915366536 -9.095706620009818 2.87575538279949 6.033926328144029 256 304 302 298 
10.36984290531203 0.13775474385320494 -4.418026185638573 -22.322257543319186 -9.904339156963683 1.8182252237773469 4.719251566707783 302 343 299 298 
9.285278684118762 0.3763841250523729 -7.097024593476841 -22.69882192205682 -9.17440920811463 1.65538397478295 6.01429585280964 350 301 300 305 
6.543146996409541 2.268978037622739 -10.422878653769843 -23.016799336188853 -6.989548524830306 2.7788322719847285 8.161338464177442 308 306 304 259 
8.000933405141426 2.211753841660394 -8.941977489921618 -22.8390475271476 -8.12713702960919 2.792648410020723 7.188454797506026 303 305 300 258 
7.918756641739603 0.6402473536794094 -8.966842166058008 -22.848812029422273 -8.223566684452472 1.5244985210274669 7.150056009719442 306 347 302 304 
6.456273425628424 0.9195725423538933 -10.323882947955735 -22.916032559946256 -7.11117231042004 1.4380884051204643 8.109814022815538 303 309 351 305 
3.7922910157093943 2.449649258431298 -11.99457833917053 -23.078138310503675 -4.449174493279864 2.8457152444179603 9.533077386417947 310 308 263 311 
5.109175508959907 2.352487996447371 -11.325998175514213 -23.018339120563933 -5.744926765385735 2.8135102007190267 8.941732029843054 309 303 262 307 
5.0694081693946185 1.176391628230094 -11.24564111978545 -22.946041299973768 -5.893339812330859 1.3759950477034013 8.885121499771145 306 308 310 354 
3.7290959142350624 1.4125566684708373 -11.912521186480763 -22.985612601354614 -4.622081401675157 1.2920655902912932 9.475928524656013 312 353 309 307 
2.3926132377520086 2.5691935642993236 -12.657659577381109 -23.29287996961039 -3.14211204514814 2.8196295101304347 9.941592841430023 265 314 312 307 
2.286622155133929 1.6585756802658211 -12.57089021007378 -23.178740102899575 -3.335463713930591 1.1457758952921853 9.88337921921327 315 358 310 311 
0.06093272298538921 2.7848555427208197 -13.385598811019868 -23.687301384906814 -0.5311301702978144 2.5535332860846767 10.265560330362973 267 316 360 314 
0.9174724691873015 2.7077917120067223 -13.383742755183794 -23.74586077081766 -1.8417956586400759 2.7071926748468265 10.175649308507932 311 266 313 315 
0.7759326682884355 1.9127522227823779 -13.254550593586185 -23.58496982546902 -2.0520818749002796 0.9235683419558295 10.112093606712858 360 357 312 314 
-1.2516115209007312 2.8775583386463537 -13.199534861365814 -23.543367973782054 0.8174948126864379 2.4453392107597853 10.219246263141358 317 362 313 268 
-2.314659816221115 2.9300897654389826 -13.443153812110602 -23.932590202212257 2.2262774972226613 2.453839353142485 10.020909732686592 270 318 364 316 
-3.9902867264323203 2.914630304456956 -12.96754356771757 -23.900659107052036 3.7018238794179035 2.5681259364015645 9.630952478255143 317 272 319 365 
-5.698113341402961 2.7826642451630534 -12.108327733860845 -23.775743008127105 5.185707138290794 2.694181957791189 9.002437660712367 320 368 318 274 
-7.431266416577731 2.5729901113252933 -11.047370775264048 -23.784625597452713 6.588558573431818 2.7618788396062284 8.13693119654539 321 323 319 276 
-9.213516751915547 2.3223136525786625 -9.737162288002068 -23.961344990848072 7.842674204326894 2.745834661719933 7.056435906583635 320 278 325 322 
-8.851336773930573 0.5777516435965069 -9.332439401659116 -23.47314477958611 8.005321033891315 1.5903296791769028 6.93988351173042 323 321 327 371 
-7.056294556432174 1.1120796014235816 -10.658863658080973 -23.26888626787225 6.7692533158656385 1.5309700333956053 8.02362934381854 322 370 368 320 
-12.870167827050503 4.066329547076772 -4.56742598498586 -24.223790731632178 9.62953740978189 3.712879325686986 4.343560124395669 328 326 281 280 
-11.028865830867824 2.0273543479206975 -7.56453073564323 -24.00241434250166 8.885596011015016 2.665967479565512 5.781641182692789 327 321 281 326 
-12.936260391152059 1.7479743039714761 -4.479996489385225 -24.275262159888168 9.643075785231087 2.5786681335435206 4.340079803251391 329 374 325 324 
-10.81741717389545 -0.0774279921454018 -7.277486159208531 -23.767851223599457 9.020540210649044 1.5476803680857913 5.674296242792648 322 325 374 375 
-14.0128376193563 4.253011450363514 -0.5847389550199743 -24.31966803330673 10.047752219974042 3.667244958529924 2.761107272987071 330 329 324 282 
-14.405715167706385 1.6265841713296665 -0.6173293773811759 -24.72892879454215 10.050671322931581 2.5321271446688014 2.793605885595044 332 377 326 328 
-14.438324058848522 4.509415516104782 3.432078104027415 -24.664088067998097 10.088805429690376 3.668713470258731 1.1736126800967162 285 331 332 328 
-13.406425501997967 4.734088700997431 6.49603651741898 -24.235015498471885 9.813971692094013 3.6893186174642913 -0.30394521403586083 333 330 286 334 
-14.968316604638806 1.7256312173299715 3.4022985511993205 -25.187127056444524 10.094401673123246 2.5467084049341753 1.240511730349133 330 333 379 329 
-13.74927425775074 1.980349333525537 6.488335104634229 -24.538763491311364 9.832311647570652 2.59806234594516 -0.2091416009679189 331 335 380 332 
-10.221493411035446 4.685349028061399 6.345783995176232 -21.178695706844938 9.362672899761634 3.6978674873425614 -1.6123500415927328 335 331 288 
-9.806267622652053 2.1707583761238003 6.1258790864495465 -20.68440434010363 9.398775845981312 2.6467288807858504 -1.4940186475759654 383 333 334 
7.586208434652461 -2.1654625541789168 5.622574558089065 -19.183207615794196 -10.132334132392 0.6882434968421959 -1.088837371702731 290 338 341 337 
5.718442243199505 -1.944667275500736 5.6708650984490685 -17.48300763305773 -9.644457467264335 0.610859399796266 -2.2291543751885876 291 336 
9.594906432997314 -2.2603122224174843 4.458421719405295 -20.780655892727612 -10.49800265535621 0.7873215832561842 0.23047833236243667 295 339 340 336 
10.536773605730282 -2.0026473984002227 1.8292973126590262 -21.393787517526142 -10.645845405683263 0.8260814130608602 1.68315257422058 346 342 338 294 
9.504631642333662 -4.525676296690711 4.607183193064962 -21.107492641479727 -10.684309304963776 -0.49080675855705175 0.0517246422176692 342 389 341 338 
7.2888486399417864 -4.26518788626275 5.6871512146209415 -19.28874638208599 -10.320473342817188 -0.5898835635255347 -1.2153532329921553 387 336 340 
10.510539829869854 -4.198782210524184 1.851722086042534 -21.704652029692486 -10.837834210113861 -0.4271406460460613 1.4595842467141162 340 339 345 388 
10.502980246992703 -0.9549621812859383 -4.6131944012404 -22.602534109725497 -10.056183751661104 0.6321830133568572 4.592713923364811 301 350 344 346 
10.153377016001665 -2.527927790929852 -4.645594008200706 -22.42231244885819 -10.272070760975195 -0.541142761381019 4.336779824759281 349 390 345 343 
10.501471414049712 -3.4646271091463796 -1.3293175409930487 -21.862362065471334 -10.705762240516023 -0.43861138499405355 2.925059001307152 344 391 342 346 
10.981807595000978 -1.5661588638409738 -1.3182489112101934 -22.094760767863455 -10.503467651983135 0.7686356236711455 3.1714800856716945 345 339 299 343 
8.100624675539722 0.2353607496497576 -9.196873121922309 -23.14775618041881 -8.410219893202456 0.28003567792586387 6.997975338952762 305 351 348 350 
8.140708821662043 -0.7346642979716382 -9.425147097896208 -23.332038395879753 -8.670915855832071 -0.9273214328544546 6.724071859839987 347 352 392 349 
9.340899352904962 -1.5798066627739515 -7.4300233209079485 -23.01145004172176 -9.572420285308802 -0.7131830470315568 5.614097380929443 350 348 393 344 
9.489303141310582 -0.33185563871427165 -7.335684557337627 -23.0345894950491 -9.337908870965544 0.45712230880288757 5.877428232379742 347 349 343 302 
6.788360283606194 0.76727570450744 -10.786496130115479 -23.484634021748093 -7.329366240669166 0.11089845074429776 7.943354223254378 354 352 347 306 
6.744129478644802 0.03227947346666105 -10.912697699258073 -23.528576809015988 -7.62504148964245 -1.1768521271249706 7.653485565619846 348 351 355 398 
3.9611205181903033 1.63519492170094 -12.42233681464823 -23.55403685535594 -4.899683821999118 -0.2838691657062857 9.29062204538105 310 358 356 354 
5.37406260944303 1.2311418182181588 -11.785847709526303 -23.567035544200486 -6.1440822427832735 -0.06530663152682337 8.708227681539903 353 355 351 309 
5.3113189495948285 0.6774819353783145 -11.880180250246289 -23.57698911194928 -6.480817280986093 -1.4752742769858358 8.396667964157546 356 397 352 354 
3.8404573987444763 1.216568268458744 -12.389888034461322 -23.433706670088203 -5.278152383900384 -1.8475538818300126 8.95115424394287 359 399 355 353 
0.9155753477029646 2.4215407876638144 -13.381931296108181 -23.77477774607575 -2.3757588596109054 -0.9192656097096187 9.89625632943595 358 315 361 400 
2.454541117959835 2.0356132960227367 -12.956451556933319 -23.617928480274585 -3.6352085948609503 -0.5707718686272312 9.685865074069405 353 312 357 359 
2.2983269402457633 1.7287589352771802 -12.70418643409688 -23.29270897088946 -4.0553970064649825 -2.301820540440302 9.309943076238348 400 401 356 358 
-0.04739932727547843 2.0383064706105567 -13.35968587343514 -23.633916364298386 -0.7390736353737821 0.6652674533612577 10.194051003105697 362 361 315 313 
0.09946271347132274 2.6475875162180493 -13.701445564918153 -24.04618638558392 -1.1074999950046962 -1.3043704804826075 9.954218435847846 360 363 402 357 
-1.286715088416535 2.1877686883606366 -13.186844675680057 -23.50332865099938 0.657723617010842 0.4505047829818034 10.13616553989699 364 363 360 316 
-1.1906385356107076 2.972354292162317 -13.644617289388401 -24.052863385996375 0.18866161173682638 -1.7194373465963149 9.864605257981363 406 403 361 362 
-2.226193084889598 2.2705339845475345 -13.421006344784834 -23.86538731077496 2.2195714933490147 0.5925749411552449 9.929561276387975 365 367 362 317 
-3.7811750209078414 2.0163940343272793 -12.801281374549978 -23.650535299327228 3.846405325748486 1.0162066789598936 9.533254474208016 368 366 364 318 
-4.114419514591926 2.7551860522585763 -13.10078016739385 -24.108055284837942 4.209739926905764 -0.4563361863307923 9.26561859750233 367 365 369 407 
-2.0125382062812203 2.81864878282922 -10.52215171973085 -21.079715560504457 2.637406247415562 -1.1641949061353034 9.606460394037253 404 406 364 366 
-5.387972007677677 1.5915189141056387 -11.79816264250006 -23.349294159592876 5.36991137482706 1.3397899198938958 8.895403839028432 323 369 365 319 
-5.680342853993613 2.0322599789675064 -12.169694453871674 -23.834952138186488 5.70060401170749 0.015693484887753684 8.646682139014853 370 408 366 368 
-7.31004116691241 1.2447228401138948 -10.97383612678349 -23.674300219907728 7.066266764330204 0.303480727044106 7.782556940028472 373 369 323 371 
-9.18707487090468 0.38572603971896346 -9.65523115654516 -23.9427902026107 8.265140673717362 0.4297397226090256 6.704402382284153 370 322 375 372 
-8.186032813246912 -1.1343233976757208 -8.833864398278399 -22.66601380150702 8.612561593219976 -0.7440964227556515 6.343965005196852 412 409 373 371 
-7.120333061861365 0.007928720781712492 -11.026129801927503 -23.550233858087278 7.475333155059209 -0.9410771219002063 7.400728764619032 410 408 370 372 
-12.813196989167066 -0.7540031135534658 -4.308085355709237 -24.25608213489325 9.747384007754922 1.473740563992327 4.264330686332991 326 377 376 327 
-11.192213120969937 -0.6699625762079114 -7.49199018735885 -24.231829384933096 9.236916816571709 0.43443230363635305 5.456062674524064 371 327 376 412 
-13.017707921077406 -1.8179600677700782 -4.339474894899143 -24.554153408444407 9.920459217813857 0.3884908383702032 4.086000198033532 378 414 375 374 
-14.337114993463247 -1.2561352977078024 -0.5691030246538262 -24.86231120741867 10.13537757010632 1.428274374521523 2.7679445588311564 379 378 374 329 
-14.480391936749054 -2.80985897321912 -0.5648712922462403 -25.183876491069537 10.279536793522315 0.3527382073973214 2.6501026235416374 377 381 415 376 
-15.017821139302733 -1.4328113339933315 3.2969793342298312 -25.45703445246032 10.178482438918788 1.4367218162336859 1.268145181134425 380 381 377 332 
-13.848487670622555 -1.2094998812309758 6.3787557272809705 -24.818607911375455 9.92912498691149 1.4752976854388713 -0.14536222026736692 383 382 379 333 
-15.330879417566042 -3.431377189769378 3.2859860523313382 -26.023012527432144 10.31724792327542 0.349239521404298 1.217726491296797 418 378 379 382 
-14.483326665348574 -3.5076913246109016 6.521579680921653 -25.75933371014202 10.081999038640397 0.3542982527927512 -0.14167990058575106 384 386 381 380 
-9.798816411380905 -0.7118417824007325 5.981196815113471 -20.81560296320372 9.513526754792641 1.5092866316628697 -1.410283688013931 384 380 335 
-10.358977053528175 -2.852532230846487 6.190441653416597 -21.67990717348331 9.68483959948342 0.3448339633923656 -1.3799470136457757 385 382 383 
-11.449429364498403 -5.950271098413164 6.68403708363207 -23.42398988442233 9.917881078409856 -0.7349482848713373 -1.3352785304462773 421 386 384 
-15.660987906898503 -6.975076796477696 6.905505832735619 -27.626400338624688 10.282539206758349 -0.7130050392641248 -0.1841716554627959 420 418 382 385 
6.738689917602446 -6.107635709033473 5.657689970177275 -19.15892275829999 -10.572933859669865 -1.792286742505047 -1.2760426598303225 341 389 
10.383269312557527 -6.227004611796601 1.9293788766921045 -21.968134293973876 -11.0742458266521 -1.6771297638450275 1.1793364342786354 424 389 342 391 
9.243096451198863 -6.550974591556458 4.678747356296521 -21.29621541120909 -10.920383090971182 -1.7564025970244712 -0.1323265477343283 340 388 422 387 
9.973730185246216 -3.988734310201973 -4.709986754605696 -22.422856107137033 -10.550738351326276 -1.694117602942455 3.9699608757155285 393 395 391 344 
10.413870450462245 -5.286936991872335 -1.3493913660949743 -22.057826296906757 -10.959145849038219 -1.6368460504705995 2.585725799895444 425 388 345 390 
7.8769921232329825 -1.548369045769958 -9.377686228353816 -23.094921552617322 -9.00705096716451 -2.0880443523107606 6.341854725985317 398 396 393 348 
9.04882105499946 -2.68497367714806 -7.4167372463352566 -22.803552444812933 -9.878770295387287 -1.8502682349543356 5.23796989435263 394 390 349 392 
8.271447943052646 -3.9577343603405004 -7.122089891931083 -22.04523848147758 -10.243761952086473 -2.9570510116745337 4.7638828544971545 393 396 428 395 
8.886483252160167 -5.422310113361024 -4.370919465108696 -21.45635652792083 -10.87413694442558 -2.825378356556457 3.5190434939629167 429 425 390 394 
7.300403992133036 -2.6076956074380684 -9.150344782468526 -22.49007274949693 -9.411856736851973 -3.2021972114642776 5.857900574033963 431 430 394 392 
4.997837791014237 0.25915061187191174 -11.571951349054656 -23.107625719989894 -6.896385392740966 -2.8204494423341524 7.972932068605526 398 355 399 432 
6.490509556673658 -0.5406770686167188 -10.797616878869936 -23.243982230369063 -7.996069669007873 -2.4058810056863846 7.2581138605943005 397 431 392 352 
3.4677411914324967 0.8672827164316284 -11.772677745742318 -22.672619571004603 -5.751669434112694 -3.3482017114902076 8.479524345516237 401 435 397 356 
0.7722732946002193 2.1707922651362788 -12.745291239503478 -23.090073790500238 -2.8470778829017704 -2.807298258690336 9.476155765200437 359 357 402 436 
1.927855758984775 1.3850563890770142 -11.661354076629326 -22.14052477942934 -4.599385404783699 -3.9764831804771448 8.772862435531918 436 437 399 359 
-0.010966255740050633 2.29619655494016 -12.338783697297409 -22.636882193777833 -1.6759792366735236 -3.341554078114938 9.483325122666155 361 403 438 400 
-1.10594644179545 2.4580289265914237 -11.598535566206932 -21.94226264305189 -0.573067056765491 -3.918434751603428 9.347326120512633 363 440 469 402 
-2.49120578019208 3.1162556861824062 -13.7867366268698 -24.347975480152947 3.4796263131700345 -2.676311137825172 9.065061575153772 367 407 441 405 
-2.1840089832522955 3.2915239605287407 -13.70642760833464 -24.252679208324047 2.3439102038798127 -3.8425301945925616 8.994527477675815 442 439 406 404 
-2.408831694449513 3.235331155821783 -12.49259773203887 -23.129898008606656 1.350226371270887 -2.57893111323944 9.53069692657048 440 363 367 405 
-3.9393372322916624 2.1542323460537185 -13.354299209146507 -24.190646565109027 4.803071109764677 -1.8723390666137645 8.808949693523676 408 443 404 366 
-5.541358470241283 1.1119323366686573 -12.425409401319387 -23.905146585308277 6.178586796370593 -1.3122477366839198 8.238376382490246 373 411 407 369 
-8.995284352446644 -2.7443174076635706 -9.758208192980765 -23.92483317104816 9.050008898221808 -1.9330966986882356 5.89681436989509 372 413 448 410 
-7.0118782333713146 -1.2704989907055204 -11.321663349882568 -23.66132205309034 7.997156319309088 -2.2088281794810207 6.9149019414883774 446 411 373 409 
-5.271354518118271 0.1140415972829046 -12.64281935351936 -23.84944078697379 6.803834494475956 -2.655463428373711 7.706387048901359 444 443 408 410 
-11.250451408864818 -2.55766126971791 -7.501056105123329 -24.401603887457984 9.523733789128329 -0.68104936382903 5.124711211245603 372 375 414 413 
-11.407770189165825 -4.4913673674743055 -7.656677492400157 -24.79488897119535 9.888136441422917 -1.8015509276493402 4.717283357393434 412 416 447 409 
-14.029699163040782 -4.254675976662047 -4.638202949587003 -25.877828362335762 10.154057792514557 -0.6867501661571428 3.8013045655415882 416 412 376 415 
-16.197335717247327 -5.861652825295674 -0.7439198225093193 -27.36766624528641 10.476851018039813 -0.7047373553192648 2.433922288275457 418 417 414 378 
-13.55139561621274 -6.422909128877037 -4.46228339750536 -25.72155398375006 10.458525452979313 -1.7566590134096274 3.445110531632417 449 413 414 417 
-15.208741526995555 -8.216474694387715 -0.6163157709310977 -26.899715246420474 10.7394248923422 -1.7431965613560834 2.1503804280089414 415 419 455 416 
-17.641585978024516 -7.033511571687696 3.473840762469022 -28.95832791676152 10.503439423122789 -0.7083877526312099 1.0854217032134272 381 386 419 415 
-15.76260802897308 -9.398450462620685 3.287878135949639 -27.71462801448718 10.749645460553921 -1.726963363542277 0.9004700104319275 453 417 418 420 
-14.575993707953293 -9.574666368699317 6.620871441821268 -27.2126070809645 10.537619633227745 -1.7000911563838519 -0.25311801372907594 421 454 419 386 
-10.761820193815735 -8.39116468678251 6.492926864717912 -23.356330958910032 10.198939885022291 -1.646767224044262 -1.268075285098354 385 420 
6.933307938338407 -7.655450296910015 4.216789287404043 -19.266986478890402 -11.19219423085881 -3.003542522711545 -0.2912131648583812 424 423 389 
4.3792503612290234 -8.439219979422981 3.820903445560962 -16.967692821604757 -11.451453825710349 -4.048469060926588 -0.37226908251841323 426 422 
8.366834134773553 -7.571188355121048 1.9845424405923524 -20.299876933740904 -11.333793491062385 -2.882983248340876 0.8854468013449747 425 426 422 388 
9.042978450427075 -6.782661239407364 -1.0757030717407552 -20.948873750720267 -11.242809344040456 -2.8067109065046196 2.191041784822087 424 391 395 427 
6.013367256857387 -8.619012945255776 1.9928864236793897 -18.27544795956887 -11.59767464493461 -3.9936138277965862 0.6384537800861033 427 458 423 424 
6.900784309232442 -8.130182317272169 -0.6903508078693456 -19.09638049466845 -11.5433380476836 -3.945105983397324 1.8020510038967892 460 426 425 429 
6.7221421465232165 -5.593390230786476 -6.413518801507616 -20.459661901260397 -10.65833630759844 -4.056731309943197 4.229224007205997 429 394 430 461 
7.032975710166062 -6.978839748008347 -3.7368517365502587 -19.732903362501524 -11.22969385931115 -3.9510775312441626 3.0341248647182564 395 428 459 427 
6.212229050256915 -4.179530128197367 -8.66845149617334 -21.33180022616451 -9.882462814275492 -4.289493486528004 5.29934104827044 433 463 428 396 
5.933861069704734 -1.382561120123323 -10.493133035044531 -22.583953095854024 -8.44151639432932 -3.568506582337037 6.760380192365633 432 433 396 398 
4.457246274226374 -0.4100414879487096 -11.169011073116332 -22.38771768396086 -7.3907089052182595 -4.073376909147224 7.443964081855717 431 397 435 434 
5.0256623670899145 -2.763130599563493 -10.145247216285616 -21.608435993898304 -8.96806541452037 -4.674250934103097 6.180876596244017 434 462 430 431 
3.505359423807802 -1.597518756848461 -10.70360790232955 -21.295322827954706 -7.978199958604074 -5.22548382772007 6.832642384068397 464 433 432 465 
2.8056082559019875 0.2246115703715805 -10.924884653493638 -21.513532750423273 -6.313753226617644 -4.723929270776827 7.893084385536826 432 399 437 465 
0.5131081189044762 1.7807072886887072 -11.287541242068245 -21.559597153395504 -3.474907800698289 -4.657180350007041 8.861511153292469 438 467 401 400 
1.357251029831652 0.7586906849908885 -10.59840382848711 -20.826477387815746 -5.250825708973163 -5.495134700020836 8.103524576767457 467 466 435 401 
-0.4062739786867273 1.0593373172672556 -8.596958286730498 -18.679174658869936 -2.408472027487553 -5.350977262125908 8.785004064959047 469 468 436 402 
-1.7733634009516266 2.836765459392836 -12.066504485980513 -22.511208796099794 1.4183352452914852 -5.361047101839172 8.619642081101812 405 472 471 440 
-2.293474015893058 2.9135570910396162 -11.542686025372973 -22.12151226928748 0.43499751719791124 -4.570314562108551 9.054406201961857 439 470 403 406 
-2.1893580618730626 2.708387320024259 -14.256472449859942 -24.603170831522934 4.384778262852229 -4.050101190380284 8.440289906300237 475 442 404 443 
-1.7002663408608143 2.932739578418447 -13.959733507139056 -24.28079072301471 3.3380615649398773 -5.053096529486172 8.381531151777548 473 472 405 441 
-3.6919630209776684 1.4727595804502616 -13.726828929448954 -24.314912864067846 5.564638903442296 -3.2629385388293004 8.223852883823842 407 411 445 441 
-4.73143855442202 -1.1246969077026483 -12.72425915297774 -23.493769550196248 7.534749469675072 -3.9727923485047283 7.080450746216263 446 476 445 411 
-3.180532152943822 0.5025316213673418 -13.907013760032545 -24.079934451513417 6.4193951460686725 -4.586980138254312 7.554558613342361 444 477 475 443 
-6.648521016430071 -2.765717508386155 -11.552305784236903 -23.552831759411056 8.611612751908728 -3.479024288154412 6.343343463532675 448 479 444 410 
-11.537991299933882 -6.6657818477588915 -7.918632156331304 -25.314349043992177 10.320190661352562 -2.926188585875049 4.253575484557507 449 451 448 413 
-8.964055542152693 -4.566573731700529 -10.111272832576898 -24.214852101388917 9.565564850222342 -3.1318388584170824 5.3790337260630245 452 446 409 447 
-13.572718282605106 -8.871999961206468 -4.542784120670242 -26.269992378169697 10.822395526193029 -2.817367921508977 3.0439505425058213 416 455 450 447 
-12.706017170163989 -11.676816348008849 -4.547923706975716 -26.21441111457519 11.245255269652704 -3.8490544190385627 2.6321395862401302 456 482 451 449 
-11.08451213984765 -9.36670745844899 -8.114676108453173 -25.49828667408774 10.82188126354175 -4.035963956356877 3.7605456609901595 483 452 447 450 
-8.579109897568335 -6.946006754327051 -10.502244741375119 -24.366223909337098 10.160600006362817 -4.315770659964318 4.816557822867179 451 480 479 448 
-14.031642457196932 -11.556351906453916 3.053416541688428 -26.70846855051486 11.04126695393611 -2.6939236820776618 0.6890517335135954 455 419 454 457 
-11.162300144939861 -11.0115127042825 5.520759676063986 -24.271361586183126 10.837394108735447 -2.6162218930445578 -0.32440575785340864 453 420 
-14.695865218477259 -10.72144997178696 -0.6282086196579479 -27.07924865322843 11.054356519935205 -2.752621207948694 1.8311991284140565 453 456 449 417 
-12.446280475355874 -13.000262274399397 -0.6447199857663026 -25.711055340144366 11.41991110512407 -3.7155175128991558 1.5181586081650784 484 450 455 457 
-9.895327312139951 -12.78022907551209 2.42600653155752 -23.261117659755435 11.376601783938032 -3.5929804318020055 0.498424268311044 456 453 
7.096967392044389 -13.819481514517081 2.0829438551147508 -21.060954688370686 -11.95679808399062 -5.018621089758308 0.492916091043285 460 426 
9.88884256176143 -13.756879900808928 -4.963867155956142 -24.490209656479095 -11.701452347496438 -5.097547805990403 2.6407540637359217 461 485 460 429 
9.32021425277889 -14.416595047627785 -0.8638852222522195 -23.375477571036377 -11.952131621712795 -5.0596304406178305 1.5158664341079444 427 459 486 458 
9.246120763790223 -12.346225522995718 -8.760300817248025 -25.037258821234552 -11.196657810031903 -5.202594599892998 3.770838965486152 428 463 488 459 
6.5128388759212 -8.438151626966338 -15.514246674880715 -26.773690807371807 -9.623410155157547 -5.801160435235658 5.66516920227979 433 464 489 463 
8.324702073516123 -10.636734002385419 -12.411568559337521 -26.04309752291497 -10.481068925747032 -5.420153425013378 4.806132045153824 462 487 461 430 
4.444507098868871 -6.108530367304262 -18.21299259767412 -27.822941544498246 -8.697455354071154 -6.359407195893764 6.290189500369671 491 490 462 434 
2.0042205449987276 -0.7305062559389223 -10.630873193670757 -20.683237977435933 -6.976069179211386 -5.940234215195607 7.230251989657129 435 466 491 434 
0.5406990705402885 -0.13015315221897578 -10.03417556989344 -19.775718779196502 -6.008937051762071 -6.79016395360068 7.365387529317764 437 493 492 465 
0.06063312872357179 1.0739775677305612 -9.933666943788554 -19.986630460875755 -4.226820595652091 -6.333205095064682 8.08957653156013 468 493 437 436 
-1.0714396878763193 -0.41395349050746266 -6.120436072226662 -15.767458550781667 -3.264480828506422 -7.1794067422398165 7.895940104537184 496 494 467 438 
-1.0947727389590902 1.4740187248746437 -8.885124502448628 -19.05715173504266 -1.3937194534035808 -5.9971728215086175 8.59434574270584 403 470 496 438 
-2.218409534964373 3.3168711771812203 -11.963724759641716 -22.655937908092437 -0.3929988125127093 -6.5298640227554525 8.319281535687074 469 440 471 495 
-1.6355579128760003 3.317470619252701 -12.480416775117131 -23.065037976835338 0.6501982554028689 -7.04064589828462 7.9661937179150915 497 470 439 499 
-1.2431962317651966 2.8833938462651307 -13.108840723622196 -23.401232456507156 2.4618200494110547 -6.274458989034639 8.075485729086955 474 499 439 442 
-1.0469401995206262 2.4017676951100415 -14.342634086789852 -24.30885328665524 4.381024231630076 -6.208644713466517 7.706157293600872 500 474 442 475 
-0.4990898901260789 2.666670717350381 -13.86564980057546 -23.87292738075376 3.5709469855584213 -7.235356119247244 7.445400938733954 501 498 472 473 
-1.6446439363486751 1.9959430004667014 -14.532505628609554 -24.501130930837068 5.34565205478147 -5.325008851104397 7.753402183251242 478 473 441 445 
-4.16588007529009 -2.785060414330432 -13.298907141650574 -23.491126181580746 8.341133797211283 -5.224286820679101 6.408527289656843 504 477 444 479 
-2.467296829382049 -0.893809832259909 -14.416402338443268 -23.952812286319872 7.330762546024351 -5.827725594611012 6.851020276652936 502 478 445 476 
-0.7461974886616609 0.8148277323400641 -14.891549864883517 -24.211259144525158 6.35209760345346 -6.521919898131298 7.037435456735592 503 500 475 477 
-6.119081965791722 -4.76325011370547 -12.01435932954386 -23.52867059359517 9.31020146142535 -4.7136422853272775 5.719704282949386 476 446 452 481 
-7.620416015565625 -9.802486335723625 -10.86825607603464 -24.270922791924722 10.83021604300098 -5.467313747317664 4.263644788167806 483 508 481 452 
-5.618741346177855 -7.439450170591635 -13.064286598360447 -24.08125514089782 10.078990395100924 -5.8982490752041326 5.105959805189757 505 504 479 480 
-9.620161980640058 -13.777027602582255 -4.188328799938398 -24.036929841523804 11.72684422790175 -4.836789483962596 2.2561249070575324 484 509 483 450 
-9.241874643239411 -12.078603869594573 -7.921817074478989 -24.508833694904105 11.393299344553089 -5.114445223908788 3.2856549968103312 482 507 480 451 
-8.374779002281764 -14.225451404008009 -0.7091697148125775 -22.473712077624594 11.832353288256249 -4.615226019119374 1.2659504022796244 482 456 
8.466422156434675 -16.537794612695773 -4.737265597466213 -24.26700252337719 -12.305602540604541 -6.261397233806704 2.407253397953875 488 510 486 459 
6.919644536296207 -16.15748165105591 -0.7389229832333536 -21.953470584205075 -12.487856681536664 -6.14776486857514 1.3810369582285889 485 460 
7.03009770476569 -14.135489824592991 -12.389986507260708 -25.96557308233757 -11.20221310874874 -6.597773275069244 4.46506480174686 489 514 488 463 
8.202620139620185 -15.688240352783918 -8.635239198980567 -25.228960614683103 -11.862554302204892 -6.387944273402876 3.470291700714607 512 485 461 487 
5.564840092625997 -12.052506334160633 -16.67669199675088 -27.648191879537215 -10.396655557485307 -6.960309007762592 5.296894663325776 516 487 462 490 
3.1908006474482145 -9.28666742695791 -20.06204917011126 -28.978436924628465 -9.52774579783937 -7.496655821388311 5.897874387269532 517 515 489 464 
1.7458246106728845 -3.642272528452599 -19.542998993313468 -28.09842484168617 -7.772318595112183 -7.086316576814669 6.650467940066168 492 517 464 465 
-0.8949663436430545 -1.124813960740283 -20.580563242870557 -28.80985196604042 -6.8927049001928165 -7.9538429882670325 6.739432468263354 520 519 491 466 
-0.539184631330947 0.41746423357545387 -9.666189500744535 -19.35291132177778 -5.094552367602418 -7.722394688271923 7.2548187405065345 467 494 520 466 
-1.297491671157141 0.34177317300215665 -8.702853132886732 -18.33355580956868 -4.236851096796178 -8.680319044834297 6.940793410638964 493 468 523 521 
-2.4090491578730955 7.7938090420791895 -18.709443563849405 -30.72500229330955 -1.228898194397849 -8.378287283995169 7.356790225120964 497 524 496 470 
-1.116194554364591 2.010136122533853 -10.212982189635584 -20.482776976347576 -2.306404514379693 -7.906458319461091 7.6220104768423536 523 468 469 495 
-1.842887874225158 6.575694734502271 -17.087257972764984 -28.679390592317528 -0.03069400464088609 -8.688353910466711 7.096099889776684 471 525 527 495 
0.10990593925144841 2.79805601514688 -12.926295622980204 -23.01574604281497 2.942801498809133 -8.371018276058907 6.96956168980535 499 474 529 528 
-0.8754257704087068 3.0912617658878405 -12.660820634382095 -23.04028029268682 1.7685403363693177 -7.64910404244026 7.520503902493108 498 525 471 472 
-0.04306309119420229 1.5567587281749347 -15.008895800617333 -24.3827056882577 5.470945611573129 -7.318968650451382 6.996731756149031 531 501 473 478 
0.605634493857259 2.314918023402291 -15.067038578042002 -24.60786063902267 4.7259429345845465 -8.214984191471583 6.764704715987794 532 529 474 500 
-1.7027900340934674 -2.8118406872205832 -16.00586760101398 -24.699970770171678 8.286128423053473 -6.984865021456804 6.1732142420268605 504 536 503 477 
0.24481380476692477 -0.573732157764516 -16.703147544420762 -25.168566487132615 7.391673946448307 -7.638370459198346 6.35088933868621 478 502 534 531 
-3.6632733429480533 -5.118705897362129 -14.774232545612577 -24.28257902438273 9.205140764576443 -6.405305787296514 5.754009989679308 481 506 502 476 
-5.0461797654029255 -11.107501078803926 -14.80967497993112 -25.45087029563781 10.895936296120537 -7.041697165547822 4.5860482115732335 508 537 506 481 
-3.2611630524504287 -8.582051528559305 -17.6065295038443 -26.471304451456465 10.093996169175073 -7.5325275304611825 5.205708393813883 504 505 538 536 
-6.529429244089565 -14.792585216024554 -7.804887010078169 -23.112548997184092 12.035882008337412 -6.159537326108157 2.8854060199634244 509 541 508 483 
-6.0644545946183515 -13.183233298262971 -11.36582702242176 -24.185399172535536 11.568299460271373 -6.587931297196715 3.789979642884637 480 507 540 505 
-6.825589263457233 -16.056789896196943 -4.389560104502563 -22.609245782693296 12.265195875090749 -5.771565691199333 1.9660063511950716 507 482 
6.635650015149202 -18.525031010784573 -4.473783195420399 -23.533978549638096 -12.974604671959662 -7.444155605187607 2.289498476074875 485 512 511 
5.430347983143175 -20.90767198085607 -4.247362103210608 -23.660117226215576 -13.718065082830929 -8.6516417954963 2.245365098809866 513 542 510 
6.682695948386432 -18.244662505365483 -8.199252627670715 -24.85075181581234 -12.566528484716176 -7.554185680354788 3.2879646294259004 510 488 514 513 
4.8627416643896995 -20.39426261354801 -7.48636879510714 -24.12133218596254 -13.289595685321718 -8.670366943684297 3.1977948852817297 544 543 511 512 
5.344915528687591 -16.876974362637725 -11.850307532111012 -25.341942420313323 -11.951459894259383 -7.744572913957481 4.238349576412132 512 487 516 544 
0.9652241122806057 -12.225528077420366 -19.80871729471666 -28.09053145531552 -10.37445752634909 -8.570892580510632 5.615090823410805 518 547 516 490 
3.427780313356043 -14.868984890377527 -15.885725363589573 -26.430201137764627 -11.19459950051058 -8.077792514305521 5.0386412192776415 515 546 514 489 
0.29654676954985604 -6.040617303657743 -22.813755354369658 -30.491300534750923 -8.666814349709693 -8.196322827616202 6.235661021539956 490 491 519 518 
-2.4377965170927154 -8.832395686769338 -22.05805334406927 -28.903578932493176 -9.564343643871574 -9.214046501747728 5.937387486482775 549 548 515 517 
-2.8254646761812907 -2.5807505269758475 -24.510773732972293 -31.898783595474438 -7.853840325300693 -9.031463675984288 6.307464139712373 517 492 522 549 
-3.20635371145796 1.7255018027111153 -22.529535327288688 -31.136461784423105 -6.073056603738841 -8.904193681442264 6.577179956795145 522 492 493 521 
-5.2364955781959726 4.594314235718546 -24.591578980748352 -34.048471802601476 -5.301750365406178 -9.871030283162764 6.213765008314013 552 551 520 494 
-5.626916112181897 0.8889477004437883 -26.042474890872295 -33.999412693287056 -7.104509276874312 -9.939199767340028 6.139041394135282 519 520 551 550 
-1.2233072469706494 2.668906675512394 -11.898346879409797 -22.24948720783807 -3.374478412421063 -9.58233600131698 6.502497565468314 524 552 494 496 
-2.429587575228318 24.836962177937956 -39.73355875398821 -57.72102890412682 -2.1631817156386353 -10.057426800894376 6.224916724108169 495 527 554 523 
-1.0165576323187486 5.607118147910879 -15.992777086949314 -27.18125332589838 1.2167398242041423 -9.043823150245801 6.766747703627949 499 528 526 497 
-1.1529479966669514 10.1967612040801 -20.810822112071158 -33.75981585258895 0.7353781922184071 -10.320404357238859 5.911619218789685 527 525 556 555 
-2.310588618949571 16.638554740726256 -28.865989683121885 -44.11076293980359 -0.6793813325366194 -10.155749503398745 6.117273972620255 553 524 497 526 
0.08596039911575269 4.944995746135923 -15.524930131176902 -26.33599636249564 2.4756333286323287 -9.540699867823305 6.315012186330872 530 556 525 498 
1.3961612218711705 3.161291473688586 -14.814756732428158 -24.6709357700366 4.139947775253509 -9.18462692918758 6.343684316870398 533 530 498 501 
1.688586021924224 5.173210222433376 -16.746050656350928 -27.34002008588182 3.702332065994638 -10.18003501336556 5.764988942685672 528 529 558 559 
1.172794704840039 0.7786093148515354 -17.324119054459437 -25.938064831479902 6.584455215401153 -8.371984715247699 6.314678083629488 500 503 535 532 
1.9604587981137487 2.5806851960990143 -18.662790040125543 -27.712808918181683 5.89101262634939 -9.177321387819585 6.102992581337464 560 533 501 531 
3.157495149316271 4.655765934941505 -19.4031096859518 -29.199742815713826 5.31466734375444 -10.033922452194764 5.721995264970959 532 561 558 529 
1.581843471304836 -2.634961897948892 -21.363766168877685 -28.656625903794648 8.417962913869905 -8.688430060057774 5.783755783891781 503 536 564 535 
3.1749003503181314 -0.18612018094550328 -23.058699359272865 -30.585273713458864 7.666659346148354 -9.364224072665621 5.75503663186336 534 562 560 531 
-0.9003326862159297 -5.738428321922584 -19.55811238844902 -27.252138052254356 9.24609587659364 -8.07864357970614 5.6093151210888275 506 539 534 502 
-2.6992313606730938 -13.620839660399545 -14.026059918778175 -23.894746894590213 11.727460310523707 -8.121669355859867 4.189843513147396 540 569 538 505 
-0.925338539696206 -11.281545181510682 -16.506582246498933 -24.560736953083328 10.964229601305579 -8.574283449099239 4.796128808080077 537 565 539 506 
1.5188485395492923 -8.505790070301584 -18.014136289956824 -24.785157633713123 10.158957976641375 -9.079789235436728 5.1941640153609026 566 564 536 538 
-3.4788529292604364 -15.226974450341466 -10.811555439760813 -22.606404199319222 12.351574645733916 -7.682711802601973 3.4281726018059664 568 537 508 541 
-4.011242641513268 -16.36272135287919 -7.800289304599502 -21.75264388392591 12.733971777145875 -7.200804305602189 2.599606279793651 540 507 
5.039157186080303 -23.165640664551425 -3.798395395894535 -24.428558059640345 -14.387422094678842 -9.692265356624569 2.3158617467529115 543 511 
2.680443554667509 -21.561866905553487 -6.295999539215446 -22.567620465373093 -14.001494699680482 -9.694272472151772 3.1662265974433867 545 542 513 
3.1758593269959694 -19.039864066857124 -10.760872070498351 -24.048706915683468 -12.686353760866972 -8.816448805332866 4.121790576743759 513 514 546 545 
0.16417996561628465 -19.625898159752385 -8.568482100135476 -21.0026244785176 -13.395690547756043 -9.793235046711 4.076491487228028 544 572 543 
0.7231124568850622 -17.07581297634666 -14.059871646989883 -24.17352447689398 -11.949045967761752 -9.116548606677117 4.907014064829257 547 572 544 516 
-2.22682688132719 -14.701944337552762 -16.990803994898158 -24.721439536638023 -11.155849424555871 -9.555943102321706 5.46629942252516 546 515 548 573 
-5.781442901640675 -11.59046680202084 -18.455726098565567 -24.717109533699304 -10.405967741932875 -10.127207494036043 5.768835330424553 575 574 547 518 
-5.839663193747692 -5.309418559452979 -22.992171576212463 -29.532256574235916 -8.806110750471927 -9.978543144866554 6.004749807595359 519 550 575 518 
-8.515882354429474 -2.3202495203264224 -22.839326296737475 -29.930578941781327 -8.116917326272658 -10.797327445451607 5.850680815578222 522 577 576 549 
-7.749610181690827 4.3054800488076035 -28.182719699430194 -37.232645233779515 -6.406690173073728 -10.822147953457034 5.799364364363155 578 577 522 521 
-6.889319300831566 7.879854019058339 -27.662441971495188 -38.33153123859553 -4.559709250607848 -10.796345405433062 5.715084556269055 521 523 579 578 
-1.6117947235197836 10.742866492285694 -11.543258159803756 -27.581166974435252 -1.257937321071427 -11.277103555139215 5.023752522329058 555 554 527 
-2.818834245520993 10.757712993502162 -11.015445580728379 -27.28652525145889 -2.8081982526232903 -11.310217786728353 4.9950411231461125 579 524 553 
0.21159120455256208 10.729803471274568 -12.315839513447276 -28.026288917517657 0.2763518400885686 -11.339113900736857 4.927669139572788 526 557 553 
0.07265215680265402 8.740723452673393 -19.431407613174184 -31.709414917616368 2.0911730008631864 -10.646146621227595 5.560006095031918 559 557 526 528 
2.3083797025195545 9.087115286708757 -11.867655330329605 -26.481732992743726 1.7070885361164314 -11.56755784026513 4.664827095746148 580 555 556 
4.035533296736788 6.469441838264943 -20.19230982591693 -30.791806917053457 4.848693794962935 -10.899435720853903 5.204160202472165 583 581 530 533 
2.031920091997032 7.556603680051502 -18.724413705131912 -30.31972316763999 3.3498829090842306 -11.129578840526946 5.098375522938708 581 580 556 530 
4.737745642549673 2.773734669761325 -25.431044787914452 -33.64828261931992 7.0010156081382675 -10.097679511327872 5.562744862335684 535 563 561 532 
6.982013099323181 6.556410341934643 -27.474545324845227 -37.05884400642578 6.398817828523379 -10.865598762014224 5.217118664943815 583 533 560 585 
5.875354615610406 -3.409803492321951 -19.859253714984103 -26.28939691228565 8.639151592530201 -10.275287329888982 5.3542723315982075 535 564 587 563 
7.500771637380875 -1.4199578681253926 -20.44480258906631 -27.35481053940448 7.991689497303572 -10.935784464251455 5.1849936151803435 560 562 588 585 
4.136934974668321 -5.601711394253148 -18.79714283879198 -25.070777984071096 9.367919296441684 -9.649592356482742 5.371447212074096 534 539 567 562 
1.1168052088893035 -14.395666204958841 -16.06572407022022 -23.710329824374938 11.753590358305097 -9.499830893055288 4.537087473682817 538 569 591 566 
4.024467798261341 -11.730315503725835 -16.92948463460478 -23.021328145893317 10.973022505664755 -9.970503941060366 4.934578959509202 590 567 539 565 
6.968851615928899 -9.09950195849802 -16.94831892529666 -22.35755854819766 10.196445313885356 -10.513878994494512 5.11714853988824 589 587 564 566 
-2.49104096755666 -17.941384096110855 -11.650014023853679 -23.445135776576198 13.127593194008638 -8.759690002335258 3.207104210480613 540 570 569 
-1.1321752583943347 -16.582174900107848 -14.133834909028122 -23.85537291503995 12.498125978099045 -9.103158961508173 3.9419567416095935 571 565 537 568 
-0.04308755821099256 -17.028197961071154 -9.502579388816558 -20.086759047741015 13.72266960664172 -9.769232934026713 3.179533186923738 571 568 
1.7160506492189707 -15.899573210476607 -10.82924440132053 -19.50292726176285 13.138205007826688 -9.989315588413966 3.8157133838978434 570 591 569 
-2.530102811087566 -17.507331711838738 -10.51708686846797 -19.879036648460655 -12.632475992503135 -10.036264743922509 4.867857526893265 545 546 573 
-5.298285717102736 -15.401925302263695 -12.07021511360133 -19.342171478181797 -11.827691008177343 -10.416444059794719 5.4264579470748275 574 572 547 
-8.466767995243234 -12.88336338969113 -12.431390228869036 -18.45359577783602 -11.139431733384491 -10.91118130125007 5.7095635596928815 573 548 
-8.864169025298004 -8.461451313935255 -17.434556495680287 -23.411980796426157 -9.706130559873063 -10.81702114193819 5.830448792067935 548 549 576 
-10.93077070650804 -6.185547242379123 -16.651719427016516 -23.068665154254784 -9.05507211216581 -11.534655744060013 5.697541390040085 575 550 
-10.063460420872651 -0.1783701146035819 -22.7657408396347 -30.642139172955407 -7.473310815165515 -11.560637160724912 5.554667474423936 550 551 
-9.179449193803254 6.91396000517942 -29.306981748533318 -39.4749204512188 -5.75002314533468 -11.577129814950961 5.3896676057838055 551 552 
-16.178240132123555 19.429566026907057 -16.929309519140507 -39.81697595624924 -4.071015128662001 -11.572774981952394 4.9085501118579185 554 552 
4.777161466200327 8.63398318050082 -12.482173654008003 -26.622672622731656 3.014834271061366 -11.942543495777494 4.293726226593971 582 557 559 
4.754241697434872 7.031904063491027 -19.416713087927018 -30.49207189945835 4.450725551852737 -11.700828847028799 4.62706801837999 559 558 584 582 
7.878628899972676 8.087347708166332 -13.13888418729164 -26.93057144099583 4.057667101147461 -12.362709899700228 3.9469206060048467 580 581 
8.679602305057692 8.862248201053433 -27.706030321646605 -38.49332255380807 5.868135949862064 -11.617091876090868 4.756193297338385 586 584 558 561 
9.47934700112164 8.95601969895309 -25.64249442666342 -36.91198151561073 5.405390981841622 -12.27404037752452 4.268870207015376 581 583 
9.220076228495975 0.8587313022734446 -20.523879681503946 -28.367862341947518 7.349406144721334 -11.631006432601438 4.865375737597755 563 586 561 
10.50521077032288 2.322938989942272 -20.46316698679038 -29.133780423295565 6.758585870207944 -12.282046726221006 4.455696816083021 583 585 
8.98051397201041 -7.278547440088873 -16.810022422472834 -22.268821859659095 9.437437780961414 -11.111417476395422 5.109575685265928 588 562 567 
10.876134301754629 -5.644660641384861 -17.54333415195763 -23.409302015916964 8.826695613144135 -11.686935472948061 4.970410729698121 563 587 
8.70736675243569 -10.518509077354413 -10.105207407930124 -15.268239721110763 10.930387831321376 -11.294562753186767 4.96524643544759 590 567 
6.553371234907587 -12.145272525239289 -10.938906734247754 -16.600121903778806 11.655635497556242 -10.781926839089813 4.783584778956142 591 589 566 
4.095453658949195 -14.027404501178939 -11.196010615646564 -18.062168010247106 12.415408076156748 -10.322166252386294 4.385850627827308 590 565 571 
