11 12 13 14 15 16 18 20 22 24 25 26 27 30 31 32 33 34 35 36 37 38 39 40 41 42 43 44 45 46 47 52 53 54 55 56 57 58 59 60 61 62 63 64 65 66 67 68 69 70 71 72 74 78 79 80 81 82 83 84 85 86 87 88 89 90 91 92 93 98 99 100 101 102 103 104 105 106 107 108 109 110 111 112 113 114 115 116 117 118 119 122 124 125 126 127 128 129 130 131 132 133 134 135 136 137 138 139 140 141 142 144 148 149 150 151 152 153 154 155 156 157 158 159 160 161 162 163 164 165 166 167 168 169 170 171 172 176 177 178 179 180 181 182 183 184 185 186 187 188 189 190 191 192 193 194 195 196 197 198 202 203 204 205 206 207 208 209 210 211 212 213 214 215 216 217 218 219 220 221 222 223 224 225 226 227 228 229 230 231 234 235 236 237 238 239 240 241 242 243 244 245 246 247 248 249 250 251 252 253 254 255 256 261 262 263 264 265 266 267 268 269 270 271 272 273 274 275 276 277 278 279 280 281 282 283 284 287 288 289 290 291 292 293 294 295 296 297 298 299 300 301 302 303 304 305 306 307 308 309 310 311 313 315 316 317 318 319 320 321 322 323 324 325 326 327 328 329 330 331 332 333 334 335 336 337 338 343 344 345 346 347 348 349 350 351 352 353 354 355 356 357 358 359 360 361 362 363 364 365 366 367 369 372 373 374 375 376 377 378 379 380 381 382 383 384 385 386 387 388 389 390 391 392 393 394 395 399 400 401 402 403 404 405 406 407 408 409 410 411 412 413 414 415 416 417 418 419 420 421 422 423 424 425 426 436 438 
-13.329363175343522 -31.45528733282057 2.426483720771133 -35.40206587991019 -1.049101790168607 1.6899781996339183 0.45417449460259146 2 1 
-11.81571439999705 -31.33673685480129 0.3489415184524259 -34.74012870464278 -1.0810665654592089 1.7027214644998858 0.52980837646965 10 0 13 
-10.091759698649737 -31.935524755275473 3.561483575285175 -34.954947689429694 -0.9786275112636807 1.6698329793949207 0.48328361447706536 0 3 13 
-7.888392089505556 -32.34325260968051 3.736279231723806 -34.85736277183217 -0.8897661115310472 1.651670746535838 0.5121040774595209 2 17 14 
9.119606000501772 -29.146203950240597 1.1138331832098032 -32.254932705101425 -0.3296051080694878 1.6884623206922633 0.5565318817569933 25 23 5 
10.740663683970965 -28.404456360739342 0.6124249740836332 -32.06128058069088 -0.21618099309529054 1.7263390638345657 0.555617991302013 6 26 4 
11.871767540213215 -27.762491754975432 0.5178690818138953 -31.86796201327768 -0.12174197378678904 1.7623792652080452 0.5476101343391248 27 5 7 
13.414358179719146 -27.172776473068286 0.3858692719579099 -31.942972545405357 -0.05701724915461297 1.790125889606306 0.5387674215717075 28 6 
-12.33765079222079 -30.9227846549931 -0.7370385889853438 -34.529932011615806 -1.231172059313058 1.7423017934232192 0.6592387230110389 10 12 9 
-14.464357910187465 -29.182296408855397 0.14675178922248067 -33.63645588206491 -1.3074021041191617 1.7691761923107145 0.7029716919687382 29 8 
-10.103191342571971 -31.573598044563262 -1.5417436206718345 -34.543202488323125 -1.1396225614390576 1.7171153599677467 0.6052894521930349 1 11 8 
-10.308097798054913 -31.54909097175582 -2.2624471698222615 -34.62658647308265 -1.0971944908334814 1.6974937323975192 0.7068591421508206 15 30 12 10 
-12.569345486858689 -30.63764531307603 -1.6351051013120121 -34.385504632265516 -1.2036120137376127 1.727681638021291 0.7445884779131559 8 11 31 29 
-9.028375904273702 -31.991975971156165 1.0616943378616543 -34.61913855655187 -0.9862416670896592 1.676555208911045 0.5792536032301002 14 15 1 2 
-6.935758156127368 -32.57947428672618 1.1080353711314046 -34.76943149339475 -0.8782748182687073 1.6544638157863312 0.6059085039578862 18 16 13 3 
-8.120833602882275 -32.05524242304633 -2.4794107931951372 -34.61898907536497 -0.9826176042937794 1.6705532450048148 0.6959581638638672 32 11 13 16 
-5.948263200221273 -32.34842087158923 -2.380004255137297 -34.51309594515569 -0.8679010675938603 1.6483339128882653 0.7115741176084528 14 34 33 15 
-4.576459213013863 -32.801417505916376 3.625981783664129 -34.78461273796655 -0.7839607363118012 1.6375548101462127 0.537560432767834 3 19 18 
-3.806073132559316 -32.932117772770304 0.908601502437085 -34.70679001812002 -0.7701449181600378 1.6404144565053431 0.6273910262808613 20 34 14 17 
-0.693391908156594 -32.46955467819983 3.402555418443429 -34.22124642590421 -0.6721886793515427 1.6327856087133956 0.5532335944916594 20 17 21 
-0.26415139125359755 -32.39507487970362 0.6596173528411066 -34.03384826476195 -0.6588900746769345 1.6363982249027305 0.642317684770852 22 36 18 19 
2.9487973529291476 -31.33193805264835 2.8994806316164774 -33.239861826770415 -0.5589548691748963 1.6392663217682384 0.5588510253385419 23 22 19 
3.0552860071457806 -31.287131046487904 0.25520130973784855 -33.129047781244864 -0.5426329758784203 1.6435146575581325 0.649508143331696 38 20 21 24 
6.575834784663563 -29.982686951014625 1.9959550819504646 -32.442182788038096 -0.44525517184712005 1.6578894585834065 0.5579278630274493 21 4 24 
6.558053978077893 -30.035109629651114 -0.3719272864830175 -32.47422405274923 -0.4249750279618514 1.662848681578218 0.6508067200584723 40 22 23 25 
9.037284950921617 -29.141076828485115 -0.8098292689236712 -32.252791645328294 -0.31108686906083793 1.692653366460053 0.6482124539067355 42 24 4 26 
10.71466156912482 -28.234598127876552 -0.8916646173417911 -31.927538234598806 -0.20525181725810815 1.727994055522074 0.644937101196159 44 25 5 27 
11.944584383025303 -27.567877504832882 -0.6251221345747261 -31.73857122501467 -0.11322867481180912 1.7636894140972643 0.6400972201163726 28 46 26 6 
13.484047274960446 -27.012255584364702 -0.38466422147835055 -31.840988000721204 -0.03914370047362742 1.7963676058569313 0.6306196027284968 48 27 7 
-14.95251138385408 -29.27648442875329 -0.6295015220402599 -33.93903969956476 -1.2913561908658089 1.759660146457785 0.7794699777607099 9 12 50 
-10.34906078943307 -31.01465568274348 -6.416729525475374 -34.741045950599286 -1.0821792614705321 1.6751071983453532 0.8246917523852287 32 56 31 11 
-13.410171821319906 -29.189306012499532 -6.099615910733773 -33.94363537489146 -1.177749859941357 1.7046674916944604 0.8355083905087141 54 52 12 30 
-7.6723721986815905 -31.46173384568566 -6.201022563628262 -34.50453744431049 -0.9762249294569911 1.650131943842158 0.8219421570990847 58 30 15 33 
-5.088719864657806 -31.194300983504846 -5.83836752121255 -33.76033020319442 -0.8639740794899138 1.6301805369923368 0.8292755424920942 35 60 32 16 
-2.92242895220731 -32.28644597817629 -2.3254573958810654 -34.127433575706775 -0.7566973516488475 1.6349132547004477 0.7284933468697488 16 18 36 35 
-2.1828717534075435 -30.74246146004526 -5.652777312706346 -33.03666462401575 -0.7466017722204031 1.6175075163702433 0.8420963111364096 37 62 33 34 
0.1895067872740143 -31.77604281933285 -2.518480431211553 -33.57676457270729 -0.6432429026311355 1.6315952900483504 0.7417515730928018 38 37 34 20 
0.4850523699478653 -30.637938719652464 -5.869068945947607 -32.9645643751864 -0.62761104350497 1.6149027019105406 0.8519160520326718 39 64 35 36 
3.1740730106722057 -31.079770923004393 -2.9078826404821094 -33.129846892515545 -0.5257779760956354 1.639000559040268 0.7490942422084635 40 39 36 22 
3.261246572178027 -30.582129920791434 -6.23314364304376 -33.191119928722905 -0.5103692872714545 1.6224612370902578 0.8578973278184975 38 41 66 37 
6.617988813906829 -29.991805246745702 -3.2441418265364868 -32.666080901289334 -0.4089937027529729 1.6582295164076295 0.7512785308308436 38 24 42 41 
6.626639506427023 -29.561536702506096 -6.353102333323499 -32.78691520821182 -0.3964784672528231 1.6414518507684626 0.8596995887699395 43 68 39 40 
8.934365590084239 -28.868895183664463 -3.227573174173307 -32.16747424923161 -0.2979251418969519 1.6875675352042112 0.748334236548739 43 40 25 44 
8.795923113643688 -28.229683469056997 -6.117916176255136 -32.0187785582598 -0.28669039170434696 1.6709398992868423 0.8573600865470066 45 70 41 42 
10.799662581453996 -27.72435085573232 -3.0054771095623174 -31.65561336385624 -0.1952175046273077 1.722559415720713 0.7447695977153059 26 46 45 42 
10.844797395133197 -26.91104149019605 -5.8401470577339305 -31.39169471198683 -0.1821088739375084 1.7074364400287538 0.8547873588006554 71 43 44 47 
12.192587216254374 -27.022459241064762 -2.6375398615484293 -31.48041331142726 -0.10280744468741453 1.7595484539994086 0.7433599354850853 47 44 27 48 
12.422243344797897 -26.123951519298593 -5.609022293415373 -31.225804034984733 -0.08545551820512089 1.7474687214932862 0.8552048770938607 45 46 49 72 
13.652234245100013 -26.507658908833562 -2.36167695271625 -31.586955167285844 -0.02247175396049647 1.7959848022198563 0.7426231771745306 46 28 49 
13.880876264112537 -25.56594170190097 -5.508976769096698 -31.327810013843965 0.0005321582296916785 1.7875315115304113 0.8588853051745893 73 47 48 
-15.916218806602963 -27.03069576126857 -6.4487010694451 -33.09927040681085 -1.2938503067370277 1.743524401535513 0.8852066270259764 52 51 29 
-14.44863390528673 -25.043984427607604 -11.01569650258798 -32.13910241882421 -1.3271359379698198 1.7184011966722446 1.00585388934119 50 53 76 
-14.196034802567674 -28.353802829754265 -6.461980478312946 -33.55800880228163 -1.2326112094537311 1.709895274226525 0.9040310523809495 31 54 53 50 
-12.716890283224863 -26.71116034740446 -11.254147133149344 -32.9865295129305 -1.2599498973073393 1.6817820808192376 1.0212376823637088 78 51 52 55 
-13.09232302605775 -28.996997031516862 -7.24226967335766 -33.91017049188158 -1.168206149119644 1.6771228964374258 0.9313939990387763 31 56 55 52 
-11.805572785921653 -27.244302521942732 -11.499807243367767 -33.23602754527319 -1.1828609092520663 1.6449999363491357 1.0378964122899446 57 80 53 54 
-10.049390178028926 -30.559945254959924 -7.8786022432586735 -34.57516600360587 -1.0808385738154698 1.646415633272808 0.9390807375678303 58 57 54 30 
-9.208222094073035 -28.469964766570353 -11.543982289757547 -33.60601036752148 -1.0921402619905884 1.6104304077724456 1.0519139197867293 82 55 56 59 
-7.406828064840965 -30.746949144447246 -7.962067313192246 -34.18075969593507 -0.9780858852521572 1.6205844786192505 0.9447387637779135 56 32 60 59 
-6.659014584614703 -28.619670747056922 -11.313157116836878 -33.12845602282809 -0.9872445064476469 1.5809417762177116 1.0659005631875536 61 83 57 58 
-4.635208072732189 -30.082559278249327 -7.844759422469908 -33.097425868020515 -0.862974743367532 1.5997746839992255 0.9547470458352637 61 58 33 62 
-4.117347789596772 -28.04809740603189 -10.927283323215057 -32.11302103890256 -0.8677542877350024 1.5574275506008124 1.080654114370511 63 84 59 60 
-1.9519073640304736 -29.46929645520326 -7.874378560777902 -32.31286167642451 -0.7383929063234422 1.5871047289920948 0.9652976580446918 35 64 63 60 
-1.8803149782648154 -27.698085201919724 -10.808699520431187 -31.591105122875955 -0.7372473503239195 1.5434906996875952 1.0914025530808682 61 62 65 85 
0.49671204809146036 -29.59475923880055 -8.289215146833067 -32.54501898375754 -0.6137015186574362 1.5849263148314832 0.9716987082000272 66 65 62 37 
0.2730050894662499 -27.994229074655284 -11.162083545096433 -31.9901027126215 -0.6053409237107485 1.5405276642758277 1.0969714495504415 64 67 86 63 
3.093804891321916 -29.757890191067332 -8.894729194119089 -33.06297386707557 -0.4959658720293699 1.5928424737655102 0.9743192967643415 68 67 64 39 
2.473030526749594 -28.177948499921733 -11.743272400397 -32.51560456650902 -0.48132758336306514 1.5488989060530365 1.095836568008933 66 69 87 65 
6.460154925783817 -28.68600474188245 -9.12779643773517 -32.66280321275033 -0.3825995493945315 1.61198685641567 0.974675721481267 70 69 66 41 
6.092711089885828 -27.048718515952917 -12.099536052800312 -32.167090588500145 -0.3616373366142379 1.5693302528093456 1.093725139313194 89 88 67 68 
8.551577032970913 -27.28691578399748 -9.009717593298696 -31.849489877157154 -0.27025194091790783 1.642224911142426 0.9734067802845469 68 43 71 89 
10.645555184560697 -25.89829943943468 -8.96477362964889 -31.243027822276957 -0.16048374968784646 1.6814833638664786 0.9702498121094718 72 91 70 45 
12.314177247913477 -24.986489267382684 -9.055096739347166 -31.09811504822375 -0.057571141992969505 1.7258233798783895 0.9687948355982945 47 73 74 71 
13.76802621944553 -24.27994201673041 -9.27885736070701 -31.181605284450775 0.0345916420750708 1.7704386246894654 0.970880278492009 72 49 75 
11.46037313972324 -23.413915334684365 -12.973821498203515 -30.97714238298235 -0.01776074206624886 1.6944754980328205 1.0760115921888425 93 91 72 75 
12.863855483755154 -22.44084750140751 -13.497846653666468 -30.994499729640403 0.07835065675943254 1.7445043726642746 1.0710613059949075 74 73 94 
-12.259298682410934 -22.714631429667968 -15.29387999585272 -31.34986518513113 -1.3693956825254736 1.6814638927501147 1.1088641793868368 78 77 51 
-9.175727898703025 -20.025269295309865 -18.877029798069657 -30.531129443436225 -1.4219959698232754 1.6365145663625977 1.192657450680443 96 76 79 
-10.902794278280986 -24.006922388700012 -15.221387948420798 -31.895512787558236 -1.300543490382649 1.6421424331035306 1.1261101649133989 80 79 76 53 
-8.229255604159757 -20.92486959976743 -18.343218043607532 -30.608888213644793 -1.3542834874870597 1.5946381987582965 1.2145284298651422 98 77 78 81 
-10.072866970115378 -24.627725481974203 -15.11842185170544 -32.10702971869771 -1.2181989124820845 1.601943572906159 1.1436347255910733 78 55 82 81 
-7.821358884141838 -21.705848465283033 -18.123977416163758 -30.962056242828442 -1.2704940391321933 1.5501018605036054 1.238085456468919 100 99 79 80 
-7.824133532705947 -25.78984614798814 -14.704029756847536 -32.324083208345535 -1.1219086797299902 1.5633336173926229 1.1617534989745653 80 57 83 100 
-5.6215780107338436 -26.152077824104758 -14.142479823051726 -31.9744776204412 -1.012053217490314 1.529877468853884 1.1813872977824673 84 102 82 59 
-3.6340589888039982 -26.00281108101308 -13.617365634239876 -31.36394258633495 -0.8880319186567989 1.5036900544839733 1.1995096309692816 104 83 61 85 
-1.8286140608175439 -25.938116535131467 -13.409608214142317 -31.09878738750517 -0.7512672598758533 1.4872301287456682 1.2127926487017728 86 106 84 63 
-0.06976885124408028 -26.155936085153563 -13.665104963339829 -31.396232592907175 -0.6075240265491533 1.4815900819627177 1.22083866494474 87 108 85 65 
1.5842127775446797 -26.139972607975754 -14.190851577850522 -31.702561461006347 -0.46633638303927094 1.4890674963769284 1.2193387532511992 67 88 110 86 
5.483973224324582 -24.916123391630624 -14.802092771435284 -31.444911422612623 -0.329512142850626 1.5124941124331812 1.2136529913743965 90 112 87 69 
7.943104477850037 -25.813005825216866 -12.206575874967767 -31.55014743663394 -0.24149703192838695 1.6020149269434314 1.0912623567814088 69 70 91 90 
6.891211855345798 -23.94170902408385 -15.14559547926867 -31.104146046215643 -0.1966582363877969 1.551421418792363 1.2043604223668407 88 89 92 113 
9.887926985024812 -24.4695480056185 -12.523216375203347 -31.103180463317898 -0.1252126268770533 1.6453823353134571 1.0836774465179377 74 92 89 71 
8.48045002141138 -22.66058414935276 -15.803986179577644 -30.830728005923024 -0.0744274135119617 1.600950142865095 1.187714171689999 93 116 90 91 
9.689633267969006 -21.465715059741036 -16.53677059599971 -30.681557736581965 0.033418812008834654 1.654740940973909 1.1706716437491336 92 74 94 117 
10.843696149680376 -20.1967485455104 -17.281275212128715 -30.57178907907835 0.12948912511747654 1.7090197413019628 1.15704648752642 95 93 75 
8.632819357522399 -17.93599069709402 -19.858419469987343 -30.00512123154379 0.1873611576166877 1.669987038180278 1.2266903005369494 120 117 94 
-5.456180594853509 -16.93948201851662 -21.54135200953204 -29.64366821533221 -1.4827615177400553 1.5843608053936642 1.2582558247841638 77 98 97 
-1.0745330792980723 -12.921241494805658 -22.462932889252833 -27.817852058883226 -1.554686880994524 1.5202244752726206 1.3076607590005445 121 96 124 
-4.870099510462746 -17.980174018563602 -21.027963735380883 -29.846777518556813 -1.4169143156741693 1.5392789840319958 1.2855217523776097 99 124 96 79 
-4.878954387037944 -18.54452274259572 -20.618387048564347 -29.91811321476392 -1.3352207084403613 1.4905411966702706 1.3161791348796883 81 101 125 98 
-6.047961028587861 -22.898330125068156 -17.37469104209675 -31.092656386513656 -1.1702566874419535 1.5066972478158043 1.2625960038154642 82 102 101 81 
-3.7726737661478915 -19.666648316393033 -19.759964134535434 -29.959800555957244 -1.2336140231630153 1.4421523014696591 1.3481779305682238 100 103 127 99 
-4.407266527063525 -23.53083777419134 -16.62262839325397 -30.93579186982734 -1.0555259498143152 1.4697012914712069 1.2869715289455455 104 103 100 83 
-2.829219090387649 -20.409763164134755 -19.041844763636036 -29.927415745307638 -1.1146392819282336 1.4013106784452551 1.3782145324586321 129 101 102 105 
-3.05349380202529 -23.775467233463715 -16.082426966533212 -30.705518271507945 -0.9268244434000485 1.4409198760682669 1.3081098825059856 84 106 105 102 
-2.1451487969810694 -20.81261783436519 -18.652901120428815 -29.927609603486477 -0.9807127679739571 1.3694120781147583 1.403367480147007 103 104 107 131 
-1.6958116852770855 -23.941662841502026 -15.825771098199832 -30.630924404970546 -0.7838879694019487 1.421310197648895 1.3244849764264919 104 85 108 107 
-1.3436636638445965 -21.01957612746218 -18.509153670359233 -29.963226158227872 -0.8325523518765161 1.3467273103227537 1.4225205467864441 105 106 109 133 
-0.34738511521956683 -24.088390936804583 -15.926319008170635 -30.795051021156667 -0.6261796374623321 1.4115613705019832 1.336310509258499 86 110 109 106 
-0.4531879310224531 -20.96117124891432 -18.60183002574837 -29.977247023203127 -0.6691862106539969 1.3328614461474197 1.4369514286250706 111 134 107 108 
0.7948433386596712 -23.957057577742365 -16.264037260753927 -30.90619427192566 -0.45258726874326016 1.4138859769536816 1.3410207784787271 87 112 111 108 
0.4761452909508944 -20.691963012615034 -18.79877656352639 -29.92893533734573 -0.4898570508089484 1.325816530271932 1.4499258981350573 110 136 135 109 
4.649924512592257 -22.71044068537186 -17.048105114167612 -30.7487741226677 -0.28153397814786435 1.4419726512932454 1.331663139209304 113 114 110 88 
5.497774116818836 -21.98581852131231 -17.485903167673513 -30.597382000668286 -0.1331150736687608 1.4933851353366139 1.3079658034147452 90 116 115 112 
2.49801676925063 -18.084199769163856 -20.548588911678248 -29.472773433243027 -0.1880016528303685 1.3635934310176248 1.433179984132338 112 115 140 136 
2.7182187855990736 -17.955111889057857 -20.646857838736626 -29.481464410259694 -0.04863659458189908 1.427256782169119 1.394343148810435 118 141 114 113 
6.619438219567882 -20.800695138906008 -18.260351242614693 -30.418939100660033 -0.009027490537814969 1.550619184552032 1.278994836123624 117 118 113 92 
7.464488831867976 -19.57468710403318 -19.008902980939684 -30.225005104635613 0.09385376019325445 1.6096994038445822 1.2504217933001003 116 93 95 119 
3.25980856913894 -17.30566336939768 -21.033142839945956 -29.406535904709813 0.06737145282716411 1.4900919214634434 1.35578986989128 119 142 115 116 
3.728540432134517 -16.480898489854457 -21.419406965061402 -29.23974547968341 0.1611327859530244 1.5534992639922405 1.318014563166945 120 143 118 117 
5.427485783278627 -14.87111702741712 -22.160942084048816 -29.128917795496648 0.24178147634372332 1.6192088885177558 1.2840187036659245 119 95 
1.0419759933373676 -9.92826321141457 -23.321382672937744 -27.291577027043516 -1.624031234828399 1.4514766086911153 1.3407378435600708 122 97 
2.5287496208718436 -12.08726083579499 -23.1479146295355 -28.285007594686896 -1.5533678832045021 1.4051748865277058 1.3740550336261044 124 126 123 121 
5.771068442780922 -8.644643419521438 -22.67440802322007 -27.082262766912237 -1.6229589161492002 1.3243234482645423 1.3961408175352552 122 148 146 
-0.6282844783790733 -14.612030614460567 -22.5213287828419 -28.789408463084815 -1.4839620678613585 1.4758579471372286 1.3381104187214152 98 125 122 97 
-1.3834068979843708 -15.286303923246123 -22.301547781884654 -28.97985487037681 -1.4055005566830243 1.4247002119391738 1.3747661348492894 124 99 127 126 
2.025357881977919 -12.798258168324208 -23.054600131485344 -28.48343351283943 -1.4777085612018992 1.351212894872337 1.4162163222126267 148 122 125 128 
-1.1508412928324303 -16.425937576157175 -21.52338181927324 -29.03321754290883 -1.3063554982639607 1.3720273850292348 1.4141051302816126 101 129 128 125 
1.5912663368139321 -13.529059021795469 -22.62763636062619 -28.441622037121007 -1.3827060774293032 1.2946594002506016 1.4624175239477712 130 150 126 127 
-0.999535548083294 -17.305605931480272 -20.89246693484515 -29.0938237955664 -1.1849005528660816 1.326286548832834 1.4516564534763405 127 103 131 130 
1.1733126405682721 -14.266943782602347 -22.281785792669744 -28.504023387024752 -1.261080113201698 1.2435780312704439 1.5082822981079707 152 128 129 132 
-1.0288628537865807 -17.839430807262577 -20.5864245134153 -29.20623148821685 -1.0465731550710016 1.2894744076333962 1.4834300258473871 105 133 132 129 
0.5149808061867907 -14.64480765620791 -22.074648406430867 -28.492409439580126 -1.1211775971280071 1.2007777153400323 1.548373215824153 131 155 154 130 
-0.8793090405683796 -18.14529185274138 -20.430266960695636 -29.29029763992582 -0.8950509220219294 1.2623424552060287 1.5072307992127116 107 134 155 131 
-0.4865914067151006 -18.187517392568527 -20.38047523741956 -29.282806419369326 -0.7347140904841211 1.2439353150824681 1.524493193530564 133 109 135 157 
0.21283506330314408 -18.03426837093925 -20.390108657055887 -29.20092989898714 -0.5759018903183002 1.2302676244133737 1.540186818586493 137 159 134 111 
0.2707639869794456 -20.022989378786963 -19.237598184401275 -29.738396872129048 -0.32019471288459755 1.2930924535785873 1.4900000329545142 137 111 114 138 
0.4933943906366973 -17.465681405231123 -20.6905435037061 -29.06645612719006 -0.4270507864131829 1.2107809292515164 1.562326311764925 139 160 135 136 
-1.181130026117794 -16.693950330278877 -21.340480022659595 -29.087355645015005 -0.1734651429488797 1.2246036009377153 1.5499728994222315 140 167 139 136 
-0.8407809648107171 -15.264155416769917 -22.19788326623882 -28.921161947932763 -0.2854720714035965 1.1663580607594881 1.5960738788142244 165 163 137 138 
0.4088630809734009 -14.988571858311893 -21.92868242037314 -28.533828760134544 -0.05828189971176222 1.283295187791461 1.50581513006217 141 168 138 114 
0.4913204707514575 -14.939886200361368 -21.959711319750866 -28.53282901545884 0.05317380355003659 1.3512058088366143 1.460809327131495 140 115 142 169 
0.6657693837151545 -14.565446270813776 -22.120029443981583 -28.455746291140006 0.15204780481066008 1.4164060418094437 1.4179852346727304 143 144 141 118 
0.7952977530516021 -14.116562411034785 -22.276518901485485 -28.33858050691626 0.23266403844197678 1.4805295375550405 1.3768725837978957 119 145 142 
-2.551826084550624 -11.239886094673736 -22.513080601544054 -27.217019603551478 0.24328173559312272 1.3313648838716385 1.4641910605995097 142 145 172 169 
-2.780731484503328 -11.124584095219747 -22.460605275211556 -27.142417972126506 0.31334602956884483 1.396774739183446 1.4213216683814658 173 144 143 
8.848887861876662 -4.5972260052593 -21.70709350346844 -26.058396359593793 -1.6942818584023778 1.2318814488489742 1.3991123036854787 147 123 149 
11.533911917658095 -0.28124974415810194 -19.737126694847426 -24.993140483501 -1.7734089935568416 1.1261024492226017 1.3717335250155953 146 176 174 
5.709963867320934 -9.564299226635969 -22.725610931548662 -27.46190092926733 -1.5496600642636713 1.2668075159453238 1.4432680878010495 123 126 150 149 
9.480546286652906 -5.9089528888864 -21.311629847277928 -26.296658273281366 -1.6215480793245232 1.1714593856418867 1.4505839307375983 151 176 146 148 
4.614197820747091 -9.95849713838326 -22.8717736037299 -27.482565607360822 -1.4583722759928046 1.2058403271068188 1.4955085482565553 151 148 128 152 
7.795482438508113 -5.886399370786305 -22.191492692528197 -26.412493111120927 -1.5309584519673105 1.1056938139399497 1.509540250880711 153 177 149 150 
3.7199081563956478 -10.561309792044014 -22.94520481180918 -27.617030104903233 -1.337619323654986 1.1497017371309477 1.5489586819280707 130 154 153 150 
6.456065432771627 -6.3202884987897345 -22.879354587782974 -26.71929557324724 -1.4106200294403226 1.0450381181918837 1.5701368850548416 152 179 178 151 
2.513997038235683 -10.94283766283073 -23.141454715471014 -27.76399351055287 -1.1980062009703087 1.1018222785210443 1.5966865043245209 132 156 179 152 
0.03093688690803379 -14.832614126336283 -21.92121722852034 -28.447971959855995 -0.9694923645509779 1.167866485664343 1.5789831424004324 132 133 157 156 
1.4201986349328881 -11.099999195913473 -23.170249560629557 -27.736351865278543 -1.0476277332836588 1.0637330592919296 1.6339280607403897 155 158 181 154 
-0.12218329619436426 -14.891570097391483 -21.852966176012497 -28.420264984830222 -0.8134001524789041 1.144870343928774 1.6002733177623116 159 158 155 134 
0.6622557078008986 -11.120983295250705 -23.08189028281596 -27.611352727645134 -0.8937589235019721 1.0370200209453129 1.6595149860152334 157 162 183 156 
0.10130862780390934 -14.860570167727959 -21.923643543471453 -28.46688947840401 -0.6619522421417003 1.1297697752130975 1.615242519983929 157 135 160 162 
0.20336448487189737 -14.363526256382084 -22.13559367556108 -28.370681005421254 -0.5211313693318403 1.1175177857868854 1.6277795653654965 163 161 159 137 
-0.003151710910393552 -10.71915231825308 -23.077463354250593 -27.406759612417627 -0.603988555291574 1.0124111752436524 1.6840024513450849 185 162 160 164 
0.2774864666714691 -11.049109905641862 -23.040988332922062 -27.525122068246766 -0.7437419438145025 1.0211609992572248 1.6751433013323638 161 184 158 159 
-0.5765016103913281 -12.866234840720455 -22.559762582824657 -27.941345125159266 -0.38838071817698033 1.08936093411873 1.6459198918630984 164 160 139 166 
-0.4022576377651972 -10.049286436514057 -23.20435713957927 -27.23778441386136 -0.4776078118660419 0.9977915690274275 1.6923287893998844 186 188 161 163 
-2.5362260636497704 -11.03227065208232 -22.782986592499977 -27.36311408462082 -0.1542438054092409 1.0894532946452586 1.6325688814488948 139 167 193 166 
-2.136705436418733 -9.908857969282383 -23.119866763620717 -27.160795519094737 -0.26554496213437556 1.0269599580761128 1.6713782085771258 191 186 163 165 
-2.810397370330042 -11.725678226880348 -22.319540216910642 -27.296265158011366 -0.04109182543931621 1.1411664334160994 1.5938691143911659 192 165 138 168 
-2.238774991827127 -11.272112674304207 -22.629145139602524 -27.305436263665875 0.06542371976870413 1.1978465087467343 1.5528246716267933 140 169 170 167 
-2.424233906612807 -11.359531711494505 -22.523622769404533 -27.26903627672233 0.1606917403009297 1.2647842337417903 1.5083604097738554 171 168 141 144 
-4.772611939003999 -7.384110823581351 -22.483598716830723 -25.98959297968722 0.17419863092096632 1.10109938602035 1.5784090598769493 197 192 168 171 
-5.27325712716623 -7.782959527941958 -22.162834842829806 -25.929593352675823 0.2624785936655967 1.1655408750200469 1.5355905704079944 169 172 198 170 
-5.622235294590144 -7.995868458877582 -21.964584290765348 -25.90131950941691 0.33496150622823345 1.2323482537340618 1.492238258326396 171 144 173 199 
-5.792065235800936 -8.043616008920443 -21.87936474737328 -25.88128137829399 0.3920652669793464 1.3033194547411402 1.4492819575853617 172 145 
15.979226896972515 6.228142242386634 -13.791848788292034 -23.927333185806305 -1.8470035130971696 1.043088774673417 1.3029605658145615 147 202 175 
20.262048139062955 2.0049491349447277 -10.719522267734959 -25.191454179381047 -1.8883945147858714 0.9815649193922494 1.2352707665012324 202 201 174 
12.713613668484044 -1.9407895178120036 -19.2616087584645 -25.393603166329243 -1.6967008052786883 1.06336178745028 1.4300025908964666 204 147 149 177 
10.648025494513641 -1.634247262107622 -20.53798946847142 -25.34918470122555 -1.594623188761946 0.9952358759702649 1.5023156260615806 151 178 205 176 
8.974283875434626 -1.8681916520918922 -21.809539753377628 -25.76051806350834 -1.474439811952585 0.9318920516253123 1.569455563646344 180 208 177 153 
4.852171239316957 -6.665148027920406 -23.477981907875883 -26.950245809050994 -1.2711625953013241 0.9932707585979681 1.6249689782601089 181 180 153 154 
7.129783987029721 -2.133365215396278 -22.837765077867058 -26.066187336618004 -1.335273463063582 0.8776079792422494 1.6308229686235838 178 179 182 210 
3.1652985517230485 -6.787038842932417 -23.710734951957015 -26.877036531264082 -1.121515189217909 0.951190498493597 1.6685250275738754 183 182 179 156 
5.008765551244899 -2.2573006327508947 -23.388120971296757 -26.00706682528543 -1.1855845179118696 0.8331585780926819 1.6804945819487784 180 181 213 212 
1.7900051563588524 -6.774777683124277 -23.63315802749847 -26.61882317923716 -0.9679566057110753 0.9213599009710001 1.6989105804961306 158 184 213 181 
0.7958443482122147 -6.694167200621868 -23.536279669109415 -26.421302100234456 -0.8171725024746149 0.9042149263828323 1.7171830467160392 185 215 183 162 
0.05208468799377488 -6.504831735695426 -23.532298496529595 -26.330745977109366 -0.6760652237171401 0.897153147838637 1.7259503424736982 188 217 184 161 
-1.5425550089022901 -8.373856062171258 -23.541280838103273 -26.942076565973693 -0.3663807950415052 0.9562881050252426 1.7061551125228496 189 187 164 166 
-0.7181943547034902 -5.878513591973785 -23.62627383704155 -26.2456746939266 -0.4486305242873816 0.8814303570906701 1.7323686108658083 221 188 186 190 
-0.3941587036885853 -6.248520001269468 -23.576530475121015 -26.294975762734033 -0.5514339877423623 0.8937257122175601 1.729233348584248 218 185 164 187 
-3.1506673062076325 -4.702708290962514 -23.62839376486923 -26.115252784936636 -0.2787327403061043 0.8802840744053034 1.7207894663014485 191 224 190 186 
-1.8936536222397087 -3.170004324384033 -23.698936453726713 -25.795650060907704 -0.3858015984723756 0.8285011176924607 1.7401742255844344 189 223 221 187 
-3.813428817779977 -5.818331700619219 -23.25309758416474 -26.100013721251152 -0.16294285298220978 0.935319476195412 1.6921142078570874 193 195 189 166 
-4.672257376766346 -7.196902001415769 -22.570667192711205 -25.991483651171087 0.07064941063031778 1.0431815852602955 1.6192809913980946 170 196 193 167 
-4.230118132954801 -6.57218771111601 -22.917970426362675 -26.05134429850725 -0.044139421121986606 0.9901696361057413 1.6574441110664169 192 194 191 165 
-5.800308472906574 -1.9424743469451877 -22.438279274784215 -24.95972804524394 0.039678868448013604 0.87881874487032 1.6638656898481399 225 195 193 196 
-5.161421528211218 -1.1534513044919055 -22.788189473929926 -25.084449016965 -0.0875358827533125 0.8273590899467742 1.6975690716097962 226 224 191 194 
-6.492055473272504 -2.677740379681674 -22.015939254880983 -24.823280169707616 0.15867490139207177 0.9335585358851045 1.6253889611545174 197 228 194 192 
-7.0407810372117705 -3.248299879794651 -21.669626673299337 -24.74055740247432 0.2638389301555196 0.9924604088262503 1.584300494258669 229 196 170 198 
-7.831855907398438 -3.9401464526173755 -21.176024754488218 -24.658699861032602 0.3515415104623137 1.0542733066122671 1.5424979624951969 199 230 197 171 
-8.66207585937147 -4.600182548964782 -20.668918754938353 -24.631299400291113 0.4213295028389396 1.1171609688831001 1.5008069617726962 200 198 172 
-10.996561149656088 -0.8436730230191662 -19.048433142757723 -23.6040751764064 0.4979269577431493 0.9918148727068489 1.48574171386604 232 230 199 
19.447645621475587 7.595795981137661 -8.714361226565803 -24.462948732118896 -1.8942360878361424 0.8949279036727983 1.1878107190745975 175 203 233 
17.610337087455736 2.3970161768252227 -14.390131953302753 -25.031790314389895 -1.8379262207345621 0.9767792251624228 1.3048168268136735 203 175 174 204 
17.539488136957882 7.963807924359325 -11.169806595574396 -24.096138729658517 -1.8385693728666153 0.8599464396635783 1.2657153687475766 207 234 201 202 
14.25039105320541 2.834505272567494 -16.856929853896236 -24.34399477229925 -1.7481427121876847 0.9393933926745324 1.393414861881891 176 205 207 202 
12.860567825373666 2.851093985293227 -17.950076401326896 -24.32062530300815 -1.6412967942064545 0.8748905141381198 1.4734461258203242 177 208 206 204 
14.1274125835491 7.713619583665805 -14.35201869620803 -23.381139396862704 -1.6622668113375596 0.7508583128386473 1.4237070166322658 205 209 235 207 
15.301271195806661 7.919069470258294 -13.076135373577928 -23.44386645779335 -1.7601921564195981 0.81042927207677 1.3453595316532097 206 236 203 204 
11.078085771315054 2.8508789580386824 -19.628643154933663 -24.72479820041277 -1.521847986923495 0.8125739111659069 1.5466237821491178 205 178 210 209 
12.4009584956793 7.753040055747363 -16.320527750731838 -23.70698180739554 -1.5454420082780924 0.6919404551857866 1.5021880932672944 211 237 206 208 
9.069737748649056 2.7327186092527667 -21.10596084396098 -25.087403536385903 -1.3841343509636117 0.7580354342195352 1.6137186235574603 208 180 212 211 
10.362208604140235 7.747596372234257 -18.177372687280798 -24.068018236490236 -1.4114639797738293 0.6392134519697902 1.5738329753389242 239 238 209 210 
6.703882748608935 2.635445549320357 -22.027177348238066 -25.064744124516054 -1.234641179616906 0.7131282819108187 1.6691293671551297 182 214 239 210 
3.066735376449959 -2.294293697409381 -23.434469619262646 -25.66968401387836 -1.0321940179399074 0.8012264017868211 1.7158465235264706 183 215 214 182 
4.328322289758181 2.531784235413346 -22.3357131355153 -24.715818599199984 -1.0811362034059437 0.6805173633476344 1.7094908497034518 216 241 212 213 
1.5221160030976928 -2.2913316977352034 -23.338052461394252 -25.377777367949772 -0.8806828196229737 0.7830877429979575 1.7377494410448375 217 216 213 184 
2.307848444823613 2.418326480740976 -22.35631891947815 -24.37184726813505 -0.9288399127384074 0.6622576626948995 1.7355305562404433 215 219 243 214 
0.342548556252509 -2.271369898715593 -23.333058013154346 -25.289467313693702 -0.7367874076580145 0.7772421621725927 1.7485870688761032 219 215 185 218 
-0.43959364310086596 -2.313850117648855 -23.41460692778005 -25.356381556898352 -0.6055262136130024 0.781443691509053 1.7514424811767695 217 188 221 220 
0.7098420953440231 2.2721477662470315 -22.414990296368934 -24.264660553377013 -0.7807793093695862 0.6580340737045904 1.7498056158169912 216 217 220 244 
-0.5113454819848995 2.020626886039265 -22.601442433573045 -24.39464652878357 -0.6375420700226261 0.6675607524146046 1.7551514964108776 222 245 219 218 
-0.891154425766849 -2.4816826801443628 -23.498435797375286 -25.46265982204636 -0.49009224143988306 0.7948022274565412 1.7492435638327284 190 222 218 187 
-1.4995858595232834 1.603710069117956 -22.859747885988174 -24.650837438555342 -0.4967837842301245 0.6926857768823864 1.7536646319838591 223 246 220 221 
-2.9529008847972964 0.8678782758665684 -23.170987610499488 -25.050590901266176 -0.35686873041268047 0.7327873857987603 1.74418869704466 190 224 247 222 
-4.28915113073464 -0.1686360097402439 -23.10735270624989 -25.18162074689307 -0.21989692377222816 0.7793430379370071 1.7250399747383884 227 223 189 195 
-7.031761883969525 2.666431841025422 -21.232354809847713 -24.043093645352055 0.0976188571844796 0.7616880888741149 1.650054363168409 228 250 226 194 
-6.0982653568406535 3.5538492718107975 -21.599198502684327 -24.226187707277287 -0.03883668863235675 0.7109280740744078 1.683831550046413 225 251 227 195 
-5.029185626008656 4.461592310282044 -21.841892324094445 -24.34429518402083 -0.18457015410618866 0.6648198702249101 1.7112139367545516 248 247 224 226 
-7.973527109150985 1.7908287790801958 -20.783940666535386 -23.868026219542767 0.2229451441619985 0.8171846179727211 1.6112241237810399 229 252 225 196 
-8.854470764881684 0.9660987780901041 -20.329007957403295 -23.74814879916862 0.3327315323258344 0.8761264316020012 1.5696986523759535 197 230 253 228 
-9.881509475591127 0.07100054393947453 -19.74427129579447 -23.652788099936767 0.4240309707510562 0.9354875601878012 1.527659688146254 229 198 200 231 
-11.33060775412533 4.1743191642416 -17.940066113560658 -22.984744288296557 0.47744754060830996 0.8148920102230156 1.4912174114467664 232 256 253 230 
-12.530206127590926 3.196544131618619 -17.214751335600763 -22.912500137823034 0.5571151932232576 0.8691916761823063 1.447536837566013 200 257 231 
18.497891034547713 11.559905934397039 -5.31066917614031 -23.9249074675659 -1.8722566055817016 0.7884624999268075 1.125747566581214 201 234 259 
17.004414758789057 11.909370655134492 -7.317679198606573 -23.484425497604853 -1.817580460155757 0.7417967449720401 1.1986357897192141 236 261 233 203 
14.284350489919818 11.712912932435117 -10.463148952644193 -22.726496424398803 -1.65342458429255 0.6323872564682189 1.3560246333859887 263 236 206 237 
15.567685334003249 11.821850723869174 -8.894509999882462 -22.958868030414553 -1.7450150942040412 0.6897433158659017 1.276392535825772 235 264 234 207 
12.70653653545605 11.91081706146486 -12.441037802759958 -22.893674545954546 -1.542050411880544 0.5762848818950052 1.4375780548623063 235 209 238 265 
10.767411207343168 12.120284338562826 -14.408464082668143 -23.158081354846356 -1.4140460360577747 0.5263034548228118 1.51252198035689 266 237 211 240 
7.908152193449875 7.691713605979263 -19.466555604385483 -24.077690296675932 -1.264572088515445 0.595706330468623 1.6339703316957097 212 241 240 211 
8.343370219996771 12.180294910306651 -15.961352323262734 -23.169201859984554 -1.272509700082825 0.4854958424801623 1.5762621723165509 242 267 238 239 
5.304687588034564 7.544964007811512 -20.123594259471847 -23.77550085094147 -1.1115056559051304 0.56430278079753 1.6793205347764233 214 243 242 239 
5.6950146268548805 12.064147927838322 -16.94195764135239 -22.934460890256986 -1.1221642298477827 0.45654417616912335 1.6259974884748798 269 268 240 241 
2.918997153476226 7.2902198416273825 -20.40819994410495 -23.44618506257987 -0.9576591513574296 0.547050237592675 1.7100104103362477 269 241 216 244 
0.9534871942898463 6.953034414077687 -20.641643014187174 -23.33661215835068 -0.8046504236083625 0.5443075170244709 1.728547511628714 243 219 245 271 
-0.6833236170499644 6.523205426778463 -21.001157313582446 -23.508831562058788 -0.6512366894612891 0.5562146205813898 1.7375737008590046 220 246 273 244 
-2.107041433729117 5.980816259579734 -21.44381867302535 -23.857112248025242 -0.49536017300500645 0.5832550862469623 1.7385196030383474 247 275 245 222 
-3.6750421473320345 5.298111509238502 -21.817934649498845 -24.23889684132463 -0.3381489831718043 0.6216200641886828 1.7300902138125673 227 249 246 223 
-5.49294761807809 8.988954816178214 -19.699585748613927 -23.590306118416162 -0.16451081423858208 0.5480126842140655 1.6744631237668033 227 251 278 249 
-4.112457243859784 9.759719437515676 -19.522707199454956 -23.45253609354903 -0.32500461124365443 0.5072239407395922 1.6918414938933506 277 275 247 248 
-7.849577035775772 7.134480763461255 -19.327661647390183 -23.33361202609823 0.13370502823375724 0.6446655694237449 1.6150471613931479 225 252 280 251 
-6.692270263653884 8.098582144862435 -19.60397430814944 -23.50819352589518 -0.010568337877224424 0.5939241653756252 1.6483138837275684 279 248 226 250 
-8.999963124466202 6.150560480481474 -18.957840302177956 -23.177945125146064 0.2654356856576352 0.6997117749977793 1.5762409510538133 250 228 253 255 
-10.14127003992082 5.171102014004014 -18.51971686430008 -23.073027392118924 0.38073828890517736 0.7574958231994274 1.5342976808134252 231 254 252 229 
-10.839533973555675 9.110465163098535 -16.30756327448242 -22.684804259587136 0.40929049419393204 0.6431337797927714 1.4789516609868492 255 253 256 283 
-9.50775131000082 10.130374677970355 -16.645666518404347 -22.73949710241579 0.290133614302331 0.5871599327621373 1.5203409297954065 280 252 254 281 
-12.156200221760256 8.041548473358247 -15.736145789173262 -22.566028830092986 0.5098802692083431 0.6988875702450046 1.435743877629031 231 257 284 254 
-13.62681934134095 6.952558423597931 -14.908984450697753 -22.50204451654466 0.5935756313424899 0.7562185170078405 1.3919621220853657 256 232 258 
-14.359328479483528 9.921192976821537 -12.31289915886933 -22.269215913031495 0.6071857884964622 0.6486582931985652 1.3228819143943271 285 284 257 
17.08408518840084 14.39972964924008 -1.1879656082101384 -23.4655879843577 -1.8217207479741568 0.6802068316218838 1.041537007241333 233 261 260 
15.337466097674422 16.102191037839457 1.4978804829936885 -23.087740830293 -1.7460097784032858 0.581555580697851 0.9497219754929852 262 286 259 
15.750477877656978 14.877621922118474 -3.405498577394784 -23.02957314592763 -1.7705419767518253 0.6317492866297065 1.113522299628719 262 259 234 264 
14.380424662360117 16.56668947699908 -0.4025099669428308 -22.751168419499702 -1.6991181998422475 0.5345593909365818 1.0209435039613648 261 289 287 260 
13.611528160523555 14.85409488051352 -6.482400360710766 -22.302544069253123 -1.6172060914207507 0.5250946643358309 1.273816706800067 265 288 264 235 
14.814869336558356 14.82242228168849 -4.835429319700121 -22.627736208373804 -1.7031495481332561 0.5806118081416387 1.1921034518521965 289 261 236 263 
12.107949046347718 15.165935764646129 -8.44032864906875 -22.303283409811378 -1.5123401185827285 0.47110586856564285 1.3563945464655007 237 266 291 263 
10.269983150117106 15.501647444077541 -10.358175824918435 -22.41349895733272 -1.391260508445801 0.42386546912610745 1.4329388375503604 265 238 267 294 
7.989760018062794 15.684692459498203 -11.981780747122679 -22.38929203178193 -1.2569249998979277 0.38598644667047166 1.4985188826310973 296 266 240 268 
5.477287008378156 15.658881912482368 -13.167382019201655 -22.229089872035694 -1.1123338009305699 0.3594179250445161 1.5508221413219956 267 242 270 298 
3.179803407962341 11.788557982158027 -17.513863164767358 -22.664279420515644 -0.9675843928285311 0.4408125397268379 1.6613196449461491 271 270 242 243 
3.04194298549027 15.394784284169946 -13.928611068644873 -21.984896465727676 -0.9599433629840534 0.3447596630219202 1.5893503807431684 299 268 269 272 
1.002204264332763 11.395054557747896 -17.967761211270307 -22.57285816381251 -0.8106066143223958 0.4385458635744608 1.6840287443198623 244 273 272 269 
0.8971824447024416 15.097907452745632 -14.62878421442973 -22.011269901225425 -0.8016138031707506 0.3419431598606955 1.6150211907670255 274 300 270 271 
-0.870434676947757 10.92432265580277 -18.4889636485963 -22.742485615713044 -0.6509419340597615 0.44957957505339474 1.6962343154380306 275 274 271 245 
-0.988208922184386 14.673531010521877 -15.271394729646046 -22.156438584710315 -0.6392743971737872 0.35071925603838194 1.6292684811985154 272 273 276 301 
-2.5223395108896782 10.390118456959735 -19.061351013959154 -23.097250273669314 -0.48835920075577893 0.4733182479683504 1.699004740666176 249 276 273 246 
-2.676673285467258 14.191661971855464 -15.927851352353809 -22.4560750265793 -0.4751089898380336 0.3704530569742185 1.6332327526706205 274 275 277 302 
-4.2637890130834855 13.62261629710238 -16.50232787446387 -22.785056897356636 -0.31156828410413556 0.40013527197738746 1.627584618463441 278 303 276 249 
-5.665271139250957 12.880594524543543 -16.821832434120825 -22.914331598754522 -0.1505320638142417 0.43842396993040056 1.6127981700654326 279 304 277 248 
-6.880063029372634 11.961066308113608 -16.80035578238428 -22.745247298881328 0.006043592886899506 0.4835059397906841 1.5893876535983413 278 251 280 305 
-8.216025967158703 11.112322710625724 -16.862101186708443 -22.83169519938765 0.15441277283642416 0.5335070401585769 1.5580110709070396 279 250 255 282 
-9.574399544318354 13.274318583983522 -14.20188678876038 -22.493901050267485 0.30211067357410915 0.483722914008425 1.4448818005878874 282 255 283 308 
-8.153126866223158 14.055739373414694 -14.200126864602806 -22.37611192266222 0.16640771440335997 0.4318934197297449 1.4796776765072095 309 305 280 281 
-11.015953764711448 12.342128532484695 -13.959618505881544 -22.500521450467893 0.4220336704048524 0.5384952347281101 1.4063117000808378 284 310 281 254 
-12.288100782614766 11.151190501560345 -13.2862329521222 -22.142528613905885 0.523731119856265 0.5928333051102608 1.3651272801064345 256 258 311 283 
-14.493183441948506 12.613585549006311 -9.600528296245088 -22.158596534733892 0.6005174986057535 0.5575158449584534 1.254421894493713 311 258 
14.154518039211654 16.797278295490848 3.2971739682397034 -22.838966474104726 -1.6549436765716392 0.49594417181753847 0.8603740556836721 314 260 287 
13.417541665425839 17.32902862639377 1.6108839893576068 -22.611102394338115 -1.61190685203005 0.4499677449125229 0.9277390984281957 290 315 286 262 
12.592060028798743 16.830027493807776 -3.3056019709957045 -22.119358984193614 -1.5571563918732771 0.4313451877696445 1.1820473585392053 291 292 289 263 
13.677602216425223 16.648351093878247 -1.7069505520561026 -22.442968667592776 -1.6374149804992335 0.4849923157406667 1.0990406949948976 290 262 264 288 
12.78490715917171 17.57975109301004 0.23305568600660365 -22.390414870485163 -1.5547977321456188 0.40128937939065756 1.0043477871951692 316 287 289 292 
11.098444240826813 17.20722951430673 -5.164419835009386 -21.95892352701797 -1.4587667349026274 0.3794056101570201 1.2640241430650239 265 294 293 288 
11.753512998807302 17.867674051060433 -1.3124382759817226 -22.08554189709222 -1.4797303301952986 0.34940565155728076 1.0860908045530477 317 290 288 293 
10.233406388929843 18.25817897942733 -3.0681197795523105 -21.805566200806524 -1.3873321207693714 0.29959993117232175 1.1651507070167497 295 318 292 291 
9.307366392450465 17.590920447497965 -6.910160135341457 -21.89346374119947 -1.3450217737883299 0.33437072343889757 1.3391759558772438 296 295 291 266 
8.430775972814185 18.615831040440153 -4.675494359842597 -21.59450358594214 -1.280478721016463 0.2567102323870609 1.23607790576403 294 297 319 293 
7.161926601273431 17.826544631957947 -8.423501284653785 -21.77246448178765 -1.2186694432146197 0.29876985116015264 1.4036351819605348 267 298 297 294 
6.408360798175259 18.918437496589533 -6.09320930936863 -21.481180547084833 -1.160913254465517 0.2228915645157732 1.2968782425309038 321 320 295 296 
4.907230785055913 17.959134566867 -9.679730786084898 -21.740329602035935 -1.0812466311534266 0.27390869233779075 1.4559054334138684 321 296 268 299 
2.7255385455136265 17.818195448884506 -10.619201312842357 -21.64404680218856 -0.9331878973815905 0.25979500546870615 1.4956771728040497 300 323 298 270 
0.7518846383312283 17.47657754474057 -11.385173667287095 -21.575668540423248 -0.7766110782914598 0.25619226450530974 1.522982267783293 299 272 301 325 
-1.002792636302457 17.195707882558143 -12.202797469373188 -21.810665910848012 -0.615640195845238 0.26286528212927684 1.5384906905602889 302 327 300 274 
-2.5971426620687708 16.660598280667152 -12.800369895777743 -21.879156571181387 -0.4538630969355834 0.27955329105736887 1.543762097801774 303 328 301 276 
-4.152263514835054 16.233183337037087 -13.488399037743687 -22.235903219049412 -0.2934961004920626 0.3058863939595481 1.5400909934417994 302 277 304 329 
-5.590044055782056 15.670365726224965 -13.998072716866968 -22.49021422724586 -0.1356849798814036 0.3411518515509322 1.5281618392666285 305 306 303 278 
-6.889543153720717 14.933515303986832 -14.229246130003098 -22.518622031415713 0.01877030471569274 0.38391420729685966 1.508028693461608 279 282 307 304 
-5.393058612512469 17.350566461517367 -11.798156146123691 -22.24679148504354 -0.11790088962289179 0.25643651892545366 1.425779528947228 332 329 304 307 
-6.7475720719823435 16.851055002837242 -12.070809059866466 -22.399146396985522 0.030712799686372257 0.2954401091962919 1.407973173361967 305 309 333 306 
-9.449417267543845 15.517684956064729 -11.911898708708652 -22.35932135629422 0.304432730508072 0.3900145029693556 1.3525625673417996 281 310 335 309 
-8.036098808571182 16.185004202627034 -12.047026935269393 -22.33424452397851 0.1730964421503021 0.34033053162251126 1.3829296467294299 334 307 282 308 
-10.977566279962762 14.792392054352169 -11.60264126164136 -22.423157298785778 0.42115261593130493 0.44370076115831913 1.3191987630226159 311 313 308 283 
-12.258688599283177 13.850565738403587 -10.957175459325576 -22.168781776180765 0.5209593098380795 0.4987038821631392 1.2844087900014096 285 312 310 284 
-12.308873969943669 15.365269049968155 -9.2039506117964 -22.269130647745047 0.5025661254036817 0.4109853278349484 1.195259535501878 311 339 313 
-10.817537116925774 16.04170840964796 -9.87331965210432 -22.25228875570978 0.4093630459861501 0.356828075259438 1.2216236997505099 338 335 310 312 
13.901811721164309 16.708834763328888 3.9222138699308777 -22.678788209170076 -1.5589700705811378 0.4192896031559492 0.7702382724482639 286 315 341 
13.2960386543292 17.327133427105828 2.343378972353651 -22.564924870090795 -1.5187957879206684 0.3736752202107267 0.8370896955354309 316 343 314 287 
12.639733278900648 17.782995625872285 0.9278496561480356 -22.443642756307863 -1.4648358495531923 0.32535207854361425 0.9112628136194524 317 345 315 290 
11.525555344673792 18.194765500310268 -0.6361045394990846 -22.151297388046 -1.394115646053151 0.27516140663621425 0.9888832166582138 318 347 316 292 
9.850459348170698 18.55992208369758 -2.330857287768316 -21.72755309069079 -1.3070391411672695 0.22777733236539763 1.0632188396064401 317 293 319 349 
7.970945547192358 18.935149543469866 -3.864006348357786 -21.46244744211586 -1.2054426122689748 0.1870276212827609 1.128860470298788 318 295 320 351 
6.026338294193695 19.277032127676527 -5.252303476219274 -21.39540034889056 -1.0902988478852416 0.15454849173643634 1.184853277699031 322 352 319 297 
4.379036569711261 19.115631602868078 -7.350724539546169 -21.511602745389187 -1.0289133246609148 0.19902787193031302 1.347231896842754 297 298 323 322 
4.13111842421939 19.535619574279647 -6.483489055091797 -21.49427854688706 -0.9625930152702442 0.13133405224178177 1.2315003983714679 324 353 320 321 
2.459749432133938 19.097381991495084 -8.446266868437087 -21.57675653812081 -0.8863259979974363 0.18538121531276583 1.3866080240543188 325 324 321 299 
2.36199713634739 19.63532063593883 -7.519387891470661 -21.640903163778656 -0.8255278609458478 0.11795919207907729 1.2686685980809156 326 354 322 323 
0.6943676181681913 18.900896016990018 -9.335069415218124 -21.633837528059544 -0.7356458121048886 0.18106076780392466 1.4136285056411588 327 326 323 300 
0.7542783863838061 19.490271605850086 -8.391927497240479 -21.711147301872927 -0.6822010777372227 0.11329454367524543 1.2947726168765745 324 325 355 356 
-0.9198025465930445 18.574304305123466 -10.062142492525119 -21.686740507061852 -0.5802647957507743 0.18597090212308928 1.4294778873532852 355 325 301 328 
-2.4513748607052133 18.206021400454098 -10.735661302700258 -21.828354376310855 -0.42421773300016885 0.2006146144214883 1.4365182171502207 329 330 327 302 
-3.965767692261505 17.86085567297723 -11.375401432497727 -22.109465112563093 -0.26977353063057186 0.22444868643270197 1.4353133667582105 303 306 331 328 
-2.278798178842851 18.833687244825043 -9.737307177443626 -21.8094267431063 -0.3882038475543911 0.1298778547847237 1.3186215649212079 331 358 355 328 
-3.78634986411546 18.604109837944474 -10.28579232629046 -22.08499150612686 -0.241928612374883 0.15166577544560433 1.3194101594068504 332 359 330 329 
-5.227366128303377 18.26404080735564 -10.63088290184656 -22.269960683385214 -0.09774024734777914 0.18089067431215358 1.3117904492263626 333 360 331 306 
-6.577413576551074 17.788698429520306 -10.73137219955005 -22.299706798403324 0.04262650228361173 0.21612268187215772 1.2955351403810402 332 307 334 361 
-7.888336956182386 17.22149944424933 -10.594972132661718 -22.218978852579824 0.17635999372701966 0.2578582598590523 1.2738514799417282 335 337 333 309 
-9.309807491159466 16.719863124952763 -10.361953481619297 -22.284515767347933 0.2999262532238307 0.30531664158039373 1.2486684957452376 313 336 334 308 
-9.278561214411814 17.12990134539528 -9.695790656200895 -22.242056285850705 0.2929629891642611 0.22829221256615298 1.140382851822702 337 335 338 365 
-7.856798802947218 17.52780153839687 -10.028950700495018 -22.150247922264516 0.17865259600998312 0.18245661248475284 1.1601163188754866 336 366 361 334 
-10.809452090250385 16.612779806578825 -9.139778383626293 -22.30709429131925 0.39225937593676274 0.2763024595918145 1.1189030557639739 339 367 336 313 
-12.305425197023604 16.041969206788217 -8.414775710033275 -22.380021036004944 0.47392059474346454 0.322991784848611 1.0962962800495022 338 312 340 
-12.214667986653888 16.141811074892466 -8.384467414811905 -22.3862033163686 0.44719118456280504 0.24711816406496437 1.0056259617885472 367 339 
14.471470344375541 16.08808091827728 3.63222455472858 -22.595538421260745 -1.4673045674358938 0.3465116135185682 0.6809713293253103 314 343 342 
15.559693198652303 14.873119774555063 2.577351122816162 -22.455907411927118 -1.3861929940626945 0.2733683178517323 0.5910272118735613 341 344 370 
13.874283285463012 16.819916196260127 2.159059390448132 -22.56264087962865 -1.4292156452068 0.30102607742064197 0.7467859843117673 345 344 341 315 
14.912640366322725 15.673971521820677 1.139639704600655 -22.43393094678271 -1.3504198282108875 0.22878380583497107 0.6563730923870423 343 346 372 342 
13.082463936811411 17.457931303539688 0.6596164328291285 -22.475147223208538 -1.3779091278177487 0.2533792189609666 0.8186460567286933 347 346 343 316 
13.946131084873425 16.449409142714103 -0.44914053903027323 -22.327277869546986 -1.301838283082624 0.1823790079231347 0.7270124691766845 348 373 344 345 
11.786010653022153 17.959175538617586 -0.9612745339414894 -22.140036832563172 -1.3107813685664103 0.20498514732246353 0.892262565680322 349 348 345 317 
12.370426555099897 17.067475923529702 -2.1534657468545055 -21.92217926824171 -1.237242312662533 0.1353177236710942 0.7974055577515449 346 347 350 374 
9.90651974850004 18.362197397527524 -2.679561173934178 -21.646363450504403 -1.2271586246865418 0.15941148791082935 0.9613171987212481 351 350 347 318 
10.227290037217514 17.53590189041149 -3.9257297828910267 -21.373635241146147 -1.1548111974713078 0.09020028266985283 0.8616825020294233 376 375 348 349 
7.908393974624791 18.723055015404622 -4.233060138433316 -21.339104625341417 -1.1281627186918823 0.11997967657758665 1.0218705649382445 319 352 376 349 
5.989453709017976 19.153691585826518 -5.63844068561336 -21.39180040966795 -1.0157926280718481 0.08838043074971419 1.0727264302911474 351 320 353 378 
4.194132874208326 19.581934231509305 -6.891948936712124 -21.69952464115475 -0.8921899889136078 0.06553797778111198 1.1142146093558134 322 354 380 352 
2.4921110637434865 19.736285085823422 -7.928811157024564 -21.91891289580622 -0.7603649278029138 0.05233170419120499 1.1481694765333992 356 382 353 324 
-0.786131550256907 19.147263252436957 -9.118465780688593 -21.702287544583747 -0.5355147488316421 0.1170605296170633 1.3106767019289585 357 326 327 330 
0.9065120682495831 19.51238546896326 -8.662805107209852 -21.862591053110613 -0.6244359578580834 0.04799026270851074 1.1736627931454904 354 326 357 384 
-0.6164261228497815 19.15460186170068 -9.22614677530323 -21.758886672949604 -0.4873535657454671 0.05117232037450111 1.1892915423468247 356 355 358 386 
-2.1180060720680514 18.89812047069236 -9.733991100007717 -21.849684342882338 -0.34981910514057735 0.06220503684087966 1.1967202890846869 359 388 357 330 
-3.652607961817418 18.70384386052797 -10.151889343969847 -22.077964790935578 -0.21265484046343297 0.08201665409783301 1.198035987229819 362 358 331 360 
-5.134973384812777 18.472223538039888 -10.38381934953135 -22.288707142509026 -0.077390637840629 0.10951490783719905 1.1923860748936257 332 361 363 359 
-6.4970115574358935 17.994469802446805 -10.278381116294696 -22.200663955900485 0.0539713105466181 0.14272203417955337 1.178490009027739 360 333 337 364 
-3.5648021611387373 18.410848332334798 -10.726599782525302 -22.120048607901225 -0.18531634021833807 0.012277345607935105 1.07845018156682 390 388 359 363 
-5.088386101307484 18.159704985909144 -10.825332666002478 -22.254854255232434 -0.0588002024572324 0.03828376531495161 1.0736993813086482 362 360 364 391 
-6.53078632465453 17.70978772024334 -10.62924023032758 -22.165994788372835 0.06400075719919465 0.0706849854837827 1.062360579434704 366 392 363 361 
-9.337433947917454 16.951797517469515 -9.768673059616525 -22.167855393978016 0.28471266080304247 0.15484308659904422 1.033331319934804 336 367 369 366 
-7.913459751194967 17.269854947327577 -10.244598378641399 -22.079273314327825 0.18003970571656525 0.10983076118341784 1.0476615940144896 337 365 393 364 
-10.859048031648218 16.59655271225393 -9.117244642086968 -22.309822502757687 0.3740927189183457 0.20109701434318064 1.0182264689401164 340 368 365 338 
-10.858369962567345 16.026511521757552 -9.85273911868302 -22.241465078404783 0.35846730846441466 0.12823458620800143 0.9224422996940975 369 367 396 
-9.408814416580514 16.351597172064793 -10.5479475008728 -22.142838281808572 0.27613995615815706 0.08192788762123263 0.93240839765604 368 395 393 365 
16.781597246887547 13.059553844032353 1.1016531221715824 -22.2140077576724 -1.3208520181529284 0.19852248258082095 0.5081429639273491 342 372 371 
17.62537562583171 11.107137679783468 -0.5810717306868494 -21.882145799472724 -1.2729427761568408 0.12357647205312877 0.4383410992467274 399 398 370 
16.021891465759012 13.889820126734438 -0.3981354131501698 -22.117700680381038 -1.2875202520028242 0.15544695870741795 0.5704636720503075 344 373 399 370 
14.826048364769203 14.7749459785251 -2.049636412714831 -21.9190153336667 -1.241301266057325 0.11030728591093455 0.638403551372074 374 401 372 346 
12.912694668129202 15.543300794092675 -3.8417160973879034 -21.420854364383317 -1.1780092316827233 0.06356145219227673 0.7053472010630693 348 375 403 373 
10.539026110897012 16.169024038116664 -5.609173377420331 -20.901481654652663 -1.096006519852829 0.01820578922694382 0.7658969185324578 350 377 405 374 
8.112908279914102 18.003347865059247 -5.499797398083203 -21.155516406134996 -1.056751018311946 0.05114535713670247 0.917596998823583 351 378 377 350 
8.341280930552452 16.819808192646764 -7.165258161741615 -20.846654806195023 -0.9986897161780466 -0.020752702815356894 0.8182016315463071 375 376 379 407 
6.162268345593558 18.571872673540522 -6.932082320096833 -21.378863497224064 -0.9464531143462518 0.020077337054135738 0.9637203189910797 352 380 379 376 
6.349507009422952 17.570509506804843 -8.585704635873428 -21.264767193135206 -0.8903694410131789 -0.05148475453669525 0.8605515834987251 381 409 377 378 
4.389109832140273 19.08216180626584 -8.162507134795646 -21.80360565004929 -0.8269080613784805 -0.002373001902597722 1.0005476713062482 353 382 381 378 
4.57043594502651 18.172630889578727 -9.710002605945638 -21.770201280785432 -0.7749769283885429 -0.07347173696447697 0.8937585277280092 383 411 379 380 
2.7067586738929403 19.2499504297618 -9.040180781171761 -22.004627327879064 -0.7015485372080319 -0.015260803308292898 1.031028704882851 383 380 354 384 
2.903412284564881 18.3594758265729 -10.435509355566005 -21.951895462521794 -0.6552146165776014 -0.08637979800887478 0.9207174758398486 413 381 382 385 
1.0891121443719944 19.044998080246287 -9.58218188878834 -21.894501186545803 -0.5732424835340353 -0.019445278934175803 1.0547031477391733 356 386 385 382 
1.2668799505355464 18.180824527578853 -10.853390685828845 -21.822715201059868 -0.5324190847435939 -0.09097664009073717 0.9417843010085154 387 414 383 384 
-0.46385614405712516 18.73867615775647 -9.990731994663959 -21.7738076038326 -0.44360866392995557 -0.01654811125117147 1.0695804463130107 388 387 384 357 
-0.30583009234821296 17.912444720592458 -11.1440507959397 -21.68986818240205 -0.4083118244073148 -0.08807631244057645 0.9560586206276498 389 415 385 386 
-1.9919948960200926 18.540268825078332 -10.389809681107476 -21.869706917290134 -0.3139397980713643 -0.006186913466958016 1.0770139920201254 358 362 389 386 
-1.8346608134795421 17.749577893319223 -11.43774752900814 -21.772127466959304 -0.284795996182153 -0.07743140129240071 0.9643868293172391 388 390 416 387 
-3.4401934851640417 17.629084730004404 -11.701668830165577 -22.002612683666413 -0.16282101316283015 -0.05941893974768609 0.966500983516259 391 419 389 362 
-5.031494400329654 17.4417563711642 -11.802008861791322 -22.208886550413055 -0.04313698884092 -0.03471838353278166 0.9618375991331677 363 392 420 390 
-6.567714995615481 17.049401542353824 -11.575121865657465 -22.176894802060993 0.07224113299995777 -0.0026450254470008275 0.9526756388508646 391 364 393 422 
-8.001910012718815 16.65014525415075 -11.122775257997015 -22.102292994753252 0.17999857873042485 0.03691676116972939 0.942105663784662 394 392 366 369 
-7.96240597606661 15.769257441245447 -12.409504969224255 -22.178446741454408 0.1785565489146345 -0.036244405190297264 0.8490168660281612 425 422 393 395 
-9.322473517830792 15.44514242104595 -11.779481041608719 -22.12635350617814 0.2681451449872319 0.009162077372076622 0.8427488866339488 394 369 396 426 
-10.740794339835862 15.106881845794332 -11.047271539610154 -22.150720896987146 0.34689284773557805 0.0559733637736093 0.8347706362955212 397 395 368 
-10.394392259980444 14.039229185448347 -12.43191518803435 -22.061988831966993 0.3312347690330126 -0.01690138399666089 0.7632824460700877 426 396 
18.065229936632317 9.109715867294423 -2.297786144676786 -21.49250685653264 -1.241951191050299 0.05690793145558792 0.38638735396253615 371 400 
16.794802174626493 11.848209565282833 -2.029808127771592 -21.682511380533203 -1.2416502858049026 0.08188360207897541 0.4933988519252347 401 400 371 372 
17.1539305014053 9.747640643309824 -3.693927814749187 -21.191394802924176 -1.2109599994533533 0.010577857094746327 0.42820914398341564 399 402 429 398 
15.389142711537222 12.76873307120765 -3.715529600729215 -21.341299319957418 -1.1973551791636758 0.03727300641328367 0.5557210875497333 402 399 373 403 
15.579678006910305 10.637749426799049 -5.33966230345846 -20.695622436006445 -1.168558674250996 -0.03559269637839213 0.4810282053838171 430 400 401 404 
13.18126229329885 13.684462578277886 -5.559684402300542 -20.752618607758702 -1.135016099113338 -0.009908490583298688 0.6187716763896325 374 405 404 401 
13.193783928544583 11.714835247071939 -7.112602684722866 -20.05715361734398 -1.1080341574059918 -0.08328847371193221 0.5389403042327092 406 431 402 403 
10.691346178879778 14.49267242037334 -7.280584166012596 -20.320401717864403 -1.0536634378204006 -0.05550792133582977 0.6766271576872467 407 406 403 375 
10.695925910376689 12.784317563783036 -8.699355725880652 -19.763150802465315 -1.027982715346606 -0.12812970416479216 0.5955253799873259 432 404 405 408 
8.464850829660955 15.350874234086106 -8.799797999353762 -20.44721007889887 -0.957426885785304 -0.094122991239205 0.7267023220694736 409 408 405 377 
8.484633074176779 13.861964736513032 -10.139935106639754 -20.044681956893033 -0.9328820714998912 -0.16594314930182075 0.6448401964325713 433 406 407 410 
6.441175881525242 16.273777830921592 -10.196854981701675 -21.030477333509758 -0.8511433287059762 -0.12438458430425281 0.7665524797842513 407 379 411 410 
6.43263000655138 14.966166596966772 -11.469845488856313 -20.743837708731167 -0.8275112037692813 -0.19567832774930966 0.6837296577712961 412 434 408 409 
4.673183444505244 16.946043842607008 -11.222925271186934 -21.585173257900557 -0.7386219022668316 -0.1465008834341467 0.7966331803195519 381 413 412 409 
4.663238823466273 15.700958037541406 -12.442481578155453 -21.340119574459063 -0.7160584936734414 -0.21815590061458304 0.7119641215149153 436 435 410 411 
3.0168289416907004 17.108491527912207 -11.76998308524618 -21.678849748711382 -0.6220496720958578 -0.16044820857897513 0.8199858098708029 414 436 411 383 
1.4242026258989409 17.064313200756477 -12.118345200021599 -21.64445917903322 -0.503104333947772 -0.16594740632120208 0.8384518617273632 385 415 438 413 
-0.1032007722872612 16.861929210721062 -12.327052439890167 -21.532127829692534 -0.38368010935968705 -0.16302789009088478 0.8523688193241998 417 414 387 416 
-1.5838446625799103 16.721437603353944 -12.571770778044844 -21.60835942628099 -0.26486524949260776 -0.15201921678222763 0.8617887503026789 419 418 415 389 
0.17187258605191702 15.84217528057497 -13.361882843805382 -21.408954032583896 -0.370911161262222 -0.23902808639709464 0.7603283165156127 418 440 438 415 
-1.2335746647931451 15.722128890416974 -13.593654922382557 -21.48753457756305 -0.25411039478911734 -0.2274274770451541 0.7715734061804944 421 441 417 416 
-3.233984221783059 16.668983769357638 -12.881996927822241 -21.92850688935187 -0.14707807924869806 -0.13398354964991296 0.8651271733100152 421 416 390 420 
-4.891182585485217 16.526363457055737 -13.045448621012639 -22.221214371737297 -0.03189726170984414 -0.1093516967432129 0.8619486235290068 422 423 419 391 
-2.9023596651803003 15.697948091675839 -13.995364488993422 -21.883771548677636 -0.13837497934455692 -0.20927422421068445 0.7766928138757606 419 423 442 418 
-6.488911381134753 16.18143578004401 -12.882790726589901 -22.275526965141445 0.07774140555291491 -0.07661787034031808 0.8557436983414662 424 420 392 394 
-4.597835252587494 15.624838689003665 -14.26586078687222 -22.295444102809984 -0.0255987939709955 -0.18338069626574835 0.7765959070947844 424 443 421 420 
-6.224102034383372 15.295966013056027 -14.198141863228138 -22.415878923773974 0.08163219553231815 -0.14812072941707133 0.7746311999835448 444 423 422 425 
-7.714866151823116 14.784654178214105 -13.797401578376894 -22.2777504374104 0.17791851064668046 -0.10691299229087525 0.7710054205247884 424 394 426 428 
-8.972071344259499 14.366549520759973 -13.24385341471055 -22.130447840380057 0.2598001822067087 -0.06319468623895194 0.7671196181025344 397 427 425 395 
-8.477990258769077 13.381327177501847 -14.534204563626925 -22.160415648071126 0.254185731041098 -0.13161813384361024 0.7049057374633009 426 428 
-7.37758206099226 13.95127495351559 -14.892058694220331 -22.358899162335362 0.18360286330490524 -0.16980876769201902 0.7072965266250456 427 444 425 
16.995168748433997 8.099550799728535 -5.305448926397853 -20.72601692373358 -1.1916839681098705 -0.05823287595871057 0.3737910745161023 400 430 
15.464165418959782 8.922368076655035 -6.682223755231159 -20.198832768640326 -1.152584763298354 -0.1063085672684281 0.4139398106448672 402 431 429 
13.114589078709175 10.149813723045943 -8.245622495610041 -19.595264766410956 -1.0950630840048348 -0.15390535578687292 0.46578588066267196 432 430 404 
10.683153421937712 11.43934668382204 -9.691343753466557 -19.406468514710184 -1.0159304763604373 -0.1965085981575365 0.5235409845802594 406 433 431 
8.44688559359338 12.661082656536866 -11.123127003226726 -19.76979201361818 -0.9214371027051569 -0.2338145273861404 0.5728309031320769 432 408 434 
6.400267013629327 13.883711528166495 -12.365663418771902 -20.508992130972597 -0.8156182632333975 -0.2630748004815434 0.6117152329554612 410 435 433 
4.600281264299015 14.678806841341178 -13.322546993197758 -21.142798314059917 -0.702197122325241 -0.28432602583197075 0.6417220099287351 412 437 434 
3.09450969532311 16.00032363125967 -12.999128617152 -21.581380892520695 -0.6023235152944575 -0.23442591692308298 0.7309803437385325 413 438 437 412 
3.063198314961988 14.994010354355625 -13.928905610343081 -21.450183902716038 -0.5917040660170649 -0.3042762137379146 0.6556494138070639 439 435 436 
1.5977234545741887 15.998595716200786 -13.235434522051442 -21.531210728205863 -0.4871974479366874 -0.2419321844953799 0.7461477792148432 417 439 436 414 
1.7667814744661536 15.09577188800168 -14.145472756375836 -21.492880639611588 -0.48229822227771724 -0.316403022248641 0.6648085317104915 440 437 438 
0.4889053492028257 15.041136147392981 -14.237918937732687 -21.425196441391893 -0.3678404559908589 -0.31359412170638395 0.6795546300207412 417 441 439 
-0.8588242175228282 14.970997603386307 -14.441913070831909 -21.510130957925245 -0.24914958073370025 -0.2995004100178925 0.6947874302072783 442 440 418 
-2.5374449757029676 14.919499986241565 -14.922702832738048 -21.931183786972056 -0.13387367067395722 -0.28137519158676333 0.7018801824094869 441 421 443 
-4.202008943437114 14.901376979808912 -15.207617880862722 -22.36888241625698 -0.02371880016356108 -0.2541946183086664 0.7050120325458467 444 442 423 
-5.87422507768213 14.629102712379686 -15.162921050058884 -22.53291437768457 0.08596823359966217 -0.21317797403407948 0.7087435498981682 443 424 428 
