3 4 5 7 8 18 19 20 21 22 23 24 25 26 27 28 29 30 31 32 33 34 35 36 39 40 41 42 43 44 45 46 47 48 49 50 51 52 53 55 57 58 59 60 61 62 63 64 65 66 67 68 69 70 71 74 75 76 77 78 79 80 81 82 83 84 85 86 87 91 92 93 94 95 96 97 98 99 100 101 102 103 104 105 108 109 110 111 112 113 114 115 116 117 118 119 120 121 125 126 127 128 129 130 131 132 133 134 135 139 140 141 142 143 144 145 146 147 148 149 150 152 153 154 155 156 157 158 159 160 161 162 166 167 168 169 170 171 172 173 174 175 178 179 180 181 182 183 184 185 186 189 190 191 192 193 194 195 196 197 200 201 202 203 204 205 206 207 208 209 210 211 212 213 214 219 220 221 222 223 227 229 231 
0.49611959049623 1.082861396153218 0.8330634755185158 -0.8510804192318614 1.0048001516584657 1.7479561072977559 0.6882573238150388 3 19 1 
0.5209089744382814 1.0729767318992838 0.8595959061074806 -0.8510085344508443 0.9492966135147946 1.7861924031594416 0.686608711015264 19 17 0 
0.4871728605590792 1.084717794245566 0.8003875527912416 -0.850881415912365 1.1055065668193982 1.657088384561547 0.6991510782997238 3 4 
0.48635627961166505 1.089723197962325 0.8265974480170042 -0.8510384682089778 1.0576522432598154 1.7110503721045816 0.7338203578453362 5 20 0 2 
0.4860983491811813 1.0888450087410158 0.813761310898569 -0.8501996257418398 1.1544776674750872 1.6077586872594456 0.7632169273294189 6 8 5 2 
0.48109685927901064 1.0952960124436903 0.8264224636376101 -0.8505113044561238 1.1040326117734238 1.6700296238394785 0.7918584693829112 22 3 4 26 
0.5133260720102557 1.0535519679127474 0.7743043455051565 -0.8475440236969455 1.2036111975285204 1.5402350046264583 0.7518467486859004 7 4 
0.49953039157230245 1.0774202735906715 0.6863896102407616 -0.8519271041777485 1.232643937727543 1.4799830480975187 0.8326930612357112 9 30 8 6 
0.4702818919835034 1.1119775139912293 0.7322251055883447 -0.8525942564048145 1.1868182808397518 1.554930417089679 0.8439632717491161 29 26 4 7 
0.5548312330326839 1.0452423120688779 0.5674785652878287 -0.8472618601629146 1.275245856381788 1.4020042267003732 0.8263598773094252 10 32 7 
0.5896979319301736 1.0382312764878734 0.49097479626126206 -0.8465557446709117 1.3108020583205109 1.3323218911872186 0.8173293222068708 31 9 
0.7426756539504645 1.0671205611255712 0.24867214588569314 -0.8517814879036347 1.3819755326467968 1.170889695394487 0.8001687441401891 33 12 
0.6930882159557024 1.074420438762686 0.30539774063695313 -0.851597348957153 1.3387165168761874 1.1922401573337544 0.8448321594799946 34 31 11 
0.7989580124060854 1.1559635863407427 0.17995820410244293 -0.8523418592338278 1.427977940966641 1.1021896770831323 0.7509230535440172 35 33 
0.8486469391483092 1.1867818038171305 0.13351687751071148 -0.8502827724576255 1.471731230357921 1.037694502870831 0.6910063526957461 36 35 
0.8646576353282562 1.193505005928383 0.11695346226580335 -0.8500468104085324 1.5116779450332984 0.9927967779557162 0.6292971671063528 16 36 
0.8625857148822452 1.1834797138371873 0.11541891634053796 -0.8501534461142141 1.5098855551334887 0.9578519167487684 0.6168229758475802 54 15 
0.5305553550068663 1.0650578439325105 0.8390718953365117 -0.8499136387100965 0.8989518890755144 1.822098032917327 0.7349571586870685 1 18 
0.5217989222605757 1.0668809442643397 0.8169572393134114 -0.850616219300427 0.9271473437010755 1.8122623326897305 0.7935846328159719 19 21 37 17 
0.4964948474133339 1.0836495762613823 0.83892165402899 -0.8511554579856749 0.9704523040039668 1.7805784167114178 0.7316129268827303 1 0 20 18 
0.48788849727812045 1.0892613427565419 0.8328660718478752 -0.8510419652779206 1.012096024472517 1.7554914760439535 0.7837846643597409 22 21 19 3 
0.5114861347798979 1.0733106409913529 0.799153936708965 -0.8504802758365473 0.9673708487210575 1.7873073861623738 0.8479160799295042 23 39 18 20 
0.48217174255598494 1.0944880289098073 0.8284927562471128 -0.8504319595070587 1.0557191766592975 1.7197624966185174 0.836870253012738 5 24 23 20 
0.5051642219264881 1.080387295189043 0.7817216435456896 -0.8500080332303299 1.014178004951304 1.7490093467446894 0.896772850316382 25 41 21 22 
0.44984258579005887 1.131679437232964 0.7700392477289613 -0.8522817291034421 1.0908254646304911 1.6779311894285132 0.8901235172165152 22 26 28 25 
0.45523874457641733 1.1325805199953203 0.7391433760823135 -0.8530087587766022 1.0587340129694776 1.7001655451838207 0.9359306326201126 28 43 23 24 
0.4575910725489456 1.1252664296913404 0.757747599909849 -0.8521401794037338 1.1380750898538534 1.6230855900920038 0.8633604105397921 8 27 24 5 
0.45112810522198815 1.1594509695249595 0.6837057936824057 -0.8550768381440539 1.1509261627767313 1.5720788567788095 0.9423404511153317 29 45 28 26 
0.4386281908521136 1.1589824720149153 0.7176789424421627 -0.8551574372358878 1.1031058577028425 1.641347584853048 0.950190890163452 44 25 24 27 
0.45939701731813404 1.1696868942324476 0.6458047181895994 -0.8562064026448184 1.195708450840952 1.494540279162682 0.9294822020866161 30 46 27 8 
0.4979706130977424 1.1481368843744943 0.5753487205948379 -0.8566050916772483 1.2350910719624966 1.412633988991991 0.9150268391795282 32 47 29 7 
0.575316617240254 1.1135962531950834 0.44690568565702676 -0.8583299613772517 1.3010143706963408 1.2478530361594529 0.8791098299653276 12 49 32 10 
0.535255143504846 1.1345883979256461 0.5083078777605933 -0.8576727261258379 1.2696850365526084 1.3296506752712753 0.8996912439628415 9 31 48 30 
0.7510263098590931 1.1601594012513283 0.23171514002780727 -0.8534924709391053 1.3804265284325572 1.1070460171758865 0.8033855601763012 50 34 11 13 
0.7033741801195177 1.1896928116719838 0.28663477645607705 -0.854044938319343 1.324131235216677 1.1040672812484398 0.8632418105336892 51 69 12 33 
0.8050984711229888 1.173241587600339 0.1760678955083993 -0.8520749338287382 1.4272879500417968 1.0409946774649115 0.7408660351597062 13 14 52 50 
0.8463706179052174 1.182390928734862 0.13491119573368346 -0.8500821140363504 1.4705403587953452 0.9834588535458926 0.6748044979611628 54 52 14 15 
0.5833038986851367 1.0460672094252126 0.7439968463532152 -0.8486865971019685 0.8772785045771987 1.830352913698568 0.8672061874816662 18 39 38 
0.691222615514477 1.0606003077311932 0.6030730425458812 -0.8476837614043734 0.8259609017841231 1.8223133600326078 0.9445496047199289 40 56 37 
0.5685582470115479 1.0567131763257036 0.7195830224829954 -0.8492515959478295 0.9238543146995427 1.7997256138382178 0.9184850058590817 40 37 21 41 
0.6693723635858291 1.0731698423672036 0.5841912964808783 -0.8495530860588515 0.881887358430154 1.7874804775431734 0.9877381343643337 42 57 38 39 
0.5500376854031844 1.0762493307138508 0.6899771441348541 -0.8496075413239323 0.9787134740543625 1.7541207378339294 0.964021312983605 23 43 42 39 
0.6329358871878101 1.1012100064238115 0.5585907180554424 -0.8516664977757262 0.9435191884173902 1.7370215507598816 1.028552272037339 59 58 40 41 
0.49262388222314657 1.1375966492664835 0.6508293288692543 -0.8523833195650778 1.0363858980857925 1.690435933118287 0.9994381888399286 44 59 41 25 
0.4563644434674808 1.1959324927298338 0.6257566048178068 -0.8556217497769428 1.0909486279254115 1.6104844711841162 1.0174826323346489 45 61 43 28 
0.46894886510919637 1.213240331654705 0.5890666691194146 -0.856553001812122 1.1389117184918633 1.5228596481500325 1.0185228805488529 46 63 44 27 
0.4729868748027901 1.2494385951503562 0.5607358830134328 -0.8578496112241981 1.1776076650384129 1.4333555968579208 1.0087191914843041 47 65 45 29 
0.5168918074782747 1.235920287325391 0.502360028322171 -0.8569966239846148 1.2079361226494645 1.3442785312093242 0.9922497133642765 30 48 66 46 
0.5704382829881596 1.2163370081073483 0.43724336835735617 -0.8554097468985672 1.2324171607341035 1.2561961749552557 0.9724183543557487 49 67 47 32 
0.6273672223287209 1.195345151801843 0.3725049077912078 -0.8541703214658269 1.2514298250185891 1.1671429835082283 0.9493517991243794 69 82 48 31 
0.760637454862868 1.1833957723335766 0.22532891745045155 -0.8532436187013384 1.3729259357940973 1.0343544487580354 0.7976546904580557 35 53 51 33 
0.7102282648331253 1.191237250422366 0.2793312333530835 -0.8541866930659988 1.3082387964613815 1.0137473780160517 0.859055999859851 34 50 70 68 
0.8062296334359451 1.1752633990820005 0.17592954042548997 -0.8515118673433242 1.420726591822318 0.9736648942364288 0.727263675309921 55 53 35 36 
0.7605573061261081 1.1667423199018063 0.21927029100385922 -0.8538215783464919 1.3621371846171013 0.9576033731214914 0.7848022133528105 71 70 50 52 
0.8419475223033344 1.1625174194862133 0.13170840578548668 -0.8501732997014229 1.4628759965829825 0.9262580569726493 0.6597191247448402 55 36 16 
0.7978784625621538 1.1516298920915249 0.17485314327525536 -0.8519513887871508 1.4069602950914577 0.9033808761651658 0.7135574167233154 72 71 52 54 
0.7866902303167841 1.1344658695324572 0.471679305635141 -0.8484267811449772 0.7819969906305002 1.7853436673417564 1.012896539488143 38 57 73 
0.7762289857666534 1.14301180534064 0.4609261379535303 -0.8496585161367173 0.8421628120578118 1.7498300136818195 1.0489996270680195 56 40 58 74 
0.7439633520700998 1.167690775595924 0.44127131649542845 -0.8517613824619805 0.9060226496215008 1.6997327235058002 1.0835171786401525 57 42 60 75 
0.5678524037453986 1.164259238337232 0.5315404388963163 -0.8538680180243903 1.0060327220513368 1.666313614234583 1.0614695703763386 61 60 42 43 
0.6838495155037253 1.2228719480321386 0.4209235705751827 -0.8529868698688776 0.9673619327204581 1.6311681677385188 1.1113718356968496 58 59 62 76 
0.516358314424439 1.2378077876451896 0.5194649460694568 -0.8549305599797901 1.061063747048452 1.577022033201569 1.0803873459086866 44 63 62 59 
0.6365081261927238 1.2916183747564762 0.411730644070089 -0.852315384008691 1.0161952166445536 1.5446261938484047 1.1288992407476268 61 64 77 60 
0.5162803426263665 1.2687497755831512 0.5037073760309162 -0.8554034743823178 1.1037543162911607 1.4795798277105108 1.0847018978357685 65 64 61 45 
0.6284670510873658 1.3235586290257435 0.4079201151598811 -0.8519452010667846 1.0483169601286826 1.4485166293785816 1.1357514138523501 79 78 62 63 
0.5229008415376684 1.3066455710443678 0.48729743448796586 -0.8553983363037475 1.133593789609827 1.38180964100336 1.0774403434919984 66 79 63 46 
0.5507882327170619 1.302457654242473 0.46055065184919236 -0.8542238745399481 1.1530256707064872 1.2862554023452102 1.0618180919226023 47 67 80 65 
0.5861708643678227 1.2778005836496293 0.42549082266602173 -0.8530385473385286 1.1646124284819808 1.1942443585917397 1.042282717380377 82 81 66 48 
0.6481739988301644 1.1961701971741152 0.3438104987623383 -0.8548207815221479 1.2337096850745077 0.9776115125719751 0.9224772640097183 84 101 69 51 
0.6366149569036728 1.2265452649081297 0.3652428219533362 -0.8549282395675806 1.2508172865910039 1.072353030123294 0.9336803283876788 34 68 83 49 
0.7087745120871816 1.1522815566497182 0.2660382187059666 -0.8550612697410797 1.2948776958284651 0.9302855701923163 0.8441296241832806 87 84 51 53 
0.7504312064311974 1.1345431288384216 0.2161616990543262 -0.8542270205939566 1.3488062247457844 0.8831161456876864 0.7686357523928268 55 85 87 53 
0.7859345451865513 1.086164500235479 0.15529384780747466 -0.8536034207399045 1.384562397836815 0.8332636667940077 0.706080602723843 85 55 
0.8434232688392179 1.21561235039636 0.39581268612600745 -0.8510133054278803 0.7447292153904219 1.727381302738514 1.066055279322656 74 89 56 
0.8478211299963269 1.2220871015136887 0.39121799200464163 -0.8514688756823067 0.806116102741451 1.690986257036312 1.0981818793459588 75 91 73 57 
0.8223258446614748 1.239753033387237 0.3792643256412841 -0.8529027532807221 0.8696921242914865 1.644598445507004 1.1261503817586522 93 74 58 76 
0.7664866902779028 1.2741106582525181 0.37068202379094223 -0.8533094978146198 0.9279471039479458 1.5891886643681676 1.1453327228717993 77 95 75 60 
0.7266375455615671 1.3234483738394822 0.3660241861935616 -0.852454539320882 0.9637378655616355 1.5212774092895658 1.1589447608587726 78 95 76 62 
0.7205599328663111 1.3455067191159364 0.36365840182331355 -0.8526257259772348 0.9776899456835333 1.4382664865292045 1.169005258315773 97 96 77 64 
0.6282922188918684 1.3460848982249132 0.4054024560195763 -0.8518910540423253 1.0666536858948126 1.3499466352925658 1.132620684304404 97 64 65 80 
0.6313918766726755 1.3416710953753894 0.4027027019751619 -0.8519491053981506 1.0745548399696332 1.2514207952411462 1.121071025338867 81 99 79 66 
0.6337863152564358 1.3060303568934841 0.39414889916364465 -0.8527952489428072 1.0751040675612287 1.1558459019966598 1.1043148449010705 100 115 80 67 
0.6135138454326297 1.2464012151204862 0.3937422109765208 -0.8537104223962341 1.167384344189243 1.1057297683613865 1.02327476067487 67 49 83 100 
0.6206584439074148 1.2325601332579113 0.38189411553109304 -0.8550986440096195 1.1608753641158445 1.0192380306995052 1.004786970405173 101 118 82 69 
0.6477847218947246 1.1300724207521766 0.31784721800618004 -0.8552925777606353 1.2213550776041715 0.8924377862882052 0.9023329799600133 68 70 103 102 
0.7321514680402622 1.0836337506222835 0.21091318946392706 -0.8547956319108847 1.329915167674172 0.8123152523151362 0.7558736179027902 72 88 86 71 
0.6900508735553691 1.065555078818583 0.24625171917054137 -0.8555109752574852 1.2778692035114845 0.7935446491477872 0.803137654737589 87 85 105 104 
0.701101560531061 1.1091961343496384 0.25547281059172583 -0.8553421466208004 1.2858338092638824 0.8566406710383917 0.8233920561576846 86 103 70 71 
0.7078270623908747 0.9996782335951653 0.19234127723114908 -0.8578497416208553 1.2993221734784204 0.7421702708194925 0.7551450246628344 105 85 
0.8244539867981877 1.236797257059633 0.3775820237747087 -0.8520011836309161 0.7139892294335386 1.6579064644131116 1.107771625025972 73 91 90 
0.8320727843036351 1.2894264017129868 0.3527753942389341 -0.8529290837740339 0.6872237059138029 1.5836068171080964 1.1381349167261865 89 92 108 
0.8582356260209537 1.261752520833048 0.3693651355893318 -0.8517404307118265 0.775600945888216 1.6193240119599814 1.1356726969920714 89 74 93 92 
0.8610007343366982 1.297748490491011 0.35470095234359733 -0.8528069352595865 0.7507221403481464 1.5418601132843022 1.1621030200299725 91 94 109 90 
0.8518610445169382 1.287210580066054 0.35790776968760707 -0.8522482197174609 0.8411647262568104 1.5747055535382248 1.1579404004677247 95 94 91 75 
0.8529678269440346 1.3168728356295925 0.3487513232092893 -0.852886016696558 0.8219572354755137 1.4952610843175338 1.179890481491412 96 112 92 93 
0.8095626390109669 1.3162903598392044 0.3515501073314571 -0.8517581616018005 0.9056356637342711 1.5322403903970154 1.1682027876295 77 96 93 76 
0.8025782775679611 1.3391830794988413 0.347039887944174 -0.8524955050893792 0.8995260721528903 1.455742497268518 1.1837588467255853 95 78 98 94 
0.7131711590943006 1.3559828903060305 0.36518375040888434 -0.8528873790846235 0.9832674746000547 1.345112509553379 1.1712528047710378 79 99 98 78 
0.7869542965126126 1.3413631034150841 0.34830453136004774 -0.8530904824283243 0.8937140807661492 1.3676775870668338 1.1915966525574784 114 112 96 97 
0.699567026590032 1.3387748562885449 0.3684904396352615 -0.8531206648390711 0.9812719708057367 1.246836782764051 1.1652009433707942 115 114 97 80 
0.6315659923660087 1.2543787972008773 0.3819586978795268 -0.853767870209578 1.0707143134684136 1.0649460349182853 1.0852157450003648 81 82 118 117 
0.6214122333360118 1.1758991579412021 0.3609260652754416 -0.854986911618155 1.1501045044977578 0.933105204561453 0.9832029225328225 102 119 83 68 
0.6155588245403019 1.1052322225356674 0.33678083273107856 -0.8555574719177461 1.1437944460718321 0.8494094359569249 0.9555731272275241 120 134 101 84 
0.6457872934261486 1.074935691388686 0.29568357702678894 -0.8557081821004353 1.2182604992208907 0.8189701835457611 0.8747892680390542 87 104 120 84 
0.6490323810860713 1.033400347343002 0.2723768031910423 -0.8562269724718421 1.2251341826181894 0.7611709419985362 0.842135389069248 86 105 121 103 
0.6647301644221817 1.0166242039414388 0.24747138576677452 -0.8566101147729018 1.252050350852313 0.7361275523273999 0.8022915645256748 122 104 86 88 
0.7192069120763841 1.2431765317657133 0.34713505783480525 -0.8562598862749637 0.5977702649825679 1.5473729004988979 1.1367529869962727 108 107 
0.7081376944316796 1.257730027642648 0.3406678075668106 -0.8555698459456758 0.5751286371909404 1.4925050107608118 1.1511111014907545 124 106 110 
0.781386786601727 1.2665704850806925 0.35181789752622333 -0.8531646922374392 0.6607388913046566 1.5096333526792027 1.1587066181350145 90 109 110 106 
0.8243929889810089 1.289097319287808 0.35238223326003465 -0.8526793485181907 0.7294093118240454 1.4613800683949698 1.179685286580724 92 112 111 108 
0.7516300174677903 1.2677965355925218 0.3464056468705698 -0.8539165264981746 0.6376462941450265 1.4399363744104776 1.1729647673960222 111 126 107 108 
0.791782297856678 1.2829201238885029 0.34948618557300215 -0.853180135526908 0.70982494501813 1.3795803234959416 1.1906093520628485 110 109 113 128 
0.8303047255714217 1.3164222515664092 0.3479238825619852 -0.8531826423573176 0.8072590458620782 1.4101206171876104 1.193057560175074 98 113 109 94 
0.8006582251222331 1.2999221445145424 0.34847021099336184 -0.8534715877942652 0.792671206147977 1.3198791723970418 1.198768757040892 111 112 114 130 
0.7608944031173563 1.3196278507458437 0.35156234295410393 -0.8532924153968633 0.8845806093530855 1.2721949860655464 1.1914170551087815 116 113 98 99 
0.6808898447197497 1.2979120119361967 0.36876063805722403 -0.853291986598598 0.973837986760498 1.1475437646778002 1.1523350756536164 81 117 116 99 
0.730282263727621 1.2825446608799989 0.35312227713983413 -0.8531222953121407 0.871079649375547 1.171204466530709 1.1836271849467914 131 130 114 115 
0.663405758467446 1.2421834048270517 0.36260893746059286 -0.8536544629112226 0.965754750536424 1.0502573341142238 1.1337713868544976 100 133 131 115 
0.6237270924037448 1.2128418030721198 0.3735911589521325 -0.8543397503820636 1.0643104760840072 0.977911996061015 1.0629299007110948 119 133 100 83 
0.6170901514597775 1.1522742931372365 0.35586871964301053 -0.8544628033341322 1.0601487497753999 0.8917879687147052 1.0347206966323677 134 132 118 101 
0.6142627076586412 1.0462950244621978 0.3115174925519436 -0.8562246153663756 1.1481256775647954 0.7735978335174701 0.9196480588818019 102 103 121 135 
0.6194525701993793 0.9996989675612762 0.28343291206113325 -0.8572541837864994 1.1659901378249211 0.7121780814755888 0.8750982713511074 122 150 120 104 
0.6351655906150285 0.9599491917906328 0.24628021001383707 -0.8589047360678124 1.1990950005711067 0.673010672461491 0.8238915124550695 136 121 105 
0.5783446974279969 1.2571447703795324 0.3145076927267428 -0.8618016140897524 0.45760694627093135 1.4344920548723215 1.1479067377399415 125 137 
0.6804574173698142 1.2524716387992976 0.33681393698110607 -0.8561783300421609 0.5506316806307217 1.4380991586340013 1.1608000184478087 107 126 125 
0.645403345873248 1.2447429748982235 0.33190653158408806 -0.8571034334528482 0.5177718015557156 1.3844461189714303 1.16614128669305 127 139 123 124 
0.7201920273454705 1.2576709597638671 0.34356128184416707 -0.8542115138355804 0.6137935797546307 1.3745803033327928 1.1807992839505903 128 127 124 110 
0.6863407810885214 1.2416624297259835 0.3406315120263657 -0.8546583372362401 0.5839651951020891 1.3146504582052003 1.1836101565746977 126 129 141 125 
0.7583137998292351 1.264187009622769 0.34807998136600293 -0.8531696139854004 0.6885662304578383 1.2990727880352344 1.1947533511594113 130 129 126 111 
0.718197337343606 1.23426934267158 0.3453448360546192 -0.8534456767592373 0.6605603756707179 1.2259245988153427 1.1935782949802338 127 128 144 143 
0.7693026075432634 1.2706571625183372 0.3485340807061644 -0.853204292269837 0.7748322696226531 1.2251765535318055 1.1971369947791364 116 144 128 113 
0.6994351803232592 1.2299201022107644 0.34958765626714555 -0.8532973370591868 0.8546657106108843 1.0635817368401939 1.1677604021580432 116 117 146 144 
0.6444421046373945 1.14254425825759 0.33731831369378007 -0.8546099573368392 0.9677344213469778 0.8597919719710625 1.072625450192513 119 148 147 133 
0.6505249953264852 1.1936953939629338 0.3534991549747218 -0.8540122256865181 0.9628491171106452 0.9546564617961404 1.107820818956655 146 117 118 132 
0.6158547548298833 1.0887034892477847 0.32995844135934815 -0.855390784802003 1.0626462761506832 0.8067225963153553 0.9992193719879718 135 148 119 102 
0.619704412792419 1.0384878245120286 0.30333474301062663 -0.8565136279990324 1.074416029795075 0.727455689147407 0.95591665881918 134 120 150 149 
0.6384979334553271 0.9658956206520136 0.24683617827995508 -0.8587302242324608 1.1224102253397552 0.6025145134768439 0.8518337965338082 122 163 150 
0.5628061965052337 1.2634740580844543 0.3099213753519303 -0.8628449192248384 0.4243477441563735 1.3941225323631818 1.1502464732035838 123 139 138 
0.5486132281966323 1.2761255250701555 0.3047386421332195 -0.8640766706651234 0.38636470092546926 1.3525229531430571 1.1485089083145785 140 151 137 
0.6211207536792411 1.2489245678764942 0.32636883322948645 -0.8582290188945856 0.4819413325851353 1.335500961019322 1.1670434150388196 125 141 140 137 
0.6004555966536922 1.2610507134709645 0.32091588967020196 -0.8590334800860402 0.44081404553592585 1.2895873526021795 1.1626642775998692 142 152 138 139 
0.6727362482343384 1.2413739650834537 0.33845386198878163 -0.8550158695463458 0.5470003525046707 1.2604341330650073 1.1815137141170324 127 143 142 139 
0.6605720514442074 1.2486840689230427 0.3360988195690973 -0.8554418197605052 0.5015004421956751 1.2122720426687685 1.1734250079735564 154 153 140 141 
0.7073982062347679 1.22833792532635 0.34402187466699347 -0.8536993333643407 0.6197885053379818 1.1659891677639709 1.1876899619683188 145 154 141 129 
0.7298864491606769 1.2229997755461113 0.3451997427327601 -0.8532902212887464 0.7498050405229114 1.12743971273138 1.1883257570240688 131 145 129 130 
0.7203388512679544 1.2111988570692058 0.34325310903708933 -0.8532458870056803 0.6979386701097225 1.0553108964542923 1.177560586261671 143 144 157 156 
0.6870167783002038 1.190473165667596 0.3414269942910258 -0.8537162863276669 0.8562147916878822 0.9484279901967738 1.1378980231823883 147 157 131 133 
0.6857818454743979 1.1458600028031236 0.3247304676078277 -0.8546249446100852 0.8764210308955758 0.8364268215407487 1.0945928583516176 146 132 160 159 
0.646346870417015 1.0888301617542486 0.31286231052034835 -0.8556005768825804 0.9793670408358731 0.7686562097370885 1.0297356996986005 134 149 160 132 
0.6493403555029943 1.042574472036026 0.28794838412718343 -0.8565163856579819 0.995823250322057 0.684797622086095 0.9815818668418215 162 161 148 135 
0.6263375790697555 0.9999483565597127 0.27751575543734497 -0.8575134401323291 1.095430040381519 0.6588433227902709 0.9057450570420122 136 162 135 121 
0.5539445968843456 1.314304113770867 0.30348777804928634 -0.8651326479506765 0.3428355150111431 1.310784203181636 1.141079426379984 138 152 164 
0.6017944850699092 1.2950149059772633 0.3205862224885182 -0.859793638352611 0.3931483500222845 1.2469668464305335 1.1514770617144952 153 166 151 140 
0.6590370849117884 1.2724968606128582 0.3367556117897494 -0.8563474018064983 0.4474822600360806 1.1707641103662527 1.157986642550717 168 152 142 155 
0.7028050077802708 1.2324362038832064 0.34364246719830593 -0.8540220471093325 0.5650174070647742 1.1192557136540375 1.1758767828623404 155 142 143 156 
0.7058626802880654 1.24901994883631 0.34622152284005797 -0.8548929580784187 0.5014031310650601 1.0822659197898121 1.1566642021767817 170 169 153 154 
0.7249771935207109 1.2134726949050163 0.34381365279225606 -0.8535084113779052 0.6237243417684497 1.0155232568635162 1.1645343647707302 170 154 145 158 
0.7196078608257107 1.1952906413071585 0.3387940293113747 -0.8537901049234468 0.7566339827404931 0.9342516458602143 1.1465774203610088 146 159 158 145 
0.7325181851096785 1.193674698275427 0.3378657225293312 -0.8542668439032758 0.6702802709334432 0.9069778107377242 1.1366301087740482 172 171 156 157 
0.721765446816596 1.1511133622111107 0.32057408083331057 -0.8550706538272599 0.788955222481888 0.8167622195909637 1.101014567680463 173 172 157 147 
0.6921792690637947 1.0967974389517579 0.3000233152658465 -0.8556541764068389 0.8959959646540132 0.7372792966623407 1.0460365436826802 148 161 173 147 
0.6970625863394799 1.0490402341551446 0.27313300432130244 -0.8561633681429286 0.9136781024170663 0.6492473235335281 0.9955052530739791 175 174 160 149 
0.648775047149062 1.0051154153192223 0.26635586955097273 -0.8573208631706147 1.0143814558586641 0.609728726823379 0.9301078320248426 163 175 149 150 
0.6477791831305053 0.9706546450376379 0.24334339663727686 -0.8585753633272615 1.0310104333193406 0.5423985227975033 0.8775764744362434 176 162 136 
0.5759831844354225 1.365092404982733 0.3110508877071729 -0.8672266125172589 0.29659154892504114 1.2704291991104175 1.1250346449137458 151 166 165 
0.6367957060772068 1.4475357594243563 0.3500983793956343 -0.8706974800386648 0.2541551155542984 1.2327835874787658 1.100888628237059 177 164 167 
0.6187611082897123 1.3387471773667414 0.3283077515195581 -0.8614976074289136 0.34165376383719626 1.2079531189549755 1.1316637243663537 168 167 164 152 
0.6817923399596075 1.4083108948357417 0.3689402157099174 -0.8643410622381097 0.29237001709864685 1.1730021446233059 1.1021281627300055 179 178 165 166 
0.6710893948824073 1.3086642948982339 0.3447628176613452 -0.8578487975960752 0.38889128577212695 1.1350377589989584 1.1338388858199981 169 179 166 153 
0.7209091982644152 1.2769347617464721 0.35593812762574917 -0.8564494221445037 0.4345726276692371 1.0524052377454791 1.1286792798167138 155 181 180 168 
0.7388764155490699 1.2239726863415923 0.3479896749987533 -0.8547054737807435 0.5492867675962001 0.9856869874160166 1.1436375223326234 171 181 155 156 
0.7519612434874064 1.1969507979285523 0.3404033106199748 -0.8555964667569749 0.5886010923809291 0.8854875992254314 1.117167317248938 183 182 170 158 
0.7407887012331751 1.1505483114721626 0.3190278268976601 -0.8559413963145096 0.7037382304711457 0.7984282838471262 1.0947351762046411 158 159 184 183 
0.7243407478950532 1.0981512583484294 0.29413714608351704 -0.8560896487187692 0.8126454804684597 0.7132373052282721 1.0504223122628762 184 159 160 174 
0.7225928475354806 1.0437248439616238 0.2644219889112322 -0.8563241935294268 0.8294674539398736 0.6222130461261937 0.9990890046630476 161 186 185 173 
0.6971322142296068 1.011030447926322 0.2503389323779114 -0.8562147035654869 0.9273282164795336 0.5704185213478634 0.9443075224076818 176 186 161 162 
0.6976441279272388 0.9827906543271805 0.23063976284278356 -0.8563551148104809 0.9356642024668993 0.499630583645565 0.8929748453851281 187 175 163 
0.6953545719861471 1.5019724032690962 0.40435601218407075 -0.8717125233766202 0.2242483200446297 1.2008405268288551 1.0719046066071787 165 178 
0.7460447973529059 1.4679168677519137 0.42869448956740713 -0.8694847408617619 0.25126869523079076 1.142334236595996 1.0635605457861994 167 189 188 177 
0.7297059413046352 1.36855616228538 0.38407099638791076 -0.8616364299682938 0.33137634549600886 1.10462455539074 1.0989057025342313 180 189 167 168 
0.7740131040819461 1.320348019125378 0.3902413004908372 -0.8612965834172733 0.36896954792337694 1.028693626779702 1.089611626679809 179 169 191 190 
0.7595138636811747 1.239592665094516 0.35729149279568095 -0.8567255336995645 0.47509520620100343 0.9633623424226498 1.1139201092830038 191 169 170 182 
0.7757568813687657 1.1980116812127102 0.34520104131936297 -0.8576861741351969 0.5085558469496099 0.8709639439728931 1.0886580004603503 193 192 181 171 
0.7568334965702 1.1455996937199049 0.31712957955639 -0.8572164393759748 0.6184867864955357 0.7841370258436924 1.0786115854472702 171 172 194 193 
0.7416856966980538 1.0909850374895929 0.2887920230776757 -0.8568703821787023 0.7270060984272348 0.6954930805542452 1.0453767669577765 173 185 194 172 
0.7325039778024415 1.028046574416028 0.2542145322640149 -0.8566575502204089 0.7418516341716779 0.602200035220305 0.9942795517678761 184 174 197 196 
0.7153940946598483 1.0022611353297253 0.24016275042002885 -0.8562789633407349 0.8378831494617643 0.5411527187848463 0.948191642274433 187 197 174 175 
0.7074086094385629 0.9772439372109936 0.22409267715376552 -0.856211021164479 0.8361892429159339 0.4678030903971824 0.8966456994178295 198 186 176 
0.7805785181459166 1.4793252324374673 0.4623148644279076 -0.8722052888523515 0.21868615160221397 1.1145532107988314 1.0192488649004092 178 199 
0.7833905021392783 1.4165058666814014 0.43315769112942226 -0.8683417906177069 0.2802048206627164 1.0790780679144198 1.0530555313762178 179 190 199 178 
0.8196348312440928 1.3449771374905528 0.42461937601039634 -0.8681033115626824 0.3092271122737559 1.0102003457591349 1.039326800905437 201 200 189 180 
0.8051395964159749 1.2629976766020448 0.3822388268239339 -0.8619765438484398 0.4026109251176331 0.9474920527763203 1.0732577038238387 192 201 180 181 
0.8171368571740661 1.192386441822313 0.3556519958326144 -0.8625493737416567 0.43020032564312793 0.8630608543294314 1.0496631659070415 203 202 191 182 
0.7726881771715214 1.1313119293765737 0.3125058157324937 -0.8587239348505734 0.5334060782871977 0.7765525725409765 1.053801263386156 195 203 182 183 
0.7477466035841912 1.0748554662116772 0.28002350427685263 -0.8576574484178445 0.6380474613812931 0.6838639790172963 1.0319625750292374 196 195 183 184 
0.7507041303135623 1.0491687785844768 0.26660040490922293 -0.8584829746136243 0.5479116948246656 0.6804704681892273 1.011505665948248 205 204 193 194 
0.725983059872283 1.0028373376846196 0.23948223623929166 -0.8566417418224457 0.6482141047700911 0.5881414574212764 0.9814650179886308 206 205 194 185 
0.7169882609695174 0.9828753561429638 0.22704388708458137 -0.8566134340591385 0.7474098757895048 0.5196015455094269 0.9439370468504631 186 198 206 185 
0.7025376367336054 0.9679753777518858 0.2175716744408148 -0.8563820980515308 0.7380917553123866 0.444876871525351 0.8913237603645827 207 197 187 
0.812263499839384 1.4296461565777434 0.4622797942083096 -0.8720784461204889 0.23865421353183244 1.0567865898717603 1.0009005035598857 200 188 189 
0.8651404548283209 1.3456821560464907 0.45799771048373045 -0.8757101493095666 0.2598398954024036 0.9946878689870313 0.9821432367928762 208 217 199 190 
0.8445307986474767 1.2675895324834823 0.40333655791318695 -0.8684437380823085 0.33559425861953396 0.937062034953288 1.0217853860256672 202 208 190 191 
0.8562459488578383 1.169909658943035 0.36258604123026184 -0.8690486976322481 0.3568008251988589 0.8607079854489039 1.0001550340609706 210 209 201 192 
0.8058318479099064 1.1053452272802906 0.3095217099316772 -0.8623025455931962 0.44983331071202515 0.7757608217088873 1.019304285274677 204 210 192 193 
0.775759169305844 1.0127241991130513 0.2550252768323594 -0.8611375000236609 0.4600265052064585 0.6852154421045777 0.9829965144610486 203 195 212 211 
0.7144952020392559 0.9730353669535132 0.2210037079366824 -0.8568287348277842 0.5516791819350886 0.5833785074053175 0.9628660157242719 196 213 212 195 
0.7027219808149283 0.9504064849230732 0.20606727529506622 -0.8568220201651612 0.6509701243227538 0.5019696215996607 0.9309277478353715 207 213 196 197 
0.6764919955692762 0.9589193241106481 0.21089336596343816 -0.8565293116466828 0.645789802574271 0.4286252348152616 0.8798627329783052 215 214 206 198 
0.8938508343601834 1.2513635291207637 0.42876476677449354 -0.8774514697498222 0.2788384268272844 0.9309798542340784 0.9637895044101829 200 201 209 218 
0.9068672446328389 1.1341418789626108 0.3779174822457011 -0.8791118151312366 0.29333264516400104 0.8625442465022559 0.943157303015657 224 208 202 219 
0.8444974742572824 1.0693247383934938 0.30898534141751405 -0.8683938127314044 0.37120043673970676 0.7807789675285506 0.9744870639220299 203 211 219 202 
0.8163216631404916 0.9713304751250903 0.2520370521562998 -0.8667693353670086 0.37835803945914115 0.6972299778637476 0.9450471475423208 221 220 210 204 
0.7302662977899009 0.9403986277487939 0.20727356275375985 -0.8584406529747893 0.46026366279186237 0.5920495662986696 0.9406334405051856 222 221 204 205 
0.676750155228601 0.9098019970945201 0.17760487689812324 -0.8574709562063667 0.5467465941399321 0.487175072657218 0.9079887352987952 214 222 205 206 
0.6450199109751759 0.947045457552367 0.19835753516586122 -0.8573079955370554 0.5577329801151492 0.4083590852750608 0.8563138640445898 213 207 215 223 
0.6505195645854702 0.9413142826888384 0.19428526229811016 -0.8570499946375366 0.6094116599275352 0.3688889302760202 0.8276376380289825 214 207 216 
0.577355411477049 0.8934727175930863 0.14351365641213407 -0.8594777616125691 0.534980057501875 0.32026107759649614 0.7790646214944141 232 223 215 
0.8776914952620558 1.3318375954482646 0.46167053082286563 -0.8770666121497006 0.22184935690196042 0.9806614248861621 0.9242132085671332 218 200 
0.9087886067558621 1.2299715269259968 0.43081305936249265 -0.8796577585569686 0.23389115667194577 0.9290109474163541 0.9058731021526525 217 208 224 
0.8989805807341361 1.026852861892093 0.3236296987372084 -0.8785825683518901 0.3026786287912733 0.7899308973902277 0.9210293209420375 225 209 210 220 
0.8742921695392013 0.927722249105678 0.2683467776833575 -0.8756503480923361 0.3083372847736462 0.7159516292411583 0.8995482636346908 226 233 219 211 
0.7771302945910735 0.8929572973037765 0.20201356283219604 -0.863666090136077 0.37904396769377313 0.613259067403044 0.9128944912650082 227 226 211 212 
0.6738392945870151 0.8874657356006376 0.16370488451968115 -0.8573869602409947 0.45104093767207354 0.4978522279234534 0.8906813446649149 229 227 212 213 
0.5466730881375798 0.9018123996152925 0.14541905989231207 -0.8614541983636602 0.4821585171403085 0.3681475377747552 0.8155234279292253 216 231 229 214 
0.9262914629586951 1.106828280767499 0.3820651281450369 -0.8831282490730487 0.24219787962802003 0.8673557775753278 0.8839165903170054 209 225 218 
0.9340690485506573 0.9929363726692828 0.3400375594669514 -0.8856562999971576 0.24719999901091783 0.800266139393144 0.8623182874476795 233 224 219 
0.8326283819784494 0.8474454562613155 0.215857850971035 -0.8695374978385162 0.31156418993425933 0.6421638097027547 0.8788180765221545 221 234 220 
0.7312451303750341 0.8383293706214423 0.1592816534969192 -0.8608630369400179 0.374786870599115 0.535321134334684 0.879635209466914 221 222 228 234 
0.6626529094827299 0.7947599298308115 0.11265974862085627 -0.8585149404223165 0.3659402958649886 0.46673906590680947 0.8466492224078043 227 229 
0.6095197564468702 0.8411943647669387 0.11773252097324804 -0.8594018015214908 0.4238554577332254 0.4182059309852782 0.8398400497760684 223 230 228 222 
0.5531497860389908 0.8278713378725857 0.09394263924197158 -0.8606199900203626 0.38587923943273 0.3588451280452669 0.7941354076846505 229 231 
0.4891116466926211 0.8830141641728309 0.11761552041002529 -0.8662473826120123 0.42141542941445514 0.31790831727414354 0.7684418642921496 232 235 230 223 
0.5023693441158655 0.8810179851497797 0.11858916036784244 -0.8649331338696822 0.45629868545527985 0.2795934649672733 0.7360911327990405 216 236 231 
0.9263362377802435 0.8989950185408684 0.30139791627492185 -0.8842298223248511 0.2535464100252529 0.7396706814291063 0.8506323968809311 225 220 
0.792299090331223 0.798974471074966 0.17772323991128877 -0.8638331982903044 0.3145854953989703 0.5777448897450438 0.8610116526126641 227 226 
0.430514938334379 0.8712900161043258 0.09271699734266507 -0.8722443185433956 0.36938837479160236 0.27520527420453406 0.7250993604870812 231 236 
0.43444601924720244 0.8721857027857532 0.09439016969311143 -0.8718725306280751 0.3954226639659453 0.2493469800823162 0.7020324357275366 235 232 
