4 10 11 12 13 14 15 17 18 19 20 21 22 24 26 28 29 30 35 36 37 38 39 40 41 42 43 44 45 46 47 48 49 50 51 52 53 54 55 56 57 58 59 60 61 62 63 64 65 66 67 68 69 70 71 72 75 77 79 80 81 82 83 84 85 86 87 88 89 90 91 92 93 94 95 96 97 98 99 100 101 102 103 104 105 106 107 108 109 110 111 113 115 117 118 119 120 121 122 123 124 125 126 127 128 129 130 131 132 133 134 135 136 137 138 139 140 141 142 143 144 145 146 147 148 149 150 151 152 153 154 155 156 158 159 163 164 165 166 167 168 169 170 171 172 173 174 175 176 177 178 179 180 181 182 183 184 185 186 187 188 189 190 191 192 193 194 195 196 197 198 199 200 201 202 203 204 207 210 211 212 213 214 215 216 217 218 219 220 221 222 223 224 225 226 227 228 229 230 231 232 233 234 235 236 237 238 239 240 241 242 243 244 245 246 247 248 249 250 251 252 254 257 258 259 260 261 262 263 264 265 266 267 268 269 270 271 272 273 274 275 276 277 278 279 280 281 282 283 284 285 286 287 288 289 290 291 292 293 294 295 298 300 301 302 303 304 305 306 307 308 309 310 311 312 313 314 315 316 317 318 319 320 321 322 323 324 325 326 327 328 329 330 331 332 334 335 337 338 341 342 343 344 345 346 347 348 349 350 351 352 353 354 355 356 357 358 359 360 361 362 363 364 365 366 367 368 369 370 371 372 375 376 379 380 381 382 383 384 385 386 387 388 389 390 391 392 393 394 395 396 397 398 399 400 401 402 403 404 405 406 407 408 409 410 411 412 413 414 415 416 419 421 422 423 424 425 426 427 428 429 430 431 432 433 434 435 436 437 438 439 440 441 442 443 444 445 446 447 448 449 450 451 452 453 454 455 457 459 460 464 465 466 467 468 469 470 471 472 473 474 475 476 477 478 479 480 481 482 483 484 485 486 487 488 489 490 491 492 493 494 495 496 497 501 503 504 505 506 507 508 509 510 511 512 513 514 515 516 517 518 524 525 526 527 528 529 530 531 532 533 534 535 536 537 541 542 543 544 545 546 547 548 549 550 555 557 559 560 561 562 563 564 565 566 570 572 573 
1.0088154831243012 -1.6017317705823713 -0.13859212040803698 3.111216170689837 -0.04613542535138373 1.1217420460811365 0.9270157634390137 2 4 1 
0.8251348473096286 -1.6649586706805903 -0.0850547746543678 3.0882575688835443 -0.14827494656645815 1.0555573425822538 0.9984430470652934 10 9 0 
1.0277565336039414 -1.604280994661412 -0.1113449737166996 3.110894686149262 0.03511242530530885 1.1755348194676551 0.8655401964694089 3 0 
1.0701790378259775 -1.6331022990990116 0.07304445922960397 3.1035921980786716 -0.02469469162056156 1.2065183698342472 0.6638894762062041 17 4 2 
1.0237817644152412 -1.6405644290585004 0.03329222885252521 3.1014931419628313 -0.14068046511364282 1.1428929298221242 0.7377381968110103 15 10 0 3 
1.3213178995717914 -1.5291655762788021 0.6276983006192182 3.0865342849774517 0.49923132572250883 1.4153180019328917 0.2315028104936341 23 22 6 
1.2862577775909194 -1.5522227664896722 0.4820922920193623 3.0827287517761945 0.2692393232946231 1.3457902084361502 0.2615186981973713 5 21 16 
1.0945445613742104 -1.4825037666106529 0.8372215985096099 3.0766753911614897 1.3189197856029675 1.576258004685938 1.0449165068554123 31 27 
0.2581638809355007 -1.8726096165642045 0.2018252976962978 3.0323159408313383 -0.32373976068518384 0.9394785589384842 1.170970873120127 12 9 
0.5464137805454321 -1.7667024745526303 0.035370155346062845 3.0567008803107916 -0.24688266673023956 0.9905604144051919 1.08355992464974 1 11 8 
0.836599541558034 -1.6956821988694584 0.0499097665538015 3.0785373290232814 -0.25356413238520464 1.0742427236922212 0.8230477731760883 4 13 11 1 
0.5692212095803473 -1.7839835196561284 0.1340870179371935 3.048869456660394 -0.3562134359278643 1.0076138301716124 0.9270698018212222 14 12 9 10 
0.3066083479087628 -1.8760832816072617 0.2759492440946745 3.024633525818837 -0.4435510582527944 0.9473732463909101 1.0492998809959753 37 34 8 11 
0.8202008704482668 -1.7218305163541932 0.2156639214914361 3.0641745570622785 -0.363477773650629 1.0718459276066956 0.6149938997111536 10 15 42 14 
0.5829566980478159 -1.798859667842566 0.2550864672634963 3.041315782714092 -0.4799818561421626 1.0044797254013438 0.7427450985680408 13 43 37 11 
1.0054810628227426 -1.6614658746531559 0.23993619582927897 3.0801492833689297 -0.23290865503855174 1.1412605797457087 0.5105629634792418 17 19 13 4 
1.1669846574437117 -1.5944601751797298 0.37772771665929455 3.0763159704095617 0.07766351652297707 1.2780257668514914 0.3321904530420352 6 20 17 
1.100457308663798 -1.6269007982221688 0.3050788148413493 3.082283830153814 -0.08664278995063157 1.2107409245190417 0.4193682412735853 18 15 3 16 
0.9542693197042964 -1.6733514198133739 0.24442417113690992 3.0712279805492106 -0.14834743658264832 1.1868360553157435 0.16382778051248076 17 20 46 19 
0.8356649336074383 -1.7149108151392094 0.1972000710351756 3.065393740887501 -0.3230171553058266 1.1170675931101846 0.2588955893014933 18 47 42 15 
1.042331247545811 -1.6377641987904532 0.3110102535589223 3.0716584639176547 0.04405062333324371 1.2546042490974125 0.09750334886713502 21 48 18 16 
1.1628005940836905 -1.593975750952358 0.3939248185296332 3.0755302244473754 0.2520536826236012 1.3203198583623896 0.06032061646003984 6 22 50 20 
1.2371780040242968 -1.5612112949685732 0.4995025726472557 3.078297925897926 0.4808144380593924 1.3842941306800003 0.05014673021680777 49 21 5 24 
1.2963182733309973 -1.5199117469563137 0.760577251729667 3.0920137550060427 0.7759442289622484 1.4804079749296906 0.25626069332076723 25 24 5 
1.2727599082911811 -1.5416981858247933 0.5827934948237666 3.0801947718672866 0.7389837612251786 1.441720045198887 0.06257075322660052 22 23 26 53 
1.2460311089960812 -1.5155117825052036 0.826950139844482 3.093088556668242 1.0723112803950094 1.527922783915863 0.34752145160271325 28 26 23 
1.2811965549914242 -1.5355773059402196 0.6100112561718473 3.079877532314299 1.0252204410724863 1.4808651875054382 0.08262075321844817 56 24 25 58 
1.0370340570903445 -1.4810648609345225 0.9596307202608513 3.077647890097858 1.3165668576895184 1.5745868107928516 0.8158842110455709 7 29 28 
1.1701157620654368 -1.5019021625710347 0.8247585502912045 3.0796046357159135 1.3448295354425643 1.5503569634633672 0.5350094866987526 30 63 25 27 
1.2322501055522592 -1.5113113161664036 0.9711111652731209 3.0901253893444376 1.522684859395799 1.5604406070779377 0.9722457913659183 27 31 70 30 
1.3159080769403375 -1.5222498495321575 0.8740274104882941 3.0920423643391994 1.5884146990267556 1.5496155989526508 0.7649346156726105 67 65 28 29 
1.3013640721325728 -1.5132036164008447 0.8740576995968874 3.0915255249039926 1.4814364884055409 1.5567583078003422 1.158167426643 73 29 7 
-0.03390411426302324 -2.017325330224499 0.654115040478701 2.9931899031544558 -0.5741460889746531 0.8434205432765673 1.3394515976333925 34 35 33 
-0.12336644363878299 -2.066672799929339 0.8473566667376395 2.9819035683598556 -0.6245127873970547 0.8024128430858573 1.4784060322372756 36 32 
0.11172152771697115 -1.953524695071574 0.45718644606055986 3.0076309277095965 -0.5167530524274603 0.8926028848197338 1.1889240763296718 12 38 32 
0.021728491662995158 -2.006219434633987 0.6850846087047493 2.987997117019413 -0.7267918772410836 0.8270594329636574 1.2521241364555573 32 38 40 36 
-0.06164435578962106 -2.0513255573414555 0.8703020477020049 2.975083746433152 -0.7732598716417585 0.7793568523686241 1.4326760973350763 33 35 79 76 
0.35085115269975 -1.8751288589724664 0.3599304870905439 3.0175988465700847 -0.581259469801768 0.940342268009354 0.8962516435778765 14 41 38 12 
0.16199276584941497 -1.946441800340436 0.5077462054402669 3.0020403895435863 -0.6640834954485537 0.8808108592989261 1.0694170211770775 39 35 34 37 
0.11667206258765019 -1.9616914734435607 0.5038598398938351 3.003732415669 -0.8317256898051241 0.8512050153038405 0.930897637079966 41 84 40 38 
0.005579332253508055 -2.01141717168315 0.6801291694340649 2.9893405631926044 -0.8977709198850033 0.7939568574671629 1.1538301387598724 39 82 79 35 
0.27118509465787166 -1.90125385995615 0.3553159178739039 3.017234327279827 -0.7376012845948487 0.9134581578978058 0.72105846392647 43 83 39 37 
0.6590851347421011 -1.7719606248284652 0.19391489981905669 3.0513830808303983 -0.4793005211799657 1.0475428513138685 0.38186729915183315 19 44 43 13 
0.4604797487669338 -1.8366247381113676 0.24682802862934844 3.0343787895319045 -0.6183503913667067 0.9794028690858749 0.5358108261649839 42 45 41 14 
0.5233142197405067 -1.8232720431877465 0.13726027078544412 3.050367371049703 -0.6076872156505411 1.003407959264278 0.14115286901741367 47 88 45 42 
0.3537685291828677 -1.8774130541262968 0.21136302674578733 3.0359463134476035 -0.7738562658369348 0.9327330349217464 0.3226696885356207 43 44 89 83 
0.8228869948539838 -1.7276819464681838 0.13547952905470267 3.070699492933005 -0.2141106425786008 1.1474086156186178 -0.09752823209623936 48 93 47 18 
0.6890607191418713 -1.7709966229371732 0.11350488947859994 3.0625618995538275 -0.42004319329126966 1.0753908564486232 0.000687068655742671 44 19 46 90 
0.9344358774166888 -1.689765256018067 0.18335297127698336 3.0755838444140853 0.00634611715223839 1.2175367336914693 -0.1534631673173634 50 52 46 20 
1.1659619252435136 -1.6058909475537153 0.3269732438427986 3.078269921734973 0.46965961082102337 1.346169090730685 -0.16942576011133054 22 53 55 50 
1.0637299800837212 -1.6451021634799337 0.24747012421932105 3.0783741977322467 0.23520813452275866 1.284466301972198 -0.17324508163607763 51 48 21 49 
0.9951270253485883 -1.691996169341877 0.09016034784919065 3.0812668834141275 0.21900290205560224 1.2371149471787346 -0.4346050504026071 52 50 55 95 
0.859016927279768 -1.73437316047909 0.05668422086116687 3.0788145818989254 -0.036250297282199334 1.166426461928859 -0.417905684518171 93 48 51 91 
1.2354453084735642 -1.577723970704959 0.3921367241927495 3.075931058267866 0.7103779629021806 1.397455533406126 -0.1591788193646113 56 54 49 24 
1.190767586238036 -1.6248359945590318 0.19772450409132536 3.0778233957558547 0.7009374752085223 1.3489248373254699 -0.40261806156066066 96 55 53 57 
1.1099649387241073 -1.653906765561783 0.14318401929312768 3.080783719342082 0.4678001666743307 1.2996092493848905 -0.4235402707093112 97 51 49 54 
1.2578366499260576 -1.566732647359254 0.42068964671311276 3.0733783783177446 0.9561027489436311 1.4290657541190157 -0.16947554557079159 59 57 53 26 
1.2175452209183273 -1.610520703198647 0.2355173227561337 3.0746932141811403 0.91055207034178 1.3800857119429553 -0.3922246148564863 98 54 56 60 
1.3227406932053924 -1.539367719602976 0.5852734982464988 3.0813241321301357 1.314979056950525 1.4823857587826086 0.024763348655945146 63 61 59 26 
1.277186693586874 -1.567191765162349 0.40541729374707536 3.0720719244218344 1.1978155847999423 1.429977898112237 -0.23728668776288037 60 56 58 62 
1.2149479629912283 -1.6062212825472275 0.2457741545043664 3.07239456290836 1.0875897377812036 1.3792349694896204 -0.45223980153570054 57 59 101 98 
1.450151205433653 -1.566482760878973 0.4893233346737704 3.0870926425007386 1.5859127113427414 1.4478671026205319 -0.12588670836978766 64 102 62 58 
1.3654660388400341 -1.5859349045518747 0.3417914053002936 3.0768264621402936 1.4275529611112086 1.3988717813067546 -0.3736290295103666 103 101 59 61 
1.3441585630324366 -1.5344632443510084 0.6550740866319329 3.08638215598829 1.4921622517146587 1.5191774229746584 0.30460495248505004 64 58 28 65 
1.4798965747685775 -1.5633399892810063 0.5580818034712 3.0937398937620286 1.742497637002878 1.4815248591608845 0.12971170083293726 66 104 61 63 
1.4317054502471052 -1.5447754945231948 0.7531427928944396 3.0986665696863 1.7136765458433738 1.5283539490068536 0.563104128198044 68 66 63 30 
1.54298930638166 -1.5702223167949152 0.6585469582851581 3.1055303855336236 1.9054858449943937 1.4948025409002368 0.3821746124701013 69 106 64 65 
1.5294264759895744 -1.5550869385392792 1.0002413446524794 3.1079656914820184 1.818831435667714 1.5340871004362895 0.9613408957176992 70 71 68 30 
1.5827735129528266 -1.5686923654467468 0.8952920509704326 3.1135846029786283 1.9220339375224598 1.5190954526267804 0.781864598540521 67 72 69 65 
1.6449262689874466 -1.5868249611677887 0.8031983343619898 3.1194442990730655 2.066693052590108 1.4929222885865854 0.6113230848178437 68 107 105 66 
1.5045883670201068 -1.5515630291711635 1.0754226226950492 3.1062704135907113 1.745219892329379 1.5403729516318518 1.1326300241117482 73 75 67 29 
1.7039479896100296 -1.577734536017195 1.1397878805284558 3.1135223622519397 2.050251034045563 1.51185965316641 1.1281553608716701 67 75 109 72 
1.724047957365717 -1.5876874096725135 1.0364846880174423 3.1194180009379515 2.1270062877902243 1.5003985924841858 0.9573270275417817 107 68 71 110 
1.5813372587537071 -1.5569623089244933 1.0121437069150316 3.1109215279825846 1.6879852116536385 1.5360459022300519 1.2870694628862065 31 74 70 
1.7756063225916991 -1.579572759776489 1.1684194210217183 3.11223666599213 1.9275584710196867 1.5129097652833166 1.4366471855300094 73 112 75 
1.7016281544471292 -1.5740797566247862 1.2139541048330618 3.109273515607357 1.9837410885952824 1.516876134767798 1.290601359763097 70 74 113 71 
-0.08302764970396266 -2.075954630139827 1.0191092384198286 2.964430496576777 -0.8129774064100621 0.7357429807043343 1.5998071116086714 77 36 
-0.06504245729191323 -2.06877490053718 1.0123723474975255 2.9638522877596993 -0.9574369929797033 0.6961119747892995 1.5839655705957352 79 81 78 76 
-0.04927448434929809 -2.0781906024250865 1.1029598407438332 2.958350138732704 -0.9671498891126726 0.6531528570001905 1.7645499816068826 77 114 
-0.054628874942190445 -2.047481296577966 0.8624966447916247 2.9747172474287398 -0.9374876884487633 0.7424049415651517 1.37653547612717 36 40 80 77 
-0.031391394596314494 -2.0383982100228475 0.8456046072994398 2.976703646788169 -1.1183809849678952 0.6871942625274787 1.3168843059028794 79 82 120 81 
-0.0255845271695945 -2.0527392553224075 0.9936812278314133 2.9657607298737587 -1.120282173249596 0.6402334301745144 1.5616488185562198 114 77 80 117 
0.003027940005675051 -2.0124132100680345 0.6668574383388016 2.9913127257654444 -1.0866865367802763 0.7404225043425702 1.0539241350904676 84 86 80 40 
0.20046380113360598 -1.929519948711735 0.3334380077854636 3.020866458488692 -0.912988325531487 0.8644472663791335 0.5417904803785065 41 45 87 84 
0.08144892670726336 -1.9753349553074286 0.4894052379657857 3.0062335842512633 -1.0185658792894043 0.7998950064985239 0.7900290028396834 83 85 82 39 
0.11678549019876977 -1.960939110557681 0.4942141569442999 3.0070409492722545 -1.216653859253093 0.7213673967524666 0.6618551031633106 86 84 87 122 
0.07029709762727124 -1.9841232139340674 0.6637283893425009 2.9935254455693197 -1.2862826387638904 0.6600840771045486 0.9637504000346898 123 120 82 85 
0.19949739912888875 -1.9308083691079567 0.3381361757651143 3.0214800401519293 -1.1005512926884657 0.7887105726703552 0.37618465497869125 83 89 124 85 
0.45421097334666843 -1.8542515820061272 0.11098905463901491 3.0517021741963606 -0.7485366174098065 0.936123477631997 -0.0884678917941995 90 125 89 44 
0.3160532764093756 -1.8944918031121787 0.20598275145216743 3.0368714401637793 -0.9420494026125599 0.8607453791282987 0.1223749493417669 45 88 126 87 
0.6010525882613987 -1.8120000226235036 0.0565624204204717 3.0645574963412745 -0.5282061188776956 1.0134782515223444 -0.249831430319115 47 93 94 88 
0.8208533135966939 -1.7447150460603662 0.050030388411624105 3.0760345972391296 -0.08755457071752462 1.0930560119896064 -0.6850030204802965 92 52 95 133 
0.7065775341837849 -1.7742195217243721 0.06498858892322605 3.069402054193489 -0.3740776305117681 1.0100798100962085 -0.6112284321344199 94 93 91 131 
0.7352064684249235 -1.7723086329147357 0.04291841249875894 3.073506149691711 -0.2883753509948568 1.091064596475289 -0.3590718095100894 92 90 46 52 
0.5923849059064138 -1.8023279060198594 0.10416581956367015 3.0594515165754967 -0.6477418291698107 0.9244779262955055 -0.48101709762902134 130 125 90 92 
0.9484468538513172 -1.7100999044106973 0.05573108806564787 3.0796514555246097 0.19977881469552183 1.1702083294818109 -0.7092024240880439 91 51 97 132 
1.1434251062155603 -1.6478615461868513 0.13056269640992943 3.077597985311115 0.723691629223177 1.293281617598738 -0.6525013273731239 98 100 97 54 
1.0616428202627415 -1.6764797570901928 0.08578283963606385 3.0800922111138282 0.47459268252005715 1.2379726423154545 -0.6948150061557076 95 55 96 136 
1.1821317343145117 -1.6282337458802825 0.1773665719566349 3.074860891267946 0.936199355131734 1.3364196273160072 -0.5861398915892486 99 96 57 60 
1.1716363480845005 -1.6270021267071013 0.1722059962740131 3.0714653310331035 1.0310260823794035 1.2844544686377115 -0.7777242667998814 101 138 100 98 
1.1069019966384608 -1.642402667590311 0.14421250267074165 3.071904147330558 0.7741741402027114 1.221801442341282 -0.8966305207701339 96 99 139 136 
1.253912396468998 -1.6131824995641746 0.21827031082321863 3.07336748617667 1.2486565225651882 1.343252834783065 -0.5993668443399491 140 99 60 62 
1.4731887177345375 -1.5728145288676902 0.4574476824184228 3.084302339059077 1.8362585398642337 1.3861893133190444 -0.3014912272026231 104 141 103 61 
1.3710681651842336 -1.5851766052999527 0.3359597977848128 3.0742844334280863 1.6433504504753413 1.3358831335087404 -0.5555432878471304 62 102 142 140 
1.5185287598429402 -1.570246833472849 0.5316293223193691 3.0915616058720374 1.9974574857332963 1.4221566554706462 -0.039752388327670966 106 144 102 64 
1.652112289338304 -1.588411209097052 0.7768822369800208 3.1176083912561183 2.2585074868381416 1.4490135486143256 0.47264676092681857 69 108 146 106 
1.5783180355940012 -1.5765480197861967 0.6337755692248733 3.1037628819049115 2.1371189422980548 1.4416117847995358 0.22260154581780398 66 105 145 104 
1.7480075654810545 -1.5986164997573649 0.9433727935823255 3.1231612014845442 2.2149183561303305 1.482799771627083 0.7980627267747242 111 108 69 72 
1.7040044489097033 -1.5920647129697714 0.9226923415051765 3.122685351327869 2.351315604045385 1.4508767668470768 0.697939632259914 105 107 111 149 
1.7011689610434875 -1.576814792231993 1.20139214224874 3.1122954522366406 2.283194447416318 1.475352543762958 1.2700526888565897 71 113 154 110 
1.7138398658871357 -1.5857754692552877 1.096915362544544 3.119723077965055 2.3368518090474653 1.4671256897344354 1.085429946797564 72 109 153 111 
1.7161207419123077 -1.591249230171205 0.9976307052458357 3.1229615707437186 2.3752823594783568 1.4566659263956905 0.897026176326915 150 108 107 110 
1.7579211966987234 -1.5806884787511017 1.2474831842380942 3.1071696687409958 2.1770861512462387 1.4747547581044078 1.5886064393685793 113 74 157 
1.6978196158302514 -1.5729088453392293 1.279515383141371 3.106026381431519 2.227413903687081 1.4789262048327354 1.4398431652578028 156 109 75 112 
0.0024277636071986723 -2.0599045593027805 1.0910479292594835 2.961855914352867 -1.1045100882971643 0.5971288273935544 1.7763156089046954 78 81 115 
0.11105725408590941 -2.013557344060997 1.0728722401608979 2.9709190810636756 -1.2631821899731566 0.5150044119711328 1.7944221901791686 114 117 119 116 
0.14995260480645264 -2.0222093022491743 1.154341085189704 2.9743437787741094 -1.2189623504348954 0.4702499053955795 2.0160477012909377 161 115 
0.07840001826610517 -2.0072405881282704 0.9691461186045577 2.973199683713762 -1.2985950516028146 0.5587063358974635 1.5438643109685577 115 81 120 118 
0.27721043925569605 -1.8956679144217514 0.9375179550573157 2.99180505161439 -1.4798851577745493 0.44357992236480936 1.5341224992908054 117 121 163 119 
0.3169985820319547 -1.8975961233847691 1.028834494157515 2.9953379837974636 -1.4246604680250536 0.4031913527673263 1.8134183391482386 164 161 115 118 
0.0598495427591049 -1.9995010627283873 0.8296968869325291 2.9817403966277443 -1.3109067786304798 0.6060223205765156 1.2634996226821626 86 121 117 80 
0.2471499161064215 -1.8951419491666415 0.8199855767975093 2.99352288546477 -1.5043112184759566 0.49025299061068406 1.2230191312403071 120 123 170 118 
0.25500354478252163 -1.8830366268662952 0.5371863840900516 3.0076129192062484 -1.4148556302057598 0.6089098991076753 0.5563444384731435 85 124 171 123 
0.2374232890986912 -1.8913217860623992 0.6816655935807309 2.9990096655231433 -1.485445256782803 0.5452268126148146 0.8914018379249786 86 122 167 121 
0.3019658696062033 -1.8699989358457942 0.39900088193554545 3.018742929204654 -1.2903875904188282 0.6801553669860344 0.23659312358211154 128 122 87 126 
0.4778483504572017 -1.8289585717508712 0.17510507379093881 3.0461607090416614 -0.8982630075179637 0.8395129845532023 -0.29297976177184704 94 129 126 88 
0.37864773230442783 -1.8516833069112977 0.27440424218268084 3.032085838509707 -1.1156629163105853 0.7575196668057764 -0.05090166746638027 127 124 89 125 
0.49446181404124256 -1.7508218589255058 0.3841302886526528 3.0281855182904476 -1.2866990516931878 0.6184461964564933 -0.19128028106383546 128 126 129 175 
0.4536662721386602 -1.752832925486974 0.4881894082912243 3.021004235217831 -1.4727391920166641 0.5345419082697325 0.12759065612493833 127 173 171 124 
0.5554597635886526 -1.7452260488521647 0.2953948556035496 3.0380988639030817 -1.0508884575481008 0.7081170787269001 -0.46547941767073914 125 130 174 127 
0.6339390232169152 -1.7359826815250567 0.22326409719761628 3.0494967165696343 -0.7749584869307835 0.8015501866290249 -0.6847145681340019 129 94 131 178 
0.7190026919495578 -1.7240453648669114 0.17216499807230093 3.0594163571129944 -0.4701236701371377 0.895987267526483 -0.8432574394765195 92 133 182 130 
0.9201973149195434 -1.6881382146921913 0.11896066549890108 3.0718284321520026 0.1750156466426979 1.0740707388025386 -0.977857885481325 136 134 133 95 
0.8113781129641515 -1.7091019213635927 0.1377059097805263 3.06699569571811 -0.14875483929019304 0.9878314274018852 -0.9399798595990748 91 132 135 131 
0.9068708919544206 -1.6252620960505908 0.23400776807765478 3.061922432919838 0.14422216870144508 0.9452533817873485 -1.225969704346383 132 137 183 135 
0.8211757407760711 -1.630687847475208 0.26911301119514003 3.058030778492484 -0.2178198710939082 0.847488418952386 -1.171026283571308 133 134 180 182 
1.0237151569370548 -1.6647439193938678 0.12285263359880896 3.0734571243854196 0.48659547594575037 1.1523464834762966 -0.962247063695318 100 137 132 97 
0.9951734556223351 -1.6171855435026157 0.2155434740809077 3.0642403603846886 0.49876740444604784 1.0380642321101954 -1.2131555311130036 136 139 184 134 
1.1507931917387169 -1.6053498803646462 0.21708625432236311 3.066391495209059 1.1400888153199193 1.2050194936480283 -0.989715975599628 140 185 139 99 
1.0740204303789755 -1.6095176898516856 0.21142445946090374 3.0648925352123486 0.8335429291801018 1.1250327572848733 -1.1336055572857937 186 137 100 138 
1.2454514079070327 -1.5993170058776103 0.24503281786276884 3.0683472456549206 1.411787058694837 1.2755058955733118 -0.7911342794311148 101 103 143 138 
1.3853376877791495 -1.5394445417435048 0.5032703446810308 3.080886037321994 2.0651303054305448 1.2886270895224234 -0.48560037731498934 144 191 142 102 
1.2902849132988843 -1.5441078614444816 0.40740095002737725 3.070858452708882 1.840521887757527 1.2334769757514517 -0.7568430447939064 192 143 103 141 
1.1774465480585605 -1.5472127955392116 0.3435921503114009 3.0651152101742167 1.5659158783682499 1.1671174904476003 -1.0046022148233404 142 190 185 140 
1.4306289113045623 -1.5389765455325783 0.5727618213960717 3.089267629590276 2.2421329802102905 1.3305310803243982 -0.20231245392878444 145 193 141 104 
1.480658661888674 -1.5457955766165163 0.6715354728611787 3.103400432962349 2.3787478776916258 1.3586928500890276 0.08588321030295276 146 148 144 106 
1.527704539823108 -1.553726220306695 0.806879407161366 3.118880059842995 2.480194628809258 1.377618173369166 0.3729570653676845 105 149 147 145 
1.3444212666603104 -1.4731403442466642 0.8369833355021039 3.118113403650261 2.707947570905767 1.2704406121663694 0.29897691819081434 152 196 148 146 
1.3109302200065247 -1.4653129906157123 0.7262593401699691 3.1026619512462164 2.6110752578903798 1.239175930019738 -0.029381047934954004 197 193 145 147 
1.5466136911817208 -1.5544554545240048 0.9413797412699348 3.1290883623364336 2.545415844429572 1.3914894159298246 0.6549445029137587 108 150 152 146 
1.5473923122713136 -1.5523983132311652 1.009262830697209 3.130820854274392 2.5672361734711386 1.401565937267522 0.924675182289994 111 153 151 149 
1.3554994252189092 -1.476373785778764 1.0168920275108966 3.135692781565441 2.7761287243495354 1.3112346046236807 0.9412508662639836 155 200 152 150 
1.3559018117412203 -1.4743697775777933 0.9493591018041603 3.1295370201582897 2.7610823241334894 1.2955501542475387 0.6262747392239485 198 147 149 151 
1.552266942038912 -1.5512188071759918 1.1058606324381446 3.1281291461043823 2.549470512198404 1.4083812473993418 1.1701745911985517 150 110 154 155 
1.5481169242383153 -1.5465538340869396 1.209144960547016 3.1207017662244314 2.5090602679419653 1.4126473654582956 1.3864028738754954 156 158 153 109 
1.356960363260422 -1.4791640261609584 1.1064262162420029 3.1365644813883518 2.7597710198414465 1.3176957169358627 1.2284999094898374 153 158 199 151 
1.5450330673062702 -1.5450801797090996 1.2901451696164008 3.113985883246652 2.460615190374912 1.4132605563235558 1.574003141953091 159 154 113 157 
1.593353840590607 -1.5547663438213408 1.2717362692735317 3.1119320120776024 2.4134604791749963 1.4071177450140975 1.7336210984786882 160 156 112 
1.3521423922619378 -1.4803446459614538 1.2024339929318404 3.133305542790834 2.7212807750045704 1.31933333497624 1.4781468371174562 154 159 202 155 
1.3453240219428306 -1.4838961765359187 1.2813720492011609 3.130505345401295 2.673013733974485 1.3168855646242943 1.6898996517030715 156 160 201 158 
1.381224863152445 -1.4944679366936509 1.2712499405538895 3.126811283357282 2.6248884187218655 1.30664308134797 1.8703737969380034 159 157 205 
0.3566871301439272 -1.9031006045777508 1.0958891709010714 3.002701978646602 -1.3496624411952047 0.36650844853870573 2.0594340214448668 119 162 116 
0.5833871564739046 -1.7282554201417077 1.0257372689694577 3.0456942983511683 -1.4942680135834485 0.21882903648459578 2.093108341984647 164 207 161 
0.5014404690871985 -1.730914843688531 0.8992289632542372 3.0256182310853537 -1.6504752760553638 0.2896581554086013 1.5315327080892303 170 165 164 118 
0.5425756277215444 -1.7273205712223951 0.9701943112321445 3.0346630431838038 -1.5808698874717624 0.2530294201416969 1.8324655317291905 163 166 162 119 
0.7075346414510745 -1.534781301900113 0.8597561678528473 3.0738811381539857 -1.8003073377473147 0.0971223752035891 1.5312159887032457 163 169 211 166 
0.7457116792922893 -1.52590177983031 0.9117625426568975 3.0864471637670006 -1.7210031087129265 0.06419001963344864 1.8466632104881548 165 212 207 164 
0.44138590536471267 -1.7455707544621457 0.7084262450613047 3.016615641290611 -1.672062620963994 0.39119293825598184 0.8391217975352201 168 170 123 171 
0.6396345865575153 -1.5702689792257158 0.7337270390719379 3.0527888689106586 -1.8356495948823288 0.19965393774747348 0.8037859365110169 167 172 213 169 
0.6707548111259212 -1.5513085173383692 0.8021752131376831 3.062542344200848 -1.843181608255894 0.1416460138742393 1.1794175810838796 214 165 170 168 
0.46515002134259736 -1.7383395749202437 0.8116776257045313 3.019580625903708 -1.6853879374283274 0.33497053229209056 1.1962632295937023 169 163 121 167 
0.4366120563171736 -1.75074136189883 0.5976445909506358 3.017129966199696 -1.6020935901937785 0.45821328207486656 0.4768065798355574 128 172 167 122 
0.6195994274368294 -1.5884791264956404 0.6573011670849109 3.0453923241147134 -1.768823816861928 0.27058896528529713 0.4203749287278856 217 168 171 173 
0.6138860801318616 -1.6040845062163627 0.5790828107667196 3.040732245162421 -1.638931623539971 0.35255742496884374 0.04660604355185949 172 128 175 221 
0.6538872249447268 -1.6242889332682433 0.42949464171800056 3.041899356842785 -1.199241064580117 0.5409003995326986 -0.6059716985078699 129 178 176 175 
0.6255138411689637 -1.6157423683885526 0.5002613409584042 3.039208244258321 -1.4472314973314642 0.44341157437409173 -0.30052103924485396 127 174 177 173 
0.7734276751009925 -1.4623144870019045 0.5773941384847475 3.0706718772016783 -1.3329797627229412 0.34013997531217316 -0.7179916146686764 179 222 177 174 
0.7732358183592001 -1.4373415464418569 0.6240254615404375 3.074113963250109 -1.5867742893021888 0.23568591249886756 -0.3844052701892975 175 176 219 221 
0.6992921329576012 -1.6293901097442027 0.36560499173853034 3.04750896227867 -0.9037778553945872 0.6426815448435287 -0.8578516164097414 130 182 179 174 
0.7869685169105776 -1.482333390762646 0.5287557061476185 3.0688914713912365 -1.0245953877023348 0.44951678782905014 -1.0005922493249555 178 181 223 176 
0.8462094767065806 -1.5111106237818435 0.43712126361223647 3.065118001594221 -0.28916986534703254 0.6729794224199314 -1.3715682101049131 181 135 183 224 
0.8100988998696194 -1.4984361679319593 0.4825697140391386 3.067219622387929 -0.672260141300796 0.5612633293980767 -1.2212365617113945 180 225 179 182 
0.7544698471931028 -1.631550405263308 0.3131111003120138 3.05324636096607 -0.5722029038276438 0.7459405064319323 -1.047800672681376 178 131 135 181 
0.902154826220084 -1.5200097507803307 0.394017043275572 3.0632760983130938 0.10913812885269651 0.7833597334890761 -1.4462604015043854 180 134 184 228 
0.9655980317221605 -1.526846287412496 0.3616887426160003 3.061961854145602 0.506736678829584 0.8912611658498385 -1.4430309461593724 137 186 188 183 
1.0931075758528563 -1.5422151984006658 0.3311371260856041 3.0626384228428063 1.245995429880676 1.0873803687689743 -1.2123278427605348 186 138 143 189 
1.0258984240692504 -1.534131625098971 0.34083574834877833 3.061457572803226 0.8895900784630542 0.9940389495360002 -1.3628842063604316 184 139 185 187 
0.9584152285106035 -1.4013483120965335 0.5321191465526699 3.0756011960362115 0.9360119091061727 0.8230016130437239 -1.5753921506243316 188 186 189 232 
0.9293922385117965 -1.3786617193631026 0.5657121141888618 3.081541959894571 0.5103086754593444 0.7084488900560173 -1.646564917248412 187 230 228 184 
1.0023127141655095 -1.4219652001404963 0.507306619875272 3.0720654061972645 1.3370038113295446 0.9260275960631907 -1.4275997244038006 190 231 187 185 
1.0636298229267893 -1.439181479278228 0.5004779505982855 3.0714589042847784 1.699508824800632 1.0137209855254812 -1.2158873082939776 192 233 189 143 
1.2307468078543706 -1.4524209400786139 0.597443307880864 3.0818164531685337 2.2676524234915245 1.1499287789709087 -0.6638190802107229 141 193 195 192 
1.1523432319324602 -1.4484685052508453 0.5342724741654964 3.074707835316428 2.012066633047829 1.0873749575335223 -0.9558616868819751 236 190 142 191 
1.2699567636972833 -1.4567836324903904 0.6475723020008552 3.089597866069343 2.4659148702925813 1.200367555519281 -0.3523085329785379 148 194 191 144 
1.0524529982149613 -1.3062330871323038 0.7497354422668299 3.103784409273789 2.660028429269814 1.030935307502713 -0.4853629396177732 195 193 197 239 
1.0243872442221318 -1.293724892693269 0.7317368206237587 3.100201561231712 2.4371085771181695 0.9706236196521584 -0.8247666214166727 237 236 191 194 
1.1084764402244065 -1.331656762087108 0.8699731221596132 3.1265604706811216 2.924489099245756 1.1228869148999021 0.23889636095927763 147 198 240 197 
1.083471094365062 -1.3199219428988176 0.7948255983255389 3.1130533158948457 2.8211704358548597 1.0806483687176298 -0.1276839076585542 243 194 148 196 
1.1173040029383052 -1.337702368553565 0.9540304003332791 3.1392445651404444 2.9762922201807456 1.1574606059872021 0.6038347744777353 196 152 200 245 
1.1090304373887365 -1.3455605370444828 1.08816607219111 3.1523635756687374 2.961415805332594 1.1908512748140563 1.2735300631539095 200 155 202 247 
1.1152960856270626 -1.3412551313387189 1.0121543711475258 3.146955809917199 2.9853252643789707 1.1802189427915348 0.9536989396219457 250 198 151 199 
1.0756599253098997 -1.354628308498858 1.2407756208095668 3.160546239318453 2.8592726188768625 1.191551245175742 1.7869288022128045 202 159 205 203 
1.0947614406834538 -1.3493896704278188 1.169703644947702 3.1561264242072475 2.9154457641662725 1.1938837577113655 1.552081045090533 201 204 199 158 
0.7963394460826516 -1.152575763220294 1.1729475489928374 3.1994134395350478 3.0156874408454515 1.038908427612559 1.8663038180543134 201 206 251 204 
0.820519519840944 -1.146213110241394 1.1146180273099007 3.1891950327453324 3.084854035588223 1.0355210371934827 1.6135861009899768 252 247 202 203 
1.0915263532664132 -1.3617597604239084 1.2380169351967534 3.158070665720324 2.8012847025693004 1.1814017888401946 1.986288404695153 201 160 206 
0.8083724414676811 -1.156513791908507 1.1622754901407475 3.1966298866999616 2.942378285938725 1.0365741805244622 2.0749131463439654 253 203 205 
0.7879499387048833 -1.527171406933804 0.9635310826576895 3.1027603128833503 -1.6229184532889842 0.037829355097393304 2.1187287965512684 162 166 210 208 
0.8320954746273027 -1.535539810039524 1.0127689290146897 3.120882279612403 -1.5241843225863636 0.008739135906514164 2.347572604857115 209 207 
1.0022838116225679 -1.24664640064947 0.9194170465008961 3.1749383776594247 -1.600691057149186 -0.165933692005865 2.3716420390425768 210 255 208 
0.9695887502566407 -1.2465203857497282 0.8837887380641292 3.1628153958536975 -1.7228296270005676 -0.16693265896343068 2.1308532959313475 209 207 212 254 
0.9024431632842568 -1.275563021348467 0.8227581551470537 3.1333464725795115 -1.917794863213183 -0.12660766286742822 1.5272305716781451 258 212 165 214 
0.935582617946367 -1.2556757440221948 0.8532638769716511 3.147452162051542 -1.8317308510557542 -0.15456865621369917 1.850820446752079 259 210 166 211 
0.8357744342409537 -1.3401730503765392 0.7601566985389352 3.105247850120979 -1.9658618138495125 -0.022920825192719412 0.7781709854714949 215 214 168 217 
0.8688926747986686 -1.3055937104774304 0.7944396923318999 3.1191552910444025 -1.9670319921590893 -0.08275841563139041 1.165744161806213 213 216 211 169 
1.0263912020144874 -1.0116331195993626 0.7935806327126078 3.1762620173241847 -2.0513656528143764 -0.2664986872315924 0.753452028196476 218 262 216 213 
1.0554923748349327 -0.9591047667688732 0.7930629328066793 3.193380289362537 -2.0458066313710916 -0.3271484137498643 1.1478686548942874 258 214 215 263 
0.8068890862405967 -1.3753682940768783 0.7184995947847392 3.0927726410861482 -1.9047376851394795 0.05164553926166382 0.3796539794174045 221 218 213 172 
0.994323035799534 -1.066183419456838 0.7877136313419006 3.1588100998055464 -1.9974897190988612 -0.18959139843147108 0.345234262354411 217 220 264 215 
0.9327914830324243 -1.1697978285727928 0.7626642501282315 3.1294625386937938 -1.690549900900959 0.0018868573921442151 -0.4501098636531399 177 222 265 220 
0.9620446312127143 -1.1198777740450911 0.7787477848308407 3.1430192282778946 -1.8779547315404028 -0.09925013466017411 -0.061208179937583984 266 218 221 219 
0.7851427160857668 -1.4085733823003541 0.6737117163912906 3.0825151967380373 -1.7785635744685928 0.13867148196352722 -0.013349655134600513 220 217 173 177 
0.9068251703782347 -1.2149395265491136 0.7448976491555037 3.118752952041406 -1.4369163776599838 0.11133695111381729 -0.8058863313802895 267 219 176 223 
0.8900738613648385 -1.2549246880129674 0.7179003322091712 3.1101482655935326 -1.122772680014859 0.22668116771781968 -1.1139596902727928 225 272 222 179 
0.8819349070402911 -1.324571627447988 0.6483544330951608 3.0956296851103766 -0.3529727226393637 0.46656232701634454 -1.537622852112404 180 228 226 225 
0.8804662294654227 -1.291448131699932 0.6862896746416451 3.1028348054413097 -0.7574005971703135 0.3456806025761721 -1.361528146853653 223 181 224 227 
0.9173421717204194 -1.036119681368064 0.8910957851342103 3.1532923629392915 -0.3957120570971976 0.23354990053476984 -1.6645162337618602 229 273 227 224 
0.9510509102646362 -0.9763708049641304 0.9138936148924373 3.1655675677321184 -0.8115649317244895 0.10661089763536312 -1.4665351845650705 270 272 225 226 
0.9010728277590201 -1.3535215329372796 0.605515144569972 3.0884874066428907 0.07518453639024009 0.5881514443703643 -1.634084202995865 229 224 183 188 
0.8961301382088264 -1.0907598753919383 0.8555715547392682 3.1399991659614592 0.05164928747671463 0.3624198724726267 -1.78222704956448 230 274 226 228 
0.883215165714621 -1.1394141988229514 0.8141967865890206 3.1263059347316973 0.513575957622639 0.4904841752986957 -1.8132487116831635 278 229 188 232 
0.8849404195025895 -1.2188837749962074 0.7319550487688701 3.1032592072671132 1.4077618126377527 0.7225975825920671 -1.6158203760252063 189 233 235 232 
0.8729708484860013 -1.181532725064263 0.7708251866445374 3.1128037786834875 0.9717159281776686 0.6125320627382003 -1.7558961310299535 275 230 187 231 
0.9137197274616039 -1.2519791479557025 0.7047592192619445 3.0982629213730157 1.8052798114027948 0.8175657792386315 -1.4043312982475609 231 190 236 234 
0.7457833954293651 -0.9633731904737567 0.9284489979034061 3.150401576154808 1.8819420572136807 0.5878847490152666 -1.5516801118266854 233 238 280 235 
0.7510949318072132 -0.9081803626405651 0.9777390617786949 3.164069444251653 1.4587081615933402 0.4870326387656828 -1.7581594228679036 231 234 279 275 
0.9693303337641406 -1.2774791410064505 0.7070833350542723 3.098325917725743 2.15116930449594 0.8992510049277093 -1.1354929991121032 192 195 238 233 
0.7935590035851627 -1.0428368059803168 0.885455296054095 3.1389945359098004 2.568979379022889 0.7559052733719129 -0.9570441077988854 281 238 195 239 
0.7666218377201485 -1.008442356750635 0.8987160472695049 3.1426238138410767 2.2552354744165224 0.6766176473143302 -1.2799865733764089 237 282 234 236 
0.8058980413197578 -1.0689217659420804 0.8657315853872809 3.1363578973711377 2.817252917348633 0.8250174869008107 -0.5959740991924901 244 237 194 243 
0.842661391934206 -1.1119228580833416 0.9046075968025292 3.149578269031808 3.1135616637001737 0.9346818711175171 0.1883565944700699 245 241 243 196 
0.5741866959550699 -0.7933981551811836 0.9375698582788826 3.189184265232633 3.26074723413633 0.7119085963890617 0.1494796396174902 246 285 242 240 
0.560562234126469 -0.760321707737591 0.9465171447292814 3.188174619883557 3.1312160434353324 0.6554574383100878 -0.2710974145418893 286 244 243 241 
0.8258491745044723 -1.0918048713806618 0.8703052467768739 3.138881091416116 2.9979938617412563 0.8838768791013624 -0.2097990456692846 239 197 240 242 
0.5509542920602919 -0.7183035884038458 0.98381679143094 3.1946343691860233 2.9315552414427186 0.5909442747826256 -0.6753256616530736 283 281 239 242 
0.8496176958332564 -1.124855361501769 0.9543831772230791 3.1615133647132865 3.169782586576409 0.9771255377494319 0.5847394823664956 246 240 198 250 
0.5830820658412453 -0.8173708268737939 0.9500603629602699 3.195421870227519 3.324370646020743 0.7604861209407556 0.5699785057388675 245 249 287 241 
0.8388162407336753 -1.1401859505040706 1.0503116964775951 3.179856590613702 3.1425338393519797 1.0261839078008665 1.3112074885932015 199 204 248 250 
0.5806132678587705 -0.8507231987560041 0.9998390298529248 3.213159431646281 3.2904073504287026 0.827558490400981 1.342818987720241 252 288 249 247 
0.5853000933864516 -0.8353798561274801 0.9639610810099606 3.2033284757138523 3.330059069252498 0.7992137211602119 0.9733446498569246 246 250 248 289 
0.8477531586785658 -1.1329916768483317 0.9931158087119311 3.170705528387874 3.1754899710579747 1.0078515641313914 0.9641481184388784 249 245 200 247 
0.5472383825768642 -0.876536158481773 1.091071430547125 3.236869839264721 3.13918727297797 0.8622496389568688 1.931882420542745 252 203 253 292 
0.5666671498900767 -0.8639870018066431 1.0466776128824322 3.2245996631433824 3.2216193609340857 0.8477321644162841 1.66451084469191 295 248 204 251 
0.570098245403053 -0.8842679586580732 1.0659707645218026 3.2306572176251813 3.0513497737604056 0.8719648996420899 2.1493292914036233 296 251 206 
1.1106790693975217 -0.8581290342790188 0.7964288565210456 3.2276052217483704 -1.7861224968777947 -0.39272139734881784 2.1283280890818155 257 255 210 259 
1.1293276830865497 -0.8521483582197831 0.815864073284663 3.234419469280914 -1.6586798118869426 -0.37753634937087477 2.3754569689780336 256 209 254 
1.1699583008194399 -0.3287974490374442 0.7299677370029013 3.2956143709879004 -1.6773793007743596 -0.6080086352864589 2.3560370381734987 257 299 255 
1.1681131591116696 -0.3399036527987941 0.7267369559011346 3.294521006272285 -1.8024124269816815 -0.6300169761398613 2.1086629835497597 260 298 256 254 
1.0792692132506554 -0.9129443255083469 0.7906351938999813 3.208402640288621 -1.9908758364268628 -0.36917775049064994 1.5144985415799688 216 261 259 211 
1.098609808817377 -0.8793736221977385 0.7952366335245257 3.2200952601057717 -1.8999748171771844 -0.3913219578944855 1.842891552804349 260 254 212 258 
1.1825278306431144 -0.3688982516840145 0.756140068983051 3.294314024670824 -1.91677941029856 -0.6346237624034757 1.8211533852870683 259 261 301 257 
1.1830725568721683 -0.4135311951383693 0.7762192960792815 3.286082678978051 -2.0104460548158523 -0.6169791805999725 1.4904944994329723 263 300 260 258 
1.1626386140344984 -0.5458064342801549 0.8390277145194931 3.255876112672606 -2.0819959361229396 -0.5176324093538361 0.7242906087928808 264 302 263 215 
1.1768013787771432 -0.4748819643241434 0.8073045252936804 3.2719714469602676 -2.0700856343975755 -0.5775920733435957 1.1217649849970688 303 261 216 262 
1.140324659474948 -0.6218391849641868 0.865357458386135 3.2387575699867415 -2.035562774230428 -0.4403318394502893 0.31103850946216205 266 304 262 218 
1.0740865199315686 -0.7757890972102888 0.9091955837162423 3.2062365272592603 -1.7434055799064867 -0.2469220672412182 -0.5025892301581577 267 269 266 219 
1.1099794645005792 -0.6998811415869017 0.8908818250145089 3.2219024433576267 -1.9237669851803256 -0.34918837614214243 -0.1030153728184149 220 265 305 264 
1.0312194101478742 -0.8473609956089309 0.9243296580432144 3.191656535079022 -1.4946652431194198 -0.13551699299843756 -0.8725226230917095 222 272 268 265 
1.0932382298310428 -0.2995671346432724 1.0953378974309445 3.2890227701303147 -1.4948755816143215 -0.3869968907549976 -0.9149465976723354 267 271 309 269 
1.1366483239433787 -0.20043184234038872 1.0475361305500965 3.304828198668784 -1.7354282666270557 -0.496598640961162 -0.5391729655187972 268 308 305 265 
0.9857568761615669 -0.49327038845856297 1.1367857516422541 3.2530879952006306 -0.8215382542228427 -0.1440337501812823 -1.5313742377693296 273 310 271 227 
1.0432504911165141 -0.39612679728657413 1.123242615524937 3.2713428775525233 -1.18817227684483 -0.26864096795919445 -1.2501926404107109 270 311 268 272 
0.9904657051988653 -0.9133087713275397 0.9241046741498697 3.1778576828717586 -1.1814876150041298 -0.016948161697375667 -1.1983537423788628 271 267 223 227 
0.9263895723996372 -0.5900727522302238 1.1332744528025884 3.234895115853603 -0.40460274719384026 -0.015145581670279445 -1.745152262329697 274 312 270 226 
0.8724309686783771 -0.6831375288344168 1.1118219433273198 3.216884762003148 0.04923574344638759 0.1160538563747789 -1.8803805923224086 229 278 315 273 
0.7728956820357104 -0.8441452602286162 1.0297743419003755 3.181128562087066 0.9999009169293253 0.3722773577801803 -1.8871294844252209 278 232 235 276 
0.6455848561221649 -0.2932929229552751 1.2656826523131286 3.2793944657533363 1.0275727207713379 0.12090464743615964 -1.9527589646100814 279 316 277 275 
0.7225415228305563 -0.1634431698985229 1.3017295018483548 3.3014497499321527 0.5482664675358252 -0.005337285498105686 -1.9794544242816625 313 315 278 276 
0.8222261602532117 -0.7691139313209021 1.0767580842056297 3.1993433477905846 0.5235857289047847 0.24672243718271322 -1.929047858437846 275 277 274 230 
0.6004872652438511 -0.4091644666848512 1.2096940529028692 3.2531588051919957 1.4953345909964109 0.23794219655470783 -1.837536968026026 280 317 276 235 
0.5676217070622953 -0.5113514280836493 1.144517811463632 3.229412358606153 1.9332906469130533 0.34153271383098993 -1.641136297174935 282 321 279 234 
0.5566745164953611 -0.6645530699134543 1.040575865119876 3.2030836444573265 2.661562428500374 0.5169777637537428 -1.04741022148479 284 282 237 244 
0.5577000969699593 -0.5958500727533798 1.0872475555101104 3.2120610113334216 2.3259265716571633 0.43371452045005965 -1.3735294651295304 318 280 238 281 
0.3153659198836116 -0.1746398126463317 1.0822449359413362 3.278958361190775 2.998037370515733 0.345497646891629 -0.7102346200446135 286 323 284 244 
0.3373451252923295 -0.06446053619502326 1.1668244252694706 3.299770761995255 2.713521207648581 0.2725554641531725 -1.0818557313878194 322 318 281 283 
0.3271868588118695 -0.32579048279408157 0.9625020412320207 3.2483765641913456 3.3541050940902846 0.4679519462681077 0.13089658120724618 241 287 324 286 
0.31593012631119977 -0.260622207175075 1.009701484512536 3.2595828348244544 3.21215040967793 0.4103005209337593 -0.3004364900989401 325 283 242 285 
0.33829956222943053 -0.37421706791410403 0.9394833885773122 3.246178813409288 3.4261698389553104 0.5193547465377387 0.5655295427722346 289 328 285 246 
0.3459858903856457 -0.44274944854106046 0.9387301132923989 3.2577582965358953 3.3928514325181327 0.6029923903005792 1.3700711674367327 289 248 295 290 
0.3451134916280968 -0.41196011242976854 0.9268970641990465 3.2499473035363744 3.4350032263679005 0.5642391737805955 0.9846661434088886 291 287 249 288 
0.18350982695576432 0.10351946467796887 0.8761137873038879 3.3145233548636415 3.438420976898162 0.36575779881322623 1.3978020307868033 294 330 291 288 
0.1738228326694769 0.16983750405612336 0.8874966796592417 3.318897492647277 3.4784235631878806 0.3190924422071173 1.0054434248570585 328 289 290 331 
0.3271939553214889 -0.4881806906937381 0.9917189775803623 3.2781076125665845 3.2248018757016443 0.6666737854403004 1.984782217104964 296 293 295 251 
0.18968562242219322 0.0061898607793957556 0.8906127724521427 3.315119945506374 3.266515167453411 0.4623543940203587 2.0242939637308046 297 332 294 292 
0.18812504042367617 0.04983338786808495 0.8817355514530587 3.3139035796098897 3.3615425610834206 0.4141111020727656 1.7409417049994151 290 295 293 335 
0.33922950501231536 -0.467631567268674 0.965375662575943 3.267304451525467 3.3169230112326837 0.6369512673379756 1.7061682066062434 288 252 292 294 
0.36421350664491575 -0.5021274830220763 0.9454290723515091 3.267223736478494 3.1261361851717835 0.6913972348492599 2.2099423236184674 253 297 292 
0.24310288904571567 -0.02820337910296622 0.8234947298119717 3.2980257502115844 3.16370654963287 0.5061292217698381 2.25153284157749 296 336 293 
1.0598331981442954 0.2977956561053528 0.7136019497662324 3.345069532321163 -1.7627022397873158 -0.8633730459695342 2.0696358200426848 301 337 299 257 
1.0486846134882548 0.3119291385670081 0.7070879603930319 3.3436295331403363 -1.643278418081347 -0.8384578154728578 2.313042956585622 340 256 298 
1.126845316853374 0.22388606151767382 0.8014124203771843 3.351342574178491 -1.970340347721136 -0.8552494153573156 1.4549354334607063 342 301 261 303 
1.102087086913777 0.26915459685511 0.7685487266827707 3.352191051716345 -1.8755199412932297 -0.8704724687066174 1.7838625416480052 300 341 298 260 
1.1631486623529057 0.08084481188946263 0.9010815568080531 3.3374954643765817 -2.050724699806876 -0.7606380078586051 0.6916064392970098 304 345 303 262 
1.1492640912069068 0.15894553344645213 0.8497223690777586 3.3458296390264852 -2.033398781336953 -0.8185615822583808 1.087902310859074 263 302 348 300 
1.1676820197466025 -0.006666286236511199 0.9476627028026721 3.32793083687298 -2.011209383452674 -0.6851471515777545 0.2785948302934998 264 305 307 302 
1.1595751336646432 -0.10201672252181135 0.9994191517108143 3.317454960995537 -1.9073275960255984 -0.5962525570553401 -0.13654936456526157 266 269 306 304 
0.9596443173368043 0.6727094545289508 1.0577976390532888 3.394081851562516 -1.8244124160081214 -0.8249141839613634 -0.15202052759288795 307 305 308 351 
0.9355095363551195 0.755891305696799 1.0122493419159888 3.3994533712040393 -1.920550524970607 -0.907746478615109 0.2557435036473721 306 349 345 304 
0.9715351512853192 0.5795906060228772 1.1085342867006085 3.386563344153541 -1.661784424584002 -0.7324519698760943 -0.5490748760256764 309 350 306 269 
0.9573301598627852 0.4758062833454319 1.174677005495142 3.3756686177562565 -1.4318458781142067 -0.6291225638418817 -0.9223733373944837 308 268 311 352 
0.8969374895065536 0.24543102924522756 1.2668246243722983 3.3472110683840386 -0.7802657259358567 -0.39239273309768646 -1.5456989645138903 270 312 353 311 
0.934372222138483 0.36643458881565943 1.224651487949975 3.362225893534389 -1.1363613112151754 -0.5147540012827765 -1.259050931089383 271 310 354 309 
0.8479919599528286 0.11369776253289267 1.297309451017265 3.332761388710987 -0.3720495386074586 -0.26482249382812373 -1.768630073831598 355 310 273 315 
0.5522868295280153 0.7409792189053526 1.2881682820858087 3.3978538391731097 0.5900903121597316 -0.24805842645907838 -1.9508579663131536 314 277 316 356 
0.5889167135406495 0.8913084976658324 1.2435230564082558 3.4078905801517276 0.133057006887267 -0.37560879368010497 -1.8752411308318782 313 357 355 315 
0.79034720513518 -0.024877173846426265 1.3106794536027289 3.318435444895558 0.0759380593840607 -0.13489557274953695 -1.91616767653588 312 274 277 314 
0.4842775072004483 0.5739328045769702 1.310621491234658 3.3842288975173354 1.0586572376906405 -0.12148204107118624 -1.939724990185741 317 358 313 276 
0.44756547755056647 0.40101234269014946 1.3069461027868186 3.361808545279106 1.5223144402491857 -0.003274489268933896 -1.8409002789432292 279 321 359 316 
0.36327679052909034 0.06941570373026264 1.2277891653462787 3.3183288806821545 2.3650770161062504 0.1909460375275277 -1.4020864867999552 282 284 319 321 
0.31092796019870317 1.046166658136243 1.1426331776193472 3.425313086991108 2.3719644749385376 -0.03327035660365609 -1.3573608131985528 322 360 320 318 
0.3557477753480443 1.2291854355005178 1.1089011687861898 3.440003563702379 1.9717218652460053 -0.12401202220015009 -1.5966291030151925 321 319 361 359 
0.4015356859584966 0.22706566725958927 1.276981589772305 3.3390869427057512 1.9634322518526341 0.09996747169301548 -1.6590213020848676 317 280 318 320 
0.26028536688805687 0.8481359420279329 1.1425609757919422 3.404702770077741 2.723486583112545 0.04538740124659583 -1.0510483823657797 284 323 362 319 
0.2033262758543541 0.653988880904788 1.0920139174876635 3.381220222936888 3.0138687823730472 0.11305325404423053 -0.6893670214200786 325 363 322 283 
0.1648314053891582 0.3544771379012209 0.9665734571031239 3.336307460267746 3.3852811676896435 0.2242474382131924 0.14407227053663796 325 285 328 326 
0.17292855741710567 0.48734427444467965 1.0266117575339866 3.3566488637124716 3.2353896164322586 0.17190744788513435 -0.2855434315520328 286 324 327 323 
0.24732121335199694 1.2525831751258583 0.9228240540338138 3.433765332197378 3.352507024611091 0.004546314524953212 0.19551251737673214 329 364 327 324 
0.30474154545086235 1.4417163392889378 0.9390295308814264 3.462557519059048 3.201064979481491 -0.03853003991591665 -0.22142800309240734 325 326 365 363 
0.16765023462020215 0.25178532482480037 0.9215324690766855 3.3240287404739655 3.464498012991485 0.272658782222422 0.5810218918343422 287 291 329 324 
0.21159479064490935 1.085070305895678 0.892491163174138 3.40664758035635 3.435025467424714 0.04471608093730333 0.6232606139113838 328 331 367 326 
0.18565010258677808 0.8172895957050733 0.8274569174810856 3.3664466156640955 3.419711035233787 0.13695112697139417 1.429605799363292 335 369 331 290 
0.19304719531682527 0.940448704278467 0.8574895780793508 3.383744167252079 3.453775198270314 0.08718852206022373 1.041396464286322 329 291 330 368 
0.18760045412501186 0.6333715549218212 0.7878547030786189 3.346744279244037 3.2604281534599893 0.26720597584054395 2.0512629088163394 293 336 333 335 
0.38108378249358615 1.294709212357181 0.6749711207005715 3.376474369399444 3.2092223477573367 0.09203669583960125 2.0639233329030198 332 374 334 
0.3897881242798048 1.431193859000784 0.7628337291367712 3.390418456847862 3.283703500446648 0.007812655838876647 1.7922467543451446 372 369 335 333 
0.18306799824807865 0.7158083243642133 0.8053506959086161 3.3560010006815375 3.3491282090593875 0.1969776197589484 1.770119063556723 330 294 332 334 
0.2565551910064723 0.5609439710938944 0.6967742571059783 3.31756284843859 3.1657899059934325 0.34899723953491585 2.271427186277764 332 297 
0.7255535112762819 0.982047330170874 0.7885444497219639 3.384756554636736 -1.6638497764313602 -1.0747064625358982 2.006014397197622 341 338 340 298 
0.22097327229974295 1.519779097031319 0.9484170026091291 3.408832912628784 -1.5130001374965132 -1.2458354172600936 1.9138590044349977 343 375 339 337 
0.18569365160188597 1.5360291975051394 0.9355737127489409 3.4087324103232284 -1.4101999918783936 -1.2227564585408128 2.132491619743484 340 338 378 
0.7033818484647097 0.9961664889165561 0.7778577135175084 3.382301677498519 -1.5512893899526916 -1.0492286745859862 2.241588761464325 339 299 337 
0.7892041374802069 0.9634846162973365 0.8637113985251094 3.3967348495754797 -1.7736071460595162 -1.0813747581528268 1.7288181646034468 342 343 337 301 
0.8264610798843475 0.933763409319231 0.8883024720164777 3.4028211466139244 -1.8681016137705435 -1.066828208824292 1.4085200861415492 344 341 300 348 
0.2921100460627264 1.5081136682313816 1.0343773416967592 3.4172115705095996 -1.6185671629405525 -1.2495364051966127 1.6546692196255297 344 379 338 341 
0.31474931535387507 1.4956569987736377 1.0233268597897098 3.4218770231995976 -1.7114954218762601 -1.2344440938576156 1.3517259513528739 342 347 380 343 
0.9041130505442172 0.8266050546513901 0.9774794662956854 3.403569708269503 -1.9540648025875846 -0.9787147399400533 0.6607646105126287 348 302 307 346 
0.38694197622071363 1.4534171723123481 1.0398329631951149 3.4336584544897515 -1.7971024673499176 -1.155399541277525 0.6371018411497462 349 386 347 345 
0.3509652639120658 1.4765501854799192 1.0334273238030993 3.42837485179302 -1.775115144469765 -1.2040114455705435 1.008866650623697 346 382 344 348 
0.868500936441806 0.8869470274231047 0.9320876691853374 3.4056551559238355 -1.9328356033858292 -1.0330127298454195 1.049277363625418 303 345 347 342 
0.42694751203706827 1.4242565478553202 1.0190138440432464 3.4340530610564675 -1.766883763302665 -1.092363505382841 0.25013139542264284 351 385 346 307 
0.5217256465235459 1.3357217159542056 1.0115586843049544 3.430039834290012 -1.522351011013035 -0.9401611817248127 -0.5197340638242441 308 352 388 351 
0.4734649904904669 1.3844198260831413 1.0082435416120785 3.4321822383505785 -1.6764326500143014 -1.020248625529533 -0.13924330390749964 349 306 350 389 
0.5468889975399207 1.2735833054807535 1.0552016835120217 3.4267594880641727 -1.304597822360249 -0.8482070591625315 -0.8803616731227315 354 390 350 309 
0.5924467673752956 1.1217859326615613 1.137478765628211 3.418595862742025 -0.6865509782195232 -0.6261490613836076 -1.4938102587474789 391 354 310 355 
0.5739823172668825 1.2054714333246308 1.0918196000270886 3.422833292884547 -1.0247823958283042 -0.7424674272763081 -1.2094105534059831 352 311 353 392 
0.5992619086706864 1.0182831803480776 1.190264555653403 3.414396611344179 -0.2970212039448963 -0.5026075261250738 -1.71975999710327 393 353 312 314 
0.3565912130134791 1.587279981200627 0.9026533229923541 3.446222767013401 0.647798337372902 -0.47252242133826416 -1.8316138574395464 358 398 357 313 
0.32400107884540097 1.6581385460180638 0.8446262006682228 3.4461138966032223 0.21808110435456957 -0.5964844922535228 -1.7454297209750647 396 393 314 356 
0.3411695095123072 1.493344455767817 0.9745300781828555 3.4538074984650464 1.0923247768702198 -0.3469220138893958 -1.837144931446806 397 356 316 359 
0.3707209920384193 1.379683896089178 1.0453886544506463 3.447160689987543 1.5388479312351289 -0.2280270801545204 -1.7584488174395747 320 399 358 317 
0.4956040487551629 1.929510027581802 0.7479771737741521 3.4781410434323803 2.3476994113428313 -0.23353059772969845 -1.231978307250391 400 361 319 362 
0.4754398201643596 2.010262958862423 0.635967150462688 3.4738895893825346 1.959768454371298 -0.32854768076507646 -1.4433301293056102 320 360 401 399 
0.47054245758032176 1.8024716775647278 0.8588660226633784 3.478940321484427 2.6926854481661997 -0.15363228474211094 -0.9503600794763063 363 403 360 322 
0.38677384336208637 1.6330328552411557 0.9217963688578302 3.478506616947943 2.9800982194569077 -0.08973647560355874 -0.6089209844579467 327 366 362 323 
0.6864096462344128 2.0711876449472135 0.8277016146431411 3.4699553017031644 3.2627518304905663 -0.17731142326531202 0.2896819143001518 406 365 326 367 
0.7729842353519604 2.2104478985277773 0.744706461951669 3.4848253213324365 3.1159361887280688 -0.2134003987938808 -0.10381702803832231 407 366 327 364 
0.8237035147450122 2.315373114498049 0.6241735959361473 3.49345730925934 2.9023804506684443 -0.26079041967017225 -0.4646114938180443 404 403 363 365 
0.5849227439453969 1.9141787070379932 0.8644428332969954 3.454937605602087 3.343786069642142 -0.14539398096544165 0.696202508478446 368 408 364 329 
0.4991623704206984 1.747966553784177 0.8587579487317462 3.4309502111561585 3.3658543985162455 -0.10872520252299737 1.0950407985988315 367 331 369 371 
0.432608598042694 1.5833843022149658 0.8203352913066531 3.4081388465571916 3.3407346022957936 -0.059234702691108886 1.465985433381945 368 330 334 370 
0.8903813102138075 2.2139691487801985 0.8584131815884103 3.426628981602475 3.2155888493680873 -0.20996283601228022 1.5087078397494282 369 372 414 371 
1.0134605388692055 2.3590993330314927 0.8935978650115972 3.4465622637517646 3.2290125712066313 -0.25813888883363656 1.1688876375163133 412 408 368 370 
0.7890874779936046 2.0660524830904268 0.7582280257498113 3.421644610079599 3.1771466505025767 -0.14193264304345987 1.8072087250580178 334 374 413 370 
1.2609267849966277 2.4551160742289078 0.5562825142417377 3.4890265812327184 3.024371199054395 -0.1685263225785603 2.026972615684792 413 374 
0.753827573570558 1.9363472037184466 0.6087238620368921 3.4217136511809696 3.1228112176367 -0.0560892886201869 2.0589461096085264 372 333 373 
-0.2692140842499476 1.8444194515645658 1.111242661529054 3.4531056949950663 -1.3254338329062918 -1.3653575073855637 1.8005819960895526 378 338 379 376 
-0.5955684569458826 1.9838518902405016 1.2063316591436275 3.496285269266165 -1.1191416440843305 -1.4368709476222121 1.6744811412708478 419 377 375 381 
-0.6807147546733127 2.0059836372635984 1.1705280461751313 3.5135241747517427 -1.0175397835202278 -1.418224037997062 1.8624261666030366 420 378 376 
-0.3325844697861459 1.8595781940021574 1.0844693749206609 3.455599620472783 -1.2280510531796152 -1.3455134921303205 2.000468080156511 339 375 377 
-0.18115905680486402 1.8306670601914459 1.2100080960089366 3.4545521706588556 -1.4293453415786408 -1.3657891028319498 1.5632113468328475 381 375 343 380 
-0.1777735432777685 1.8302249419391303 1.1467786394588566 3.4601485705960586 -1.521254160258059 -1.3495879446828427 1.2854148629099948 379 344 382 383 
-0.48321237082357194 1.9554279380937452 1.3247345799037271 3.4784681102831065 -1.2257862420270937 -1.4357265773788546 1.4558381483266274 379 383 421 376 
-0.15366967838228288 1.8259096107315118 1.1108127147892133 3.466062631924765 -1.5818874383470107 -1.322473168957413 0.9694320755628264 347 386 384 380 
-0.5015825704832579 1.9688255321653296 1.220498680285322 3.4893881693676856 -1.320032864700441 -1.4185321643983277 1.2079378686190858 384 423 381 380 
-0.4879621708333963 1.973283503756303 1.1454922469261881 3.4948867204945775 -1.3821912866556771 -1.3936786672170518 0.9318064916228029 382 387 422 383 
-0.09072498111921055 1.8237050297253579 0.9770894299659478 3.472194050751462 -1.566942919617044 -1.2300149498015864 0.2683594876133518 349 389 424 386 
-0.12792466297723995 1.8257334038511646 1.070339360345058 3.4734501305266283 -1.6000266567009866 -1.281396770117273 0.6254291392732515 387 382 346 385 
-0.46553708053773885 1.977696565202122 1.0681030584722506 3.4980336985189413 -1.393006137949456 -1.361469130094416 0.6320830052145016 384 386 424 426 
0.03505712452663431 1.8019046811199413 0.8237978148345785 3.4631879639138274 -1.3280494648488737 -1.108743478711854 -0.4429309791693816 427 389 350 390 
-0.03409613255380108 1.813846225827775 0.8901216148443766 3.4665480661097208 -1.4766781456949563 -1.1728728735755864 -0.09035901983362984 430 385 351 388 
0.07849494370301621 1.781859306438596 0.816548430950603 3.4599120835727954 -1.122235267202155 -1.0316227420629747 -0.7802633164257983 388 352 392 431 
0.2004053263154698 1.7412856411802689 0.7952863789230721 3.4525112386487034 -0.5462243489036398 -0.8331236074111087 -1.3644008986301754 353 393 395 392 
0.13738491362245725 1.764401313947329 0.79856646027221 3.4558894985816364 -0.8608465888239842 -0.9387448897519509 -1.0914239742385927 433 390 354 391 
0.2656706012216117 1.7081124490996247 0.8096253351571803 3.449602969355793 -0.1836960660653228 -0.7177527502656903 -1.5863642458424159 357 394 391 355 
0.02205081344368288 2.0534201668910055 0.48151944521441653 3.4971309505833807 -0.04014028051090267 -0.8990619867905327 -1.3727255755595835 396 435 395 393 
-0.06999922713892032 2.025844155288634 0.5207690803104136 3.4884375516983233 -0.37252541836581177 -1.0023507798088882 -1.164377430167753 391 394 436 433 
0.12124146450275614 2.069922830679225 0.4598519962034043 3.4970723021124814 0.3276877500976662 -0.7880228861027946 -1.526814404479755 398 437 394 357 
0.2582948192203553 2.0634415511731756 0.49267593588524955 3.493678912170463 1.130595274236783 -0.5522723429207684 -1.6358040677494672 399 438 398 358 
0.20949948122429865 2.073650828528216 0.4637494871943467 3.4934760588069733 0.7214962307824682 -0.6721042047134427 -1.6172508047367895 439 396 356 397 
0.39255277790268617 2.0532286587827575 0.5463217464428928 3.4803687421473604 1.5473499140711229 -0.43531281263499155 -1.5782414887071854 361 402 397 359 
0.7248434399030416 2.3942972541735577 0.34265323497945577 3.5004053177717873 2.2989215624205235 -0.40699973494672037 -1.0214526870047842 403 444 401 360 
0.5941676561604062 2.3804820758240597 0.24189319891835664 3.5028681344697916 1.935858165165477 -0.5059303030053794 -1.195975525600437 361 400 443 402 
0.4193183274694264 2.3423316121509674 0.1889480155679257 3.510548736035027 1.5555254423931368 -0.614515688024287 -1.299624346674568 440 438 399 401 
0.8156410240380412 2.377854576745695 0.48408328040506127 3.4972129860872894 2.626408808775966 -0.32441566452178183 -0.77510648674487 366 405 400 362 
1.1497674938271465 2.598259301277922 0.4347607759545893 3.4965754067855865 2.7916828267532687 -0.400859845587185 -0.2554455095002274 407 448 405 366 
1.0280684367192459 2.574548202525819 0.28695933349090663 3.4987646000825605 2.5385637404320036 -0.4637004857658624 -0.5303256740168945 403 404 447 444 
1.1956245552827875 2.5580872656204288 0.7491490730450512 3.488663665808076 3.1262703057850625 -0.32062459512830477 0.4296611182729689 364 408 409 407 
1.2044640974879464 2.595452264422924 0.597051042275753 3.4961290954122295 2.9894175017323255 -0.354531792045067 0.07038625336743691 410 404 365 406 
1.1252904892332671 2.47834906110609 0.8557290961242031 3.470743921854655 3.2034036812533158 -0.2919266300612127 0.8026661823296832 371 411 406 367 
1.5300877990284565 2.742217617536169 0.7218290095250175 3.4855144391770176 2.9582580678282606 -0.42756410395014727 0.6097637941779728 406 411 449 410 
1.435563264237717 2.7197721055467525 0.5465426479795797 3.4941256480484384 2.837899005601982 -0.4622946849338799 0.2928211202974395 407 409 450 448 
1.5393647076121504 2.7318951710628303 0.8677131168616798 3.473403516624692 3.029040744368893 -0.398017594570667 0.938003052143878 412 452 409 408 
1.4702346749500328 2.6878759059964734 0.9382831816022477 3.4611995984453547 3.0585834459183427 -0.36440799080117653 1.2591137188641377 414 416 411 371 
1.2722290548978563 2.517051291490821 0.77458955030896 3.4517408074633424 3.044633832291663 -0.25297197313685055 1.812590687364183 372 373 417 414 
1.3633487650378602 2.610743870221068 0.9107001443604421 3.449512393185146 3.059344458719373 -0.3179411050085535 1.5552907952156032 415 412 370 413 
1.7905938130035681 2.836311682848355 0.933767022200882 3.473796768799078 2.8907983945965894 -0.3884844397075247 1.593923070631193 414 417 418 416 
1.8685941758889415 2.8753647344629676 0.9627165747502123 3.4821682390288693 2.873731664675814 -0.431378375077219 1.35282562102659 455 452 412 415 
1.7427918136574099 2.7773402628218635 0.7506328425395523 3.481303957862926 2.904557105725202 -0.32971435856854825 1.7994296213511525 415 413 
2.0912513096945426 2.9386999307878603 0.9177091926109521 3.4993950935813403 2.7296593589533598 -0.4286147921029416 1.6145208594747942 455 415 
-0.7058850474908425 2.0231246463233563 1.19153621576194 3.5254157998129556 -0.9107336795599054 -1.4752370328102398 1.5363486915506965 459 420 376 421 
-0.8074604090887342 2.04571594210224 1.146733946407429 3.550961099504947 -0.7998328298236834 -1.4546239863020147 1.7208512217967067 377 419 462 
-0.5580439819774363 1.9832262893906518 1.3453611295230437 3.4925417885907675 -1.0213424567731133 -1.4740195368361255 1.3274025135051906 423 464 419 381 
-0.6242889465232853 2.0126747807010363 1.150330632498924 3.505339571405243 -1.1989112547925553 -1.4321530568463972 0.8877718852135437 423 384 426 466 
-0.6116730741667463 2.00330995027118 1.2328490462964896 3.5026220443713894 -1.1211053459030889 -1.4556991923688383 1.1063061993577548 422 469 421 383 
-0.4141516687669404 1.9836448173731909 0.9188852435295839 3.4955770934831976 -1.3464699791061352 -1.3252808532439293 0.3198873413461131 387 385 430 425 
-0.503366498816858 2.016962438439241 0.8824012069829402 3.5021054887725906 -1.1270376107579156 -1.3922365578763645 0.41641551658203335 426 424 429 467 
-0.5954821763537208 2.01640389842136 1.0492767792291007 3.5049902643564477 -1.202304257638708 -1.4106483416104758 0.6644292545414743 425 466 422 387 
-0.25401521644246944 1.9867446962572664 0.6790279344281082 3.4868544986863657 -1.1019344003970646 -1.2368589116116366 -0.3168787348615529 388 431 428 430 
-0.3082577890304776 2.017046866187513 0.6416127310213472 3.4948527546485333 -0.8688955249608579 -1.33360886085554 -0.14591368138388308 432 472 429 427 
-0.4012606711729645 2.0131716762315355 0.7476532393900587 3.4963336629779294 -1.0155121980665545 -1.3682445679345148 0.14192526850444367 428 470 425 430 
-0.33844305856028517 1.9796198724709648 0.7844607492949707 3.485515602557354 -1.2487602593243645 -1.285101968607687 0.0019541866087303995 427 429 424 389 
-0.21241386386682562 1.9902415708174466 0.6402249353890509 3.4867926238293196 -0.9063454010835342 -1.1741326991988217 -0.6256245746457378 433 432 427 390 
-0.2892108766390389 2.0271035575338057 0.6060348640008065 3.497773494197117 -0.6824402876363873 -1.2824968418471452 -0.4281581738446648 431 434 473 428 
-0.1472835201979931 2.0050960362703045 0.5763707676403051 3.4863203739118265 -0.662604844106964 -1.0948508264009333 -0.9117958116452256 392 395 434 431 
-0.24218287167324273 2.057041945637924 0.5240496903036422 3.5036090257654933 -0.4533044506057851 -1.2140035897741477 -0.6886598050457137 436 476 432 433 
-0.0942848739954559 2.152985185913591 0.3465589786884198 3.523168965724112 0.12029974150159653 -1.0414725102511935 -1.1009445140466605 437 478 436 394 
-0.18026916148662198 2.1004860821106908 0.4346877262228757 3.5129983656947545 -0.18428032316967422 -1.1326386524930458 -0.9160999550994792 479 434 395 435 
0.013052907694940738 2.204636913006387 0.2714613405732874 3.5280045311643202 0.45443033555377804 -0.9429143661174653 -1.2366940938712634 396 439 481 435 
0.20885013397931193 2.284715177514508 0.1889107592914811 3.5244714714793295 1.177339282417837 -0.727355124926091 -1.3400557142110963 402 441 439 397 
0.12406852553142597 2.24918679128326 0.21872513176452246 3.5267285198663707 0.8095542327342088 -0.8381781081300654 -1.3186598947937371 442 437 398 438 
0.4035201497352822 2.372397298322216 0.12812960229580067 3.5193614046821224 1.5740032556588037 -0.7547669168576197 -0.9511325238843644 443 486 441 402 
0.1591187069285138 2.2796577297119347 0.1842423620982593 3.5325730135451887 1.2350377149765428 -0.8680258586918831 -0.9726783638712726 438 440 485 442 
0.08255357267655691 2.2328143342464934 0.2498484741358237 3.533242467336534 0.9053249153736914 -0.973013222964324 -0.9569934542256977 483 481 439 441 
0.6278082432528673 2.454300899933882 0.12159190037954491 3.511293280432217 1.9151707941574674 -0.6445048635087693 -0.8797641376132026 444 446 440 401 
0.8347621305328837 2.5214858517412413 0.17263320879654667 3.5046705560499083 2.241626534251953 -0.5454752776715854 -0.7407522711124093 405 445 443 400 
0.8222069471830512 2.496648635784457 0.20490386905794156 3.4947050096820838 2.1949144994682634 -0.6466205095927466 -0.4220932640894693 447 490 446 444 
0.5834042953184142 2.3900121766569598 0.2175515706739449 3.4945222342830453 1.9129723730245884 -0.742774065816961 -0.5394025349771623 487 486 443 445 
1.077592765532113 2.5978879091289726 0.2693608142497986 3.4957868110331196 2.4496758987736507 -0.5685081303924593 -0.23745851936425655 405 448 491 445 
1.2824369843203354 2.669946457679747 0.3888286164470122 3.4954509104973384 2.666846008683728 -0.5081197199825773 0.005100636022756324 451 447 404 410 
1.8235969753593422 2.8620388745755423 0.6934259951222024 3.497674687805316 2.7791442699488407 -0.494367364970144 0.8133177116814618 450 409 452 454 
1.6559886508546853 2.81103066427377 0.4900096940273746 3.5013761414310425 2.679164121782467 -0.5303876232605241 0.5420681690185505 449 494 451 410 
1.4396978674569894 2.7427974625484994 0.31219462680697047 3.5029493814201507 2.539661518021465 -0.575845934181387 0.29142651597853375 495 491 448 450 
1.8970825832106835 2.884362213987892 0.8714560093898821 3.4905372100267065 2.8410091685766607 -0.463928171326127 1.0882367522121716 411 416 453 449 
2.1366551004359096 2.970217867834386 0.8819845904058531 3.5234470542376215 2.6618818364108567 -0.49225833495041416 1.2365675382186285 452 455 456 454 
2.0135073057754584 2.9289879836033954 0.6915936539542759 3.5212016063128253 2.6076272955026716 -0.5219349896481558 1.017241486387289 453 457 494 449 
2.138365176296061 2.972841234793532 0.9707039146673072 3.5154654005866957 2.697685366583525 -0.4636948008722135 1.4371993927942952 453 416 418 458 
2.406161678689296 3.0607603882536867 0.859132094660189 3.592558132246674 2.5057344442459533 -0.49168000367935016 1.3692082053042065 457 453 458 
2.2652396587392487 3.0159637334697686 0.655476933243946 3.5840141250167665 2.453361864810525 -0.5189662271891493 1.1968041467408694 498 496 454 456 
2.427815941919574 3.0675269923636623 0.929484091148645 3.5877117276005657 2.5472046136686157 -0.46971084989719547 1.5088503851269306 456 455 
-0.5659602229549805 2.0079979780848243 1.0469085717952624 3.5313565183380966 -0.7124122122866661 -1.4998850453049033 1.3847414217453142 462 419 464 460 
-0.27272164428766843 1.9765781836130685 0.8530895210485238 3.536084778702784 -0.5293423318093314 -1.5267530905554345 1.2186276562672773 459 465 501 461 
-0.4003114680136954 2.0076861952140366 0.7444624410113169 3.5781663830934636 -0.41511482427845836 -1.5007414253802858 1.4284671301075744 463 462 460 
-0.6810504470077682 2.032817263621357 0.9781398233675204 3.564233373520656 -0.5941135055539213 -1.4758220210453683 1.577267117526522 461 420 459 
-0.12239705310790384 1.9799460623914706 0.5809704044949618 3.587985116585523 -0.26398100862087437 -1.5312606940793116 1.287012916505426 501 502 461 
-0.37495067160405726 1.9569996059312285 1.25860749524697 3.4892428443958137 -0.8242615681478801 -1.497666016155046 1.1733540590187979 469 465 459 421 
-0.027475627214663467 1.9126609408832502 1.1392798462093157 3.494246800664423 -0.6388321101114813 -1.5197460743848734 0.9936916492927459 468 503 460 464 
-0.5400904925238951 2.0049276269954386 1.076557294598549 3.5052845798231314 -1.0524533805544256 -1.4459798028408164 0.7726435173964358 422 426 467 469 
-0.37992224748087816 1.9943784963153757 0.9241449352775951 3.505420354812041 -0.9276839618017891 -1.4447266322009265 0.5693290954663549 468 466 425 470 
-0.23497548546520636 1.9658726857292745 1.003810351319462 3.50606994704198 -0.763109780886542 -1.4872170507341753 0.7702434129017076 467 471 465 469 
-0.4784195025849182 1.9868187516774622 1.1464993658374791 3.501012739330839 -0.9338875784913259 -1.4751911707183178 0.9608465001453035 468 464 423 466 
-0.2538266540835881 1.9850215331921712 0.803891259332527 3.5019251487157876 -0.7947925496689344 -1.4352992902427693 0.326270599906864 471 467 429 472 
-0.03873377630076154 1.9489853783829663 0.8987082206111182 3.5113477666765935 -0.6037689585794364 -1.4925111481314 0.546416066140352 470 475 503 468 
-0.15777804931879094 1.984578978461931 0.7192158335360687 3.502106009237794 -0.6474280814994783 -1.413008784252059 0.0622177712288867 473 475 470 428 
-0.1862625660023092 1.9972413307155341 0.7224757690802369 3.511831878303687 -0.47007031724693316 -1.3716027191636457 -0.19944435648476705 472 432 476 474 
-4.6582606345554883e-05 1.9468329594094507 0.906782303722216 3.5246972565860215 -0.2777997518480288 -1.4537919361837879 0.05190310450395699 473 477 506 475 
0.09108071005830103 1.939143326273749 0.8394350837282671 3.51466585089978 -0.4492539516759061 -1.4847344994957319 0.30055584989426243 472 474 505 471 
-0.18057517073847115 2.024868128731202 0.655093278519707 3.518975746667689 -0.2527893411702177 -1.310350353023177 -0.4396190387891985 479 477 473 434 
-0.044376613686412686 1.9611255700740968 0.8815471645139579 3.5294484467107523 -0.0715924191954863 -1.3978740154280391 -0.17748306589217247 474 476 480 507 
-0.10935478410288524 2.121146097514223 0.4461748445265359 3.5334499031835747 0.28025800525904027 -1.153375462432072 -0.7991055344749487 481 482 479 435 
-0.16114422629501318 2.066406846665681 0.5595704928210524 3.5263481425185024 -0.0007005684210441027 -1.2357079334188001 -0.6437952081751447 480 476 436 478 
-0.08807641219769165 1.9842165928508242 0.8128856929814509 3.5304305846688697 0.1645748257024522 -1.326981339034335 -0.3640520904164468 479 482 508 477 
-0.020434839769257713 2.1797082290243197 0.3367507607428421 3.5360090111441638 0.5847972328771045 -1.066383248668145 -0.9016245281833527 442 484 478 437 
-0.09962432399169434 2.022623736598881 0.7074553335145876 3.5312878831007337 0.42335018840782346 -1.2504078160112742 -0.4889970918769587 484 509 480 478 
0.035233170904927995 2.1162104005053286 0.48616829911740383 3.515237075668856 0.9954869162747595 -1.090804464230172 -0.5500271306434638 484 442 485 511 
-0.053292477570533625 2.071733175643223 0.5881320806937841 3.5279725045446084 0.7001802419163101 -1.1729605205700828 -0.5483524006846259 510 482 481 483 
0.09819547729057777 2.157582668904153 0.41688369633258715 3.5138184995917654 1.3044448899992702 -0.9812518057843623 -0.5633009074726779 486 489 483 441 
0.35171166048421804 2.276411977857083 0.2962897739905195 3.4980398002196322 1.6136508253290711 -0.8550616104555959 -0.5843832495518143 485 440 446 488 
0.5493841334795879 2.4359335127754926 0.0637727654009473 3.527087288903699 1.915744198859958 -0.7976102537219145 -0.1987315745268866 490 512 488 446 
0.24295832718499585 2.320232833245013 0.10623592299611764 3.546479013050432 1.6610105019883405 -0.9048039622135672 -0.23433748539856225 513 489 486 487 
-0.06671628367872354 2.1903703545967534 0.21587240494031612 3.567018446561103 1.4002429185833387 -1.0275631333177198 -0.1862342699742005 488 514 533 485 
0.8533200755374383 2.5471066008601393 0.08174178246441022 3.5149546387664286 2.1528780758931383 -0.7068165632854919 -0.0907951853268137 491 493 487 445 
1.1741258823268788 2.6591942452314914 0.1711811609512914 3.5086927899712874 2.3630146288995904 -0.6333394598285496 0.07645266661789615 492 490 447 451 
1.2450887296881141 2.6856309245736836 0.14414082312242513 3.511901302296372 2.2746300635026557 -0.6575386279482405 0.38463431868848913 491 495 515 493 
0.8812371295322211 2.561373032468491 0.036476791981327 3.5184526931472235 2.104297707306234 -0.7258692929665149 0.23218089500351569 492 516 512 490 
1.7949611710687388 2.8597837395693806 0.4782907938625871 3.51445839588544 2.5262038303034915 -0.5583101675846021 0.7909469691596557 454 496 495 450 
1.5434481137484686 2.781408361130442 0.29678914610087215 3.5113908753830914 2.41524374920835 -0.603026796442318 0.5751047393628828 492 451 494 497 
2.0227477117431762 2.9379323195133655 0.42463293458699175 3.5628695960742425 2.387551538483092 -0.5528531158844973 1.0161659833379608 457 499 497 494 
1.7478456188754183 2.854136734183274 0.23470151823753177 3.5487303851684273 2.3002744988199284 -0.5954599641205365 0.8341970996554691 496 500 515 495 
2.4372024971138653 3.068494241490992 0.6261751649225596 3.639493179152643 2.3094688103064867 -0.49787847706621446 1.3317105617741543 499 457 
2.2190465208775643 2.997164788774138 0.39252074708967766 3.616120023802451 2.2604946941603883 -0.5233180648973517 1.2071991848445054 500 496 498 
1.9237960935316334 2.908212385597362 0.20679243621514087 3.5867716136515804 2.1965838017471357 -0.5614115468757954 1.0608953890236967 497 499 519 
0.011163056316245246 1.9442244582453745 0.727144079137421 3.5412046755324216 -0.3573713094514499 -1.5588969173466396 1.0402501441751901 504 463 460 503 
0.09720927240723572 1.9467801046768192 0.5209985823294716 3.5778734942092743 -0.14706586423019946 -1.5622866836327294 1.151940988612751 463 504 
0.3064973915633966 1.8766722076620583 1.0751626568586854 3.5208112605787463 -0.46164553281546694 -1.5416898627286986 0.7888270401477548 505 501 465 471 
0.2466368868488581 1.9033147062728348 0.6862464574023146 3.5304707323709965 -0.18671927238641112 -1.5905080309532256 0.8515426264397392 501 505 522 502 
0.5522701147666814 1.8373657918373476 1.0509970126058608 3.5360022373646216 -0.2808996593514281 -1.5568898535990643 0.5614893076134526 475 506 504 503 
0.40982861282536054 1.8431613179949322 1.202995044641781 3.543890492659047 -0.09906873172511366 -1.5415250174933832 0.3131593989126308 524 505 474 507 
0.321763434498466 1.8338822111586415 1.2750013484026848 3.547184022875912 0.09230184405116472 -1.4917015970467529 0.08176855355384263 508 526 506 477 
0.1807362386149159 1.8088122286933812 1.3167346789969123 3.5371418842080895 0.30890978380002365 -1.4285125741737925 -0.08661704022268749 480 509 528 507 
0.03192944379871015 1.7840593512309897 1.31690381313716 3.528031857913866 0.5425970424391745 -1.3610571504724225 -0.18247184079884973 482 510 530 508 
-0.07825871338298536 1.7765724779932621 1.2886209079002342 3.5304506844474273 0.783554299955377 -1.2958651566312493 -0.20539237566125224 511 531 509 484 
-0.12233284274053143 1.7831651130909105 1.2465442056021072 3.5307918161098946 1.0250344009903958 -1.2357302241362245 -0.16035426454484922 483 533 532 510 
0.5408954278502613 2.4432147378964375 0.0010654265214674681 3.53601447838555 1.9084862398690996 -0.809056077230538 0.12984943142879454 517 513 487 493 
0.19404244965073342 2.319383946954519 0.031203372823528478 3.5630505467131903 1.6988019867547532 -0.9038618209145237 0.0898263934764941 518 514 488 512 
-0.16510535622730083 2.1758335485192593 0.14043427570536451 3.5930869291666023 1.4951535321598604 -1.0050377041871597 0.12207410756106271 513 536 535 489 
1.4190045263781341 2.7477481073497323 0.05649110028506499 3.537820970692425 2.186153417686731 -0.6476990892454877 0.663389148733142 519 516 492 497 
1.0063454162894026 2.6046654900885406 -0.10132302905466795 3.5352192799619124 2.04804128029047 -0.7109442542610145 0.522854571839536 520 517 493 515 
0.6155284568383503 2.4683257420071776 -0.18110613303472012 3.550643915344571 1.8895333060955841 -0.7854560177440048 0.42501722713664514 516 521 518 512 
0.20025131334027724 2.3163763299549576 -0.19336437848426297 3.578190598347809 1.7174593493173453 -0.8691952698594902 0.37724986632622926 517 538 536 513 
1.5660920042499897 2.7918805139502587 0.02527704338001654 3.559847217325907 2.0965189920307017 -0.6137321265999794 0.9017109250512282 500 520 515 
1.1394222900260598 2.639544207479772 -0.180339704681271 3.5501812596469993 1.9807833695099992 -0.6731213910214625 0.7687323296626453 521 516 519 
0.7211824539561564 2.489640856085086 -0.2961293202282953 3.560076152414839 1.8546634156125847 -0.7385778873052151 0.6765934598874309 538 517 520 
1.6291287946660409 1.6013708448746886 0.7426237770966051 3.6475557798499794 -0.018691967510468466 -1.6485577139891887 0.7341338123707578 524 523 504 
2.4589445537077674 1.150848241844258 1.3305204092621092 3.769399246776958 0.1322824485578176 -1.7499247715564674 0.7254927909517612 522 525 
1.3181542826013917 1.5938051225750336 1.7113899703478395 3.6783132316435556 0.07733625785023149 -1.6464983414108225 0.5041055757402597 526 525 522 506 
2.1094378231284527 1.1320019875550478 2.3134745093487648 3.8589069916503314 0.23921441654552444 -1.7764580355747193 0.6064806923681467 527 540 523 524 
1.0308405296248329 1.5684517078229658 1.9247069024574914 3.6586353501137254 0.241110192235187 -1.6125270084322048 0.31005238211634806 528 527 524 507 
1.789726578084483 1.084869918363093 2.6711989288405005 3.867704513749438 0.3736404637030137 -1.7666027944231684 0.4808547542319014 526 529 541 525 
0.6236264440144188 1.5039159993119495 2.064727730304016 3.6155487191184497 0.43109966019483403 -1.5640533560770344 0.17127656593565632 508 530 529 526 
1.1825053669618657 0.9765354539881428 2.978584699485686 3.8174522204378842 0.5339216443980994 -1.7360423926929438 0.3774026922832979 543 542 527 528 
0.21234613393898744 1.4281272960911275 2.116939626540487 3.5938117990296594 0.6356328014769577 -1.5099124701171942 0.10044751005410403 528 509 531 543 
-0.15681721928966003 1.3835892630887805 2.117797419157271 3.6312166607338607 0.8359793814162282 -1.459364858626639 0.09801705813934 532 545 530 510 
-0.5331402259479088 1.3491679759155826 2.0670817315897687 3.7083953613138996 1.0116214985867673 -1.4204193049157205 0.15434333341057616 534 546 531 511 
-1.1870638825630284 1.5735034673112727 0.8648085106913586 3.7667914251210406 1.2174601874023807 -1.1841160649902045 -0.001091082826816147 489 535 534 511 
-1.8405314219654074 0.9504207572692069 1.622452226621534 4.025277625043997 1.1470588667539223 -1.3707454838792357 0.2599555700450411 533 548 547 532 
-1.3715396956059425 1.4989847039850694 0.6790601409732744 3.8068516212575325 1.3330947906350372 -1.1365016859356625 0.23276630326947967 537 548 533 514 
-0.2543693641729583 2.123444276472963 -0.1294928949072368 3.6101223483612195 1.5423385923256894 -0.9614075228130499 0.3836323492431039 539 537 514 518 
-1.5557002486221942 1.3254245123049364 0.18210265892262242 3.8181621297772246 1.3884663690046033 -1.087237248855784 0.4412863826166488 536 551 550 535 
0.26520866341931243 2.3119320988926297 -0.34652146819726476 3.5806266056286358 1.7113413496646 -0.8145809705412644 0.6198227138501625 539 518 521 
-0.23295267723663113 2.0828680560606876 -0.31765494115309384 3.6031388275975353 1.5505077158675624 -0.9071270623105474 0.5996103463220608 551 536 538 
2.7341014198901643 0.1648603440498104 3.190822025988287 4.04801349627281 0.36587155410919175 -1.9394340737069407 0.6741247264284799 525 541 553 
2.521262484729755 0.1180974425660069 3.4445234902950537 4.075776273275216 0.47723835485762056 -1.9436883766697548 0.587014066663507 542 555 540 527 
1.769404868605808 -0.0052765510348231305 3.8576009254425365 4.033722494177645 0.6160797584095479 -1.9297224542069973 0.5084631236817496 544 557 541 529 
0.4596554069522394 0.8103828684871814 3.1242759861385228 3.7691922547470837 0.711884584753414 -1.6952326313940351 0.32498167139029455 530 545 544 529 
0.7802990832828632 -0.22374932017835117 4.052620758315538 3.9610324365645324 0.7811427862992683 -1.8996596629201608 0.4667058785612469 559 542 543 560 
-0.26623603784031896 0.6493419226792095 3.1821706449433322 3.8453807419969763 0.8862670299982913 -1.6537282072089925 0.3314792540342016 546 560 543 531 
-1.0398149504397773 0.44009148280538785 3.158884103728287 4.031695118802231 1.0378449409358126 -1.6143480822307288 0.3854658950752976 547 562 545 532 
-2.256674945471066 -0.2269944246087525 2.8416049231943803 4.365093943675151 1.1560901171611533 -1.5549281986943537 0.4708187216119555 549 563 546 534 
-2.2190106112390118 0.6789968124669119 1.291244797167412 4.090443935498317 1.2412585293239906 -1.3061549206846665 0.4016439387930831 550 549 534 535 
-2.7591164089790348 -0.8362913758629262 2.388493109917779 4.4374403527995625 1.239030571889574 -1.4770222337141445 0.5788440480576831 565 564 547 548 
-2.507297427268066 0.202476632169846 0.6267298702682688 4.0692105971687935 1.2909983886311527 -1.2490451318689213 0.5496076281413386 548 537 552 565 
-1.5289884316424744 1.2237307395772028 -0.12500849812146295 3.7759317625308015 1.3988007913697202 -1.040166558672051 0.6118886386193894 552 537 539 
-2.4744605839716756 -0.056639886937656966 0.23339867648505797 3.973401999240831 1.3030272624304002 -1.2010558047017164 0.6755534457914332 551 567 550 
3.099378984649089 -1.1960257266848855 3.8286407234400945 4.2040081315641515 0.4344574198126884 -2.1197383347268794 0.7129993245571001 554 540 555 
3.2144912353402315 -2.174304749378258 4.04502059980992 4.3197484151265835 0.4517105399696722 -2.2748082566803047 0.7268015112679661 553 556 
2.9323583969130698 -1.2097413157377936 3.992448052453186 4.225987582738419 0.5317618005443041 -2.128008113102747 0.6399164548780505 557 556 553 541 
2.9979370063483164 -2.15486627307681 4.242028150630105 4.3461021060679155 0.5424410186780109 -2.3012727698790356 0.6606579843883214 555 558 554 
2.134977630161033 -1.2419615329594982 4.448744226373991 4.242555663871334 0.6638007623171163 -2.127060932792749 0.5712679457900643 559 558 555 542 
2.2455672459820013 -2.1080957956801214 4.69987427414633 4.402741926875489 0.6777401411011468 -2.315107200085632 0.59284978078977 556 557 568 
1.080736047960289 -1.3623639254824398 4.636442851255882 4.180149564793879 0.833249375037536 -2.1016395567637964 0.5320062193082988 544 561 568 557 
-0.19901631784201151 -0.5025150961694878 4.1155707646683135 4.053634490244441 0.9534205994819189 -1.8555860819993184 0.47534352157273385 562 561 544 545 
0.0577039832097095 -1.6122339500975211 4.645666808551161 4.240721051468898 1.0255780806418013 -2.041527182637722 0.5418117933290164 570 569 559 560 
-1.060197167810203 -0.8807553848116475 4.100910600611233 4.282196534300828 1.111795613384683 -1.7971613653125416 0.5287994769345765 570 560 546 563 
-1.9423088812352665 -1.6420206517674896 3.8373579541580947 4.529594792496984 1.2372532181981148 -1.7144098431495065 0.6149855777932224 564 572 562 547 
-2.32800303318585 -2.432859262220082 3.3682285585306375 4.58165611312932 1.321305529636221 -1.6146575242901773 0.7249143185968013 566 573 563 549 
-3.0495336659971697 -1.7248036701284737 1.6345815002739068 4.445927556206257 1.2824217417253259 -1.4064035796271586 0.6950913648742337 550 567 566 549 
-2.3923389059848343 -3.4354917255534727 2.7246461001550117 4.615734232837524 1.3620902883690633 -1.5216372590356984 0.8457207577609329 565 575 574 564 
-2.971962158447192 -2.1312857312088185 1.2439926506034171 4.360541219031841 1.2933102848996005 -1.3493950986514323 0.8004707932618595 552 575 565 
1.2699336329895383 -2.1149864287286695 4.895721771284265 4.369061844679999 0.8621985745875957 -2.287676107849118 0.5514230856060346 559 569 558 
0.28578524744072065 -2.278174438468594 4.896436932722178 4.409808335368524 1.0909871588934672 -2.2013286721831657 0.564469112192735 561 571 568 
-0.7219042580017013 -2.0379248425148164 4.635091487729197 4.47421796991044 1.2108523098197692 -1.9498724220415395 0.6033049064473908 571 561 562 572 
-0.4121975507673415 -2.7517271537509282 4.91401742317997 4.662298225807358 1.3194220581422984 -2.0673056545774076 0.6426442447079412 577 569 570 
-1.3625911177913048 -2.79124657225728 4.436826603738279 4.717254207272931 1.354671511164137 -1.8353639309766898 0.7036015515289782 570 563 573 577 
-1.596766729049233 -3.5089559258224887 4.001348200830064 4.750973123900856 1.443867069710297 -1.7104178375871442 0.8272534444880421 574 578 572 564 
-1.5909155024210055 -4.351312633935364 3.3283415772249305 4.759129094748945 1.4826743712563295 -1.5917888043665251 0.9679974183910882 576 573 566 
-2.1534587604441953 -4.073488948649384 2.288326365165782 4.590299182174491 1.3710781685594913 -1.4495553459520327 0.9668923711259475 576 566 567 
-1.2979527778380775 -5.086666281224932 2.7699434753060275 4.8342803682872875 1.4797907224520104 -1.5009602261595778 1.1004049704027135 574 575 
-0.8740782507492769 -3.5585435011672093 4.788466581707524 4.947550558719995 1.4844682646729854 -1.9188678817771456 0.7626509183380243 578 571 572 
-1.0121506468815213 -4.230060060932935 4.4521065339334704 5.036639022035359 1.570223928717839 -1.7830076381274145 0.8887452446076748 577 573 
