0.000000000000000000e+00
7.204127880952008844e+00
6.216391228174593664e+00
6.458204927774907844e+00
4.977962291067548506e+00
0.000000000000000000e+00
5.319600503295387917e+00
4.884916343254561255e+00
3.897833340288547443e+00
3.924769461795052372e+00
3.456034733439641293e+00
3.432360899611620830e+00
6.862963464428135651e+00
6.850319055545379676e+00
8.175574671545215111e+00
8.201798212311389946e+00
5.085770466249986299e+00
5.080862207643807693e+00
5.974237253446455398e+00
5.981986653118074315e+00
3.810254430305873186e+00
3.814813629707479947e+00
4.382360278082658489e+00
4.382536869136988145e+00
3.245076725007832508e+00
3.261412508845106029e+00
3.437692298212137398e+00
3.427315996475496895e+00
4.546849896354201448e+00
4.375690366776579410e+00
4.450347475887646453e+00
4.144702688875870678e+00
3.619095840099003425e+00
3.981685075394780782e+00
3.274557771167303954e+00
3.118177772065615638e+00
3.183021697377128589e+00
3.212089298421228367e+00
4.270715188452972377e+00
4.954246550182226372e+00
5.692615312653170889e+00
5.808280163345388658e+00
6.317728635792478009e+00
6.334864924934851871e+00
7.163487613171849233e+00
6.964665066178634234e+00
6.412079070891036459e+00
6.939642303431681647e+00
6.093296811261126322e+00
5.865748584206650129e+00
5.301805911382891701e+00
5.284912309194932156e+00
1.053659695711132294e+01
0.000000000000000000e+00
9.461558178082363213e+00
8.730958982139815916e+00
7.455054171137964758e+00
7.027418109596776929e+00
7.963045352385316633e+00
0.000000000000000000e+00
9.455197758111539841e+00
7.880589615329800957e+00
5.340434949094717609e+00
5.219539731406532823e+00
5.730741135129471253e+00
5.861716331896404952e+00
6.400808764287674535e+00
6.387156874471203061e+00
5.830727487784363561e+00
5.630973176888267595e+00
5.245399717124406003e+00
5.369352671392690901e+00
4.916757815772284879e+00
4.943590123644954204e+00
3.482804559926843346e+00
3.684073238130675332e+00
4.099144945638002469e+00
3.826900746914538853e+00
4.193318017725182756e+00
3.993830551974871579e+00
3.639739636363183983e+00
3.440402476604374371e+00
3.094208830773895968e+00
3.255940612080730379e+00
3.105367591122873971e+00
2.935832812098397415e+00
2.933692004113678919e+00
2.618801112380880536e+00
2.740057390456194675e+00
2.488313565318470033e+00
2.624924081417225441e+00
1.911803477549695485e+00
1.950933708716240167e+00
1.778312069979723464e+00
1.808111638283204536e+00
2.106600159822020313e+00
2.127546174711286930e+00
2.370477187685555265e+00
2.794407901417668150e+00
3.346683061668777270e+00
2.559160462369757916e+00
2.611717637758084187e+00
2.251307904733020671e+00
6.018597306702314853e+00
5.815448799975368566e+00
6.639713445049260088e+00
4.779389220446710773e+00
5.362451131400662874e+00
4.915364549884933432e+00
5.146385779426188911e+00
5.802106247093874458e+00
6.505211519713844481e+00
6.825931990107910075e+00
0.000000000000000000e+00
6.077559357824159569e+00
5.768677111793545365e+00
3.302054787732393137e+00
3.212659803993229257e+00
2.853881179824201197e+00
3.645695170814203578e+00
3.602764002468739069e+00
3.198300292339917750e+00
3.234773737889908407e+00
2.892623600584040222e+00
2.814010845553988727e+00
2.511612026271979659e+00
2.517533940793986069e+00
4.114558498856527358e+00
3.836630353030344942e+00
4.339596901506548754e+00
3.663879712958779233e+00
3.824420079925534122e+00
3.959993472648901669e+00
2.048218840266423424e+00
2.268820014528409423e+00
2.221149842118412376e+00
2.533455807077209965e+00
2.355413653233862536e+00
2.568643913558727121e+00
2.431056336113185168e+00
3.299109153568975383e+00
3.287615951804281789e+00
3.866124797728633933e+00
3.804773599627465419e+00
2.944937574330126040e+00
3.360383427841246551e+00
4.075752503608411459e+00
4.050470348442268609e+00
4.635835370236573105e+00
4.557058487426966842e+00
5.035108792102369613e+00
5.288825210279006761e+00
6.091823528054294279e+00
4.440205478913558323e+00
5.317305292648902615e+00
5.326605124037332217e+00
0.000000000000000000e+00
5.671596474837109270e+00
3.383046170488979154e+00
3.428579878253265267e+00
3.037972514816944969e+00
2.957374264656085661e+00
3.685707892275244646e+00
3.781342584726363309e+00
3.479107629992345352e+00
3.543769319771417070e+00
3.102421506757116365e+00
3.079263075710138242e+00
2.763430974341441360e+00
2.711248955773193359e+00
0.000000000000000000e+00
3.639843110596078013e+00
3.794868680308331577e+00
3.723373686919190462e+00
4.942280811567931309e+00
4.790979600403213468e+00
3.905352837163576840e+00
4.225714897743680254e+00
4.227158738015307726e+00
4.695602192546397546e+00
4.478803686398533657e+00
2.678229213578775969e+00
2.691803361402995254e+00
2.577644245287110891e+00
2.637844648654801283e+00
2.848070569867545032e+00
2.736810528698494949e+00
2.890909178458748841e+00
3.030578095255506810e+00
2.848606070101813881e+00
3.153579789495866148e+00
3.158981783281441302e+00
4.708099832113140870e+00
4.507546172477404411e+00
3.897509041291118859e+00
4.166212280796472989e+00
3.611381502545336630e+00
3.825096237235274810e+00
4.398275529595096600e+00
4.377590011125621849e+00
4.831933925502301719e+00
4.902103952392087294e+00
4.684344396306219238e+00
4.358139138387383760e+00
0.000000000000000000e+00
3.915088061523891660e+00
3.878062504240912922e+00
4.088989827976448055e+00
4.050545287972630248e+00
4.319643590428116298e+00
4.293089421482218171e+00
4.156173546963169763e+00
4.172220478057743875e+00
3.679502920019853462e+00
3.590033591138764191e+00
3.777333981254722417e+00
3.455738058457352491e+00
3.572927199056767034e+00
4.279091287783150399e+00
3.744690948501669059e+00
3.481189448463727576e+00
3.522024366373936122e+00
3.687509440875220701e+00
3.371353638736299452e+00
3.483074495521833569e+00
3.458235526778925983e+00
3.125133193342936710e+00
3.401029066006593826e+00
3.623701101941438019e+00
3.471047127962452628e+00
3.698445236391350477e+00
3.577261006728774007e+00
3.867780547660645940e+00
3.496340440261337612e+00
4.540686956204017299e+00
4.254633102442303638e+00
4.404194922914587806e+00
4.389171485769913339e+00
3.972702314610383034e+00
3.770864385343513092e+00
3.983557613029996780e+00
0.000000000000000000e+00
3.580859065066465785e+00
3.171139049488174599e+00
2.817713426287348000e+00
3.213910913036037265e+00
3.102022938071341773e+00
3.325714001330068115e+00
3.326969266054292884e+00
3.385613444183850795e+00
3.643760760329036508e+00
3.357710749370384384e+00
3.514472390152663994e+00
3.072069855438698927e+00
3.583304240932803530e+00
0.000000000000000000e+00
3.766095702449061999e+00
3.561274687249244675e+00
3.792191401528904215e+00
4.062743804092140643e+00
4.345973529033534177e+00
3.968991587421798251e+00
3.926409492924459954e+00
4.358720145466796758e+00
4.355817893088066661e+00
5.400554349475416238e+00
4.907553971654393443e+00
4.074697091203034027e+00
4.681598309470651920e+00
6.537410271057193967e+00
5.000674654029928057e+00
5.259570282758627258e+00
6.955333668694158256e+00
5.283886520883187998e+00
5.283271951314440606e+00
4.380161348194195448e+00
4.813455890159711537e+00
4.225820488223411608e+00
4.926333453207544011e+00
0.000000000000000000e+00
5.727993298081427653e+00
0.000000000000000000e+00
7.570463684888346201e+00
7.145877196083279870e+00
6.990487679398242449e+00
7.231729899609987022e+00
0.000000000000000000e+00
6.893956191360028463e+00
7.025240271906389111e+00
6.256371750100275797e+00
6.108789181907347654e+00
0.000000000000000000e+00
5.598423668386977248e+00
5.825892625613629860e+00
6.075182483810379175e+00
4.718849975132734187e+00
0.000000000000000000e+00
4.512492756838440755e+00
3.811278273161452290e+00
3.811469911174654168e+00
3.583060232369043252e+00
4.293691154425682832e+00
4.123309851514187052e+00
3.501083274014203273e+00
7.763427402118241893e+00
5.590913152912512452e+00
6.113141859745691242e+00
6.922556157927408194e+00
5.727947399881252011e+00
6.788876304371730619e+00
7.831483526008601537e+00
6.469885445192593565e+00
8.629162065359640366e+00
3.121388226827817469e+00
3.648727876786654445e+00
3.388225671383169768e+00
3.535536082993050666e+00
3.212456947259053397e+00
3.789830657599887243e+00
2.786489318093215317e+00
2.929376704380801222e+00
2.992665507638353706e+00
2.947583732506024123e+00
2.820208435943459602e+00
4.097812074877320576e+00
3.743922374063582748e+00
3.628988815225417497e+00
3.262234451365974675e+00
3.171118637720521605e+00
3.448514116333962320e+00
3.361497623765310916e+00
3.718024402789166238e+00
3.961365487575465139e+00
4.483352192345395615e+00
4.751422343991912989e+00
3.959503027191551006e+00
3.344553531977986438e+00
2.832608092534059541e+00
2.771421696040222038e+00
2.930494596423730780e+00
2.718847024296188852e+00
2.621714002420546308e+00
2.538533884622021120e+00
2.398497204992612986e+00
2.456838671911065752e+00
2.539088331194745418e+00
2.676061926481533515e+00
2.336373457824250988e+00
2.948514065720651889e+00
3.078711442293488698e+00
4.826104336626612756e+00
5.191694542206555241e+00
4.992514776078063932e+00
4.435146349480338479e+00
2.097825058914098761e+00
2.161557254540845907e+00
3.241862422092619767e+00
3.001930009244255793e+00
3.231441945720597175e+00
3.316240787137586299e+00
3.347631243612708474e+00
3.687427206918878930e+00
4.513721022605095889e+00
5.542828427050401352e+00
5.200292085416489130e+00
3.506266341736810510e+00
3.679545722797659568e+00
2.997648913964610085e+00
3.610139728964901096e+00
3.366263827485555638e+00
5.881829103709746320e+00
5.298124136784077898e+00
5.635698393761531477e+00
4.867037563219387408e+00
5.080722029349475477e+00
5.271652835677842930e+00
4.344970710571509187e+00
3.621114730163834672e+00
4.058412692856891546e+00
4.481269981573126060e+00
3.943561254348433298e+00
5.474619524401909132e+00
4.419601657775500847e+00
4.515552901790720774e+00
4.597635731718551888e+00
4.701632154083685400e+00
5.031168793010349027e+00
4.788125207802955252e+00
4.543452259959908091e+00
4.528225653372333959e+00
4.309258232066753180e+00
3.336971524722226690e+00
2.902337000587854376e+00
4.384181527848776128e+00
6.241674984099802259e+00
2.867752275766474401e+00
2.687566154979707189e+00
2.607264810753056494e+00
4.017658520037696412e+00
4.409294462021351002e+00
4.170311356698929828e+00
4.616824767710042465e+00
4.332546816870321393e+00
3.812479021221209408e+00
3.470008145162002844e+00
2.674732306302742835e+00
2.711192450710784740e+00
4.771194212458137685e+00
6.464249055537357513e+00
6.217717950629141122e+00
0.000000000000000000e+00
0.000000000000000000e+00
3.224466301275939806e+00
3.505495129206387173e+00
2.964395643872148600e+00
3.004206325986895187e+00
3.164770198535423074e+00
4.956463385090303042e+00
4.749835129194979189e+00
4.165848801791316447e+00
2.660168975483882647e+00
3.465232624389474658e+00
3.550995435460479577e+00
3.425048765513818871e+00
3.500839977533407588e+00
3.682725545499172082e+00
3.643966758103518000e+00
3.871286719565527612e+00
4.610298484989639789e+00
3.545129638781862713e+00
4.154664414901023228e+00
4.896643821895834137e+00
3.459075922461513297e+00
2.329459335544432630e+00
3.067357602664002147e+00
3.980003691348275918e+00
5.514739242920097873e+00
3.085865257006385587e+00
4.801013510000856854e+00
4.583143539419884505e+00
5.006127893216340219e+00
5.445838575664756043e+00
2.459981254592111810e+00
2.289284647270998896e+00
2.222595491294069081e+00
2.063750077149636653e+00
3.421165296330462180e+00
3.327274506698945089e+00
2.840417984503539106e+00
2.338910756246927569e+00
7.099792164056418997e+00
0.000000000000000000e+00
0.000000000000000000e+00
0.000000000000000000e+00
4.103750051934968113e+00
4.408205047215988159e+00
4.354807295967470182e+00
3.919832520885828675e+00
3.553975415017596173e+00
3.125579125045693907e+00
3.026980499317538875e+00
3.182008102817528439e+00
3.163526464329125432e+00
4.964066663805118296e+00
4.270037905869141781e+00
6.338263549656241835e+00
6.319498086385769042e+00
5.805875667749969438e+00
5.689494565703196116e+00
6.420177370950604256e+00
6.981014001650423850e+00
7.177864669984235668e+00
5.862327399889012192e+00
6.085545949452689563e+00
6.937308896058366869e+00
5.280283065542092480e+00
5.291784133035310589e+00
8.752044581227261588e+00
9.466340145967116371e+00
0.000000000000000000e+00
1.055303743477317191e+01
8.003010548957012915e+00
7.070683318604142897e+00
7.481469766570778113e+00
7.928321951326678274e+00
9.510507210010581858e+00
0.000000000000000000e+00
5.853717646354629878e+00
5.715917624495534533e+00
5.201369127275933479e+00
5.318404359904827849e+00
5.826751636409629675e+00
6.396810665723471345e+00
6.407462040513383528e+00
5.349822557957219615e+00
5.228337765812608673e+00
5.629823164255964407e+00
4.913237170878590909e+00
4.882138046028281053e+00
3.806079750915111859e+00
4.067848645066472812e+00
3.629189341937971491e+00
3.440934580016899780e+00
3.633366735481742271e+00
4.002027801660860362e+00
4.191188369162885508e+00
3.229292327929682571e+00
3.086854142769982268e+00
3.449268844022246316e+00
2.888907137810117653e+00
3.036364833505390770e+00
2.711234694560360925e+00
2.619040004844064295e+00
2.941866346664006926e+00
2.551897724346438245e+00
2.447581866779058313e+00
1.794505486012268891e+00
1.809631180380217197e+00
1.972223283165794427e+00
1.903817592504340128e+00
2.443590114989627970e+00
2.186091432421975345e+00
2.144537925687909130e+00
2.592221000070245918e+00
3.435060316000722036e+00
2.891794749211171744e+00
2.225784711272321026e+00
2.626971669961962075e+00
6.684017838659165989e+00
5.857749635919072162e+00
6.055171438148802210e+00
4.943044421655588216e+00
5.404448591632591281e+00
4.816377723005752287e+00
6.548389221805073213e+00
5.865551126111637537e+00
5.201945117487172254e+00
6.853012442634383028e+00
5.818719665859304335e+00
6.132722851448698442e+00
0.000000000000000000e+00
2.887956944889989774e+00
3.241265493505920858e+00
3.323715915094033413e+00
3.249091962145495227e+00
3.631159257393387740e+00
3.680361369019397255e+00
2.858428371989659489e+00
2.958791541852176632e+00
3.284200321738718120e+00
2.569411671243400086e+00
2.530109015362652869e+00
4.353453926401409824e+00
3.853544706968876632e+00
4.149669043432997917e+00
3.689682199805395246e+00
3.994514892281936458e+00
3.855613815092675978e+00
2.257811808185662628e+00
2.285393430844879337e+00
2.045847552563160310e+00
2.426414107065212100e+00
2.590005503734928105e+00
2.504015684532741481e+00
2.670716308830839658e+00
3.851174188843580648e+00
3.927764248842625872e+00
3.320888052505013288e+00
3.313004900869806146e+00
3.413983800988319217e+00
2.938143710780685147e+00
4.145731611364747771e+00
4.160244836183144557e+00
4.630217241818630924e+00
4.717559173965796937e+00
6.155857616765901597e+00
5.354318283659664779e+00
5.103853715877744612e+00
5.384101652470707045e+00
4.506050574681114362e+00
5.720654297422728796e+00
0.000000000000000000e+00
5.387081885281680194e+00
3.010859070235553325e+00
3.093537098894037385e+00
3.451377973976267999e+00
3.437392698153688642e+00
3.524190484488355146e+00
3.824444492098153958e+00
3.688076837877285907e+00
3.117827175068645040e+00
3.142360841912677838e+00
3.541629472688808900e+00
2.776002420176709951e+00
2.839977421060473795e+00
3.829076422506029420e+00
3.671704820480810927e+00
0.000000000000000000e+00
3.775382420666297811e+00
4.904809474595073659e+00
5.001802741374426375e+00
4.269615163763849530e+00
4.008609194040670509e+00
4.488305132102390793e+00
4.803588869284358687e+00
4.328616443876747155e+00
2.740433302223198808e+00
2.674718695136723223e+00
2.802422628757424761e+00
2.790959355529336605e+00
2.843672998395898599e+00
2.924163703529891745e+00
2.976967709335945234e+00
3.145497398967367353e+00
3.018885673492206045e+00
3.271892820715728512e+00
3.245023412622990655e+00
4.241262546521277876e+00
3.943017712838940980e+00
4.572357829854209577e+00
4.739967533630141894e+00
4.483846467178194573e+00
3.954634312813825492e+00
3.710176913929438047e+00
4.999341213200638734e+00
4.831734775326864906e+00
4.413994949918251365e+00
0.000000000000000000e+00
4.395337032518329856e+00
4.697415184541308797e+00
3.964596421893543887e+00
4.090592934723389362e+00
3.897970380741589302e+00
3.872444691891525181e+00
4.167128496839990426e+00
4.072794186853302634e+00
4.158670663090100916e+00
4.276876095137676970e+00
3.609971393033723608e+00
3.656412412121382793e+00
3.600668937390249180e+00
3.423028207101229459e+00
3.745557925732053040e+00
3.683111846859233207e+00
4.234261981823644660e+00
3.631840605638179564e+00
3.470507071712332081e+00
3.405969803241307936e+00
3.469118713778024166e+00
3.303360268447912862e+00
3.438905997752119692e+00
3.214776749422445068e+00
3.525140858338092986e+00
3.594585432051153884e+00
3.672357816716076861e+00
3.960263807065205199e+00
3.680920087975523725e+00
3.829907738870177436e+00
4.568458384493277791e+00
3.513316973404510879e+00
4.293930828521572707e+00
4.342244872287800206e+00
4.191878416067197577e+00
0.000000000000000000e+00
3.955236240441594386e+00
3.734887985399409693e+00
3.949567512927187884e+00
3.532115826574366846e+00
3.036365468568293036e+00
3.198425931616672990e+00
2.764282735254118606e+00
3.079062062366889396e+00
3.348672756053741040e+00
3.227559972752950035e+00
3.247624664365264646e+00
3.408103033756904043e+00
3.251999080697574929e+00
3.518932225333554875e+00
3.456897461193048304e+00
2.977126148821632068e+00
3.501631197718838351e+00
3.729912258332091834e+00
0.000000000000000000e+00
3.859144288311758153e+00
4.252386009760211749e+00
3.976765578757567532e+00
3.681676028416462909e+00
4.303496825326075914e+00
4.273235446523053760e+00
3.835856847293104277e+00
4.063063363186836696e+00
4.844734392361266018e+00
5.351917190038023797e+00
4.580858332099327690e+00
4.820523887847300237e+00
6.797939050161247110e+00
5.152628816948521262e+00
4.936519073254101997e+00
6.506053541778073601e+00
4.684848764740126903e+00
4.246311589810113141e+00
5.161726954696487013e+00
5.172115053050458933e+00
4.842603885462620994e+00
4.104498655586187539e+00
5.657730999094965796e+00
0.000000000000000000e+00
5.269603702180931215e+00
6.361793002930133945e+00
0.000000000000000000e+00
6.991326149432252279e+00
7.163345803454263638e+00
7.575247956018221984e+00
7.047847590139400431e+00
6.921086052389766152e+00
0.000000000000000000e+00
7.264550551478891727e+00
6.114671567307071953e+00
6.272127253683518866e+00
6.104129867500796003e+00
5.841705962858317669e+00
5.613066997330504293e+00
0.000000000000000000e+00
4.522110651470120146e+00
0.000000000000000000e+00
4.740855839182478881e+00
3.600318624312316196e+00
3.804015453194276031e+00
3.791678322620408714e+00
3.506344681800174445e+00
4.054722158706545621e+00
4.261094123860483585e+00
6.803609560680355273e+00
5.993517880800777853e+00
5.478797280311197504e+00
7.664657099507327764e+00
6.812245399237337296e+00
5.748825348595121731e+00
6.500178547972287113e+00
7.853775444704911735e+00
8.653722690733911094e+00
3.285263026223692595e+00
3.561962834704667458e+00
3.005261830727487204e+00
3.708713946844108822e+00
3.103298082369325694e+00
3.449028805189212843e+00
2.885530975474591919e+00
2.803300675269509323e+00
2.663115611105893343e+00
2.690386231287844154e+00
2.834060625739159622e+00
3.600245512892777722e+00
3.727805665316585859e+00
4.089917045852931921e+00
3.404145074247693081e+00
3.097924708447197251e+00
3.207679505813119558e+00
3.947561096311912543e+00
3.698804782546120773e+00
3.309009589409482643e+00
4.763707150927409373e+00
4.492058723586068503e+00
3.264408542447092110e+00
3.900073710727318677e+00
2.742356522273665220e+00
2.517701755350568948e+00
2.600590258149649170e+00
2.841610082716315766e+00
2.688991718422206301e+00
2.371617946842329960e+00
2.306376039724847615e+00
2.423468242111362692e+00
2.277417956575956470e+00
2.612741361367770132e+00
2.491067438388067323e+00
3.032550536416935394e+00
2.912979780148944098e+00
5.001507327562443095e+00
5.193878498187521231e+00
4.822434904807263223e+00
4.424788219691328628e+00
2.137246330820762985e+00
2.060924385201781117e+00
3.083029611247762869e+00
3.283687881814236320e+00
3.351523040445130608e+00
3.457512293869836384e+00
3.473119153124074376e+00
3.766920126932453705e+00
5.181217850381443668e+00
5.442508752124483706e+00
4.449721949154637812e+00
3.671824000635747876e+00
3.453810781779666161e+00
3.102494341850020376e+00
3.698308208363204397e+00
3.335453373495158136e+00
5.294623784822189094e+00
5.879705416335585966e+00
4.861869604011987533e+00
4.354941978572933081e+00
5.298284950547829553e+00
4.071964790596069861e+00
3.604381643956772407e+00
3.967320040152490623e+00
4.527103581170766944e+00
5.497954018128108800e+00
4.686457850685942006e+00
4.589775801631136076e+00
4.407148145767600056e+00
4.760547232237584581e+00
5.013404409205765688e+00
4.503989617455473216e+00
4.501246990703974049e+00
2.869993322092829757e+00
3.372589913772843229e+00
4.438516057572285511e+00
6.239256682130847054e+00
2.559566471956290279e+00
2.754110808286414525e+00
2.496100215871231764e+00
4.110108728294041391e+00
4.355162918916740900e+00
3.945057379392437280e+00
4.296482734215879340e+00
4.581096469233461477e+00
3.847508122331859681e+00
3.485154036699523061e+00
2.668324035459306742e+00
2.599536435590548589e+00
4.755160455331200353e+00
0.000000000000000000e+00
6.465753516391774092e+00
3.425050383172166146e+00
3.185326602975000032e+00
0.000000000000000000e+00
2.915380876256123077e+00
2.862937271165585162e+00
3.110371272215544103e+00
4.946050567916208784e+00
4.103965980893498511e+00
2.735559875487696413e+00
3.338392210304649943e+00
3.454506266498559075e+00
3.383940666433037148e+00
3.429850283062817251e+00
3.594974917581986507e+00
3.543840121475434923e+00
4.496523330325247869e+00
3.779235696376276099e+00
4.777977087226537911e+00
4.026209185206683472e+00
3.438289710992308734e+00
6.103206026851873744e+00
3.356126643585453984e+00
2.308071300189289854e+00
2.984046512064682410e+00
3.854211617080511409e+00
5.502183078048352272e+00
3.011784381989171866e+00
4.533623290260443639e+00
4.764652121740057922e+00
4.989036150644574619e+00
5.448006075040845886e+00
2.160508674229623782e+00
2.227545442536434273e+00
2.376461050956208076e+00
2.024901518420963331e+00
3.330058130935990235e+00
3.411954499558160769e+00
2.824493211646993629e+00
2.314384681660889953e+00
0.000000000000000000e+00
0.000000000000000000e+00
7.111271656863396018e+00
0.000000000000000000e+00
7.093825541316459926e+00
0.000000000000000000e+00
0.000000000000000000e+00
4.929941183392860360e+00
