# Rhino

mtllib QB_1_opt_quad.mtl
usemtl diffuse_0
v 12.000348614884565 2.1058075785753911 2.6556026904878198
v 12.357440491093289 2.5371817088214743 2.4729741468539861
v 12.751112569406352 2.9303693639440467 2.2706310937199579
v 12.302592837695354 3.7660220683277874 2.3640884735481147
v 13.175893748093078 3.3048757981714947 2.0459017258940353
v 12.850144645350841 4.1121083076655749 2.0967933174301083
v 13.155278198578063 2.4962858973598459 2.1031974031467628
v 13.561565077025886 2.9132608404607194 1.8931755008399138
v 13.614416607095173 3.7050668807852341 1.8261367782408415
v 13.37816756551069 4.4267545303250575 1.8507176839447221
v 13.545663069903437 2.0947575228493949 1.9321065427661503
v 12.769305534263715 2.0736084731056073 2.3065675266701549
v 13.160920827872893 1.6531939913318168 2.1271181173986591
v 11.625198546664148 1.6205183545433419 2.8150638212525942
v 12.3988407220384 1.6662757912506967 2.4915034305405124
v 12.787306007346825 1.2387210321332658 2.3065675266701549
v 14.058606298410517 4.1151642412130123 1.6100975797112007
v 13.909623754882869 4.764278395019109 1.6263650756054129
v 13.989461165797334 3.341935648918573 1.6849713792700933
v 13.94233231340489 2.5238145752254284 1.7362752508239172
v 13.938000077675277 1.7071739238185151 1.7593612352233865
v 13.563882082926888 1.248205787240884 1.9321065427661503
v 11.187936300476881 0.71251027901935593 2.9803491720910724
v 11.838869571332925 -0.29503247893423162 2.6380366165949898
v 12.393109711255377 0.75924710009219376 2.4729741468539861
v 12.014494642013098 1.1762121650059789 2.6501874330202537
v 11.549331894657492 0.18931554681631479 2.8162635943002838
v 12.801218832967116 0.38187570951411354 2.2706310937199579
v 13.239714311543608 0.024398624423234538 2.0459017258940353
v 13.610431644343279 0.4309344148649914 1.8931755008399138
v 13.188826025035635 0.8315780112611828 2.1031974031467628
v 13.6929034061158 -0.35820218274530835 1.8261367782408415
v 14.152126212758059 -0.75047845799416801 1.6100975797112007
v 14.054068757572839 0.019451827528971205 1.6849713792700933
v 13.976329742630224 0.83510970649665195 1.7362752508239172
v 5.0067711263084433 3.9681273495471849 3.5985342187022975
v 5.4756204746322803 3.5261515449110199 3.7875123758805316
v 5.8251368192230233 3.9444498393166709 3.6119583628302956
v 5.3762652779163824 4.3590862536915571 3.4051396917241199
v 6.9055758507829372 2.1591810729683916 4.0350721178651323
v 6.4234273714520214 2.6159193017887974 3.9861671913325765
v 5.9915687067904893 2.2154402247825624 4.0717103068828777
v 6.474851054123766 1.7572402116568491 4.1250617483118894
v 6.9731870803680716 1.3275732081669636 4.1292654381977627
v 7.4185517693736776 1.7251413309129746 4.0575545298063194
v 7.8139492310236207 2.1250583870025261 3.9377309781854963
v 7.2828324297512248 2.5776125502376654 3.918624362954771
v 6.7767644252224679 3.0372840764728721 3.8683168901453224
v 6.6213641248398956 3.902201864527985 3.6042958999655341
v 6.15978218373807 4.3446865233124834 3.4140223582398024
v 6.284096109907833 3.4912415615369925 3.7764405104034529
v 7.1219086158661122 3.4455346370660687 3.7232058412107687
v 7.4367872928811209 3.8392302315729738 3.5553260698488449
v 6.9367300840210095 4.30357964248629 3.4029012248211461
v 6.5199353801661983 4.7295647294647623 3.1990438284626284
v 5.7520575913154168 4.7501707147929748 3.1967291408896572
v 6.1450399545720273 5.1298461509138411 2.9749351516558744
v 7.7268954317236336 4.2294864157962593 3.367548346056175
v 7.2799348986607413 4.6755241087885375 3.1874469799475604
v 6.8933456867399832 5.0945595516646289 2.9744419359772349
v 8.0375182849981002 4.647550092847724 3.1320368907517313
v 7.6275586839114924 5.0447746640591058 2.9597653436673532
v 7.2547119197509451 5.474908190506909 2.7462694100692757
v 8.8110843247806514 3.4057411935814388 3.5004778006750179
v 8.2771575766119554 3.8229166001822144 3.448826037128351
v 7.9946532206914718 3.3959074759351289 3.632462515528462
v 8.5090064764794846 2.9275997039591015 3.6687280880033564
v 9.1188313449928806 2.551628712673029 3.6122859502563074
v 9.3894015980414132 3.063700508648707 3.4640327453351931
v 9.6400533670997675 3.6473008598888157 3.275091211906056
v 9.0701190992984628 3.9387233283986216 3.2836069309923657
v 8.5372079528674476 4.2762456039753154 3.2395073265868031
v 9.3106417033647055 4.4785484461781326 3.0463080346359623
v 8.7919391922751018 4.7626486988803665 2.9965881459037722
v 8.3435236867782514 5.0603919685544669 2.8934311059673767
v 7.9373776570556274 5.4558441832364135 2.7213645361668632
v 9.033342119776524 5.2565200867938033 2.7410617515415896
v 8.6167939692684321 5.5504279681742501 2.6296812881580665
v 8.2668285559334578 5.8635620316653068 2.4937935259460113
v 9.3788041088000647 1.7263118541007632 3.597743611392838
v 8.7945073239203602 2.0933146960467486 3.7388237634948234
v 8.4345629281945946 1.6940417814796791 3.8492650399509643
v 9.0067072044208381 1.4783938618392307 3.6809751181337256
v 9.9145973480123892 1.4378336661206461 3.4453164829713518
v 10.321823917532683 1.9951570840157218 3.3176109179232691
v 9.7550531123218462 2.2495693087178896 3.48603187750712
v 9.2746627498005516 5.8123916261995943 2.4561966705397724
v 8.9048663648789059 6.0365808633415812 2.3725537446233957
v 8.6097607596827075 6.2866255212221294 2.2665397421731068
v 10.037113094590399 2.8280566376334502 3.33481449865128
v 10.65945982826689 2.6194382888424714 3.156239842790181
v 11.001980846528205 3.1793709659810272 2.96058665469717
v 10.330210422801539 3.4108783672797092 3.142309879289984
v 10.033751785412985 4.8855171536138799 2.7697650492325798
v 9.5107209934294872 5.0482256107963543 2.7855260148691605
v 9.860247278463568 4.2282149477959763 3.0462113541653562
v 10.535802341334154 3.9318693873111039 2.9632719420118381
v 10.557288804925371 4.7619358780707426 2.7081756497512854
v 10.630377001110674 5.5015235650552361 2.4223263524962437
v 10.136135742725756 5.5515082444510648 2.4834457707336193
v 9.6780844339267276 5.653869092322898 2.4945754528738755
v 11.083792433610867 4.6824167222006254 2.5952118919479972
v 11.131753173649027 5.5239833662487294 2.3145433142895664
v 11.162919638140728 6.2131490329250001 2.085205924400114
v 10.672755764434328 6.1830540679115362 2.1616221833678915
v 10.22097836964576 6.2174108220335569 2.1959724355717922
v 11.19196546334236 2.3544740165303883 2.9803491720910724
v 10.825206545510756 1.5271370587187283 3.1367390626192857
v 11.496372906346704 2.8900697992318376 2.8162635943002838
v 11.683580022328666 6.3007857573312647 1.9742925635196746
v 11.642449500258941 5.6147062017923117 2.171326263792519
v 12.174610788282624 5.7362852778672719 2.0061490975256433
v 12.217909914641066 6.3778488127177537 1.8563570596843237
v 12.442712469435936 4.5619185198077519 2.1736806911689177
v 11.742432711779156 4.1895845687924886 2.5010690562675748
v 13.056931831347935 4.855308461999277 1.9081377170628544
v 13.270398772637488 6.0084875916497813 1.6847879867428319
v 13.218304271432601 6.5339366502974219 1.6301364542241519
v 12.743862328338029 6.425208661156895 1.7424737865045221
v 12.719422087137303 5.8216116672466027 1.8516978204150518
v 12.806816851170232 5.2979389458272683 1.9233703252633854
v 13.421549283825673 5.5655332423886872 1.700210636503285
v 13.653302082471377 5.1582603986420699 1.674719079927276
v 5.5362933598967166 5.9370738200978046 2.5246536592701778
v 5.816901698672627 5.5338214545783764 2.7451568583397976
v 5.0767221987762463 3.1253099913068505 3.9129101753265734
v 5.5189088891368776 2.6539824082526264 4.0087366257320545
v 5.9267255785914577 3.0677589020160783 3.9095344084026582
v 8.1680490326580468 2.5168979779049163 3.8079520903294286
v 7.6418650759824853 2.9926851734822391 3.7906659036689541
v 11.225505076120363 3.805001389629882 2.7702317237854004
v 11.622281332075239 4.8615126144118408 2.3835246836295161
v 11.767554047326563 3.3854787941780158 2.6380366165949898
v 12.193511619404873 5.0782367047715722 2.1563624481609418
v 6.4674728331274247 0.97268059268735496 4.1356860282990988
v 5.9262439006780427 1.4124576724473836 4.1700954342586876
v 7.6232267768906619 5.8865761827011909 2.511754679159325
v 6.955644616180594 5.8965759178040349 2.5281054554612745
v 8.0327382878581766 6.3299263293145795 2.2662174226837211
v 8.0318647777855254 1.4860219699119783 3.9393040246762969
v 6.5501087177349291 5.5047665346286232 2.7535681665632907
v 5.0332794380990977 2.2935317904985109 4.0636497744003055
v 5.4752505198005137 1.8511436073950354 4.1246034134656062
v 4.9807591466496319 4.7564476922581047 3.1813362617032701
v 5.4078719784823726 5.141751349105153 2.9686938497117534
v 5.1020781078840924 5.5369017640803539 2.7380667990750802
v 9.8016021384605203 6.2986203643207404 2.1996923629941598
v 9.1035712061307734 6.6448888461821749 2.0734513872226485
v 9.3845193225704513 6.3962804657170951 2.1803060496557389
v 7.4326926299682032 1.0812616520774099 4.0575545298063194
v 8.4449837743163485 1.2637074028501443 3.8492650399509643
v 9.3897360130806895 1.2687003885829276 3.597743611392838
v 10.342129358948785 1.0372448553499913 3.3176109179232691
v 5.1049069538614082 -1.1438839153272453 3.5985342187022975
v 5.4887725300834456 -1.5199817367321404 3.4051396917241199
v 5.9217810438652609 -1.0879489949709815 3.6119583628302956
v 5.5568544404765063 -0.68374409495627086 3.7875123758805316
v 6.9345495544585578 0.73861124120996191 4.0350721178651323
v 6.0233251189877288 0.64634682322734061 4.0717103068828777
v 6.4698657310667071 0.26319541034716498 3.9861671913325765
v 7.3272008834979587 0.33536728286426642 3.918624362954771
v 7.8409735715278668 0.8085333643908964 3.9377309781854963
v 6.8387250839812914 -0.14392302204195556 3.8683168901453224
v 6.7158374966998817 -1.0143304310194412 3.6042958999655341
v 6.3634250373440127 -0.61697504771498068 3.7764405104034529
v 6.2711711079059747 -1.4746921157658752 3.4140223582398024
v 7.1989063983934933 -0.53826004265991279 3.7232058412107687
v 7.0460051439270552 -1.4029741484996534 3.4029012248211461
v 7.5282993660933508 -0.91924647066227694 3.5553260698488449
v 6.6454748616947912 -1.8450821231167682 3.1990438284626284
v 5.878936317422327 -1.8959566338797467 3.1967291408896572
v 6.2858500961976453 -2.2598529908826377 2.9749351516558744
v 7.4028885702293552 -1.7611083872449507 3.1874469799475604
v 7.8328112661300366 -1.2977729363063815 3.367548346056175
v 7.0322811427441438 -2.1950806013507425 2.9744419359772349
v 7.7640867940487865 -2.1163764290691249 2.9597653436673532
v 8.1588643286421423 -1.7032772833150911 3.1320368907517313
v 7.4076273693293482 -2.560896548289251 2.7462694100692757
v 8.885343389766664 -0.43187787962704871 3.5004778006750179
v 8.5655786377153227 0.033996888011902177 3.6687280880033564
v 8.0691472034292424 -0.4542500370089213 3.632462515528462
v 8.3674376220010025 -0.86980216550810896 3.448826037128351
v 9.4504212608450402 -0.06728211348114263 3.4640327453351931
v 9.1608698694368371 0.43374049338215692 3.6122859502563074
v 9.1641510808375024 -0.95425031354484768 3.2836069309923657
v 9.7227481859428622 -0.64056597266874182 3.275091211906056
v 8.6442765361613674 -1.3125402711259235 3.2395073265868031
v 8.9170391253338757 -1.7885378065863877 2.9965881459037722
v 9.4247166030763445 -1.4841907615846592 3.0463080346359623
v 8.4801077545238144 -2.1037457915829165 2.8934311059673767
v 8.0890745849058128 -2.5149234898578285 2.7213645361668632
v 8.7715317686349827 -2.5826424000801138 2.6296812881580665
v 9.1767629965456301 -2.2725237618923524 2.7410617515415896
v 8.433554249231932 -2.9093471078009943 2.4937935259460113
v 8.8196180752830244 0.87892508870533093 3.7388237634948234
v 9.785307057936997 0.76066817255397645 3.48603187750712
v 9.0776015060667454 -3.0570750040346626 2.3725537446233957
v 9.4387270181552836 -2.8184673019996138 2.4561966705397724
v 10.088827466104373 0.19373224240770034 3.33481449865128
v 10.702899966340677 0.42674070372670764 3.156239842790181
v 10.403539421601049 -0.37709959221055944 3.142309879289984
v 11.066141719631219 -0.11926980773850382 2.96058665469717
v 10.162536511816956 -1.8623405652913283 2.7697650492325798
v 9.9645391374578729 -1.2123667578361825 3.0462113541653562
v 9.6459868861063356 -2.0455562118429409 2.7855260148691605
v 10.681057607751338 -1.7182032242977519 2.7081756497512854
v 10.628494585646258 -0.8895974640405504 2.9632719420118381
v 10.289791354234012 -2.5238017070525132 2.4834457707336193
v 10.781795099846505 -2.4543619545165001 2.4223263524962437
v 9.8359127113697191 -2.6441516588857592 2.4945754528738755
v 11.283642095856255 -2.4570317643377466 2.3145433142895664
v 11.204193589305984 -1.6179784473037901 2.5952118919479972
v 10.849671158178744 -3.1337175255752463 2.1616221833678915
v 11.340600136372242 -3.1444590509122996 2.085205924400114
v 10.399514512165183 -3.1858662002244227 2.1959724355717922
v 11.864158476620158 -3.2114970888097281 1.9742925635196746
v 11.797359339863924 -2.5275465979534282 2.171326263792519
v 12.400980158491812 -3.2674301692553982 1.8563570596843237
v 12.33368149045755 -2.628048331823237 2.0061490975256433
v 12.947878152453313 -0.97842960883413399 2.0967933174301083
v 12.387767317974447 -0.65419357672683032 2.3640884735481147
v 11.843886802750195 -1.099534835346011 2.5010690562675748
v 12.557595916045852 -1.4439758623998995 2.1736806911689177
v 13.182351158163314 -1.71292528378521 1.9081377170628544
v 13.487296856736016 -1.2720190405418423 1.8507176839447221
v 13.438855879297755 -2.8568335598149472 1.6847879867428319
v 12.881286360102155 -2.6918252721594493 1.8516978204150518
v 12.928317936200713 -3.2940123837105064 1.7424737865045221
v 13.406482018119213 -3.3839488759965084 1.6301364542241519
v 13.573302624644938 -2.4082454020255364 1.700210636503285
v 12.949000938111318 -2.1650928002907595 1.9233703252633854
v 13.789628649263896 -1.9921335717757185 1.674719079927276
v 5.9730863157550287 -2.6764709907759894 2.7451568583397976
v 5.7077902525907076 -3.0904920902552853 2.5246536592701778
v 14.031003238688193 -1.5883338077216624 1.6263650756054129
v 5.9904558560179746 -0.20789936867969544 3.9095344084026582
v 5.5674413628535691 0.18948780867710091 4.0087366257320545
v 5.1432362849710662 -0.29893057346954366 3.9129101753265734
v 7.7015159304330583 -0.065239023238107041 3.7906659036689541
v 8.2094891613296568 0.43094838084837406 3.8079520903294286
v 11.312935502545834 -0.7356225455229144 2.7702317237854004
v 11.748993126169072 -1.7757049478772386 2.3835246836295161
v 12.327919327228752 -1.9697405799800698 2.1563624481609418
v 7.7912900908312626 -2.9577267773034235 2.511754679159325
v 7.1245757791149167 -2.9940473914541004 2.5281054554612745
v 7.5616321484596067 -3.3955649561401877 2.2953376211929664
v 8.2171059161125832 -3.3845989145410025 2.2662174226837211
v 6.7046632305186495 -2.6185211426373547 2.7535681665632907
v 5.493742706376886 0.99001157674724638 4.1246034134656062
v 5.0686690726146351 0.53051971424688205 4.0636497744003055
v 5.108442912282011 -1.9326476292444241 3.1813362617032701
v 5.5496727609498615 -2.3008220025043205 2.9686938497117534
v 4.9151896062327314 1.3377090338558306 4.1300847041605344
v 5.0498672482505542 -2.793404166320995 2.7380667990750802
v 9.983490089000373 -3.2835551981903288 2.1996923629941598
v 9.5703735876763893 -3.3975921515574061 2.1803060496557389
v 4.6549425505164681 4.2704420401640242 3.4051396917241199
v 4.6549425505164681 3.4359269034055542 3.7875123758805316
v 4.6549425505164681 5.8454802025158425 2.5246536592701778
v 4.6549425505164681 -0.77477276548831009 3.7875123758805316
v 4.6549425505164681 -1.6097328099486452 3.4051396917241199
v 7.3773380910965809 6.3150335338581867 2.2953376211929664
v 6.6851977424989304 6.3012525420043994 2.3194146237275191
v 5.9852621231200951 6.3188974418307691 2.3198038812255897
v 6.2536883532949119 5.9080674448053028 2.5355672685894852
v 5.2860406213524351 6.3472399554694459 2.3031321998692613
v 9.2989453799600952 -3.6570969337723582 2.0734513872226485
v 8.7920800704054507 -3.3185733488806877 2.2665397421731068
v 6.1707295288086037 -3.4543270402763095 2.3198038812255897
v 6.8694870222110707 -3.4090909468828858 2.3194146237275191
v 6.4235686436843382 -3.0332143494249681 2.5355672685894852
v 4.6549425505164681 -2.3915044175199807 2.9686938497117534
v 4.6549425505164681 1.7611569824043256 4.1246034134656062
v 4.6549425505164681 2.5631396307875169 4.0087366257320545
v -2.6904635138516313 2.1058075785753911 2.6556026904878198
v -3.0475553900603529 2.5371817088214743 2.4729741468539861
v -3.4412274683734179 2.9303693639440467 2.2706310937199579
v -2.9927077366624184 3.7660220683277874 2.3640884735481147
v -3.8660086470601414 3.3048757981714947 2.0459017258940353
v -3.5402595443179075 4.1121083076655749 2.0967933174301083
v -3.8453930975451276 2.4962858973598459 2.1031974031467628
v -4.2516799759929507 2.9132608404607194 1.8931755008399138
v -4.3045315060622356 3.7050668807852341 1.8261367782408415
v -4.068282464477754 4.4267545303250575 1.8507176839447221
v -4.2357779688705008 2.0947575228493949 1.9321065427661503
v -3.4594204332307803 2.0736084731056073 2.3065675266701549
v -3.8510357268399567 1.6531939913318168 2.1271181173986591
v -2.3153134456312126 1.6205183545433419 2.8150638212525942
v -3.0889556210054656 1.6662757912506967 2.4915034305405124
v -3.4774209063138901 1.2387210321332658 2.3065675266701549
v -4.7487211973775816 4.1151642412130123 1.6100975797112007
v -4.5997386538499345 4.764278395019109 1.6263650756054129
v -4.6795760647644 3.341935648918573 1.6849713792700933
v -4.6324472123719547 2.5238145752254284 1.7362752508239172
v -4.6281149766423422 1.7071739238185151 1.7593612352233865
v -4.2539969818939518 1.248205787240884 1.9321065427661503
v -1.8780511994439442 0.71251027901935593 2.9803491720910724
v -2.52898447029999 -0.29503247893423162 2.6380366165949898
v -3.0832246102224419 0.75924710009219376 2.4729741468539861
v -2.7046095409801612 1.1762121650059789 2.6501874330202537
v -2.2394467936245546 0.18931554681631479 2.8162635943002838
v -3.4913337319341804 0.38187570951411354 2.2706310937199579
v -3.9298292105106718 0.024398624423234538 2.0459017258940353
v -4.300546543310344 0.4309344148649914 1.8931755008399138
v -3.8789409240026993 0.8315780112611828 2.1031974031467628
v -4.3830183050828655 -0.35820218274530835 1.8261367782408415
v -4.8422411117251229 -0.75047845799416801 1.6100975797112007
v -4.7441836565399047 0.019451827528971205 1.6849713792700933
v -4.6664446415972893 0.83510970649665195 1.7362752508239172
v 4.303113974724492 3.9681273495471849 3.5985342187022975
v 3.834264626400655 3.5261515449110199 3.7875123758805316
v 3.4847482818099125 3.9444498393166709 3.6119583628302956
v 3.9336198231165529 4.3590862536915571 3.4051396917241199
v 2.4043092502499981 2.1591810729683916 4.0350721178651323
v 2.886457729580914 2.6159193017887974 3.9861671913325765
v 3.3183163942424461 2.2154402247825624 4.0717103068828777
v 2.8350340469091693 1.7572402116568491 4.1250617483118894
v 2.3366980206648638 1.3275732081669636 4.1292654381977627
v 1.8913333316592582 1.7251413309129746 4.0575545298063194
v 1.4959358700093146 2.1250583870025261 3.9377309781854963
v 2.027052671281711 2.5776125502376654 3.918624362954771
v 2.5331206758104678 3.0372840764728721 3.8683168901453224
v 2.6885209761930398 3.902201864527985 3.6042958999655341
v 3.1501029172948658 4.3446865233124834 3.4140223582398024
v 3.0257889911251024 3.4912415615369925 3.7764405104034529
v 2.1879764851668231 3.4455346370660687 3.7232058412107687
v 1.8730978081518144 3.8392302315729738 3.5553260698488449
v 2.3731550170119258 4.30357964248629 3.4029012248211461
v 2.789949720866737 4.7295647294647623 3.1990438284626284
v 3.5578275097175189 4.7501707147929748 3.1967291408896572
v 3.1648451464609084 5.1298461509138411 2.9749351516558744
v 1.582989669309302 4.2294864157962593 3.367548346056175
v 2.0299502023721945 4.6755241087885375 3.1874469799475604
v 2.4165394142929526 5.0945595516646289 2.9744419359772349
v 1.2723668160348358 4.647550092847724 3.1320368907517313
v 1.6823264171214429 5.0447746640591058 2.9597653436673532
v 2.0551731812819898 5.474908190506909 2.7462694100692757
v 0.49880077625228358 3.4057411935814388 3.5004778006750179
v 1.0327275244209813 3.8229166001822144 3.448826037128351
v 1.3152318803414653 3.3959074759351289 3.632462515528462
v 0.80087862455345027 2.9275997039591015 3.6687280880033564
v 0.1910537560400532 2.551628712673029 3.6122859502563074
v -0.079516497008477419 3.063700508648707 3.4640327453351931
v -0.33016826606683353 3.6473008598888157 3.275091211906056
v 0.23976600173447093 3.9387233283986216 3.2836069309923657
v 0.7726771481654896 4.2762456039753154 3.2395073265868031
v -0.00075660233176963465 4.4785484461781326 3.0463080346359623
v 0.5179459087578332 4.7626486988803665 2.9965881459037722
v 0.96636141425468325 5.0603919685544669 2.8934311059673767
v 1.372507443977308 5.4558441832364135 2.7213645361668632
v 0.27654298125641241 5.2565200867938033 2.7410617515415896
v 0.69309113176450166 5.5504279681742501 2.6296812881580665
v 1.0430565450994769 5.8635620316653068 2.4937935259460113
v -0.068919007767128129 1.7263118541007632 3.597743611392838
v 0.51537777711257693 2.0933146960467486 3.7388237634948234
v 0.87532217283834157 1.6940417814796791 3.8492650399509643
v 0.30317789661209665 1.4783938618392307 3.6809751181337256
v -0.60471224697945269 1.4378336661206461 3.4453164829713518
v -1.0119388164997458 1.9951570840157218 3.3176109179232691
v -0.4451680112889102 2.2495693087178896 3.48603187750712
v 0.035222351232383375 5.8123916261995943 2.4561966705397724
v 0.40501873615402895 6.0365808633415812 2.3725537446233957
v 0.7001243413502295 6.2866255212221294 2.2665397421731068
v -0.72722799355746426 2.8280566376334502 3.33481449865128
v -1.3495747272339544 2.6194382888424714 3.156239842790181
v -1.6920957454952694 3.1793709659810272 2.96058665469717
v -1.0203253217686041 3.4108783672797092 3.142309879289984
v -0.72386668438004975 4.8855171536138799 2.7697650492325798
v -0.20083589239655028 5.0482256107963543 2.7855260148691605
v -0.5503621774306342 4.2282149477959763 3.0462113541653562
v -1.22591724030122 3.9318693873111039 2.9632719420118381
v -1.2474037038924344 4.7619358780707426 2.7081756497512854
v -1.3204919000777366 5.5015235650552361 2.4223263524962437
v -0.82625064169281881 5.5515082444510648 2.4834457707336193
v -0.36819933289379314 5.653869092322898 2.4945754528738755
v -1.7739073325779322 4.6824167222006254 2.5952118919479972
v -1.8218680726160907 5.5239833662487294 2.3145433142895664
v -1.8530345371077914 6.2131490329250001 2.085205924400114
v -1.3628706634013923 6.1830540679115362 2.1616221833678915
v -0.91109326861282414 6.2174108220335569 2.1959724355717922
v -1.8820803623094253 2.3544740165303883 2.9803491720910724
v -1.515321444477822 1.5271370587187283 3.1367390626192857
v -2.1864878053137695 2.8900697992318376 2.8162635943002838
v -2.3736949212957317 6.3007857573312647 1.9742925635196746
v -2.3325643992260074 5.6147062017923117 2.171326263792519
v -2.8647256872496905 5.7362852778672719 2.0061490975256433
v -2.9080248136081304 6.3778488127177537 1.8563570596843237
v -3.1328273684030012 4.5619185198077519 2.1736806911689177
v -2.4325476107462198 4.1895845687924886 2.5010690562675748
v -3.7470467303149984 4.855308461999277 1.9081377170628544
v -3.9605136716045513 6.0084875916497813 1.6847879867428319
v -3.9084191703996654 6.5339366502974219 1.6301364542241519
v -3.433977227305093 6.425208661156895 1.7424737865045221
v -3.4095369861043667 5.8216116672466027 1.8516978204150518
v -3.4969317501372985 5.2979389458272683 1.9233703252633854
v -4.1116641827927358 5.5655332423886872 1.700210636503285
v -4.3434169814384402 5.1582603986420699 1.674719079927276
v 3.7735917411362192 5.9370738200978046 2.5246536592701778
v 3.4929834023603084 5.5338214545783764 2.7451568583397976
v 4.2331629022566899 3.1253099913068505 3.9129101753265734
v 3.7909762118960582 2.6539824082526264 4.0087366257320545
v 3.3831595224414781 3.0677589020160783 3.9095344084026582
v 1.1418360683748894 2.5168979779049163 3.8079520903294286
v 1.6680200250504502 2.9926851734822391 3.7906659036689541
v -1.9156199750874274 3.805001389629882 2.7702317237854004
v -2.3123962310423041 4.8615126144118408 2.3835246836295161
v -2.4576689462936283 3.3854787941780158 2.6380366165949898
v -2.8836265183719392 5.0782367047715722 2.1563624481609418
v 2.8424122679055106 0.97268059268735496 4.1356860282990988
v 3.3836412003548921 1.4124576724473836 4.1700954342586876
v 1.6866583241422737 5.8865761827011909 2.511754679159325
v 2.3542404848523413 5.8965759178040349 2.5281054554612745
v 1.2771468131747599 6.3299263293145795 2.2662174226837211
v 1.2780203232474106 1.4860219699119783 3.9393040246762969
v 2.7597763832980067 5.5047665346286232 2.7535681665632907
v 4.2766056629338376 2.2935317904985109 4.0636497744003055
v 3.8346345812324216 1.8511436073950354 4.1246034134656062
v 4.3291259543833034 4.7564476922581047 3.1813362617032701
v 3.9020131225505619 5.141751349105153 2.9686938497117534
v 4.2078069931488429 5.5369017640803539 2.7380667990750802
v -0.49171703742758605 6.2986203643207404 2.1996923629941598
v 0.20631389490216256 6.6448888461821749 2.0734513872226485
v -0.074634221537515907 6.3962804657170951 2.1803060496557389
v 1.8771924710647321 1.0812616520774099 4.0575545298063194
v 0.86490132671658526 1.2637074028501443 3.8492650399509643
v -0.079850912047754005 1.2687003885829276 3.597743611392838
v -1.0322442579158513 1.0372448553499913 3.3176109179232691
v 4.204978147171528 -1.1438839153272453 3.5985342187022975
v 3.8211125709494898 -1.5199817367321404 3.4051396917241199
v 3.3881040571676744 -1.0879489949709815 3.6119583628302956
v 3.753030660556429 -0.68374409495627086 3.7875123758805316
v 2.375335546574378 0.73861124120996191 4.0350721178651323
v 3.2865599820452065 0.64634682322734061 4.0717103068828777
v 2.8400193699662282 0.26319541034716498 3.9861671913325765
v 1.982684217534977 0.33536728286426642 3.918624362954771
v 1.468911529505069 0.8085333643908964 3.9377309781854963
v 2.4711600170516443 -0.14392302204195556 3.8683168901453224
v 2.5940476043330536 -1.0143304310194412 3.6042958999655341
v 2.9464600636889227 -0.61697504771498068 3.7764405104034529
v 3.0387139931269607 -1.4746921157658752 3.4140223582398024
v 2.110978702639442 -0.53826004265991279 3.7232058412107687
v 2.2638799571058801 -1.4029741484996534 3.4029012248211461
v 1.7815857349395843 -0.91924647066227694 3.5553260698488449
v 2.6644102393381441 -1.8450821231167682 3.1990438284626284
v 3.4309487836106087 -1.8959566338797467 3.1967291408896572
v 3.02403500483529 -2.2598529908826377 2.9749351516558744
v 1.9069965308035801 -1.7611083872449507 3.1874469799475604
v 1.4770738349028989 -1.2977729363063815 3.367548346056175
v 2.2776039582887915 -2.1950806013507425 2.9744419359772349
v 1.5457983069841501 -2.1163764290691249 2.9597653436673532
v 1.1510207723907946 -1.7032772833150911 3.1320368907517313
v 1.9022577317035871 -2.560896548289251 2.7462694100692757
v 0.42454171126627116 -0.43187787962704871 3.5004778006750179
v 0.74430646331761197 0.033996888011902177 3.6687280880033564
v 1.2407378976036929 -0.4542500370089213 3.632462515528462
v 0.94244747903193171 -0.86980216550810896 3.448826037128351
v -0.14053615981210391 -0.06728211348114263 3.4640327453351931
v 0.14901523159609753 0.43374049338215692 3.6122859502563074
v 0.14573402019543447 -0.95425031354484768 3.2836069309923657
v -0.41286308490992668 -0.64056597266874182 3.275091211906056
v 0.66560856487156939 -1.3125402711259235 3.2395073265868031
v 0.39284597569906032 -1.7885378065863877 2.9965881459037722
v -0.11483150204340922 -1.4841907615846592 3.0463080346359623
v 0.82977734650911961 -2.1037457915829165 2.8934311059673767
v 1.220810516127121 -2.5149234898578285 2.7213645361668632
v 0.53835333239795202 -2.5826424000801138 2.6296812881580665
v 0.13312210448730466 -2.2725237618923524 2.7410617515415896
v 0.87633085180100512 -2.9093471078009943 2.4937935259460113
v 0.49026702574991066 0.87892508870533093 3.7388237634948234
v -0.47542195690406008 0.76066817255397645 3.48603187750712
v 0.23228359496619044 -3.0570750040346626 2.3725537446233957
v -0.12884191712234641 -2.8184673019996138 2.4561966705397724
v -0.77894236507143699 0.19373224240770034 3.33481449865128
v -1.3930148653077408 0.42674070372670764 3.156239842790181
v -1.0936543205681153 -0.37709959221055944 3.142309879289984
v -1.7562566185982835 -0.11926980773850382 2.96058665469717
v -0.85265141078402118 -1.8623405652913283 2.7697650492325798
v -0.65465403642493769 -1.2123667578361825 3.0462113541653562
v -0.33610178507340105 -2.0455562118429409 2.7855260148691605
v -1.3711725067184031 -1.7182032242977519 2.7081756497512854
v -1.3186094846133236 -0.8895974640405504 2.9632719420118381
v -0.97990625320107483 -2.5238017070525132 2.4834457707336193
v -1.4719099988135698 -2.4543619545165001 2.4223263524962437
v -0.5260276103367838 -2.6441516588857592 2.4945754528738755
v -1.9737569948233178 -2.4570317643377466 2.3145433142895664
v -1.8943084882730481 -1.6179784473037901 2.5952118919479972
v -1.5397860571458084 -3.1337175255752463 2.1616221833678915
v -2.0307150353393051 -3.1444590509122996 2.085205924400114
v -1.0896294111322484 -3.1858662002244227 2.1959724355717922
v -2.5542733755872233 -3.2114970888097281 1.9742925635196746
v -2.4874742388309889 -2.5275465979534282 2.171326263792519
v -3.0910950574588751 -3.2674301692553982 1.8563570596843237
v -3.0237963894246143 -2.628048331823237 2.0061490975256433
v -3.6379930514203762 -0.97842960883413399 2.0967933174301083
v -3.0778822169415108 -0.65419357672683032 2.3640884735481147
v -2.5340017017172576 -1.099534835346011 2.5010690562675748
v -3.2477108150129159 -1.4439758623998995 2.1736806911689177
v -3.8724660571303793 -1.71292528378521 1.9081377170628544
v -4.177411755703079 -1.2720190405418423 1.8507176839447221
v -4.1289707782648186 -2.8568335598149472 1.6847879867428319
v -3.5714012590692219 -2.6918252721594493 1.8516978204150518
v -3.6184328351677792 -3.2940123837105064 1.7424737865045221
v -4.0965969170862779 -3.3839488759965084 1.6301364542241519
v -4.2634175236120013 -2.4082454020255364 1.700210636503285
v -3.6391158370783834 -2.1650928002907595 1.9233703252633854
v -4.4797435482309611 -1.9921335717757185 1.674719079927276
v 3.3367987852779066 -2.6764709907759894 2.7451568583397976
v 3.6020948484422273 -3.0904920902552853 2.5246536592701778
v -4.7211181376552593 -1.5883338077216624 1.6263650756054129
v 3.3194292450149607 -0.20789936867969544 3.9095344084026582
v 3.7424437381793663 0.18948780867710091 4.0087366257320545
v 4.1666488160618691 -0.29893057346954366 3.9129101753265734
v 1.6083691705998773 -0.065239023238107041 3.7906659036689541
v 1.1003959397032781 0.43094838084837406 3.8079520903294286
v -2.0030504015128998 -0.7356225455229144 2.7702317237854004
v -2.4391080251361363 -1.7757049478772386 2.3835246836295161
v -3.0180342261958168 -1.9697405799800698 2.1563624481609418
v 1.5185950102016732 -2.9577267773034235 2.511754679159325
v 2.1853093219180191 -2.9940473914541004 2.5281054554612745
v 1.7482529525733286 -3.3955649561401877 2.2953376211929664
v 1.0927791849203532 -3.3845989145410025 2.2662174226837211
v 2.6052218705142858 -2.6185211426373547 2.7535681665632907
v 3.8161423946560493 0.99001157674724638 4.1246034134656062
v 4.2412160284183003 0.53051971424688205 4.0636497744003055
v 4.2014421887509243 -1.9326476292444241 3.1813362617032701
v 3.7602123400830743 -2.3008220025043205 2.9686938497117534
v 4.3946954948002039 1.3377090338558306 4.1300847041605344
v 4.2600178527823811 -2.793404166320995 2.7380667990750802
v -0.67360498796743906 -3.2835551981903288 2.1996923629941598
v -0.26048848664345498 -3.3975921515574061 2.1803060496557389
v 4.6549425505164681 5.0524594537396617 2.9686938497117534
v 4.6549425505164681 -3.1837637857771894 2.5246536592701778
v 4.6549425505164681 0.098157662686658931 4.0087366257320545
v 4.6549425505164681 0.89982847431183499 4.1246034134656062
v 1.9325470099363544 6.3150335338581867 2.2953376211929664
v 2.6246873585340049 6.3012525420043994 2.3194146237275191
v 3.3246229779128402 6.3188974418307691 2.3198038812255897
v 3.0561967477380234 5.9080674448053028 2.5355672685894852
v 4.0238444796805002 6.3472399554694459 2.3031321998692613
v 0.010939721072840969 -3.6570969337723582 2.0734513872226485
v 0.51780503062748373 -3.3185733488806877 2.2665397421731068
v 3.1391555722243312 -3.4543270402763095 2.3198038812255897
v 2.4403980788218651 -3.4090909468828858 2.3194146237275191
v 2.8863164573485971 -3.0332143494249681 2.5355672685894852
v 3.8367987669848436 -3.5102246793936906 2.3031321998692613
v 5.4730863340480918 -3.5102246793936906 2.3031321998692613
vn 0.39561820030212402 0.040670350193977356 0.9175141453742981
vn 0.40596461296081543 0.067419648170471191 0.91139853000640869
vn 0.40525534749031067 0.075290858745574951 0.91109788417816162
vn 0.36953312158584595 0.13214249908924103 0.91977369785308838
vn 0.39748886227607727 0.074702560901641846 0.91456115245819092
vn 0.36349985003471375 0.12394720315933228 0.92331194877624512
vn 0.42488795518875122 0.040915004909038544 0.90432083606719971
vn 0.41566717624664307 0.042946144938468933 0.90850228071212769
vn 0.38461774587631226 0.067660026252269745 0.92059290409088135
vn 0.35062345862388611 0.10330107808113098 0.9308018684387207
vn 0.42674741148948669 0.023976592347025871 0.9040529727935791
vn 0.42543265223503113 0.030937204137444496 0.90446114540100098
vn 0.43173679709434509 0.008872457779943943 0.90195602178573608
vn 0.38052254915237427 0.0045376433990895748 0.92476052045822144
vn 0.4099896252155304 0.0069093550555408001 0.91206401586532593
vn 0.42434671521186829 -0.013621091842651367 0.90539735555648804
vn 0.37961140275001526 0.063746213912963867 0.9229472279548645
vn 0.34243848919868469 0.089720390737056732 0.93524658679962158
vn 0.40806466341018677 0.041003454476594925 0.91203176975250244
vn 0.42247939109802246 0.028895493596792221 0.90591180324554443
vn 0.42928159236907959 0.0091636264696717262 0.90312421321868896
vn 0.42737111449241638 -0.0066621215082705021 0.90405172109603882
vn 0.36754468083381653 -0.029512882232666016 0.92953747510910034
vn 0.38108721375465393 -0.10495349764823914 0.91856265068054199
vn 0.40993157029151917 -0.045142944902181625 0.91099846363067627
vn 0.39570671319961548 -0.024114260450005531 0.918060302734375
vn 0.37484961748123169 -0.071670055389404297 0.92431116104125977
vn 0.41191613674163818 -0.053539760410785675 0.90964752435684204
vn 0.40425094962120056 -0.052720356732606888 0.91312742233276367
vn 0.41704165935516357 -0.027343658730387688 0.90847599506378174
vn 0.42617589235305786 -0.024787513539195061 0.90430063009262085
vn 0.39100196957588196 -0.046525832265615463 0.91921311616897583
vn 0.38570669293403625 -0.04317934438586235 0.92161047458648682
vn 0.40936917066574097 -0.025687269866466522 0.91200715303421021
vn 0.42330878973007202 -0.012513225898146629 0.9058990478515625
vn -0.024570571258664131 0.41192877292633057 0.91088473796844482
vn 0.0016449121758341789 0.3343641459941864 0.94244253635406494
vn 0.013069997541606426 0.39894247055053711 0.91688281297683716
vn -0.018806759268045425 0.45726090669631958 0.8891337513923645
vn 0.080397114157676697 0.16403980553150177 0.98317205905914307
vn 0.055819235742092133 0.19776222109794617 0.97865945100784302
vn 0.024046013131737709 0.15382026135921478 0.98780620098114014
vn 0.04389684647321701 0.1038108617067337 0.99362790584564209
vn 0.097833335399627686 -0.0070890956558287144 0.99517756700515747
vn 0.14167727530002594 0.09295317530632019 0.98553907871246338
vn 0.1627332866191864 0.1387629359960556 0.97686374187469482
vn 0.10770309716463089 0.2007320374250412 0.97370767593383789
vn 0.079331144690513611 0.24489401280879974 0.96629887819290161
vn 0.056795448064804077 0.37704938650131226 0.9244500994682312
vn 0.018726132810115814 0.44630104303359985 0.89468693733215332
vn 0.047400139272212982 0.31638601422309875 0.9474455714225769
vn 0.093868382275104523 0.29935204982757568 0.94951415061950684
vn 0.10096854716539383 0.35213276743888855 0.9304879903793335
vn 0.06178780272603035 0.42529508471488953 0.9029431939125061
vn 0.029541807249188423 0.4768117368221283 0.87850886583328247
vn -0.00098052446264773607 0.48329886794090271 0.87545484304428101
vn 0.011168047785758972 0.49389052391052246 0.86945235729217529
vn 0.10212761163711548 0.39824157953262329 0.91157752275466919
vn 0.064705200493335724 0.45755979418754578 0.886821448802948
vn 0.037812761962413788 0.4858667254447937 0.87321460247039795
vn 0.09338805079460144 0.43058177828788757 0.89770710468292236
vn 0.062324896454811096 0.46657866239547729 0.88228112459182739
vn 0.038447719067335129 0.47681543231010437 0.87816214561462402
vn 0.16824819147586823 0.26427733898162842 0.9496578574180603
vn 0.1361936628818512 0.33079606294631958 0.93382292985916138
vn 0.13579051196575165 0.28109094500541687 0.95002567768096924
vn 0.17270955443382263 0.20977593958377838 0.96237492561340332
vn 0.22053220868110657 0.13544453680515289 0.96592974662780762
vn 0.21947984397411346 0.19693022966384888 0.95553499460220337
vn 0.21127347648143768 0.25703969597816467 0.9430239200592041
vn 0.15646441280841827 0.31907665729522705 0.93472403287887573
vn 0.12530393898487091 0.37551811337471008 0.91830551624298096
vn 0.1396118700504303 0.36059361696243286 0.92221516370773315
vn 0.10415789484977722 0.40509161353111267 0.90832370519638062
vn 0.075510121881961823 0.44122743606567383 0.89421284198760986
vn 0.054072074592113495 0.45891067385673523 0.88683551549911499
vn 0.084283843636512756 0.42097148299217224 0.90314960479736328
vn 0.061612885445356369 0.44022881984710693 0.89576917886734009
vn 0.045653019100427628 0.45029652118682861 0.89171117544174194
vn 0.25927039980888367 0.017883758991956711 0.96563917398452759
vn 0.22484941780567169 0.08012302964925766 0.97109371423721313
vn 0.22964178025722504 0.047443728893995285 0.97211819887161255
vn 0.25558698177337646 0.005784125067293644 0.96676874160766602
vn 0.28450468182563782 0.0059789158403873444 0.95865601301193237
vn 0.31557738780975342 0.034219704568386078 0.94828259944915771
vn 0.27190795540809631 0.072955228388309479 0.95955383777618408
vn 0.065110258758068085 0.42187157273292542 0.90431469678878784
vn 0.049602553248405457 0.43302372097969055 0.90001672506332397
vn 0.041397180408239365 0.44142818450927734 0.89634114503860474
vn 0.28103795647621155 0.1405862420797348 0.94934356212615967
vn 0.32909205555915833 0.092694506049156189 0.93973726034164429
vn 0.32830476760864258 0.14612914621829987 0.93320000171661377
vn 0.27945736050605774 0.19411838054656982 0.9403306245803833
vn 0.16764718294143677 0.35045838356018066 0.92145174741744995
vn 0.11993501335382462 0.38979104161262512 0.91306000947952271
vn 0.19475369155406952 0.30873653292655945 0.93099558353424072
vn 0.26191717386245728 0.24876570701599121 0.93247789144515991
vn 0.22061893343925476 0.30632069706916809 0.92601019144058228
vn 0.16730666160583496 0.33936223387718201 0.92565745115280151
vn 0.13096144795417786 0.37388813495635986 0.91818124055862427
vn 0.094954006373882294 0.40157324075698853 0.91089111566543579
vn 0.25950101017951965 0.26787641644477844 0.92784774303436279
vn 0.19978085160255432 0.29996579885482788 0.93279588222503662
vn 0.16968224942684174 0.30379962921142578 0.93750399351119995
vn 0.14085249602794647 0.34448009729385376 0.92816704511642456
vn 0.11147140711545944 0.37748444080352783 0.91928213834762573
vn 0.3627420961856842 0.043816227465867996 0.93085891008377075
vn 0.35117968916893005 0.004552897997200489 0.93629699945449829
vn 0.36956661939620972 0.093841537833213806 0.9244534969329834
vn 0.19583532214164734 0.25864270329475403 0.94591355323791504
vn 0.22362329065799713 0.25868368148803711 0.93972092866897583
vn 0.23690779507160187 0.21590889990329742 0.94723707437515259
vn 0.21264654397964478 0.21119958162307739 0.95403152704238892
vn 0.32821175456047058 0.16681471467018127 0.92975795269012451
vn 0.32874810695648193 0.18898160755634308 0.92531651258468628
vn 0.3184393048286438 0.1336110532283783 0.93847990036010742
vn 0.24069912731647491 0.14784279465675354 0.95927393436431885
vn 0.22072815895080566 0.14538991451263428 0.96443808078765869
vn 0.21883925795555115 0.16647793352603912 0.96145433187484741
vn 0.24037393927574158 0.17108064889907837 0.95548510551452637
vn 0.28351154923439026 0.15988512337207794 0.94554638862609863
vn 0.27957302331924438 0.13707533478736877 0.95028907060623169
vn 0.31031674146652222 0.11453898996114731 0.94370776414871216
vn -0.013122537173330784 0.47991302609443665 0.87721794843673706
vn 0.0023649160284548998 0.48841291666030884 0.87260943651199341
vn -0.0091149043291807175 0.25509423017501831 0.96687322854995728
vn 0.0093735372647643089 0.18964381515979767 0.98180818557739258
vn 0.033938854932785034 0.25060465931892395 0.9674944281578064
vn 0.17072141170501709 0.16911904513835907 0.97069716453552246
vn 0.12537667155265808 0.23562699556350708 0.96372228860855103
vn 0.31760522723197937 0.19678997993469238 0.92757785320281982
vn 0.27898991107940674 0.23641213774681091 0.93073838949203491
vn 0.37263184785842896 0.12543474137783051 0.91946268081665039
vn 0.28637951612472534 0.20194204151630402 0.93659287691116333
vn 0.046297766268253326 -0.12176164984703064 0.99147897958755493
vn -0.00053838931489735842 0.0010004101786762476 0.99999934434890747
vn 0.035973504185676575 0.46519690752029419 0.88447600603103638
vn 0.024182869121432304 0.47490862011909485 0.87970280647277832
vn 0.034456692636013031 0.45785072445869446 0.88836109638214111
vn 0.21196582913398743 0.0048918901011347771 0.97726482152938843
vn 0.020050384104251862 0.48718872666358948 0.8730664849281311
vn -0.0058189104311168194 0.13390694558620453 0.99097681045532227
vn -0.0082650640979409218 0.083351269364356995 0.99648594856262207
vn -0.032504402101039886 0.48526805639266968 0.87376105785369873
vn -0.019649937748908997 0.49386477470397949 0.86931663751602173
vn -0.028972048312425613 0.48965710401535034 0.87143361568450928
vn 0.080727830529212952 0.40085750818252563 0.91257673501968384
vn 0.042212013155221939 0.42747277021408081 0.90304219722747803
vn 0.054002687335014343 0.41761371493339539 0.90701848268508911
vn 0.15204052627086639 -0.1053396537899971 0.98274475336074829
vn 0.23301605880260468 -0.037322666496038437 0.97175639867782593
vn 0.25979983806610107 -0.0070625743828713894 0.96563667058944702
vn 0.32003253698348999 -0.022036945447325706 0.94715023040771484
vn 0.024819903075695038 -0.41295057535171509 0.9104151725769043
vn 0.021516984328627586 -0.45744603872299194 0.88897705078125
vn 0.028793450444936752 -0.39815151691436768 0.91686767339706421
vn 0.029787078499794006 -0.33454036712646484 0.94191056489944458
vn 0.092788554728031158 -0.19052703678607941 0.9772869348526001
vn 0.023854175582528114 -0.16639988124370575 0.98576980829238892
vn 0.064620412886142731 -0.20679484307765961 0.97624796628952026
vn 0.11587914824485779 -0.20286001265048981 0.97232699394226074
vn 0.17019987106323242 -0.138498455286026 0.9756280779838562
vn 0.088927105069160461 -0.2417316734790802 0.9662596583366394
vn 0.07162022590637207 -0.37462544441223145 0.92440593242645264
vn 0.059840813279151917 -0.31436616182327271 0.9474138617515564
vn 0.036312740296125412 -0.44525900483131409 0.8946651816368103
vn 0.10559872537851334 -0.29559740424156189 0.94945830106735229
vn 0.078510411083698273 -0.42264145612716675 0.90288996696472168
vn 0.11477283388376236 -0.34806451201438904 0.93041831254959106
vn 0.048322822898626328 -0.47533541917800903 0.87847661972045898
vn 0.018080510199069977 -0.48297452926635742 0.87544769048690796
vn 0.030637344345450401 -0.4930972158908844 0.86943459510803223
vn 0.082697227597236633 -0.45476770401000977 0.88676238059997559
vn 0.11774794012308121 -0.39408785104751587 0.91149884462356567
vn 0.05694396048784256 -0.48406928777694702 0.87317484617233276
vn 0.08067457377910614 -0.46386879682540894 0.88222295045852661
vn 0.11029091477394104 -0.42672863602638245 0.89762943983078003
vn 0.057221494615077972 -0.47500154376029968 0.87812256813049316
vn 0.1785304993391037 -0.25775671005249023 0.94957274198532104
vn 0.18084204196929932 -0.20313693583011627 0.96230530738830566
vn 0.14676445722579956 -0.27577534317970276 0.9499516487121582
vn 0.14912520349025726 -0.32541996240615845 0.93373632431030273
vn 0.22706490755081177 -0.18854743242263794 0.95545351505279541
vn 0.2256978452205658 -0.12707643210887909 0.96587371826171875
vn 0.16891542077064514 -0.31294816732406616 0.93462878465652466
vn 0.22123058140277863 -0.24890898168087006 0.94292169809341431
vn 0.1400073915719986 -0.37051069736480713 0.91821551322937012
vn 0.12004627287387848 -0.40085485577583313 0.90824240446090698
vn 0.1537138819694519 -0.35506072640419006 0.92211925983428955
vn 0.092848747968673706 -0.43804082274436951 0.89414727687835693
vn 0.072126619517803192 -0.45652002096176147 0.88678479194641113
vn 0.078924387693405151 -0.43756890296936035 0.89571446180343628
vn 0.10081617534160614 -0.41747123003005981 0.90308022499084473
vn 0.063375115394592285 -0.44823199510574341 0.89166790246963501
vn 0.22783896327018738 -0.071319743990898132 0.97108334302902222
vn 0.27460503578186035 -0.062586545944213867 0.95951813459396362
vn 0.066640280187129974 -0.43082433938980103 0.89997190237045288
vn 0.081695020198822021 -0.41909533739089966 0.90425938367843628
vn 0.28635299205780029 -0.12994542717933655 0.94927138090133667
vn 0.33681413531303406 -0.076719693839550018 0.93844038248062134
vn 0.28687617182731628 -0.183487668633461 0.94023102521896362
vn 0.33489444851875305 -0.12997886538505554 0.93324768543243408
vn 0.18132297694683075 -0.34387844800949097 0.9213411808013916
vn 0.2067607194185257 -0.30117687582969666 0.93088263273239136
vn 0.13520583510398865 -0.38497284054756165 0.91297060251235962
vn 0.23250512778759003 -0.29779008030891418 0.9258846640586853
vn 0.27149954438209534 -0.23874029517173767 0.9323577880859375
vn 0.14559535682201385 -0.3686688244342804 0.91808784008026123
vn 0.18054600059986115 -0.33280602097511292 0.92555028200149536
vn 0.11071217060089111 -0.39768737554550171 0.91081696748733521
vn 0.21143785119056702 -0.29222553968429565 0.93268334865570068
vn 0.26983663439750671 -0.25792255997657776 0.9277198314666748
vn 0.15431869029998779 -0.33891564607620239 0.92807430028915405
vn 0.18151921033859253 -0.29718819260597229 0.93740594387054443
vn 0.12626519799232483 -0.37299710512161255 0.91920089721679688
vn 0.205870121717453 -0.25109058618545532 0.94581764936447144
vn 0.23363314568996429 -0.25008726119995117 0.93961262702941895
vn 0.22079913318157196 -0.20306017994880676 0.95394670963287354
vn 0.24522304534912109 -0.206854447722435 0.94714140892028809
vn 0.37241765856742859 -0.10322777181863785 0.92230641841888428
vn 0.37866264581680298 -0.11171592772006989 0.91876775026321411
vn 0.33591783046722412 -0.17650656402111053 0.92520517110824585
vn 0.334512859582901 -0.15438109636306763 0.92965996265411377
vn 0.32344716787338257 -0.12157443910837173 0.93840372562408447
vn 0.35858336091041565 -0.083429016172885895 0.92976212501525879
vn 0.24633492529392242 -0.13870790600776672 0.95920759439468384
vn 0.24692359566688538 -0.16193737089633942 0.95540827512741089
vn 0.22522707283496857 -0.15814641118049622 0.96138572692871094
vn 0.22628484666347504 -0.13700594007968903 0.96437782049179077
vn 0.28475150465965271 -0.12649254500865936 0.95021903514862061
vn 0.28958225250244141 -0.14913418889045715 0.94546341896057129
vn 0.31458351016044617 -0.1028236597776413 0.94364428520202637
vn 0.032006222754716873 -0.48623916506767273 0.87323939800262451
vn 0.034996643662452698 -0.4823533296585083 0.87527740001678467
vn 0.34970706701278687 -0.070537619292736053 0.93419986963272095
vn 0.043796345591545105 -0.24914340674877167 0.96747583150863647
vn 0.024225091561675072 -0.18848206102848053 0.98177778720855713
vn 0.020876584574580193 -0.2552013099193573 0.96666252613067627
vn 0.13456866145133972 -0.2307426929473877 0.96366441249847412
vn 0.17725488543510437 -0.16258995234966278 0.97064167261123657
vn 0.32509210705757141 -0.18472535908222198 0.92746520042419434
vn 0.28807005286216736 -0.22575779259204865 0.9306175708770752
vn 0.29409888386726379 -0.19104409217834473 0.93648707866668701
vn 0.054291218519210815 -0.4634864330291748 0.88443922996520996
vn 0.042893208563327789 -0.47363695502281189 0.87967503070831299
vn 0.044689677655696869 -0.46624258160591125 0.88352739810943604
vn 0.05248599499464035 -0.45620381832122803 0.88832610845565796
vn 0.03924831748008728 -0.48606380820274353 0.87304157018661499
vn -0.0088893873617053032 -0.088336117565631866 0.99605107307434082
vn 0.0088323457166552544 -0.13586342334747314 0.99068820476531982
vn 0.025665851309895515 -0.47557809948921204 0.87929898500442505
vn 0.031764887273311615 -0.48199549317359924 0.87559771537780762
vn -0.0096522672101855278 -0.0027430567424744368 0.99994963407516479
vn 0.036272440105676651 -0.48240447044372559 0.87519723176956177
vn 0.096470542252063751 -0.39750960469245911 0.91251277923583984
vn 0.070429116487503052 -0.41526100039482117 0.90697193145751953
vn 0 0.4593033492565155 0.8882794976234436
vn 0 0.33962133526802063 0.94056224822998047
vn 0 0.46430909633636475 0.88567322492599487
vn 0 -0.34127867221832275 0.93996214866638184
vn 0 -0.45983976125717163 0.88800191879272461
vn 0.026269730180501938 0.46758741140365601 0.88355636596679688
vn 0.016957085579633713 0.47234439849853516 0.88125091791152954
vn 0.0054824603721499443 0.47368142008781433 0.88067919015884399
vn 0.011199668981134892 0.47840887308120728 0.87806576490402222
vn -0.017272200435400009 0.45359045267105103 0.89104282855987549
vn 0.059037070721387863 -0.42555752396583557 0.90300357341766357
vn 0.058773171156644821 -0.43953216075897217 0.8963019847869873
vn 0.024159237742424011 -0.47311949729919434 0.88066697120666504
vn 0.035572115331888199 -0.47134864330291748 0.88122928142547607
vn 0.030058411881327629 -0.47762653231620789 0.8780485987663269
vn 0 -0.47433128952980042 0.88034641742706299
vn 0 0.070982113480567932 0.99747759103775024
vn 0 0.18694408237934113 0.98237055540084839
vn -0.39561820030212402 0.040670350193977356 0.9175141453742981
vn -0.40596461296081543 0.067419648170471191 0.91139853000640869
vn -0.40525534749031067 0.075290858745574951 0.91109788417816162
vn -0.36953312158584595 0.13214249908924103 0.91977369785308838
vn -0.39748886227607727 0.074702560901641846 0.91456115245819092
vn -0.36349985003471375 0.12394720315933228 0.92331194877624512
vn -0.42488795518875122 0.040915004909038544 0.90432083606719971
vn -0.41566717624664307 0.042946144938468933 0.90850228071212769
vn -0.38461774587631226 0.067660026252269745 0.92059290409088135
vn -0.35062345862388611 0.10330107808113098 0.9308018684387207
vn -0.42674741148948669 0.023976592347025871 0.9040529727935791
vn -0.42543265223503113 0.030937204137444496 0.90446114540100098
vn -0.43173679709434509 0.008872457779943943 0.90195602178573608
vn -0.38052254915237427 0.0045376433990895748 0.92476052045822144
vn -0.4099896252155304 0.0069093550555408001 0.91206401586532593
vn -0.42434671521186829 -0.013621091842651367 0.90539735555648804
vn -0.37961140275001526 0.063746213912963867 0.9229472279548645
vn -0.34243848919868469 0.089720390737056732 0.93524658679962158
vn -0.40806466341018677 0.041003454476594925 0.91203176975250244
vn -0.42247939109802246 0.028895493596792221 0.90591180324554443
vn -0.42928159236907959 0.0091636264696717262 0.90312421321868896
vn -0.42737111449241638 -0.0066621215082705021 0.90405172109603882
vn -0.36754468083381653 -0.029512882232666016 0.92953747510910034
vn -0.38108721375465393 -0.10495349764823914 0.91856265068054199
vn -0.40993157029151917 -0.045142944902181625 0.91099846363067627
vn -0.39570671319961548 -0.024114260450005531 0.918060302734375
vn -0.37484961748123169 -0.071670055389404297 0.92431116104125977
vn -0.41191613674163818 -0.053539760410785675 0.90964752435684204
vn -0.40425094962120056 -0.052720356732606888 0.91312742233276367
vn -0.41704165935516357 -0.027343658730387688 0.90847599506378174
vn -0.42617589235305786 -0.024787513539195061 0.90430063009262085
vn -0.39100196957588196 -0.046525832265615463 0.91921311616897583
vn -0.38570669293403625 -0.04317934438586235 0.92161047458648682
vn -0.40936917066574097 -0.025687269866466522 0.91200715303421021
vn -0.42330878973007202 -0.012513225898146629 0.9058990478515625
vn 0.024570571258664131 0.41192877292633057 0.91088473796844482
vn -0.0016449121758341789 0.3343641459941864 0.94244253635406494
vn -0.013069997541606426 0.39894247055053711 0.91688281297683716
vn 0.018806759268045425 0.45726090669631958 0.8891337513923645
vn -0.080397114157676697 0.16403980553150177 0.98317205905914307
vn -0.055819235742092133 0.19776222109794617 0.97865945100784302
vn -0.024046013131737709 0.15382026135921478 0.98780620098114014
vn -0.04389684647321701 0.1038108617067337 0.99362790584564209
vn -0.097833335399627686 -0.0070890956558287144 0.99517756700515747
vn -0.14167727530002594 0.09295317530632019 0.98553907871246338
vn -0.1627332866191864 0.1387629359960556 0.97686374187469482
vn -0.10770309716463089 0.2007320374250412 0.97370767593383789
vn -0.079331144690513611 0.24489401280879974 0.96629887819290161
vn -0.056795448064804077 0.37704938650131226 0.9244500994682312
vn -0.018726132810115814 0.44630104303359985 0.89468693733215332
vn -0.047400139272212982 0.31638601422309875 0.9474455714225769
vn -0.093868382275104523 0.29935204982757568 0.94951415061950684
vn -0.10096854716539383 0.35213276743888855 0.9304879903793335
vn -0.06178780272603035 0.42529508471488953 0.9029431939125061
vn -0.029541807249188423 0.4768117368221283 0.87850886583328247
vn 0.00098052446264773607 0.48329886794090271 0.87545484304428101
vn -0.011168047785758972 0.49389052391052246 0.86945235729217529
vn -0.10212761163711548 0.39824157953262329 0.91157752275466919
vn -0.064705200493335724 0.45755979418754578 0.886821448802948
vn -0.037812761962413788 0.4858667254447937 0.87321460247039795
vn -0.09338805079460144 0.43058177828788757 0.89770710468292236
vn -0.062324896454811096 0.46657866239547729 0.88228112459182739
vn -0.038447719067335129 0.47681543231010437 0.87816214561462402
vn -0.16824819147586823 0.26427733898162842 0.9496578574180603
vn -0.1361936628818512 0.33079606294631958 0.93382292985916138
vn -0.13579051196575165 0.28109094500541687 0.95002567768096924
vn -0.17270955443382263 0.20977593958377838 0.96237492561340332
vn -0.22053220868110657 0.13544453680515289 0.96592974662780762
vn -0.21947984397411346 0.19693022966384888 0.95553499460220337
vn -0.21127347648143768 0.25703969597816467 0.9430239200592041
vn -0.15646441280841827 0.31907665729522705 0.93472403287887573
vn -0.12530393898487091 0.37551811337471008 0.91830551624298096
vn -0.1396118700504303 0.36059361696243286 0.92221516370773315
vn -0.10415789484977722 0.40509161353111267 0.90832370519638062
vn -0.075510121881961823 0.44122743606567383 0.89421284198760986
vn -0.054072074592113495 0.45891067385673523 0.88683551549911499
vn -0.084283843636512756 0.42097148299217224 0.90314960479736328
vn -0.061612885445356369 0.44022881984710693 0.89576917886734009
vn -0.045653019100427628 0.45029652118682861 0.89171117544174194
vn -0.25927039980888367 0.017883758991956711 0.96563917398452759
vn -0.22484941780567169 0.08012302964925766 0.97109371423721313
vn -0.22964178025722504 0.047443728893995285 0.97211819887161255
vn -0.25558698177337646 0.005784125067293644 0.96676874160766602
vn -0.28450468182563782 0.0059789158403873444 0.95865601301193237
vn -0.31557738780975342 0.034219704568386078 0.94828259944915771
vn -0.27190795540809631 0.072955228388309479 0.95955383777618408
vn -0.065110258758068085 0.42187157273292542 0.90431469678878784
vn -0.049602553248405457 0.43302372097969055 0.90001672506332397
vn -0.041397180408239365 0.44142818450927734 0.89634114503860474
vn -0.28103795647621155 0.1405862420797348 0.94934356212615967
vn -0.32909205555915833 0.092694506049156189 0.93973726034164429
vn -0.32830476760864258 0.14612914621829987 0.93320000171661377
vn -0.27945736050605774 0.19411838054656982 0.9403306245803833
vn -0.16764718294143677 0.35045838356018066 0.92145174741744995
vn -0.11993501335382462 0.38979104161262512 0.91306000947952271
vn -0.19475369155406952 0.30873653292655945 0.93099558353424072
vn -0.26191717386245728 0.24876570701599121 0.93247789144515991
vn -0.22061893343925476 0.30632069706916809 0.92601019144058228
vn -0.16730666160583496 0.33936223387718201 0.92565745115280151
vn -0.13096144795417786 0.37388813495635986 0.91818124055862427
vn -0.094954006373882294 0.40157324075698853 0.91089111566543579
vn -0.25950101017951965 0.26787641644477844 0.92784774303436279
vn -0.19978085160255432 0.29996579885482788 0.93279588222503662
vn -0.16968224942684174 0.30379962921142578 0.93750399351119995
vn -0.14085249602794647 0.34448009729385376 0.92816704511642456
vn -0.11147140711545944 0.37748444080352783 0.91928213834762573
vn -0.3627420961856842 0.043816227465867996 0.93085891008377075
vn -0.35117968916893005 0.004552897997200489 0.93629699945449829
vn -0.36956661939620972 0.093841537833213806 0.9244534969329834
vn -0.19583532214164734 0.25864270329475403 0.94591355323791504
vn -0.22362329065799713 0.25868368148803711 0.93972092866897583
vn -0.23690779507160187 0.21590889990329742 0.94723707437515259
vn -0.21264654397964478 0.21119958162307739 0.95403152704238892
vn -0.32821175456047058 0.16681471467018127 0.92975795269012451
vn -0.32874810695648193 0.18898160755634308 0.92531651258468628
vn -0.3184393048286438 0.1336110532283783 0.93847990036010742
vn -0.24069912731647491 0.14784279465675354 0.95927393436431885
vn -0.22072815895080566 0.14538991451263428 0.96443808078765869
vn -0.21883925795555115 0.16647793352603912 0.96145433187484741
vn -0.24037393927574158 0.17108064889907837 0.95548510551452637
vn -0.28351154923439026 0.15988512337207794 0.94554638862609863
vn -0.27957302331924438 0.13707533478736877 0.95028907060623169
vn -0.31031674146652222 0.11453898996114731 0.94370776414871216
vn 0.013122537173330784 0.47991302609443665 0.87721794843673706
vn -0.0023649160284548998 0.48841291666030884 0.87260943651199341
vn 0.0091149033978581429 0.25509420037269592 0.96687322854995728
vn -0.0093735372647643089 0.18964381515979767 0.98180818557739258
vn -0.033938854932785034 0.25060465931892395 0.9674944281578064
vn -0.17072141170501709 0.16911904513835907 0.97069716453552246
vn -0.12537667155265808 0.23562699556350708 0.96372228860855103
vn -0.31760522723197937 0.19678997993469238 0.92757785320281982
vn -0.27898991107940674 0.23641213774681091 0.93073838949203491
vn -0.37263184785842896 0.12543474137783051 0.91946268081665039
vn -0.28637951612472534 0.20194204151630402 0.93659287691116333
vn -0.046297766268253326 -0.12176164984703064 0.99147897958755493
vn 0.00053838931489735842 0.0010004101786762476 0.99999934434890747
vn -0.035973504185676575 0.46519690752029419 0.88447600603103638
vn -0.024182869121432304 0.47490862011909485 0.87970280647277832
vn -0.034456692636013031 0.45785072445869446 0.88836109638214111
vn -0.21196582913398743 0.0048918901011347771 0.97726482152938843
vn -0.020050384104251862 0.48718872666358948 0.8730664849281311
vn 0.0058189104311168194 0.13390694558620453 0.99097681045532227
vn 0.0082650640979409218 0.083351269364356995 0.99648594856262207
vn 0.032504405826330185 0.48526808619499207 0.87376105785369873
vn 0.019649937748908997 0.49386477470397949 0.86931663751602173
vn 0.028972048312425613 0.48965707421302795 0.87143361568450928
vn -0.080727830529212952 0.40085750818252563 0.91257673501968384
vn -0.042212013155221939 0.42747277021408081 0.90304219722747803
vn -0.054002687335014343 0.41761371493339539 0.90701848268508911
vn -0.15204052627086639 -0.1053396537899971 0.98274475336074829
vn -0.23301605880260468 -0.037322666496038437 0.97175639867782593
vn -0.25979983806610107 -0.0070625743828713894 0.96563667058944702
vn -0.32003253698348999 -0.022036945447325706 0.94715023040771484
vn -0.024819901213049889 -0.41295051574707031 0.9104151725769043
vn -0.021516984328627586 -0.45744603872299194 0.88897705078125
vn -0.028793450444936752 -0.39815151691436768 0.91686767339706421
vn -0.029787078499794006 -0.33454036712646484 0.94191056489944458
vn -0.092788554728031158 -0.19052703678607941 0.9772869348526001
vn -0.023854175582528114 -0.16639988124370575 0.98576980829238892
vn -0.064620412886142731 -0.20679484307765961 0.97624796628952026
vn -0.11587914824485779 -0.20286001265048981 0.97232699394226074
vn -0.17019987106323242 -0.138498455286026 0.9756280779838562
vn -0.088927105069160461 -0.2417316734790802 0.9662596583366394
vn -0.07162022590637207 -0.37462544441223145 0.92440593242645264
vn -0.059840813279151917 -0.31436616182327271 0.9474138617515564
vn -0.036312740296125412 -0.44525900483131409 0.8946651816368103
vn -0.10559872537851334 -0.29559740424156189 0.94945830106735229
vn -0.078510411083698273 -0.42264145612716675 0.90288996696472168
vn -0.11477283388376236 -0.34806451201438904 0.93041831254959106
vn -0.048322822898626328 -0.47533541917800903 0.87847661972045898
vn -0.018080510199069977 -0.48297452926635742 0.87544769048690796
vn -0.030637344345450401 -0.4930972158908844 0.86943459510803223
vn -0.082697227597236633 -0.45476770401000977 0.88676238059997559
vn -0.11774794012308121 -0.39408785104751587 0.91149884462356567
vn -0.05694396048784256 -0.48406928777694702 0.87317484617233276
vn -0.08067457377910614 -0.46386879682540894 0.88222295045852661
vn -0.11029091477394104 -0.42672863602638245 0.89762943983078003
vn -0.057221494615077972 -0.47500154376029968 0.87812256813049316
vn -0.1785304993391037 -0.25775671005249023 0.94957274198532104
vn -0.18084204196929932 -0.20313693583011627 0.96230530738830566
vn -0.14676445722579956 -0.27577534317970276 0.9499516487121582
vn -0.14912520349025726 -0.32541996240615845 0.93373632431030273
vn -0.22706490755081177 -0.18854743242263794 0.95545351505279541
vn -0.2256978452205658 -0.12707643210887909 0.96587371826171875
vn -0.16891542077064514 -0.31294816732406616 0.93462878465652466
vn -0.22123058140277863 -0.24890898168087006 0.94292169809341431
vn -0.1400073915719986 -0.37051069736480713 0.91821551322937012
vn -0.12004627287387848 -0.40085485577583313 0.90824240446090698
vn -0.1537138819694519 -0.35506072640419006 0.92211925983428955
vn -0.092848747968673706 -0.43804082274436951 0.89414727687835693
vn -0.072126619517803192 -0.45652002096176147 0.88678479194641113
vn -0.078924387693405151 -0.43756890296936035 0.89571446180343628
vn -0.10081617534160614 -0.41747123003005981 0.90308022499084473
vn -0.063375115394592285 -0.44823199510574341 0.89166790246963501
vn -0.22783896327018738 -0.071319743990898132 0.97108334302902222
vn -0.27460503578186035 -0.062586545944213867 0.95951813459396362
vn -0.066640280187129974 -0.43082433938980103 0.89997190237045288
vn -0.081695020198822021 -0.41909533739089966 0.90425938367843628
vn -0.28635299205780029 -0.12994542717933655 0.94927138090133667
vn -0.33681413531303406 -0.076719693839550018 0.93844038248062134
vn -0.28687617182731628 -0.183487668633461 0.94023102521896362
vn -0.33489444851875305 -0.12997886538505554 0.93324768543243408
vn -0.18132297694683075 -0.34387844800949097 0.9213411808013916
vn -0.2067607194185257 -0.30117687582969666 0.93088263273239136
vn -0.13520583510398865 -0.38497284054756165 0.91297060251235962
vn -0.23250512778759003 -0.29779008030891418 0.9258846640586853
vn -0.27149954438209534 -0.23874029517173767 0.9323577880859375
vn -0.14559535682201385 -0.3686688244342804 0.91808784008026123
vn -0.18054600059986115 -0.33280602097511292 0.92555028200149536
vn -0.11071217060089111 -0.39768737554550171 0.91081696748733521
vn -0.21143785119056702 -0.29222553968429565 0.93268334865570068
vn -0.26983663439750671 -0.25792255997657776 0.9277198314666748
vn -0.15431869029998779 -0.33891564607620239 0.92807430028915405
vn -0.18151921033859253 -0.29718819260597229 0.93740594387054443
vn -0.12626519799232483 -0.37299710512161255 0.91920089721679688
vn -0.205870121717453 -0.25109058618545532 0.94581764936447144
vn -0.23363314568996429 -0.25008726119995117 0.93961262702941895
vn -0.22079913318157196 -0.20306017994880676 0.95394670963287354
vn -0.24522304534912109 -0.206854447722435 0.94714140892028809
vn -0.37241765856742859 -0.10322777181863785 0.92230641841888428
vn -0.37866264581680298 -0.11171592772006989 0.91876775026321411
vn -0.33591783046722412 -0.17650656402111053 0.92520517110824585
vn -0.334512859582901 -0.15438109636306763 0.92965996265411377
vn -0.32344716787338257 -0.12157443910837173 0.93840372562408447
vn -0.35858336091041565 -0.083429016172885895 0.92976212501525879
vn -0.24633492529392242 -0.13870790600776672 0.95920759439468384
vn -0.24692359566688538 -0.16193737089633942 0.95540827512741089
vn -0.22522707283496857 -0.15814641118049622 0.96138572692871094
vn -0.22628484666347504 -0.13700594007968903 0.96437782049179077
vn -0.28475150465965271 -0.12649254500865936 0.95021903514862061
vn -0.28958225250244141 -0.14913418889045715 0.94546341896057129
vn -0.31458351016044617 -0.1028236597776413 0.94364428520202637
vn -0.032006222754716873 -0.48623916506767273 0.87323939800262451
vn -0.034996643662452698 -0.4823533296585083 0.87527740001678467
vn -0.34970706701278687 -0.070537619292736053 0.93419986963272095
vn -0.043796345591545105 -0.24914340674877167 0.96747583150863647
vn -0.024225091561675072 -0.18848206102848053 0.98177778720855713
vn -0.020876584574580193 -0.2552013099193573 0.96666252613067627
vn -0.13456866145133972 -0.2307426929473877 0.96366441249847412
vn -0.17725488543510437 -0.16258995234966278 0.97064167261123657
vn -0.32509210705757141 -0.18472535908222198 0.92746520042419434
vn -0.28807005286216736 -0.22575779259204865 0.9306175708770752
vn -0.29409888386726379 -0.19104409217834473 0.93648707866668701
vn -0.054291218519210815 -0.4634864330291748 0.88443922996520996
vn -0.042893208563327789 -0.47363695502281189 0.87967503070831299
vn -0.044689677655696869 -0.46624258160591125 0.88352739810943604
vn -0.05248599499464035 -0.45620381832122803 0.88832610845565796
vn -0.03924831748008728 -0.48606380820274353 0.87304157018661499
vn 0.0088893873617053032 -0.088336117565631866 0.99605107307434082
vn -0.0088323457166552544 -0.13586342334747314 0.99068820476531982
vn -0.025665851309895515 -0.47557806968688965 0.87929904460906982
vn -0.031764887273311615 -0.48199549317359924 0.87559771537780762
vn 0.0096522672101855278 -0.0027430567424744368 0.99994963407516479
vn -0.036272440105676651 -0.48240447044372559 0.87519723176956177
vn -0.096470542252063751 -0.39750960469245911 0.91251277923583984
vn -0.070429116487503052 -0.41526100039482117 0.90697193145751953
vn 0 0.49439910054206848 0.86923503875732422
vn 0 -0.51265633106231689 0.85859388113021851
vn 0 -0.18594244122505188 0.98256063461303711
vn 0 -0.076056927442550659 0.99710345268249512
vn -0.026269730180501938 0.46758741140365601 0.88355636596679688
vn -0.016957085579633713 0.47234439849853516 0.88125091791152954
vn -0.0054824603721499443 0.47368142008781433 0.88067919015884399
vn -0.011199668981134892 0.47840887308120728 0.87806576490402222
vn 0.017272200435400009 0.45359045267105103 0.89104282855987549
vn -0.059037070721387863 -0.42555752396583557 0.90300357341766357
vn -0.058773171156644821 -0.43953216075897217 0.8963019847869873
vn -0.024159237742424011 -0.47311949729919434 0.88066697120666504
vn -0.035572115331888199 -0.47134864330291748 0.88122928142547607
vn -0.030058411881327629 -0.47762653231620789 0.8780485987663269
vn -0.020408034324645996 -0.51208919286727905 0.85868978500366211
vn 0.020408034324645996 -0.51208919286727905 0.85868978500366211
f 133//133 109//109 1//1 2//2
f 133//133 2//2 3//3 4//4
f 5//5 6//6 4//4 3//3
f 5//5 3//3 7//7 8//8
f 5//5 9//9 10//10 6//6
f 11//11 7//7 12//12 13//13
f 107//107 14//14 1//1 109//109
f 2//2 1//1 15//15 12//12
f 2//2 12//12 7//7 3//3
f 12//12 15//15 16//16 13//13
f 10//10 9//9 17//17 18//18
f 7//7 11//11 20//20 8//8
f 5//5 8//8 19//19 9//9
f 11//11 13//13 22//22 21//21
f 107//107 108//108 23//23 14//14
f 24//24 25//25 26//26 27//27
f 24//24 221//221 28//28 25//25
f 29//29 28//28 221//221 220//220
f 29//29 30//30 31//31 28//28
f 29//29 220//220 225//225 32//32
f 22//22 13//13 16//16 31//31
f 23//23 27//27 26//26 14//14
f 25//25 16//16 15//15 26//26
f 25//25 28//28 31//31 16//16
f 26//26 15//15 1//1 14//14
f 225//225 235//235 33//33 32//32
f 31//31 30//30 35//35 22//22
f 29//29 32//32 34//34 30//30
f 36//36 37//37 38//38 39//39
f 40//40 41//41 42//42 43//43
f 40//40 43//43 44//44 45//45
f 40//40 45//45 46//46 47//47
f 40//40 47//47 48//48 41//41
f 49//49 50//50 38//38 51//51
f 49//49 51//51 48//48 52//52
f 49//49 52//52 53//53 54//54
f 49//49 54//54 55//55 50//50
f 50//50 56//56 39//39 38//38
f 50//50 55//55 57//57 56//56
f 54//54 53//53 58//58 59//59
f 54//54 59//59 60//60 55//55
f 59//59 58//58 61//61 62//62
f 59//59 62//62 63//63 60//60
f 64//64 65//65 66//66 67//67
f 64//64 67//67 68//68 69//69
f 64//64 69//69 70//70 71//71
f 64//64 71//71 72//72 65//65
f 72//72 61//61 58//58 65//65
f 72//72 71//71 73//73 74//74
f 72//72 74//74 75//75 61//61
f 61//61 75//75 76//76 62//62
f 75//75 74//74 77//77 78//78
f 75//75 78//78 79//79 76//76
f 80//80 81//81 82//82 83//83
f 80//80 84//84 85//85 86//86
f 80//80 86//86 68//68 81//81
f 78//78 77//77 87//87 88//88
f 78//78 88//88 89//89 79//79
f 90//90 69//69 68//68 86//86
f 90//90 86//86 85//85 91//91
f 90//90 91//91 92//92 93//93
f 90//90 93//93 70//70 69//69
f 94//94 95//95 73//73 96//96
f 94//94 96//96 97//97 98//98
f 94//94 98//98 99//99 100//100
f 94//94 100//100 101//101 95//95
f 99//99 98//98 102//102 103//103
f 99//99 103//103 104//104 105//105
f 99//99 105//105 106//106 100//100
f 107//107 91//91 85//85 108//108
f 107//107 109//109 92//92 91//91
f 110//110 104//104 103//103 111//111
f 110//110 111//111 112//112 113//113
f 6//6 114//114 115//115 4//4
f 6//6 10//10 116//116 114//114
f 117//117 118//118 119//119 120//120
f 117//117 120//120 121//121 122//122
f 122//122 121//121 116//116 123//123
f 264//264 124//124 125//125 265//265
f 123//123 116//116 10//10 18//18
f 37//37 126//126 127//127 128//128
f 37//37 128//128 51//51 38//38
f 47//47 46//46 129//129 130//130
f 47//47 130//130 52//52 48//48
f 71//71 70//70 96//96 73//73
f 77//77 74//74 73//73 95//95
f 77//77 95//95 101//101 87//87
f 102//102 98//98 97//97 131//131
f 102//102 131//131 115//115 132//132
f 102//102 132//132 111//111 103//103
f 4//4 115//115 131//131 133//133
f 134//134 112//112 111//111 132//132
f 134//134 132//132 115//115 114//114
f 134//134 114//114 116//116 121//121
f 134//134 121//121 120//120 112//112
f 119//119 113//113 112//112 120//120
f 135//135 44//44 43//43 136//136
f 129//129 46//46 82//82 81//81
f 129//129 81//81 68//68 67//67
f 129//129 67//67 66//66 130//130
f 137//137 262//262 138//138 63//63
f 137//137 63//63 62//62 76//76
f 137//137 76//76 79//79 139//139
f 82//82 46//46 45//45 140//140
f 51//51 128//128 41//41 48//48
f 41//41 128//128 127//127 42//42
f 60//60 141//141 57//57 55//55
f 60//60 63//63 138//138 141//141
f 133//133 131//131 92//92 109//109
f 127//127 142//142 143//143 42//42
f 52//52 130//130 66//66 53//53
f 144//144 39//39 56//56 145//145
f 93//93 92//92 131//131 97//97
f 93//93 97//97 96//96 70//70
f 265//265 125//125 57//57 141//141
f 265//265 141//141 138//138 263//263
f 58//58 53//53 66//66 65//65
f 143//143 136//136 43//43 42//42
f 124//124 146//146 145//145 125//125
f 125//125 145//145 56//56 57//57
f 100//100 106//106 147//147 101//101
f 88//88 87//87 149//149 148//148
f 87//87 101//101 147//147 149//149
f 45//45 44//44 150//150 140//140
f 82//82 140//140 151//151 83//83
f 80//80 83//83 152//152 84//84
f 85//85 84//84 153//153 108//108
f 154//154 155//155 156//156 157//157
f 158//158 135//135 159//159 160//160
f 158//158 150//150 44//44 135//135
f 158//158 161//161 162//162 150//150
f 158//158 160//160 163//163 161//161
f 164//164 165//165 156//156 166//166
f 164//164 167//167 163//163 165//165
f 164//164 168//168 169//169 167//167
f 164//164 166//166 170//170 168//168
f 166//166 156//156 155//155 171//171
f 166//166 171//171 172//172 170//170
f 168//168 173//173 174//174 169//169
f 168//168 170//170 175//175 173//173
f 173//173 176//176 177//177 174//174
f 173//173 175//175 178//178 176//176
f 179//179 180//180 181//181 182//182
f 179//179 183//183 184//184 180//180
f 179//179 185//185 186//186 183//183
f 179//179 182//182 187//187 185//185
f 187//187 182//182 174//174 177//177
f 187//187 188//188 189//189 185//185
f 187//187 177//177 190//190 188//188
f 177//177 176//176 191//191 190//190
f 190//190 192//192 193//193 188//188
f 190//190 191//191 194//194 192//192
f 152//152 83//83 151//151 195//195
f 152//152 196//196 153//153 84//84
f 152//152 195//195 184//184 196//196
f 192//192 197//197 198//198 193//193
f 192//192 194//194 268//268 197//197
f 199//199 196//196 184//184 183//183
f 199//199 200//200 153//153 196//196
f 199//199 201//201 202//202 200//200
f 199//199 183//183 186//186 201//201
f 203//203 204//204 189//189 205//205
f 203//203 206//206 207//207 204//204
f 203//203 208//208 209//209 206//206
f 203//203 205//205 210//210 208//208
f 209//209 211//211 212//212 206//206
f 209//209 213//213 214//214 211//211
f 209//209 208//208 215//215 213//213
f 23//23 108//108 153//153 200//200
f 23//23 200//200 202//202 27//27
f 216//216 217//217 211//211 214//214
f 216//216 218//218 219//219 217//217
f 220//220 221//221 222//222 223//223
f 220//220 223//223 224//224 225//225
f 226//226 227//227 228//228 229//229
f 226//226 230//230 231//231 227//227
f 230//230 232//232 224//224 231//231
f 269//269 271//271 233//233 234//234
f 232//232 235//235 225//225 224//224
f 157//157 236//236 237//237 238//238
f 157//157 156//156 165//165 236//236
f 161//161 239//239 240//240 162//162
f 161//161 163//163 167//167 239//239
f 185//185 189//189 204//204 186//186
f 193//193 205//205 189//189 188//188
f 193//193 198//198 210//210 205//205
f 212//212 241//241 207//207 206//206
f 212//212 242//242 222//222 241//241
f 212//212 211//211 217//217 242//242
f 221//221 24//24 241//241 222//222
f 243//243 242//242 217//217 219//219
f 243//243 223//223 222//222 242//242
f 243//243 231//231 224//224 223//223
f 243//243 219//219 227//227 231//231
f 228//228 227//227 219//219 218//218
f 240//240 195//195 151//151 162//162
f 240//240 180//180 184//184 195//195
f 240//240 239//239 181//181 180//180
f 244//244 178//178 245//245 246//246
f 244//244 191//191 176//176 178//178
f 244//244 247//247 194//194 191//191
f 151//151 140//140 150//150 162//162
f 165//165 163//163 160//160 236//236
f 160//160 159//159 237//237 236//236
f 175//175 170//170 172//172 248//248
f 175//175 248//248 245//245 178//178
f 24//24 27//27 202//202 241//241
f 237//237 159//159 249//249 250//250
f 167//167 169//169 181//181 239//239
f 251//251 252//252 171//171 155//155
f 201//201 207//207 241//241 202//202
f 201//201 186//186 204//204 207//207
f 271//271 248//248 172//172 233//233
f 271//271 270//270 245//245 248//248
f 174//174 182//182 181//181 169//169
f 249//249 136//136 143//143 253//253
f 249//249 159//159 135//135 136//136
f 234//234 233//233 252//252 254//254
f 233//233 172//172 171//171 252//252
f 208//208 210//210 255//255 215//215
f 197//197 267//267 256//256 198//198
f 198//198 256//256 255//255 210//210
f 546//546 234//234 254//254 532//532
f 251//251 272//272 254//254 252//252
f 261//261 251//251 155//155 154//154
f 238//238 260//260 154//154 157//157
f 237//237 250//250 533//533 238//238
f 249//249 253//253 534//534 250//250
f 143//143 142//142 273//273 253//253
f 127//127 126//126 274//274 142//142
f 37//37 36//36 258//258 126//126
f 39//39 144//144 257//257 36//36
f 145//145 146//146 531//531 144//144
f 124//124 266//266 259//259 146//146
f 89//89 88//88 148//148
f 139//139 79//79 89//89
f 262//262 137//137 139//139
f 263//263 138//138 262//262
f 264//264 265//265 263//263
f 266//266 124//124 264//264
f 268//268 267//267 197//197
f 247//247 268//268 194//194
f 246//246 247//247 244//244
f 270//270 246//246 245//245
f 269//269 270//270 271//271
f 546//546 269//269 234//234
f 532//532 254//254 272//272 528//528
f 272//272 251//251 261//261 525//525
f 261//261 154//154 260//260 428//428
f 260//260 238//238 533//533 512//512
f 533//533 250//250 534//534 524//524
f 534//534 253//253 273//273 527//527
f 273//273 142//142 274//274 416//416
f 274//274 126//126 258//258 400//400
f 258//258 36//36 257//257 310//310
f 257//257 144//144 531//531 418//418
f 531//531 146//146 259//259 420//420
f 407//407 276//276 275//275 383//383
f 407//407 278//278 277//277 276//276
f 279//279 277//277 278//278 280//280
f 279//279 282//282 281//281 277//277
f 279//279 280//280 284//284 283//283
f 285//285 287//287 286//286 281//281
f 381//381 383//383 275//275 288//288
f 276//276 286//286 289//289 275//275
f 276//276 277//277 281//281 286//286
f 286//286 287//287 290//290 289//289
f 284//284 292//292 291//291 283//283
f 281//281 282//282 294//294 285//285
f 279//279 283//283 293//293 282//282
f 285//285 295//295 296//296 287//287
f 381//381 288//288 297//297 382//382
f 298//298 301//301 300//300 299//299
f 298//298 299//299 302//302 495//495
f 303//303 494//494 495//495 302//302
f 303//303 302//302 305//305 304//304
f 303//303 306//306 499//499 494//494
f 296//296 305//305 290//290 287//287
f 297//297 288//288 300//300 301//301
f 299//299 300//300 289//289 290//290
f 299//299 290//290 305//305 302//302
f 300//300 288//288 275//275 289//289
f 499//499 306//306 307//307 509//509
f 305//305 296//296 309//309 304//304
f 303//303 304//304 308//308 306//306
f 310//310 313//313 312//312 311//311
f 314//314 317//317 316//316 315//315
f 314//314 319//319 318//318 317//317
f 314//314 321//321 320//320 319//319
f 314//314 315//315 322//322 321//321
f 323//323 325//325 312//312 324//324
f 323//323 326//326 322//322 325//325
f 323//323 328//328 327//327 326//326
f 323//323 324//324 329//329 328//328
f 324//324 312//312 313//313 330//330
f 324//324 330//330 331//331 329//329
f 328//328 333//333 332//332 327//327
f 328//328 329//329 334//334 333//333
f 333//333 336//336 335//335 332//332
f 333//333 334//334 337//337 336//336
f 338//338 341//341 340//340 339//339
f 338//338 343//343 342//342 341//341
f 338//338 345//345 344//344 343//343
f 338//338 339//339 346//346 345//345
f 346//346 339//339 332//332 335//335
f 346//346 348//348 347//347 345//345
f 346//346 335//335 349//349 348//348
f 335//335 336//336 350//350 349//349
f 349//349 352//352 351//351 348//348
f 349//349 350//350 353//353 352//352
f 354//354 357//357 356//356 355//355
f 354//354 360//360 359//359 358//358
f 354//354 355//355 342//342 360//360
f 352//352 362//362 361//361 351//351
f 352//352 353//353 363//363 362//362
f 364//364 360//360 342//342 343//343
f 364//364 365//365 359//359 360//360
f 364//364 367//367 366//366 365//365
f 364//364 343//343 344//344 367//367
f 368//368 370//370 347//347 369//369
f 368//368 372//372 371//371 370//370
f 368//368 374//374 373//373 372//372
f 368//368 369//369 375//375 374//374
f 373//373 377//377 376//376 372//372
f 373//373 379//379 378//378 377//377
f 373//373 374//374 380//380 379//379
f 381//381 382//382 359//359 365//365
f 381//381 365//365 366//366 383//383
f 384//384 385//385 377//377 378//378
f 384//384 387//387 386//386 385//385
f 280//280 278//278 389//389 388//388
f 280//280 388//388 390//390 284//284
f 391//391 394//394 393//393 392//392
f 391//391 396//396 395//395 394//394
f 396//396 397//397 390//390 395//395
f 537//537 538//538 399//399 398//398
f 397//397 292//292 284//284 390//390
f 311//311 402//402 401//401 400//400
f 311//311 312//312 325//325 402//402
f 321//321 404//404 403//403 320//320
f 321//321 322//322 326//326 404//404
f 345//345 347//347 370//370 344//344
f 351//351 369//369 347//347 348//348
f 351//351 361//361 375//375 369//369
f 376//376 405//405 371//371 372//372
f 376//376 406//406 389//389 405//405
f 376//376 377//377 385//385 406//406
f 278//278 407//407 405//405 389//389
f 408//408 406//406 385//385 386//386
f 408//408 388//388 389//389 406//406
f 408//408 395//395 390//390 388//388
f 408//408 386//386 394//394 395//395
f 393//393 394//394 386//386 387//387
f 409//409 410//410 317//317 318//318
f 403//403 355//355 356//356 320//320
f 403//403 341//341 342//342 355//355
f 403//403 404//404 340//340 341//341
f 411//411 337//337 412//412 535//535
f 411//411 350//350 336//336 337//337
f 411//411 413//413 353//353 350//350
f 356//356 414//414 319//319 320//320
f 325//325 322//322 315//315 402//402
f 315//315 316//316 401//401 402//402
f 334//334 329//329 331//331 415//415
f 334//334 415//415 412//412 337//337
f 407//407 383//383 366//366 405//405
f 401//401 316//316 417//417 416//416
f 326//326 327//327 340//340 404//404
f 418//418 419//419 330//330 313//313
f 367//367 371//371 405//405 366//366
f 367//367 344//344 370//370 371//371
f 538//538 415//415 331//331 399//399
f 538//538 536//536 412//412 415//415
f 332//332 339//339 340//340 327//327
f 417//417 316//316 317//317 410//410
f 398//398 399//399 419//419 420//420
f 399//399 331//331 330//330 419//419
f 374//374 375//375 421//421 380//380
f 362//362 422//422 423//423 361//361
f 361//361 423//423 421//421 375//375
f 319//319 414//414 424//424 318//318
f 356//356 357//357 425//425 414//414
f 354//354 358//358 426//426 357//357
f 359//359 382//382 427//427 358//358
f 428//428 431//431 430//430 429//429
f 432//432 434//434 433//433 409//409
f 432//432 409//409 318//318 424//424
f 432//432 424//424 436//436 435//435
f 432//432 435//435 437//437 434//434
f 438//438 440//440 430//430 439//439
f 438//438 439//439 437//437 441//441
f 438//438 441//441 443//443 442//442
f 438//438 442//442 444//444 440//440
f 440//440 445//445 429//429 430//430
f 440//440 444//444 446//446 445//445
f 442//442 443//443 448//448 447//447
f 442//442 447//447 449//449 444//444
f 447//447 448//448 451//451 450//450
f 447//447 450//450 452//452 449//449
f 453//453 456//456 455//455 454//454
f 453//453 454//454 458//458 457//457
f 453//453 457//457 460//460 459//459
f 453//453 459//459 461//461 456//456
f 461//461 451//451 448//448 456//456
f 461//461 459//459 463//463 462//462
f 461//461 462//462 464//464 451//451
f 451//451 464//464 465//465 450//450
f 464//464 462//462 467//467 466//466
f 464//464 466//466 468//468 465//465
f 426//426 469//469 425//425 357//357
f 426//426 358//358 427//427 470//470
f 426//426 470//470 458//458 469//469
f 466//466 467//467 472//472 471//471
f 466//466 471//471 541//541 468//468
f 473//473 457//457 458//458 470//470
f 473//473 470//470 427//427 474//474
f 473//473 474//474 476//476 475//475
f 473//473 475//475 460//460 457//457
f 477//477 479//479 463//463 478//478
f 477//477 478//478 481//481 480//480
f 477//477 480//480 483//483 482//482
f 477//477 482//482 484//484 479//479
f 483//483 480//480 486//486 485//485
f 483//483 485//485 488//488 487//487
f 483//483 487//487 489//489 482//482
f 297//297 474//474 427//427 382//382
f 297//297 301//301 476//476 474//474
f 490//490 488//488 485//485 491//491
f 490//490 491//491 493//493 492//492
f 494//494 497//497 496//496 495//495
f 494//494 499//499 498//498 497//497
f 500//500 503//503 502//502 501//501
f 500//500 501//501 505//505 504//504
f 504//504 505//505 498//498 506//506
f 542//542 508//508 507//507 544//544
f 506//506 498//498 499//499 509//509
f 431//431 512//512 511//511 510//510
f 431//431 510//510 439//439 430//430
f 435//435 436//436 514//514 513//513
f 435//435 513//513 441//441 437//437
f 459//459 460//460 478//478 463//463
f 467//467 462//462 463//463 479//479
f 467//467 479//479 484//484 472//472
f 486//486 480//480 481//481 515//515
f 486//486 515//515 496//496 516//516
f 486//486 516//516 491//491 485//485
f 495//495 496//496 515//515 298//298
f 517//517 493//493 491//491 516//516
f 517//517 516//516 496//496 497//497
f 517//517 497//497 498//498 505//505
f 517//517 505//505 501//501 493//493
f 502//502 492//492 493//493 501//501
f 514//514 436//436 425//425 469//469
f 514//514 469//469 458//458 454//454
f 514//514 454//454 455//455 513//513
f 518//518 520//520 519//519 452//452
f 518//518 452//452 450//450 465//465
f 518//518 465//465 468//468 521//521
f 425//425 436//436 424//424 414//414
f 439//439 510//510 434//434 437//437
f 434//434 510//510 511//511 433//433
f 449//449 522//522 446//446 444//444
f 449//449 452//452 519//519 522//522
f 298//298 515//515 476//476 301//301
f 511//511 524//524 523//523 433//433
f 441//441 513//513 455//455 443//443
f 525//525 429//429 445//445 526//526
f 475//475 476//476 515//515 481//481
f 475//475 481//481 478//478 460//460
f 544//544 507//507 446//446 522//522
f 544//544 522//522 519//519 543//543
f 448//448 443//443 455//455 456//456
f 523//523 527//527 417//417 410//410
f 523//523 410//410 409//409 433//433
f 508//508 528//528 526//526 507//507
f 507//507 526//526 445//445 446//446
f 482//482 489//489 529//529 484//484
f 471//471 472//472 530//530 540//540
f 472//472 484//484 529//529 530//530
f 545//545 532//532 528//528 508//508
f 525//525 526//526 528//528 272//272
f 261//261 428//428 429//429 525//525
f 512//512 431//431 428//428 260//260
f 511//511 512//512 533//533 524//524
f 523//523 524//524 534//534 527//527
f 417//417 527//527 273//273 416//416
f 401//401 416//416 274//274 400//400
f 311//311 400//400 258//258 310//310
f 313//313 310//310 257//257 418//418
f 419//419 418//418 531//531 420//420
f 398//398 420//420 259//259 539//539
f 363//363 422//422 362//362
f 413//413 363//363 353//353
f 535//535 413//413 411//411
f 536//536 535//535 412//412
f 537//537 536//536 538//538
f 539//539 537//537 398//398
f 541//541 471//471 540//540
f 521//521 468//468 541//541
f 520//520 518//518 521//521
f 543//543 519//519 520//520
f 542//542 544//544 543//543
f 545//545 508//508 542//542
f 539//539 259//259 266//266
f 545//545 546//546 532//532
