-0.4778077644440472	-0.7051762539250068	0.5238570331085345
-0.9533262792300075	-0.0362327135667047	0.29976023051276
-0.9865269858935132	-0.005121884333142013	0.16351841610270648
-0.9840264538962687	0.005795229172159973	0.17792794426726852
-0.9547404749668352	-0.08711003522862863	0.2843984304150944
-0.9705617303803502	-0.008232246381475768	0.2407117729580653
-0.9933506245198611	0.018147258828359564	0.11368911013381372
-0.9694585721674733	0.00958249002654487	0.24506785333024628
-0.9618446860271712	0.019434128451953747	0.27290495527308667
-0.9778194997477224	0.018419832155447742	0.20863780984394673
-0.9812118872705603	0.026483995248000422	0.1911068556453407
-0.025641449966903724	-0.8660427770592971	0.4993119509355002
-0.9999999609223205	0.00007017180403808981	0.00027061277815063246
-0.987993263668429	0.021144412933048574	0.1530432120269401
-0.9987448252632575	0.005681127337561791	0.04976443310276688
-0.9880761030206737	0.023701537850076337	0.15213103477929873
-0.9949867813979103	0.0144700159115192	0.09895414838675279
-0.9988609777251778	0.009520041265342432	0.04675591932801652
-0.9998568474049095	0.003497653918672766	0.0165544892576162
-0.9966356953996772	0.015462880668045834	0.08048720380686454
-0.9907366692478046	0.017921129111129114	0.1346093805763499
-0.9996461027801609	-0.009060529506924236	-0.025011517376807447
-0.9994268010510836	0.007032914996557347	0.033115063754259974
-0.9736876617033752	0.020506104483150125	0.22696219316339794
-0.10015651336431697	-0.8632388380713908	0.494759922867504
-0.9936468458067272	0.019431965929243587	0.11085280564093436
-0.9996300868057767	0.00570073470297378	0.026593066324171025
-0.9983794570985424	0.011427247628983901	0.05574834217486325
-0.9998364594271162	0.004142270950206057	0.017603862974470936
-0.999740386505878	-0.006174507975009706	-0.02193251103599284
-0.9999241248904195	-0.002488756602491123	-0.012064433376750313
-0.9991251418720095	0.008933955184789568	0.04085505261277848
-0.9995051722967242	0.007060793599198537	0.030652173590869847
-0.9999210578951635	0.0029436211287180254	0.012215280286082101
-0.9975719172419518	-0.03663104078822459	-0.05923205872657229
-0.9988387954251149	0.010173910471090394	0.04709089401818415
-0.9974556579534027	0.013828704786259452	0.06993552273829975
-0.9999733757733477	0.0018289012429456182	0.007064195969736857
-0.9999910853298399	-0.0011601718975177437	-0.004059958376257554
-0.999750944398009	-0.0040380587574203345	-0.021948650454203855
-0.9959722916565567	-0.04950424048218313	-0.0747564340151982
-0.9989778941440404	-0.016185985961284	-0.04220403855082387
-0.9997850413834011	-0.0045828364882667255	-0.02022050038235734
-0.9999829951911923	-0.001292482376969048	-0.005686722936559213
-0.9996561843989926	-0.006731551790451167	-0.025341649578110345
-0.02120252058028354	-0.8869957643432995	0.4612905452728124
-0.9990685677331106	-0.013418032537727966	-0.04101162482184004
-0.9786194149732995	-0.012033017138091018	0.20532717096349243
-0.03375409882052196	-0.9126944883767967	0.4072461561505914
-0.9814977415716332	0.022231072968732023	0.190178765072346
-0.9673431311229747	0.026774291178110365	0.25205238344659536
-0.993215393120837	0.006302051368953226	0.11611833195651934
-0.001432448733638074	-0.8661712222376161	0.49974529698439396
-0.024356981405636337	-0.9087447714612709	0.4166409458977933
-0.9956957901325492	0.01673909380216698	0.09115753534952964
-0.017211114756779215	-0.9107451387693974	0.4126100698440841
-0.9288284292218537	-0.1519362189163879	0.33792474672721906
-0.03654107370513231	-0.8669941791642888	0.4969767029023767
-0.02883916843555258	-0.9356592531284252	0.35172441541511373
-0.019215192331937265	-0.8707420765953836	0.4913644395252936
-0.012200557500931044	-0.8689647781005115	0.49472351957168476
-0.03364121165698791	-0.8762157249561582	0.4807434578003158
-0.0015532261143028745	-0.86662282461549	0.4989613886305306
-0.141943961229865	-0.8765505631302458	0.45990327477244974
-0.07797831011008682	-0.8847230933144278	0.45954807290263483
-0.08413058876675497	-0.8916946000551832	0.4447502493154848
-0.9911699020065862	0.022047085493853456	0.1307522519021416
-0.015391365959865759	-0.8819018153350114	0.4711818056363181
-0.9847257550283188	0.019024580099083307	0.17307008041819585
-0.07279912987858683	-0.8660058044385592	0.4947062091460393
-0.9976223983834094	0.007876969356692073	0.06846534596047547
-0.995944816492475	0.01670855066804273	0.08840105676033298
-0.003121259147021693	-0.9763661418733236	0.21610047372631533
-0.9969120162624852	0.013491580235551739	0.07735896259784024
-0.05999056522968041	-0.8965537318668622	0.4388536634904923
-0.9628902793643732	0.0051185127995032114	0.26984460478638517
-0.0000495722248418401	-0.9079325235574414	0.41911636833844945
-0.17251642863163988	-0.8591769394862608	0.48171886874732917
-0.004714954874532586	-0.8759363206877414	0.4824037015825574
-0.9999193552290561	0.002859448958075251	0.012373624770657357
-0.9996140705899339	0.005322688761705749	0.027264975022340966
-0.04435147082173103	-0.868041473132717	0.49450677240815616
-0.04082969900695397	-0.8799066796674981	0.4733890268642907
-0.05462624843964986	-0.8890669517571359	0.45450624668389794
-0.8771583985976059	-0.31842079583014543	0.35944587986591314
-0.000035461852906687217	-0.8846124257940917	0.4663269827847724
-0.009524544584431615	-0.8970677335212546	0.44179040791476965
-0.0791413283554986	-0.9145508735396056	0.39665268164235457
-0.5699744008685581	-0.6525210385531737	0.4993450476374187
-0.20495016567919708	-0.8356878294505033	0.509530451785147
-0.07176667787330676	-0.8744137946490664	0.4798437867415284
-0.0375268697748861	-0.876749345409177	0.4794813024190602
-0.01950866702467847	-0.8810538191799004	0.4726135626697902
-0.08322201821938015	-0.8840195140714452	0.4599821675069362
-0.0137251303945138	-0.927620422315006	0.37327198247361604
-0.008635149482631924	-0.9205859065492713	0.3904446476214893
-0.003392016234007761	-0.9649143363690308	0.26254298256738995
-0.039976258599685545	-0.9375493020154214	0.3455476885160238
-0.9490852344202673	0.008552038664554838	0.31490328743934404
-0.9446101796200786	0.015117366517689803	0.3278461129671855
-0.9995958667551316	-0.005641954397785041	-0.027861649567655404
-0.9981214007928243	-0.011588677968680475	-0.06016121526621831
-0.9986345828909541	-0.0112038108391724	-0.05102395983153538
-0.9995591233655735	-0.003687911222002041	-0.02946113045124025
-0.9999491222864063	-0.0012902424580515642	-0.010004404682194382
-0.9987834752069592	-0.006801037493670908	-0.048839692285264504
-0.9999199412697046	-0.0018500801812164802	-0.012517517905478868
-0.9999099119529747	0.0025198990997458903	0.013184008750049528
-0.9999999852170921	0.0000290580294989589	0.0001694740290735546
-0.9999865317186849	0.0007874044895385565	0.005129948869692884
-0.9996145997526399	0.003937448974554602	0.02747996464594589
-0.9934808248542524	0.01955389244313887	0.11230982119670753
-0.993273752480701	0.019088486020497997	0.11420543916273117
-0.995373780401486	0.01618529445862811	0.09470519274327865
-0.9910722034004794	0.020904516040246464	0.1316772146426323
-0.991191353272584	0.022077010077092535	0.13058448155779973
-0.9882026479101889	0.024244189469766655	0.1512208515392152
-0.9847017596626805	0.026580121832948132	0.17220900568950043
-0.9965394768859546	-0.02160193807665348	-0.08026473247448374
-0.9999632046333985	-0.002020120097524598	-0.008337175426677262
-0.9989179617097893	-0.012573585702590128	-0.044775112687070344
-0.059046138535409215	-0.8719534854364156	0.4860150951969948
-0.10945492875606153	-0.8663937946827882	0.48721803241071027
-0.06552045128735202	-0.8752073577570334	0.47929025797636854
-0.08814708263302994	-0.8696179384681012	0.4857928909708083
-0.12599389993681848	-0.8674747973465995	0.48126189662925445
-0.09450819818646553	-0.872056997386079	0.48019245494439416
-0.11153877796566614	-0.8660367686473726	0.4873801558955218
-0.16443159607221086	-0.8665871463832466	0.4711570523047348
-0.15968401362023768	-0.8660440104870265	0.4737813711973896
-0.1081534426822356	-0.880001040297697	0.4624943263554176
-0.16569529755726728	-0.8682024100585433	0.4677281726985726
-0.19528924521018962	-0.8663996282121843	0.4595800201695275
-0.004917768050689063	-0.9763632098598957	0.21608030449229043
-0.04002169268525418	-0.906332360400502	0.42066603928230495
-0.14916841141441586	-0.8821820655697598	0.44665824544406657
-0.004950649097706607	-0.889880285500424	0.45616725940294683
-0.0025165540199643412	-0.9095925807492015	0.41549368707824214
-0.0020497208005784847	-0.8951323819694966	0.44579571262435314
-0.011214772050634977	-0.959307342908168	0.28214118935441335
-0.005897729526346264	-0.9765418118519994	0.21524708242215132
-0.03366397782608969	-0.9008431064047879	0.43283765344514163
-0.022200659872108463	-0.9218467860223719	0.38691812286511745
-0.0016928291061363504	-0.9221446795550028	0.38684147179176487
-0.003972069159135016	-0.9391454007247808	0.3434969271537753
-0.023886142025671426	-0.870540487307788	0.4915167465886066
-0.03688160408054149	-0.8864300161885931	0.46139091200449206
-0.016781956911294034	-0.9623929726102557	0.2711422729723698
-0.8104133259397661	-0.3599076130610621	0.46227345932892916
-0.03328009445985727	-0.9641307125653513	0.2633332573014106
-0.02247799450001857	-0.9783678089896217	0.2056481706607286
-0.0156751761828631	-0.9789014317695796	0.2037308904685383
-0.06951439199983792	-0.9173958051050918	0.3918579922375876
-0.00048480553296313477	-0.9593571118241981	0.28219443112139564
-0.003839987759581632	-0.9315613296311206	0.3635639470985881
-0.07435948144548583	-0.930072945856822	0.3597707365870264
-0.0003425654340105352	-0.9294629708296968	0.36891525924710383
-0.03763348802539292	-0.9305222182195011	0.3642967498879199
-0.007797317230994858	-0.9619748795638478	0.2730266157943571
-0.03016107719655436	-0.9750876037726296	0.21976003820370693
-0.029270591093910683	-0.95779565563573	0.2859557912376233
-0.009895389025950484	-0.9740022111898745	0.22632227878240402
-0.05279361905006969	-0.934248586992065	0.3526930839851073
-0.01958661880475115	-0.9708599089004615	0.2388459789353488
-0.9558436128904553	0.02081028915764604	0.29313805546482163
-0.9665540020477991	0.030507140018297615	0.2546422500946912
-0.9989979949575241	-0.010723886807727722	-0.04345117170551119
-0.9981906683441139	-0.014214067798060588	-0.05842388131032946
-0.9991853615194616	0.006522877660490659	0.03982543649790892
-0.9998048625105026	0.0034065792266301993	0.01945847163390512
-0.9990591711241974	0.00641944167422052	0.04289013128008302
-0.9981451877127199	0.009767966635853899	0.06008969190917656
-0.996706659133752	0.014554045847697213	0.0797747791466576
-0.9993871132217539	0.0044495337940256485	0.03472174499222643
-0.9971150084348055	0.011192914272409328	0.07507581917067868
-0.9944243807183666	0.015869958636992032	0.10425111723983214
-0.9918547135312319	0.01844205236941491	0.12603220997142778
-0.9903367682203369	0.02057875315206359	0.1371480967042741
-0.9958369343582476	-0.02091884737105304	-0.08871979481848145
-0.9953895640005664	0.013711381450816355	0.09492952068493997
-0.9958421400958282	0.014792405587619597	0.08988668837092749
-0.9977884811890843	0.011178829692939717	0.06552236696790503
-0.9942715387226462	0.011425372914404455	0.1062712008959539
-0.9955306722935453	0.011424696441737148	0.09374516965676671
-0.9919711095249617	0.015892499992345734	0.1254621309870419
-0.9943357551822185	0.013862311797985517	0.10537666856483215
-0.9982712984152606	0.007019508389527028	0.05835358825538687
-0.9883381268554688	0.02352177038440322	0.15044757665647687
-0.9973516536500446	0.009200442281028573	0.07214589956023222
-0.9995135350846827	-0.0033289344764496714	-0.031009859363958184
-0.9996303403280407	0.0031316910205775937	0.0270069473839166
-0.9997048194629957	0.001994436282447244	0.024213553361176695
-0.9985436041377284	-0.004287349513886303	-0.05378000808647439
-0.9985986771595363	-0.005801165816540826	-0.052602551747924345
-0.9961982876709172	-0.013804139332002962	-0.08601405337986838
-0.9979131373708124	0.009066599891461139	0.06393095517157808
-0.9979647596694766	0.00659691985507266	0.06342569752292425
-0.9999726197843514	0.0007058168741052872	0.007366240843272036
-0.9864278691152284	-0.03092975148120328	-0.16125572704899788
-0.987509040997038	-0.025457206662158387	-0.1554922010200846
-0.9961883030606327	-0.009245016563600807	-0.08673750350290133
-0.9910883124002717	-0.015680428288183612	-0.13228031294293355
-0.9976678322921715	-0.0038934758882166708	-0.06814497233800514
-0.9999125644217385	-0.0012183235085350943	-0.013167353544697676
-0.9929043323241471	0.009740799679202532	0.11851625911050986
-0.9909607210709801	0.0152189086005753	0.133286286299418
-0.99840707624278	0.0032228713208840493	0.056328706791411706
-0.9990300775631739	0.0037313962070376237	0.043874603205783694
-0.9954299220021274	-0.01207807670522679	-0.0947279813251671
-0.9950868093561417	-0.00651863109466323	-0.09879144342535617
-0.996038454362936	-0.006791571274467388	-0.08866381443360818
-0.9962358996675774	-0.004700282985052572	-0.0865559908578989
-0.9877823696421518	-0.018681397956089325	-0.154715854373563
-0.9878297248214963	-0.015249293758055182	-0.15478983751838282
-0.9845649232126601	-0.028034430470532758	-0.17275989895644606
-0.9804181810705406	-0.03614487307097671	-0.19358134821571935
-0.9843106636901777	-0.017241972563086468	-0.1755996347602565
-0.9924538776080432	-0.00845487036652864	-0.12232667733509545
-0.9951195271865857	-0.009138613738898991	-0.09825279818344786
-0.9911672308705843	-0.011246835588744612	-0.13214018744340225
-0.9976008912200076	-0.004922055376984305	-0.06905240913908998
-0.9993662006015531	-0.0018304011764481288	-0.035550622030418325
-0.9985155552942179	-0.002567406036673387	-0.05440674831050746
-0.9998254194477265	-0.0007261144555716895	-0.018670923490151398
-0.9997778594520522	0.0013811203795180012	0.02103150626963762
-0.9989754358152592	0.004509849356221189	0.04503043300366209
-0.9820148933909425	-0.041239379855743774	-0.18424457307473038
-0.989121785942905	-0.027867030075071998	-0.14443517995250688
-0.9847442977117032	-0.02401748567399396	-0.1723421843489972
-0.9807060670850613	-0.049243013855189706	-0.18918439568053425
-0.9789545691030573	-0.04383444284242576	-0.1993150602762902
-0.996221132964987	-0.03610553128419347	-0.07899268855181361
-0.9968594386444893	0.0014798485733998222	0.07917745659967544
-0.9950540551508077	0.0021395757730781765	0.0993118801727398
-0.9779372836926745	-0.03626794829554154	-0.20572628682359773
-0.9974421094593039	0.0032026386967310165	0.07140715218206238
-0.9978252630791891	0.0019384024722158568	0.06588616665737068
-0.999999974302178	9.910489594733013e-6	0.00022648934986267094
-0.9941701533527261	-0.04843316571696396	-0.09633241739544507
-0.9900092296155606	-0.06521937840106051	-0.1250126311897461
-0.9969314414034617	-0.022746033742030172	-0.0749020633242003
-0.9964722420574206	-0.02696566506815007	-0.0794727860118796
-0.9985104210937747	-0.01430595360772403	-0.05265243259818333
-0.00913542755814797	-0.8933813535859121	0.44920630118947946
-0.13212386358096023	-0.8690130942478201	0.4768223219379195
-0.1654785960795381	-0.8658401172540727	0.47216281682593214
-0.15032475836480835	-0.8660633618766232	0.4767984062866854
-0.177479418863765	-0.8736654042594902	0.45300090207402655
-0.11789707764379348	-0.9612812222037233	0.2490756730826383
-0.14626832383218855	-0.9309350229734763	0.33461255273031104
-0.058105965395667335	-0.9612927753239355	0.2693323168419322
-0.04194372276651542	-0.9626143830439072	0.2676084334946931
-0.04271723230962269	-0.9751611028232414	0.21733858747209442
-0.059310963463961516	-0.9736809183234387	0.220062897612936
-0.08002599443515722	-0.9719733317509297	0.22105131209667386
-0.9631166017722534	0.03366917640925052	0.2669696573593886
-0.06322783495830292	-0.9641801915718801	0.2576020168145007
-0.005298727690067417	-0.8876887703766904	0.4604134776828172
-0.9823733218854003	0.026829587760281076	0.18499413414607851
-0.9382949453624578	-0.07085621049090078	0.33849962029835656
-0.9856352643928271	0.024707645551721523	0.16707081683098443
-0.03958345206606327	-0.9715613344321484	0.2334560424554414
-0.9195938172589285	-0.05388055192123513	0.3891581906934707
-0.9421046901246625	-0.02837210884583698	0.33411641127719793
-0.059826680913720745	-0.9505881283172991	0.30463581298504905
-0.9689430504437594	0.03255737784091836	0.24513135691882829
-0.4609878712023584	-0.7137027244106517	0.5273695135037019
-0.9768687643720124	0.02837937195773959	0.21194817395198706
-0.1914706442646183	-0.8951130431791823	0.40263088842685063
-0.3304115796954471	-0.8289082878506655	0.4513748313050222
-0.09594562618257421	-0.9672657274692579	0.23492860464362597
-0.13059014239058367	-0.9603839741571942	0.2461886205583853
-0.0015258796479783422	-0.9765373638878752	0.21534263075902882
-0.00003611460283301425	-0.9714382354164371	0.23729254827477053
-0.049627552874202965	-0.9207335987979781	0.3870229270214388
-0.01695448595249885	-0.9562000280787419	0.2922226064292423
-0.010207065126827342	-0.9307546983942899	0.36550171988439584
-0.9845886793986239	0.02617438649680435	0.17291626265794116
-0.9751594680199236	0.030256874978792713	0.21942774083423783
-0.9773708921259274	0.029934273271978167	0.20940410337108328
-0.9815207673833689	0.028070863962819572	0.18928552451664993
-0.968393393982895	0.03275267021279589	0.24726806725539976
-0.9951667908325132	-0.025352352565878564	-0.09486999864810801
-0.9924159686905463	-0.020360753128778764	-0.12122699707587216
-0.9957185832939365	0.0043642439555072274	0.09233339730461956
-0.9721832030884374	-0.06761607318493093	-0.22424960708941288
-0.9738046960765411	-0.04434815358183663	-0.22301940537351772
-0.9740014607434238	-0.055860621733249474	-0.21954668161748983
-0.9999103193259538	0.0004265796402289985	0.013385489728794327
-0.9989814133720187	0.0011545652560859254	0.04510878757307984
-0.99954230763912	0.0011285612392694555	0.0302308052984364
-0.9877139395090618	-0.07198805149481051	-0.1387043407448728
-0.9936048542981769	-0.03728177218718651	-0.1065807814649597
-0.9915556281581853	-0.07937102683988019	-0.1025557232250334
-0.1280458355155676	-0.8656873281301295	0.48393151780188665
-0.6831559756970742	-0.6833527716765317	0.2575400984533873
-0.07652587468198684	-0.8661199591390579	0.493943323555561
-0.307157684137163	-0.8510392098958454	0.42589484652358756
-0.5675263959677715	-0.7666434032532522	0.30028600055297855
-0.08030052915813272	-0.866582453260999	0.49253088909942744
-0.9865067313629787	-0.15088864846194858	-0.06353805742118958
-0.19320031628404313	-0.8657168958766107	0.4617444033028568
-0.30572707192243836	-0.8560554600352256	0.41677332788652655
-0.38186864091406425	-0.8437303626272896	0.37722064666090016
-0.3099502918054614	-0.8596548194706823	0.40610886221620135
-0.9475058974469712	-0.3148897921200914	-0.05547065099469442
-0.9798480718793182	-0.1545139403363591	-0.12658277243019372
-0.21759255830996313	-0.8663413442215238	0.44956218019376204
-0.22793517964120225	-0.866668124181397	0.4437701166255241
-0.7208064610672731	-0.6728044183425465	0.1666501135385801
-0.9331532554843537	-0.3548667353792738	-0.057398622807598186
-0.9622234504944983	-0.2354174668033657	-0.1367649357194605
-0.9920434603220748	-0.04126533953258062	-0.11894092897512072
-0.9747010376066636	-0.14927516378176633	-0.16635748485241084
-0.9829122475570842	-0.1083623780625773	-0.14879888649752873
-0.8719191451046405	-0.48935735368172595	-0.016922907481013064
-0.43469159557299375	-0.836014036468604	0.33484884286148675
-0.987782523076602	-0.051168307812204064	-0.14719881582423744
-0.9671848853891196	-0.14596174509309298	-0.20796289679703567
-0.9958068324400436	-0.02669170271015057	-0.08750031698319503
-0.9804415247739252	-0.11138056502418153	-0.16226147489122086
-0.9486961146761571	-0.2868631905509453	-0.1329856830839156
-0.9731921708763223	-0.14080712382045715	-0.1818525568322909
-0.9388216285825717	-0.29988643340198723	-0.1693578364499352
-0.9735406591372263	-0.11262789392685506	-0.19883043659424054
-0.980831423815373	-0.08529927820251616	-0.17519632186332554
-0.9599882512532633	-0.2041249595258233	-0.19171739189307424
-0.8691359565811845	-0.49080810713651907	-0.06091051589649015
-0.6905855321337618	-0.702372412298612	0.17252425119199175
-0.39521358796517253	-0.8503108881108145	0.34753073741453855
-0.963088018775353	-0.20248406976438327	-0.17737437690663693
-0.9758574955322731	-0.06333383021583351	-0.2090238607519995
-0.9933390982562883	-0.022684829689125788	-0.11297271518981672
-0.9530099386990307	-0.20590544073176825	-0.22220487442431597
-0.9375960695737313	-0.28982348997628893	-0.19213525178335883
-0.991542546967948	-0.03314018022702547	-0.1254795043297307
-0.9942495540768946	-0.024256408927842064	-0.1043046060527609
-0.9976724972217892	-0.014281094391279529	-0.06667562245848453
-0.1989973613137418	-0.867305364039917	0.4562690606404902
-0.2370260593092969	-0.8697467142989611	0.43285020523787104
-0.24014361804216855	-0.8668896114795285	0.43684487432324226
-0.1915209691908865	-0.8746009293156753	0.4454132157899458
-0.2958138779251167	-0.8675114913376664	0.3998974393816526
-0.27368541338100333	-0.8664573642038914	0.4175499138059001
-0.2821604265757207	-0.866278368144482	0.41224662831797754
-0.18198626055470177	-0.8855312930464523	0.42745213767718415
-0.22171440775408016	-0.8856983752224711	0.40789840588378407
-0.17331464154037213	-0.9165322254905478	0.3604590332687973
-0.20698991256796778	-0.8806241118074939	0.42621162560208
-0.2421426259076322	-0.8756133352218829	0.4179332912082581
-0.10331683359616156	-0.9560751302747883	0.2743100019425277
-0.09922857313542255	-0.9713914880444543	0.2157597442255825
-0.08009685775892401	-0.958106156450479	0.27498561116690623
-0.14495817719447102	-0.8885304616712124	0.43531683352105566
-0.26676241714377535	-0.8379575718374682	0.4760933948290659
-0.24262569199978704	-0.8394364051305194	0.4862913687524948
-0.9277072812585391	0.011388644018252812	0.37313469295592905
-0.5528701836027884	-0.6663979225361183	0.5002483072660661
-0.0023841878210005703	-0.9606518150765123	0.2777452174901244
-0.0002354660788542214	-0.9553136055882301	0.29559407898965295
-0.0006920321371624205	-0.9728008917350353	0.23164184883358432
-0.0006433661557559716	-0.9189919539588276	0.39427575963901956
-0.9950063553799384	-0.020039910672139102	-0.09777911195027374
-0.9974113460061972	-0.011967650030770745	-0.07090403522259281
-0.9986689439675382	-0.007964646948293498	-0.05095983471078991
-0.9919802193276468	0.013168407006863775	0.12570535994767842
-0.990308255776068	0.011352839743568236	0.13842207761596062
-0.9880915883093793	0.016628667126177457	0.15296568419699516
-0.987525897348396	0.015022245694511592	0.15673842604970425
-0.9904394703688582	0.01829945476589504	0.13672887584825288
-0.9932957844440237	0.007780378536841236	0.11533841647757703
-0.9942618906811822	0.003717738511111789	0.10690870478798238
-0.9939131201079975	0.0014008264567254812	0.11015782932875745
-0.9798136408294094	0.026882652070197178	0.19809733027552381
-0.9911379365940124	0.007099616115576923	0.13264684728697906
-0.9874936345902334	0.020111219341329638	0.15637090682213073
-0.9817188096707203	0.02433227177954588	0.18877531429917033
-0.9780605685824169	0.01740637889460614	0.20759224975421614
-0.9863897422608477	0.005105426958140666	0.16434479297548077
-0.9845991501076031	0.015356485197344087	0.17415134788387165
-0.9769103555962023	0.0241859792105674	0.2122762246190741
-0.9840949100788675	0.0038397746929310665	0.17760198221633963
-0.989619618401617	0.003991642558787045	0.1436561090393321
-0.9901389287510222	0.002088973205495584	0.14007333066192523
-0.9813382608411915	0.017628652756346622	0.19147962923293363
-0.9778460678496503	0.015102483181639474	0.20877974660566456
-0.9817361689778026	0.0004904846340695517	0.19024682374644636
-0.9876588266452324	0.01097531400143772	0.15623567016636272
-0.9880892269597333	0.008682944053075929	0.15363686422433845
-0.9809989664602667	0.012777791877685336	0.19359172461295698
-0.9801922326056961	0.010649289498863946	0.19776192700474624
-0.9683232803879797	0.030328285662213603	0.2478512048537456
-0.970015882909034	0.02786036039240707	0.2414394069389093
-0.9917522578518805	0.004854289780558412	0.12807769093961482
-0.9873856221147076	0.001094979914825176	0.15833014324549285
-0.9920095668279688	0.0013311885139718582	0.12615564695615625
-0.9845372464919666	0.0018011901191026195	0.1751661096906918
-0.9692564529878758	0.02425070497071331	0.24485471539217932
-0.9737241123529079	0.021998252848191506	0.22666589927505257
-0.9743982233615174	0.019472007699607087	0.22398424771859474
-0.9677093917908336	0.027145162934652252	0.25060262003631567
-0.9611073584738076	0.025090284748858445	0.2750329491146851
-0.9591898343706057	0.028360156078327106	0.2813370988463896
-0.9546184556298686	0.029641554798150904	0.2963528005604013
-0.960733267030533	0.03203437700533116	0.27561819299661433
-0.9563359913308236	0.03382910224896276	0.2903051214262682
-0.9525518876329246	0.033842464905678805	0.30248898977658667
-0.9518356771723242	0.0278738511095124	0.30533897898274887
-0.9453499633865582	0.03583112678830863	0.3240826701292644
-0.9645714424538807	0.03329438933466851	0.26171246825719147
-0.951964642921245	0.032144988731478974	0.30451603952383155
-0.9423656852332697	0.030148581380511585	0.3332236161132231
-0.9644736034110444	0.032126236154034454	0.26221856012473765
-0.9593834236332481	0.034852653006481805	0.2799441712844852
-0.9548605984892358	0.03545697190077449	0.29493056911145393
-0.9488347702398333	0.03567317215742689	0.3137514997129885
-0.9466733460228742	0.036988173622997264	0.3200647605436913
-0.9500998359439514	0.036384980665153124	0.3098167763715727
-0.9584481701314742	0.03493199194896034	0.283119870567409
-0.9403258538869644	0.03499422437836597	0.3384711106902742
-0.9445537920531664	0.019671732382023747	0.32776692460203144
-0.9439038988796887	0.023124824795213758	0.329409581156822
-0.9758952019754068	0.007887667969906396	0.21809708722350357
-0.94554184433107	0.02478758727808848	0.3245553822322617
-0.9734005934891373	-0.00029073920117292953	0.22910958091208697
-0.9473096991325338	-0.0019055100652570942	0.3203134448642758
-0.951493543150637	-0.002013814629054974	0.30766212294217615
-0.9573598142259894	-0.001527977192196714	0.28889418718776483
-0.9381248649392838	0.03767336433472318	0.3442418559709929
-0.9573335822228024	0.017509635048669762	0.28845419918753035
-0.9485763391406022	0.00017973961139125408	0.316548411015259
-0.9462290837738071	0.007345182154166486	0.3234139287657589
-0.9423157603264456	0.037106310277435085	0.3326621853742736
-0.9639554448376502	-0.06694873953229608	-0.2575029449208003
-0.9670882003796084	-0.05281102549240504	-0.24890039829813654
-0.9630966032870134	-0.08722052990725639	-0.25463211089671034
-0.9837702238359123	-0.045477587752775724	-0.17357400642385318
-0.9878113908827783	-0.03436955885018657	-0.15181366692980786
-0.5602695016273548	-0.8046535419415047	0.19654710119263175
-0.9902726697140626	-0.030880104178968165	-0.13567040496467536
-0.9892222726698083	-0.03735931203545406	-0.141575340572491
-0.9851072439181644	-0.051034584654838136	-0.16419253682511314
-0.9820829906943765	-0.055839691856461426	-0.1799859111212997
-0.9843907139077397	-0.059461500367301405	-0.16564797718740842
-0.9738927014781324	-0.07622290476960565	-0.21382954612519947
-0.980908515891592	-0.0754539404759462	-0.17923500304908882
-0.9770304663122005	-0.07282952761727512	-0.20026813976468785
-0.312083448849949	-0.8682254335456984	0.38573114665308744
-0.3730305593690506	-0.8638705420134721	0.3384906031460302
-0.37047936584556534	-0.8684520317939256	0.3294481870577984
-0.34314030241330495	-0.876064214446214	0.3387716414141588
-0.33420885534523687	-0.8729138880403373	0.3554233884751085
-0.3278728711764607	-0.8776692980661918	0.3495654210280277
-0.4066853994695781	-0.8657593487206193	0.291663737823403
-0.48014083072366465	-0.8445887977051765	0.23692729995277784
-0.38743131423794036	-0.8775592131413019	0.2824655805203202
-0.306960941232349	-0.873639810286366	0.37752941930471146
-0.29937084215073906	-0.8716565269935427	0.3880618479308587
-0.44147189322323094	-0.8663170102327082	0.23366087664681418
-0.3764842305197199	-0.8747924464203929	0.30495540633967877
-0.2914404617836328	-0.8706330101182348	0.39630874192705423
-0.4565176053475612	-0.8662067405494521	0.20316879345613725
-0.7814411969612981	-0.6238641022885992	-0.011968189810241283
-0.5093576106246726	-0.8376713096280944	0.19713346119996408
-0.6416688175421128	-0.7614321371345864	0.09209901808794427
-0.8935215880223109	-0.4171472741764943	-0.16615451659587374
-0.8931247859765646	-0.42652270562838834	-0.142851315211849
-0.2666734956493966	-0.8674578288292719	0.4200025737075155
-0.252250101486802	-0.8673419576507857	0.4290545592327397
-0.22313181745583416	-0.8662367119842963	0.4470415538286027
-0.21969552490905728	-0.8678662451822124	0.4455805839668752
-0.303807336333461	-0.8713336761333502	0.3853293749844533
-0.2806664919458299	-0.8672918385025568	0.41113402579411534
-0.40876935611604687	-0.8836885391427088	0.228039863375458
-0.37028131950050874	-0.888814220078666	0.2700019011320383
-0.6685624219949382	-0.7421351609035591	0.047536205642758345
-0.9673977160278275	-0.09981473111648437	-0.23276313813893862
-0.32877227018872357	-0.8954371125142325	0.300168572450759
-0.8105433339178003	-0.5790627688929834	-0.08778276324773726
-0.5533577635122592	-0.8238778755242472	0.12255787115629763
-0.8196074128849737	-0.5602120640258675	-0.12002554754666725
-0.926909291315707	-0.29063933815180715	-0.2374193353358009
-0.948851556359233	-0.21093642211406832	-0.2349181768624492
-0.9301718513093028	-0.29178107635439393	-0.222809628412453
-0.47879349578078334	-0.8665445069109041	0.14091630828458088
-0.8929772867000404	-0.3991341117467706	-0.20804693287321055
-0.44870195040731753	-0.7262113161745849	0.5208490030331691
-0.466573224199011	-0.7203407504876157	0.5132432460807235
-0.9266405719828227	-0.06647526263599816	0.37002471513781643
-0.7397884857583061	-0.44938818966430405	0.5007626696646548
-0.8758985972825193	-0.21051608467309119	0.4341481606231069
-0.8947977288519321	-0.13541327711275558	0.42544126365810875
-0.8513504063539022	-0.236851302185333	0.46808540487197153
-0.9515119044249616	0.03127768443732484	0.306017650134469
-0.9563819535793083	0.02957082335079963	0.2906185219048877
-0.9345370419327601	0.010831167780081877	0.35570100233213575
-0.9375053153581571	0.003111902411420846	0.34795703720227367
-0.9461626002434059	0.02699611238116866	0.3225640150682346
-0.9420560264653967	0.03412636329222766	0.33371519942710876
-0.9366910392888512	0.023132873032812636	0.3493919963325139
-0.9519672283108537	0.03489183795233129	0.30420545009328653
-0.9470621162372275	0.035961299682324185	0.31902998748302996
-0.9423327819082042	0.03752764355546508	0.3325666912219543
-0.9375531643318393	0.035117352881612725	0.34606478523239464
-0.9327158016792128	0.023766371518040598	0.35982828249426113
-0.9300715463771523	-0.030638751170568797	0.36609860085272183
-0.911407033483219	-0.05906712359918476	0.4072447596065995
-0.9216845471593622	-0.02720792776250255	0.38698491468597584
-0.927767538004548	-0.0002926920573561654	0.3731585584658875
-0.11527857267805278	-0.9421613359440651	0.31471076837853107
-0.27292005418037657	-0.9006852044772937	0.33805444304412857
-0.9844651460800488	0.012876327938903797	0.17510732803740123
-0.9761728961170637	0.010594911020881953	0.21673537954585043
-0.9729739469385851	0.01308458304628923	0.23054390528759666
-0.9755037543927976	0.0019341054666210005	0.21997428122760274
-0.9607230520571572	0.00049830915353061	0.2775085024534715
-0.9685513342183731	0.0007823666063016511	0.248812581848874
-0.9650243474336552	-0.0008615438823787007	0.26215885756996044
-0.9643432820478621	0.00564125439065555	0.2645944266572093
-0.971959663071638	0.004468323625234571	0.235105183791529
-0.9723301394526452	0.007161225357252643	0.23350121362293233
-0.9572935599775511	-0.06036239160278953	-0.2827462143079875
-0.9636439851788801	-0.1504843342730787	-0.22078209838425458
-0.28628748248444247	-0.869374774847409	0.4027741032287665
-0.24542257198685	-0.8664338216972854	0.43481052629668016
-0.28425853603232765	-0.8674780267848733	0.40826334361313943
-0.23308394564846546	-0.8668841104674105	0.4406629248076921
-0.201014011937321	-0.8662157847748538	0.4574533650676828
-0.2258535394863579	-0.8663892515497316	0.44537606974396377
-0.29899211187482044	-0.8652953420415967	0.40232783656832777
-0.3267364552567826	-0.9030676567546012	0.2787688937632501
-0.5702636564745099	-0.8168903132431771	0.08654234936599689
-0.7037221675708155	-0.7098860682664014	-0.028928894736977833
-0.41555967357994505	-0.8872538588037786	0.20022674080135708
-0.328000760796848	-0.9229267563318506	0.20154826559278047
-0.4060538324245344	-0.900365529145111	0.156403961268864
-0.3696480316253929	-0.9073756667305969	0.20007431654432056
-0.37585487195048367	-0.9000928487276452	0.22037690192131754
-0.33475122910180605	-0.9061577045676767	0.25849531730278813
-0.327706162249064	-0.9131260568291619	0.24250665055543574
-0.31305008136688384	-0.8750846109063227	0.3690888379660332
-0.3185611275758719	-0.8815288175358382	0.34846198049637506
-0.3625359024195096	-0.8840356177477027	0.2950402447299514
-0.3364212064607684	-0.8917543478866627	0.3026465841021731
-0.330435981648959	-0.8848318257805537	0.32845806751781975
-0.3374905023645453	-0.8823595437965239	0.32793565875780734
-0.30908032546515973	-0.8745209705295873	0.37374111964612583
-0.32358876966430383	-0.8918660984454847	0.3160145100952973
-0.3206474222675851	-0.881213175637201	0.34734502972772247
-0.9556008663679298	-0.16329137709765412	-0.24528128824354628
-0.9533062208098488	-0.11685060114373659	-0.2784837273120119
-0.9565961979817643	-0.13391320209114943	-0.2588261352965116
-0.9411942176543019	-0.21761386922621354	-0.2584524106571712
-0.9233355185402032	-0.2760068710529697	-0.2669676522233418
-0.8931091870987852	-0.38773292894954675	-0.22807708286444064
-0.8497651015906854	-0.25493284370081615	0.4614201093593422
-0.9738282874238257	0.015431439948395959	0.22676052847508082
-0.9688066495426643	0.012990687984729946	0.24747710566353545
-0.9651636433345321	0.015559410970921098	0.26118393196261136
-0.9684526524119187	0.009754691001196096	0.24900663854562244
-0.9610474438662217	0.01498496395422124	0.27597692203061525
-0.9569641743834161	0.01030998224621837	0.2900228839466805
-0.9679566943704856	0.003678091092493448	0.2510902416846929
-0.9644951416717433	0.01867067181463494	0.2634397990160068
-0.9644508660160489	0.009040099246285072	0.2641075607522632
-0.9581272347383901	-0.08173738545957103	-0.27442886486446577
-0.9652880882241851	-0.049310581834079534	-0.25649049349182995
-0.9500844440477831	-0.07875985261048915	-0.30188811635304363
-0.936581401180548	-0.1913355933554797	-0.29360853134401216
-0.9457626475129969	-0.09753383267341362	-0.3098712088162453
-0.9559309527167026	-0.0782309753423648	-0.28297690388991037
-0.9489196285476911	-0.09777930698186799	-0.2999845757419159
-0.9458729916185048	-0.12901134409895648	-0.29779247273972625
-0.9371063169881718	-0.12362157721913283	-0.32641914206540945
-0.9678482418320596	-0.1171113293790294	-0.22260888866724887
-0.9742884341108051	-0.0904598813833349	-0.20634693362884843
-0.3213484673152993	-0.8846457936311555	0.33784165279729944
-0.8893816872422929	-0.14020420052699922	0.435135607084317
-0.6907286213931519	-0.5035999090795449	0.5189230223871261
-0.7311449648653912	-0.4516644412504815	0.5112986141794994
-0.9439615532094109	-0.12392146145363626	-0.30590857695342755
-0.9531049705410004	-0.10608884341603456	-0.28343618758494316
-0.357254149681222	-0.8284576568371224	0.4313089187154513
-0.21989963691358336	-0.8967369019778731	0.3840665024659147
-0.9688185534539138	-0.03838830410219448	-0.2447793875954902
-0.9599813399996731	-0.05989315081926467	-0.27358479003294983
-0.9728181198249074	-0.03540343370088255	-0.22884820869414665
-0.9717427153735219	-0.043159838303297185	-0.23206318854167227
-0.976351398254144	-0.027749441745763045	-0.21440129572830582
-0.202448519209742	-0.9395083234421455	0.2762946022866023
-0.9399759883878331	0.03692697207870916	0.33923670200527295
-0.9365675699815252	0.03788511226517937	0.3484335017296065
-0.9382352426081333	0.03735641072678442	0.34397547602361
-0.933261710122879	0.030950712204971725	0.3578611935269382
-0.7083421687203117	-0.7035872174052143	-0.0567133098716104
-0.5737401790308281	-0.8183437546282906	0.033700240749073906
-0.4770219058992238	-0.8711419373393121	0.11645525450138278
-0.44378262504997545	-0.8919244991608059	0.08676214324518733
-0.33905421592319035	-0.9152111549194313	0.21778608903176355
-0.39051755047977016	-0.9097874132785224	0.1406517166879061
-0.5573293022715959	-0.8300574247812234	0.019715993381500627
-0.3164621902462584	-0.9478783181419972	0.037126488398981014
-0.6840970760574829	-0.7242742855595814	-0.0862435493631849
-0.8263950430188928	-0.5364382922374054	-0.1711875915340205
-0.8884859629560974	-0.3765781044705513	-0.2622625113571187
-0.8204832438853876	-0.5400861771020105	-0.18738774721589302
-0.9306279703758373	-0.16067183013752334	-0.32881019411570594
-0.34401205322135703	-0.9239227119540444	0.16739931174861536
-0.3426941564321792	-0.9366562795384522	0.0723583384857742
-0.32782801739054274	-0.9325092472035554	0.1515100488206779
-0.3954306094991988	-0.9181605550378604	0.024815886920691994
-0.3439021506039463	-0.9389792710869618	0.007017070541086566
-0.3166434264836849	-0.9460726831737598	0.06843550699070075
-0.39941379343457734	-0.9167088747946949	-0.010651783270677928
-0.4809805888573021	-0.8736642612476535	-0.073269582782179
-0.5968240890861393	-0.7914811945704933	-0.131751756450398
-0.9215202693715784	-0.2668256919194078	-0.2821425938582531
-0.6503378337989065	-0.7547063334083808	-0.08648151388027264
-0.9275586393039197	-0.2049370559390061	-0.3124672362916048
-0.9078427445028108	-0.28504518112280486	-0.30752365107788343
-0.9153155384419815	-0.22322500998119074	-0.33521345439221656
-0.93441225421731	-0.1604804942216656	-0.31799331776453305
-0.9367136387717431	-0.17577015044944053	-0.302774525265884
-0.905593416879122	-0.2501634508096363	-0.34251833700432965
-0.7770256181128827	-0.5980424697023633	-0.19640874020417343
-0.7515060945143511	-0.6285133979107076	-0.20052306240062187
-0.8428711052258517	-0.4576685617072369	-0.2830331916934486
-0.8958399991729002	-0.3125741880450943	-0.31586084412261045
-0.47481123029549416	-0.8800445939794623	-0.008706790040096245
-0.6000689107813679	-0.7928013397953064	-0.10669272670819781
-0.49325899958987635	-0.8698316476155334	0.009405537201084639
-0.7255911505790846	-0.6493867474841324	-0.2276276222107061
-0.8690054034514425	-0.37244209739440876	-0.3257552652846142
-0.8272279195648419	-0.48155577080617784	-0.28947885707887416
-0.8785746794298646	-0.39204383976234397	-0.2727785922119038
-0.3507466089160727	-0.9296838558538796	0.1125377469942354
-0.32894668226924867	-0.9383517228719976	0.10625499709287847
-0.9904270021654945	0.009434573439472205	0.13771471310461578
-0.40538248218315653	-0.7755133527452261	0.48398768874102704
-0.9769111515710922	0.028224408877897015	0.2117734276993596
-0.9986771010694929	0.009346945090724383	0.05056364718752662
-0.8035166546360396	-0.45181042725034454	0.38759298697263417
-0.9857259749306635	-0.06905807928887749	0.15354245026025926
-0.14029972126346701	-0.8517431766826279	0.5048262564367856
-0.06378004223317052	-0.9111068064455279	0.40720571393506566
-0.1989893702488055	-0.8442376304938443	0.4976605809044183
-0.12614709279437886	-0.884652164898091	0.44886240444110176
-0.999232019924123	-0.006917402880041266	-0.03856837948050235
-0.9994022354268381	-0.00550386583663153	-0.034130327931199425
-0.11491203003762016	-0.8861530851495927	0.44891862852023806
-0.09645069342578697	-0.910883788283239	0.4012330843542945
-0.10119523233026982	-0.9241276433854789	0.3684394437141926
-0.0006518437256051021	-0.8800775768199737	0.47482947873783166
-0.9981312110645493	0.011413309422100545	0.060031840441982974
-0.9999589255550189	0.001030223273150626	0.009004767784900983
-0.9994191769454914	-0.0023694387053536698	-0.03399550725931308
-0.9998838788079009	-0.001135538786625736	-0.015196692131219644
-0.9999976766577923	0.00013214433500916448	0.002151561500936114
-0.961474206037564	0.031923826847250515	0.273035199935581
-0.007615517916319382	-0.9178105172916079	0.39694566156563194
-0.9763196658855741	-0.11030918905802087	-0.18609619236954564
-0.9928302892107308	-0.03448307673915203	-0.114450575552673
-0.9970347280402159	-0.014134126569491747	-0.0756437541895599
-0.9809196008952455	0.01984235451984838	0.19339859758183547
-0.9861523569151537	0.01911960524188387	0.16473606055166584
-0.9854507100350821	0.02264752257419881	0.16844580081617827
-0.9807106769864458	0.023180665250954947	0.19408561204610328
-0.9769697962868582	0.022163890017062215	0.21222341794091956
-0.9854642260111266	0.007512556033596927	0.1697168841162631
-0.9794320502040721	0.006565923378466668	0.20166741849698094
-0.9804836004872299	0.004449449402458619	0.19655053186296195
-0.9790427381222984	0.0021179585643973965	0.20364388324109328
-0.9821082765684324	0.008406606282984496	0.18812937587359022
-0.965800200602011	0.023335884745307147	0.25823518156957115
-0.9479565388343983	0.03204827566827231	0.3167827465437441
-0.9527837911155783	0.024480853321945734	0.3026610896829245
-0.9424098190341098	0.033291163700703216	0.3327993861285645
-0.9494939710803993	0.022659040260445944	0.3129660792744948
-0.9480540748130084	0.02943254703332199	0.31674468646779574
-0.7447124469560917	-0.6657362201987905	0.0468898332700991
-0.3519733931322219	-0.8941440408920961	0.27680528294117485
-0.9416229897888921	0.02902105565670075	0.33541604527750085
-0.09899279407946698	-0.9358087438561477	0.3383229546494286
-0.96404242689345	-0.12354088440626827	-0.23528673789549692
-0.9674130952141635	0.019909402572418897	0.2524193314652448
-0.9715215018990984	0.01832795695075613	0.23624152332249182
-0.17921227598357836	-0.9370094208086176	0.29982712594541017
-0.1684516219506348	-0.8508423171225095	0.4976860480823224
-0.9967780940907209	0.00614386272325814	0.07997302102401521
-0.9981231465797653	0.004401911381786689	0.06108033593469595
-0.9953447783465844	0.006192412028059706	0.09617913625866895
-0.9888689446982771	-0.05704371648625293	-0.1374198843717742
-0.9829693285707491	-0.08234721827047244	-0.16428704980090741
-0.7953268144898039	-0.6045117629560955	0.044953160080405744
-0.47222221194195974	-0.8374689354103647	0.2750490224873985
-0.9866076182571839	-0.06239458208424463	-0.15070608389650075
-0.5226547333942776	-0.8127106290131711	0.2575528356465376
-0.9450997320997355	0.03389814604142807	0.3250190949466848
-0.9574724551230464	0.022992506402930327	0.2876070971481012
-0.94498011480463	0.02814890163919217	0.32591443963153194
-0.3523834349076454	-0.9007696984650375	0.25385008396668785
-0.30551540300857477	-0.8715889208190457	0.38339678093327745
-0.9541183923977536	-0.1344028362509175	-0.2675704970583181
-0.9389529429788995	-0.21285841526797683	-0.2702936660761198
-0.9518303879859581	-0.1683875198993001	-0.25625096223948785
-0.9607004705945948	0.011718397233890308	0.2773396563162089
-0.41783573403181967	-0.9053095969851841	0.07634024477700958
-0.9908211933905504	-0.03902902886057575	-0.1294221682492056
-0.9830617717919927	0.02049227613020013	0.1821252850655051
-0.9592095519072551	0.019978005390618055	0.2819892104859604
-0.9765440126882253	0.0039244075852249575	0.21528211794732136
-0.9993524754303273	0.0019244441082381456	0.0359294637609727
-0.9539302503961372	0.00009101472597881016	0.3000284471437373
-0.9479761988029809	0.004673585186287918	0.3183069023828386
-0.9868617832450768	0.022933895193997893	0.15993078884810666
-0.9978717040227667	-0.021701935097951878	-0.06149055475196262
-0.9978724113439215	-0.01993259664481262	-0.062075295163719145
-0.06054953156996938	-0.8881214769757425	0.4556028932755835
-0.9980662442880114	-0.006080047526897575	-0.061861175505274
-0.9506101124089152	0.006443837403686873	0.3103206263615499
-0.9570160761020149	0.006104814042019342	0.2899706214908925
-0.9606278988795107	0.004143216182623804	0.27780725990153765
-0.13018728631778895	-0.9197072783191858	0.370391404716586
-0.0012142411452083339	-0.873272597816485	0.4872304336977409
-0.9929233156718233	-0.011621468959904088	-0.11818726942647774
-0.9944950381518651	-0.03952177068101188	-0.09704457086080508
-0.20542263967915336	-0.8896775209501825	0.4077688656864162
-0.9456890130142972	0.01164436107043399	0.3248641247033993
-0.9471961182574449	0.013374794598184234	0.3203757612983305
-0.9926996927031807	-0.04655539668438789	-0.11126506705417448
-0.9660967957904112	-0.06955583256039094	-0.2486342038423745
-0.9712927996853669	-0.056325656593854134	-0.2311227329550974
-0.9536791517116315	0.0040853320207962	0.30079791497426067
-0.009496581324371109	-0.873036103198184	0.48756310099891603
-0.9932045086258872	-0.016294763117881254	-0.11523577890630361
-0.15420493702230118	-0.9075334592720721	0.39064543732087054
-0.9534688805154955	0.012661213560588844	0.30122547627931584
-0.9665464735828939	-0.08546479015755633	-0.24183400101680724
-0.9636965429181041	-0.10476860359432087	-0.245586060004616
-0.9504413313776943	0.01079791726086485	0.31071639897472986
-0.9979442841214367	-0.008349113023729596	-0.06354131019321323
-0.9966673043290577	-0.011318517750064244	-0.08078474879202692
-0.9623018273000384	0.0294592853606201	0.27038369714361177
-0.26400973304891273	-0.8663274689412822	0.4239995016662562
-0.9461993581164607	-0.15465905768101923	-0.28423115694310613
-0.9576998903635938	-0.10756417720709896	-0.26690984953598085
-0.1278289028446359	-0.9048506783783105	0.4060849928719947
-0.9468466143470378	-0.1657026149870761	-0.27572474006878106
-0.9909939540779202	-0.018356675150083476	-0.1326424346068899
-0.9801602529172789	-0.024824536718059148	-0.1966459279463208
-0.9729795880814328	0.025705948223605658	0.22945571555925687
-0.9941970507114626	-0.018443684056583778	-0.10598138928628227
-0.9753013223241528	0.030338161826188353	0.21878511514672777
-0.9703559211119376	0.03153163910172775	0.23961456987954943
-0.9900695806401977	0.012994150485736716	0.13997634637358206
-0.9891499127684227	-0.08768389001064636	-0.11787275131608133
-0.9744366861227384	0.028177160736457256	0.22288829567962395
-0.9712222848594577	0.0302371868925604	0.23624772151535958
-0.9739939206044927	0.02647207387552042	0.22502238095402444
-0.9467336894295455	0.017446058158511638	0.3215446413079384
-0.9765685750283506	-0.08963616229656446	-0.19565064956662107
-0.2549382878529862	-0.8687277303735589	0.424639376255421
-0.9807141859534226	-0.028055161353920232	-0.19342335275535177
-0.01223770576158078	-0.8675948224019713	0.4971211750659842
-0.002438861473560534	-0.8690850493176604	0.49465667791634277
-0.9717201811026112	0.03138320794389442	0.2340405603673405
-0.37381050443909175	-0.8301295039189597	0.41370365419494837
-0.98390725431831	-0.14192537075082207	-0.10855277074789944
-0.1723430429750916	-0.8621400973610781	0.4764581073508107
-0.9875278914754934	-0.1515889827925225	-0.04253755815622589
-0.9948803556324428	0.009637341133754758	0.100599202941852
-0.9534694783756382	0.016601711310975077	0.3010321195281917
-0.9499730430908223	0.01881872856789259	0.31176445091743604
-0.9966700554555262	0.007600168641208137	0.08118520798090807