23 24 25 26 38 39 42 43 49 50 51 52 53 54 64 65 66 67 68 69 70 71 72 73 74 75 76 77 78 79 85 86 87 88 89 90 91 92 93 94 95 97 98 99 100 101 102 103 104 105 107 108 109 110 111 112 113 114 115 117 118 119 120 121 122 123 124 125 126 127 128 129 130 131 132 133 134 135 136 137 138 139 140 141 142 143 144 145 146 147 148 149 150 151 152 153 154 155 156 157 158 159 162 163 164 165 166 167 168 169 170 171 172 173 174 175 176 177 178 179 180 181 182 183 184 185 186 187 188 189 190 191 192 193 194 195 196 197 198 199 200 201 202 203 204 205 206 207 208 209 210 211 213 214 215 216 217 218 219 220 221 222 223 224 225 226 227 228 229 231 232 233 234 235 236 237 238 239 240 241 242 243 244 245 246 247 248 249 250 251 252 253 254 255 257 258 259 260 261 262 263 264 265 266 267 268 269 270 271 273 274 275 276 277 278 279 280 281 282 283 284 285 286 287 288 289 290 291 292 293 294 295 296 298 299 300 301 302 303 304 305 306 307 308 310 311 312 313 314 315 316 317 318 319 320 321 322 323 324 325 326 327 328 329 330 331 333 334 335 
0.8727965910672048 1.4212486373286097 1.0016272765853893 -0.6331068214121089 0.4269128126211794 1.8286553846171434 0.8144650962547186 49 20 
0.7401576323448844 1.330725263922581 0.9693889262763237 -0.6317707056766516 0.5070408533458208 1.9171245647848094 0.9627792634657052 24 2 
0.7796181739812673 1.3501889355727412 0.9967684828333642 -0.6321140597462495 0.47811046609751506 1.8998515908637055 0.9247853905564143 22 1 51 
0.681991177261877 1.313374504916054 0.9536188574044797 -0.6314207028452916 0.5208182633259631 1.9160668910493317 1.0444823682526605 24 23 
0.5730470498781005 1.3227355391423619 0.8783823609092315 -0.6334909314551196 0.5420508807479687 1.8612162341858167 1.2089113924503536 26 25 
0.6215758559350851 1.3090992727294382 0.9191276141393622 -0.632363178030957 0.534277783276762 1.8974912096664067 1.1308496191927853 25 23 
0.5362281726999744 1.3421551263791005 0.8489664157020335 -0.6349304169414155 0.5422891663857201 1.812209123972313 1.2745612976902692 27 26 
0.47283977879563494 1.3752724859662404 0.8205193604312938 -0.6367856862469969 0.5058568514769127 1.7130070424069683 1.3583633118892005 28 53 
0.40550527909826095 1.3910182747271558 0.8153896611327263 -0.6389677633701466 0.47470241248525513 1.6080935901894167 1.4117126981968424 29 54 
0.2178794629275913 1.3224091665314874 0.8636799636280097 -0.6409589709183937 0.39537957898572573 1.4114449710684984 1.4724287171834392 105 30 
0.06603014960138096 0.7934070233612296 0.9336257765865297 -0.6404263198731349 0.3596477237291333 0.7493607921334431 1.5005135742247901 107 33 
0.2931279808261066 0.6202974245211909 0.8337053055697288 -0.6390408963514989 0.43295338929241123 0.5191831549684949 1.4482553463976722 85 34 
0.41208761981469727 0.5924309322950039 0.8091144632289068 -0.6374480829517452 0.4931803586140613 0.37602499875509104 1.4023075471263755 64 35 
0.4722790135885804 0.6175323514728879 0.8177615709518045 -0.6355395168156471 0.5249689244438314 0.2677903904979762 1.3447887750570524 66 36 
0.5359069289594907 0.6590573324510787 0.85421081079026 -0.6328190749918572 0.5512705005326227 0.171787257191781 1.2562393525371798 39 37 
0.5918609316605717 0.6796362731542581 0.8915780851881757 -0.6307776586264422 0.5445363665367753 0.12206957812300348 1.1805344876099422 38 39 
0.6472856368922524 0.6858006606939162 0.9289626601201814 -0.6294232451513994 0.5345212943994022 0.0901464406483374 1.0946804230295673 40 38 
0.7549472861503703 0.658507444714816 0.9921991808170009 -0.6290496546586879 0.48550612984710984 0.09272860475376542 0.9514159377961928 41 42 
0.843531490405768 0.6006701648448971 1.0006901099591679 -0.6297009938525416 0.4432714038561601 0.1470191198069501 0.8286961658469689 19 43 
0.8700650463161252 0.5723939898895837 1.009838433234007 -0.6311102322139726 0.4229954166953766 0.17918224375266428 0.8025754659158371 44 70 18 
0.8949559343674064 1.4554505972122171 1.0164107772057909 -0.6342847784171202 0.40330144495872844 1.782581717140548 0.7878347391650853 50 21 0 
0.9221240344101453 1.5022238249130646 1.0175035760982518 -0.6363892399240307 0.3842229798959128 1.7284342008949498 0.7658696351697674 71 47 20 
0.8207114424392463 1.3809320092907564 1.0191355975080045 -0.6323711978660349 0.4432643477322254 1.868540075382377 0.8841131612624624 2 72 49 
0.6534933922823949 1.3046469246223362 0.9505408969695203 -0.6332890871733519 0.5041692459465614 1.9028395427227118 1.0902493843433878 76 52 3 5 
0.7218503265624326 1.3228781115196986 0.9785802354495398 -0.6322226119027814 0.4905868140513078 1.909672136264148 1.0036312783670691 52 51 1 3 
0.5924182678232551 1.3077180062746976 0.9060740522769448 -0.6347169067365408 0.5142767425052127 1.8764942254521384 1.1742096778407283 75 76 5 4 
0.5365263571913715 1.3275712793789074 0.8641300464244046 -0.6360415378719146 0.5182830344894471 1.8336275021762611 1.2473391007605508 6 77 75 4 
0.5149912730022759 1.349363619307612 0.8412740105360386 -0.6352050648215085 0.5153345868553827 1.778868142504595 1.3078938102581037 53 77 6 
0.4444464139095892 1.3796174681688471 0.819469104959852 -0.6369377208853854 0.47787090130142407 1.6732117290186044 1.3827076548646842 54 78 7 
0.3832303782773783 1.377017060503592 0.8227889780821878 -0.638988903278823 0.4501253269791915 1.5700110173596555 1.427408164832692 55 79 8 
0.1790476332547746 1.2751995857420515 0.8833679000135785 -0.6405742203028121 0.37524044764825915 1.3701074633275305 1.4849441638789285 56 126 9 
0.034866151828792845 1.1321950182894538 0.9602623940674943 -0.6405109515775409 0.3427342023907536 1.1667422112050387 1.5202779782342781 127 32 
0.02546765149969512 1.0913184017027724 0.9685862220167566 -0.6400550282947317 0.33638558253899165 1.1238843890164483 1.5263702948305762 57 128 31 
0.043898345774047456 0.8434028816326999 0.9504496428371512 -0.6400801696697176 0.34868386442409605 0.7868692237121793 1.509776042640239 129 59 10 
0.25539635921578835 0.6566225636315738 0.8488716807299714 -0.6390246996460344 0.4112013284583353 0.556950172741644 1.4597268112291955 11 108 62 
0.3887382856640635 0.603099792188639 0.8158905543734818 -0.6374087686125478 0.4642625390759042 0.409581734381579 1.4175700460036678 86 63 12 
0.45642514316536764 0.6143890683136197 0.8162170309653091 -0.6362152246391809 0.4962573018632991 0.30207790957022745 1.3679165506298885 13 87 64 
0.5218304205200391 0.6523496592834582 0.845728670249184 -0.6336965207435064 0.5302237772411205 0.20210857929246617 1.2900045184631082 14 65 66 
0.6114113264931602 0.6911265191579494 0.9189393607617526 -0.6318459756924658 0.5184816708135855 0.10692951846241942 1.1378584711540163 16 68 67 15 
0.5547320777790968 0.6759917819638535 0.8756767417019502 -0.6334696453500013 0.5252605701452145 0.14654708292770507 1.2202759201065754 67 65 14 15 
0.6720915692940458 0.6894550325638876 0.9633310765324199 -0.630876218836682 0.505779180545558 0.08800714607803883 1.0474331733939262 42 68 16 
0.782716995196595 0.643043540998508 1.01198220966221 -0.6306005381477341 0.45703593038718754 0.11468677334494465 0.9067823040174007 17 43 69 
0.7307579692680636 0.6709169268491987 0.9917634160906809 -0.630328978354762 0.4726006476173019 0.09725252534838359 0.9972996456046719 69 91 40 17 
0.826684459266444 0.6104259864452997 1.0181376388152357 -0.6307019135989872 0.4297979497304045 0.14518234447676298 0.8678737553144475 70 92 41 18 
0.8972365913842 0.5330192480408661 1.0179584723989392 -0.6319153704679463 0.4043547846294823 0.2157068626472916 0.7835801575502022 45 93 19 
0.9204577264941881 0.4808662839793839 1.0304445860732607 -0.6332825432161778 0.38988342936836273 0.25265318889889365 0.771851178884162 46 94 44 
0.9234999056862273 0.4720552519542004 1.0305844471106886 -0.633105710494332 0.3795539655919319 0.2858497243587346 0.7662063660059368 116 45 
0.9466893576116405 1.5561729798741328 1.0075390621829605 -0.6392844723015781 0.3742904321335514 1.680576689453853 0.7529194663359702 95 48 21 
0.9510705184771958 1.5687125163398166 1.0034819610270995 -0.6396744933902747 0.36952676993777955 1.644103267069094 0.7487942827123417 96 47 
0.85503704204855 1.414413279883184 1.0288003495539553 -0.6330638353787995 0.4121585204357344 1.8278137301113961 0.8488325131958203 0 22 73 50 
0.8851868183706806 1.4557952534892022 1.0391014201174724 -0.6345300216173004 0.3871898742704256 1.7806711671897042 0.8204780699109779 97 71 20 49 
0.7712343429534163 1.3469880741951064 1.0093185170513137 -0.6319858387822931 0.4569987975892102 1.8920045640592122 0.9626007225194871 74 72 2 24 
0.7127807560185809 1.3185046081941012 0.987811541279605 -0.6322484212964826 0.46922188494093936 1.8975267718179514 1.0477483278849227 99 74 24 23 
0.4727938750370197 1.359534160638252 0.8299837939208657 -0.6374557459119873 0.48369313320701635 1.739844860522965 1.3401548876215574 102 27 7 78 
0.3974599885707781 1.3823289112035557 0.8193865208625806 -0.6387465445359399 0.44852104818936744 1.6318513491469244 1.4042231664245957 8 79 103 28 
0.34879740672173715 1.3532570283643193 0.8343408108245217 -0.6386437926360334 0.42161139951213544 1.5268643768212988 1.4437215231504303 80 104 29 
0.14563745112463575 1.2282037296837256 0.9025143211966566 -0.6402551760970031 0.35488000642086015 1.3261985555369282 1.4988455587965221 81 145 30 
0.020613187040391195 1.0571178520410707 0.9731929802207834 -0.6397946835943707 0.3298760741167544 1.0750983618850876 1.5321674364450455 58 146 32 
0.018270193744224172 1.0202885047421906 0.9755191459127062 -0.6395094459819894 0.32553160028872036 1.0245488512771983 1.535588413413674 82 147 57 
0.03208437841768709 0.8818077403594612 0.9608170008835881 -0.6399492831305343 0.338806819981124 0.8305846563582622 1.5193774075220186 33 148 60 
0.024702358869536825 0.9186420437776859 0.9681518505566012 -0.6397517929174202 0.3314331860484082 0.877958100030719 1.5273167326465293 149 61 59 
0.020170813041542845 0.9553482707132531 0.9730680954773671 -0.639608265007586 0.3267107923278819 0.9269979818012939 1.5329376807775408 60 150 82 
0.2172698237008882 0.6972784232413493 0.8659314740194032 -0.6389128589840287 0.3866822714109548 0.5959252607280022 1.4727362408473512 34 130 83 
0.3522428865062754 0.6149439799199887 0.8234996023195621 -0.6378697075606771 0.43218287705407565 0.4465371038881733 1.4325799697962887 109 85 35 
0.42638521643059357 0.6152274191593089 0.8168359490757429 -0.6375973703528257 0.46483968816524884 0.3395866871322134 1.3893438749280431 110 86 12 36 
0.5563887419433895 0.6724591781549842 0.8707736317686425 -0.6334842106068301 0.4994367805393712 0.17502573591850934 1.2569242773055713 39 90 88 37 
0.49416848595573676 0.6469425672928879 0.8380131556815783 -0.6356921370272495 0.49987159952912474 0.2351321132720821 1.3208096533843063 87 13 37 88 
0.6114385074213586 0.6899612801415166 0.91600093970808 -0.631934461495504 0.4947743122471413 0.1288488801314091 1.17932840604722 89 90 39 38 
0.6723347211069951 0.6888079859601094 0.9602685174531105 -0.630783148184182 0.4867948975416002 0.10173043607690169 1.0916032506281166 91 89 38 40 
0.7784073646602802 0.6449406314341524 1.0186788838611276 -0.6306926294587273 0.44066233292247475 0.11804444353579803 0.9511433815856285 41 92 112 42 
0.8619254829898018 0.5731757527667662 1.0289746812977059 -0.6317632837412643 0.40618746932023964 0.1813004231729357 0.8372292441613911 114 43 19 93 
0.9119059444370634 1.503956985358067 1.042891421812524 -0.637007085296987 0.36972375514913636 1.7304720689942799 0.7992042417273766 117 95 21 50 
0.8127091393457793 1.3782543652486676 1.0334093455054334 -0.6323819157090361 0.4231474657491644 1.8624007760791215 0.9227105192908758 51 98 73 22 
0.844119981887835 1.4118818297761169 1.051628950667631 -0.6332810078306471 0.392765838856853 1.8226998679192192 0.8871476660305149 72 118 97 49 
0.7621404700160186 1.3424328399447725 1.0224026573758027 -0.6319796933424262 0.4328064366341444 1.880030000179635 1.0051940291918136 52 119 98 51 
0.5906795930717149 1.309852972496727 0.901556762968935 -0.6344725989792653 0.4868816966636771 1.8497169857083233 1.2158972371540682 101 100 25 26 
0.6521108854082507 1.3052528213507208 0.9471308200961343 -0.6331426759619548 0.4801091886408718 1.8833843328655813 1.1354468328097473 25 100 99 23 
0.5360631213995362 1.3318993797052538 0.8589466199745892 -0.6357357540805043 0.4880702207828377 1.8005999277638023 1.284100485093806 26 27 102 101 
0.4657813825618435 1.3583413955033388 0.8306098040273798 -0.6373441981816909 0.4508262133286539 1.698428215745749 1.3681764429888048 53 28 103 123 
0.37725551263537027 1.368282784213431 0.8263452933107067 -0.6387810385591698 0.4190272324197569 1.5902462565472102 1.4229123285099896 104 124 54 29 
0.296663314451384 1.333385755345753 0.847257614364745 -0.6382574277636855 0.39402809977107 1.4813941806018684 1.4595306126394059 105 125 55 
0.11982627789304705 1.189286389753453 0.9183834050955785 -0.639841608026354 0.33750125571477696 1.2790989434048843 1.5124617700302194 106 169 56 
0.01845284818547874 0.9865635243966927 0.9752138240024001 -0.6394917444633624 0.324595452806501 0.9756470233316645 1.5358253153692574 170 58 61 
0.1735963998515428 0.738142657584848 0.8857551477789487 -0.638924082850745 0.3645183726703834 0.6391182992563907 1.4865079429591297 62 151 84 
0.12236979053861496 0.7670885172344731 0.9077217314564319 -0.6391113825677857 0.34613415653007873 0.6843800007188231 1.499771276286364 83 171 107 
0.29879571905250435 0.6343262354734582 0.8350197813787903 -0.6391948176716864 0.40367442424259 0.48760548722199876 1.447288835241062 63 131 108 11 
0.4098794276257559 0.626185624853106 0.8226511696073376 -0.6374048909641375 0.43226075208549797 0.3772142856700727 1.4078760985424337 64 132 109 35 
0.49393855751934357 0.6435111056012964 0.8351625520442398 -0.6355610761922358 0.46626560924587 0.26988770144390356 1.3471617639174727 66 133 110 36 
0.5473108089857083 0.675121141823702 0.8722434275788089 -0.6336041290066079 0.46698571527629745 0.20740562618349218 1.290127694185248 134 133 66 65 
0.668856972697452 0.6903961608177581 0.9615923179216579 -0.6309462142789025 0.4599957898358907 0.12215857738261168 1.1344893715265574 111 135 67 68 
0.6097344051045839 0.6890661435113568 0.913312760806912 -0.6320429072474134 0.4643715550545143 0.15632582011249777 1.2180550099785534 134 65 67 135 
0.7263465635026275 0.6733900639399518 0.9974760597495396 -0.630557570095505 0.45210469921615837 0.10894192611430897 1.0434757076468872 112 111 68 42 
0.8180729972406784 0.6129569914074509 1.0374039021334451 -0.6313058046173146 0.4112400643763477 0.1487909445355734 0.9104902506125201 113 69 43 114 
0.8900504440338306 0.5313281148570049 1.038884401570761 -0.632993607300667 0.3872062820308235 0.22050975897624414 0.8146272453500016 94 115 70 44 
0.9134626851091863 0.4784417962594937 1.0511956598336873 -0.6349391284070993 0.37401011369891324 0.2592905808356597 0.7994601613650467 116 138 93 45 
0.9356253160325709 1.5612037488488213 1.037612813743414 -0.6403667264436759 0.36060462205287924 1.6829268042375067 0.7851718004926327 71 139 96 47 
0.9410462306137791 1.570771554096265 1.0293024920643064 -0.6405901654464368 0.3573219801321164 1.6409103228615023 0.776303213088392 48 95 161 
0.8731697747016886 1.4540889750481312 1.0659640410421418 -0.6349880459612249 0.3684542228785899 1.7763815408387509 0.8580330054731646 140 117 50 73 
0.8009350866458286 1.3728163393239006 1.0540243366267437 -0.6324625613956283 0.39859168541131845 1.8508763346003656 0.9649131809157219 72 74 141 118 
0.706090965944775 1.3149718435625746 0.9920334646725505 -0.6322461394850376 0.44208959219401417 1.8789246649616596 1.0932667223060608 121 119 52 76 
0.6449269211890043 1.3028371143860598 0.9473380920320961 -0.633121968970506 0.4495667854396146 1.857210227225527 1.1788933270579203 75 120 121 76 
0.5870754906098619 1.3118481644185138 0.8970882349929411 -0.6344296353531134 0.45358309208855874 1.8169954198726412 1.2546683709242605 122 120 75 77 
0.5265333222792461 1.330177834323068 0.859109784745811 -0.6358653741790783 0.45364976739604324 1.7625049901597225 1.3179794942374974 122 77 53 123 
0.44810496109966896 1.3473007587164747 0.8362476375087048 -0.6374746280933179 0.417286720703683 1.6554814576195946 1.3921938505986866 54 124 143 78 
0.34613576914082206 1.3409523979667315 0.8382752305651301 -0.638754422889205 0.3895145860378352 1.5473879548456042 1.4402135077138976 168 79 55 125 
0.2128256270429958 1.3130133641386246 0.8668656469451156 -0.6403966082513368 0.3684926007671013 1.4355291717881336 1.4749650967333257 9 126 144 80 
0.08678875410442512 1.1620658544771092 0.9358626336749187 -0.63869781095843 0.32423012771264487 1.229140519921675 1.5241310438534403 81 127 186 
0.06511198936697923 0.8034130419126586 0.93491339292303 -0.6405216250629896 0.33124879932567775 0.728705439267475 1.5118969107134046 188 129 10 84 
0.2600310416086879 0.6686081864917685 0.8499103031361704 -0.6392326987800754 0.37696293736387926 0.528680957305748 1.461620635389449 85 152 130 34 
0.382556649429222 0.6475013067378669 0.8321851114320602 -0.6373922855818106 0.3995574909305462 0.4163336173475497 1.4248257047723771 153 131 63 86 
0.47847712233683154 0.6520332384658858 0.8398834913345555 -0.6355610392376372 0.43100172947217585 0.3074762320158122 1.3704171871127053 87 154 132 64 
0.717669946441865 0.6790197970309342 1.0085257027687233 -0.6305976533612718 0.4236875157163621 0.12843870565141252 1.087950262387328 136 156 89 91 
0.7721704802599996 0.6480647596886921 1.0315237788512168 -0.6308406671825267 0.41792809172356626 0.12883695606667334 0.9971743964039061 113 136 91 69 
0.8087133648667593 0.6166464862236027 1.0584407515583643 -0.6315645894760082 0.387210044093614 0.15954608379578317 0.955389317400307 92 137 158 112 
0.8521401308977133 0.5747430478134936 1.0527962897353222 -0.6324390729619221 0.38609415120613544 0.18687299306410426 0.8767430022005562 70 115 137 92 
0.8800623988378896 0.5307636896396538 1.0660648864072433 -0.6340781437759232 0.36709335684686883 0.2283650440745171 0.8508287504779419 138 159 114 93 
0.9197057467871436 0.4661433517039883 1.0458647645182568 -0.6344540698737224 0.3658458969630524 0.29453990386014295 0.7895148393106034 160 94 46 
0.897806433155113 1.503620361024362 1.0761594137218862 -0.6377525924670691 0.35224199879410256 1.727962897159033 0.8362091920582342 97 162 139 71 
0.8311910191557567 1.4072389448434726 1.0782730513818133 -0.6335545725683333 0.3690344641467841 1.8120838679367381 0.928911371233336 163 140 73 98 
0.7515571019850339 1.3358308227466134 1.03520272563703 -0.6319922669689967 0.40422968380778046 1.8619063651709893 1.050219533587904 142 141 74 99 
0.6373576442125907 1.3005926385213837 0.9459244335700884 -0.633073435744835 0.4142814411464268 1.8246873553428014 1.2189275969609121 164 100 101 165 
0.6957138666994965 1.3087098486723354 0.9977453239658491 -0.632201686203119 0.40986238228924926 1.8532922631251312 1.1375404233328237 99 100 164 142 
0.5751519018807446 1.30752986786619 0.8979012544605378 -0.6344565975941702 0.41668366638431154 1.779039767829517 1.2895276778874476 166 165 101 102 
0.5158359157556613 1.3273797983733517 0.8594212100489574 -0.6359674447008492 0.4171092687074607 1.720691193109873 1.347709957140447 78 143 166 102 
0.4247442645478553 1.3310940643668256 0.8431999949551763 -0.6375232658557258 0.38393907097999336 1.6119435053372337 1.412876758776981 168 167 103 79 
0.308648921919941 1.3047277652415765 0.8532577014053286 -0.6388508783951051 0.36117793034218204 1.5031065835623587 1.4572336435317148 80 144 184 104 
0.17612448305441084 1.2703781734968986 0.8851610994767553 -0.640382914743773 0.34470254979923626 1.3900734613344228 1.490348773218162 145 185 105 30 
0.030106566980004634 1.1270793424344951 0.9641298220515455 -0.6394504665336216 0.314624934603497 1.1797841553119284 1.5335296338993447 128 187 106 31 
0.023370948992193514 1.0938419142955698 0.9701599911242214 -0.6394928339723729 0.3066258089057085 1.1307093077813533 1.541460882305342 32 146 200 127 
0.04485005859136136 0.8470335892595473 0.9500998189451887 -0.6403408329590425 0.3186022266148644 0.7728741428792264 1.523383265010747 107 201 148 33 
0.22193651256290245 0.7085147224581413 0.8666596779318136 -0.639235583139546 0.3519619642887494 0.5707140683620187 1.4762055506261458 189 151 62 108 
0.351905679012392 0.6758117666333381 0.8437220012591907 -0.6373846120961397 0.3680464437510065 0.45774855874320786 1.4412885673258156 190 152 85 109 
0.45962432670491726 0.663984348218886 0.8451880684316946 -0.6356042455836913 0.3954736388882668 0.3472196084996835 1.3911146427079755 110 172 153 86 
0.5417006422231068 0.6749269641324157 0.8705966972633415 -0.6337059393322755 0.43041114124478097 0.24323992493372343 1.319151057744569 155 154 87 88 
0.5994186400175553 0.6940050155526556 0.9162799521185753 -0.6320488737744447 0.42904736324130366 0.18887269447153404 1.2532396917458073 157 155 88 90 
0.6625330782172457 0.6937533648849298 0.964214097741222 -0.6310105063712973 0.4268508173054007 0.1492588845546856 1.1748431256997347 156 157 90 89 
0.7607223123494371 0.6553875282559272 1.0513117710277253 -0.6308725224999862 0.3889545986093412 0.1475340637246208 1.0423785101075143 158 174 111 112 
0.8399641072101875 0.5783418453976817 1.080988182026686 -0.6329254953365785 0.3620227014455769 0.19800629146033435 0.9197624787369136 159 175 113 114 
0.9021718940318375 0.47749223389632156 1.0807336125686262 -0.6366358185682189 0.35474208548665587 0.26940412405706116 0.8329886063712874 115 94 160 176 
0.9179985428650054 1.5621511381251254 1.0798311491203776 -0.6413823301166426 0.3442025299853377 1.6810046945703072 0.82098341064176 117 177 161 95 
0.8573568494598247 1.4490635743020401 1.0989981371117787 -0.6354912063826522 0.3462293014327642 1.7670798740552462 0.89894187519026 178 162 97 118 
0.7882637361477182 1.3652249858601293 1.0750795669859492 -0.6325338645761052 0.37006257114267826 1.8332980979772766 1.0091113310297284 98 119 179 163 
0.7382621900653502 1.3260539991197056 1.0488775552954366 -0.6319641028382907 0.37178006377165357 1.8370474031682449 1.0944944491039883 179 119 121 181 
0.49528250033558113 1.3151229850792072 0.8642487511470774 -0.6359785225907999 0.38022166539923263 1.676746315508075 1.3730363786819209 103 167 183 123 
0.2746207209522415 1.2642989523343666 0.8693622591420549 -0.6389493162520422 0.3339307606208822 1.4571926711494108 1.4745356851856342 185 198 125 105 
0.14559581063676008 1.2237850627162445 0.9032028612453312 -0.640291413543158 0.32330370421863197 1.3436307546829998 1.5056448580754198 169 199 126 56 
0.019830321893889415 1.0596512916510183 0.9737737295147785 -0.6395276605100652 0.3001922188740981 1.0796556224969436 1.5473347961426784 57 147 220 128 
0.01834004677944214 1.0235368026518972 0.9754879565171638 -0.6394664055788859 0.29604319318833955 1.0269933498140262 1.5506130670970764 170 223 146 58 
0.033181836509812025 0.8842625002409416 0.9602599387116172 -0.6401514318129422 0.30850792945060407 0.8198577434802384 1.5337191714898386 129 202 149 59 
0.025846243877750502 0.9193146429934026 0.9674174017743337 -0.6398957873818826 0.30115893877931377 0.8699073770315616 1.5420552444493267 150 60 148 224 
0.021024628223791714 0.9566241255990953 0.9725299352109557 -0.639705353603448 0.2965885888688548 0.9217334663773853 1.547900836428893 61 149 221 170 
0.1829433620886296 0.7553788127003941 0.8859271222462709 -0.6395279170690373 0.32991166892500406 0.614815465150187 1.4912803975705695 130 203 171 83 
0.31617606820086247 0.7111197856623077 0.8574328168800697 -0.6373959381884086 0.33858173544924874 0.5008503358974791 1.4576024333303863 131 204 189 108 
0.4322359962361804 0.6855250121025588 0.8538086408837539 -0.6355872330096388 0.36083832548377304 0.38846183188156913 1.409808239437017 205 190 109 132 
0.5255635577608444 0.6834883511009493 0.873949285013576 -0.6337592922241004 0.39255614781881154 0.282074025294933 1.3442468727548134 191 172 110 133 
0.589727012481645 0.6983917125436003 0.9171774925411723 -0.6321504620106257 0.3908776792052781 0.2256111951309316 1.2843062970364263 134 192 191 133 
0.7093282717113136 0.6852407728206437 1.0178224441270818 -0.6305660512708734 0.3896630340345659 0.15506154609272083 1.1296291724908263 111 174 173 135 
0.6501355502349859 0.7021293958079209 0.9706835550663792 -0.6310165131572738 0.3898722930332082 0.18199904074743226 1.2116793341795375 173 192 134 135 
0.7942505948013663 0.6247561207706883 1.0868275387489867 -0.6316808808087555 0.3586559238193343 0.17745049388885814 1.0003671796087485 136 113 175 193 
0.865458375309188 0.5339773855078253 1.1001414393894626 -0.6349997763037616 0.3437947965990388 0.24028734747024705 0.8915365539788681 115 176 210 137 
0.9118474843955165 0.4524582264628552 1.0770349659091472 -0.6367476772896571 0.34717581441002554 0.3071447194997513 0.8228113555453271 211 138 116 
0.922809976121945 1.5717513319410907 1.0730291113241308 -0.641627213936243 0.34189371081955433 1.6376793724563514 0.810320200122055 212 96 139 
0.8787859532890261 1.4994645763715795 1.1176447337650754 -0.6385672351298392 0.33156568556541116 1.7200222906052578 0.875915033967009 117 140 194 177 
0.8157491829149242 1.3990254407451526 1.1072205261609114 -0.633812301783565 0.3418574765402161 1.7955429059067003 0.9720654417865616 195 178 118 141 
0.6838790030693623 1.300786907555485 1.0027726377524382 -0.6321364944133175 0.37408152691325497 1.821273641469099 1.1783491137306505 180 181 121 120 
0.6238523420629646 1.2929494534831172 0.9484454638656596 -0.6330818567155566 0.3762973304482303 1.7868796464234094 1.25454622682261 122 182 180 120 
0.5614258727555892 1.3014855019558642 0.8987692104730844 -0.6344745396442025 0.3781431098456705 1.7371189938639278 1.3199971032273339 122 123 183 182 
0.4704603763582042 1.2962504341531693 0.8713780629109688 -0.6358345883815879 0.3441236990127577 1.6319701555802038 1.3948754724297334 197 217 143 124 
0.3928712088916137 1.3029183178456976 0.8544563557580563 -0.6374106622978348 0.3517595215493442 1.5681143440368968 1.4314336157750267 184 197 124 104 
0.12589539974113817 1.1830289780099639 0.9169039663419543 -0.640292826457045 0.30539257528874003 1.2950771114588993 1.5202946642652138 186 219 145 81 
0.018789406674449127 0.9890687719105674 0.9750400890009574 -0.6395193443971796 0.29483662534580946 0.9742001409509206 1.5508476428464306 222 147 82 150 
0.1552744808662382 0.7974447585685854 0.9020997274333691 -0.6397759182296482 0.31130738057212914 0.660703606806289 1.5063248330901227 225 188 84 151 
0.5041879300039638 0.6975665853843763 0.8789027950321073 -0.6338343787907481 0.3553144337480364 0.32310165134426583 1.3664935902308 206 205 132 154 
0.6950996864981025 0.6970629036520244 1.0301890285863848 -0.6305447927694532 0.3528601447532978 0.18743018502165898 1.1677186762373617 156 209 208 157 
0.7474413776612042 0.6655557729971162 1.0705485045452332 -0.6308023138058874 0.3557017605089643 0.17316966035374884 1.0849581173453449 136 193 209 156 
0.8224261471622802 0.5868969578614387 1.1163721340178396 -0.6332543910012381 0.33477743310686625 0.2148945931278879 0.9638774031003194 210 228 158 137 
0.885048692254329 0.480021193031183 1.1202211736072476 -0.6380783475735374 0.33255383683154527 0.28259892525052077 0.8716100881644653 159 138 211 229 
0.8944329184874881 1.5569299136242414 1.130187470743868 -0.6422740244875889 0.3248881137514656 1.6744901043830187 0.8595012487051319 139 162 231 212 
0.8387264172357389 1.4404805930069537 1.1355558706843378 -0.635970309015604 0.3211181413351387 1.7520802166459342 0.9406741511941014 163 213 194 140 
0.7724710590132703 1.3533788225200736 1.0970947233112935 -0.6325325355666263 0.33859565547427173 1.809522907038086 1.0526008366517827 196 195 141 142 
0.6699028427542391 1.2899204307480372 1.0086725813284247 -0.6320815512907393 0.33650486232811017 1.784051173182069 1.214442354942883 164 165 215 214 
0.7240879584940353 1.3142147719750479 1.0610990645676985 -0.6318838556896197 0.33681894680295243 1.806053011676651 1.1354381357406822 164 214 196 142 
0.608741736296764 1.282813135663067 0.951463620145386 -0.63306155422527 0.3373737235308782 1.7451297272478703 1.2854717251078474 165 166 216 215 
0.5404086058109503 1.286913562875924 0.9037827860414522 -0.6343370672161962 0.3395717814555803 1.6927123535897226 1.3460964438119167 216 166 143 217 
0.359923697913187 1.2678619671468725 0.8680726594096422 -0.6373092557690765 0.321160683589385 1.5233259069714749 1.4494414535563873 125 198 218 168 
0.2481294488842657 1.227497315073433 0.8834192532138126 -0.638873839431082 0.30827843622604006 1.4097954987755292 1.4917118653485766 234 144 126 199 
0.11586242094032864 1.149715718460791 0.9257658941945718 -0.6402995114265385 0.2912812296628638 1.2442628905812785 1.5333293842521656 235 169 106 187 
0.10994564229074422 1.1083989167978618 0.9339557618875897 -0.6402799971769134 0.2802019757723757 1.1918498849470627 1.5445592108707356 200 251 186 127 
0.13870806064208574 0.832554189508316 0.913968955859757 -0.6397000876116086 0.29575192957461033 0.7083010172128312 1.520546973149485 236 201 107 171 
0.2839373631657358 0.7488460217978458 0.8717249920325173 -0.6373278430909031 0.3123702862458083 0.545180728294251 1.4738655962401122 152 237 203 130 
0.401725824592973 0.7136276534607778 0.8642884563225882 -0.6356500940689469 0.3276798352190041 0.4312010757242248 1.4276012083335072 226 204 131 153 
0.5737058282336535 0.7091942941428178 0.9212660175038009 -0.6322490393892269 0.352263005273721 0.26541885529761716 1.3112042602736644 155 207 206 154 
0.6381316572059187 0.7108052980376036 0.9750767962616137 -0.6311106308466392 0.35147080324203384 0.21905863790801142 1.244374292505535 155 157 208 207 
0.7779063366026886 0.6362583593770984 1.1149486893829348 -0.631643373108178 0.3273328717536826 0.20135209743406127 1.043283966451387 228 227 174 158 
0.8568374831348314 1.4908148212892331 1.1611836163687232 -0.6392212499517549 0.30859383513435834 1.706827265865883 0.9159536139263605 244 231 162 178 
0.7971232181790261 1.3861742535614672 1.1377424924669262 -0.6338641758554082 0.31240501528252385 1.7733623222794153 1.01417978639467 213 163 179 232 
0.755288251738968 1.338385104279351 1.1175006076880512 -0.6323627042219421 0.30549523224279274 1.780205772317999 1.0929772945073766 181 245 232 179 
0.4396305269038559 1.266929159545644 0.8824529429465464 -0.6355419723361323 0.30966345342556256 1.5869156739609882 1.4145132900686008 168 218 233 167 
0.3315256905047262 1.2303322479880658 0.8824216487253339 -0.6372683891347505 0.29235020293641506 1.4766483387805969 1.4676173368408536 184 144 234 249 
0.2293541167138324 1.1892777659348137 0.896737960542685 -0.6385732739923485 0.285765826459737 1.3609729437653197 1.508159192620359 219 250 185 145 
0.10998961564554617 1.080880088767928 0.9373308185229738 -0.6404853821486299 0.27132229845050015 1.1383972221081098 1.5535468823148744 128 220 262 187 
0.1268676960298795 0.8692175652400774 0.9241701246818091 -0.6397318097588688 0.2827751780160355 0.7574829853499259 1.5335254764088515 252 202 129 188 
0.12119332734814203 0.898664244490367 0.9305238520930253 -0.6398393325643048 0.2725735500350656 0.8084014185605575 1.5446717091178996 263 224 148 201 
0.2564852665054107 0.7898721039785555 0.8869270337993632 -0.6371726090226116 0.2897898787737463 0.5909192312668023 1.490243210147552 151 189 253 225 
0.37234177865933593 0.7456979584509009 0.8761268257987797 -0.6355468851062194 0.2971039083634265 0.4756600678599298 1.4452360622131475 190 254 237 152 
0.47891553535154197 0.7182746311618379 0.886157536903574 -0.6338779286841715 0.3198224195273388 0.3655333081573606 1.3866647219565174 238 226 153 172 
0.5542691662279091 0.7252503168810382 0.9273043532252768 -0.6323347524350528 0.31512756860371693 0.30701468108817553 1.3348826682783335 239 238 172 191 
0.6226827994865172 0.7242512308711456 0.9816374744934655 -0.6312100447890953 0.31382768198591376 0.2589285821090984 1.2729039694757374 191 192 240 239 
0.6826110138891035 0.7086546863074039 1.039483486826126 -0.6305854905185725 0.31584871485334587 0.22381708940713924 1.2017833109064668 192 173 241 240 
0.7329333809512847 0.6783646872066504 1.0884895218181372 -0.6306931593350035 0.32078721373565383 0.20409408113751498 1.1239758664318589 174 227 241 173 
0.84528881767025 0.5423219390123568 1.14136358046976 -0.6355581901419034 0.3182884553395664 0.25601121176575664 0.9343037920874762 229 242 175 159 
0.8954745067810849 0.432432781948015 1.131030735799345 -0.640479912294504 0.32627203374585456 0.3224280395047301 0.8604657948433424 230 243 176 160 
0.8973280436719645 1.5672901300908668 1.1280375676278527 -0.6425026849731881 0.3235980354963057 1.6326444254062493 0.8478947498927982 161 177 256 
0.8167952170506642 1.42717406025384 1.1739724592288796 -0.6361001870098444 0.2943583972137841 1.7321186797222763 0.9809306549825901 195 257 244 178 
0.7086774414154826 1.29965783206379 1.073322675547982 -0.6317408126160965 0.30091234196238525 1.770142222632883 1.1716442210878513 247 245 181 180 
0.6545454429104488 1.2759463148958645 1.0158026227148187 -0.632013272656928 0.2986905108374386 1.7430555540646973 1.2456129847106872 180 182 246 247 
0.5890483085591748 1.2654800667646702 0.9584741914688495 -0.6328468578178243 0.2988445392381888 1.7008257997076062 1.3119961288886735 246 182 183 248 
0.5161898007878095 1.2655683147408783 0.9116776870309564 -0.6340555038742435 0.3021020321856295 1.6472160928897872 1.3686840418317576 183 167 233 248 
0.4120234388154535 1.2346745473780654 0.894827558404215 -0.6352883715258207 0.27740295249278135 1.5411288900646183 1.4333605816464967 184 249 259 197 
0.2204781441997693 1.1552422893301793 0.9071210894117994 -0.638295380593198 0.26705471526142865 1.3101517651982837 1.5235375140899967 235 260 199 169 
0.11137117600699796 1.0515765431741553 0.9395192606589869 -0.6404417073846151 0.2648303631869215 1.0839964719424073 1.559517127198669 223 261 200 146 
0.11635429028728343 0.9599403268763204 0.9385200152164099 -0.6400482519756575 0.26092368696507073 0.9163716567719786 1.5595508829857334 224 279 222 150 
0.11471480446718954 0.9899759166239837 0.9402942043882906 -0.6401624207462938 0.25953109179528505 0.972305269703593 1.562660081023848 170 221 280 223 
0.11292609731776909 1.0180843738119196 0.94068678925989 -0.6402720023334445 0.2608816793605909 1.028466029239958 1.5625964406297141 281 220 147 222 
0.11823380009857978 0.9291777447308085 0.9352827348662681 -0.6399252357955743 0.26526635507807733 0.8614850031333617 1.5534490540830928 264 221 149 202 
0.24065614629699927 0.8249474753496628 0.8990709886435014 -0.6371159730216609 0.2706456243483998 0.6387333707070766 1.506546415897679 265 236 171 203 
0.4517110893704006 0.7454417188687037 0.895859399621849 -0.6339250889101881 0.28674249679305375 0.4090916283762598 1.4057850117160307 205 266 254 190 
0.7610868738679258 0.650311539631089 1.139553653518597 -0.6313834535804371 0.29551861017116693 0.2294215280497905 1.0829114327162241 255 270 209 193 
0.8023845074990216 0.5995128697885302 1.1518641855776364 -0.6331889564589145 0.3060386661062713 0.2362133267108077 1.0066132140346429 242 255 193 175 
0.8630002993225336 0.48718086506794506 1.1652403846798247 -0.6387801647265764 0.309005674179196 0.2971235721387005 0.9124603583306146 243 271 210 176 
0.8977192085267164 0.427457141663918 1.1280309074500643 -0.6406054674744474 0.321789250596263 0.359626448472392 0.8572310079380883 272 211 
0.868630727660293 1.54662977320769 1.179808863870992 -0.6428043104929149 0.3037139139104911 1.6635488529987779 0.8980376365710305 273 256 177 194 
0.777907102056062 1.3705176553680496 1.1658429594222446 -0.6336434652532438 0.2820143118160223 1.7464933854191307 1.0533308923196483 258 257 195 196 
0.4895990222717492 1.2368202766453065 0.9228744318208979 -0.6336532022916983 0.26663601421051447 1.6013388529913861 1.3890352028524315 259 277 217 197 
0.3142594460612018 1.1984519524076815 0.8944877459009635 -0.6369681207991528 0.26609118214424693 1.4277040278684963 1.4855955355469632 198 185 250 278 
0.21932060380452237 1.1255856758619072 0.9147262696714249 -0.6379979060326321 0.25200359346657236 1.2569239923475393 1.5371561320657159 251 290 219 186 
0.23497859547083375 0.8513739726376163 0.9072256210434795 -0.6369915809178669 0.2547357951126594 0.6893313964164636 1.5218646863792697 252 188 225 291 
0.3479167168357481 0.7778307638251938 0.887912924143275 -0.6352662284447745 0.270330564767556 0.521686210451096 1.4628324521007179 282 253 189 204 
0.5333265148496281 0.7461952577724656 0.9354224882194714 -0.6323746490908981 0.2807629749834014 0.34949351960735675 1.3564266083260972 267 266 205 206 
0.6065674154570702 0.7408208441154311 0.9895425325123883 -0.6313295996462965 0.27872733317590853 0.2999313193098882 1.2981026629025376 268 267 206 207 
0.668996443342435 0.723341706418598 1.0502047575253466 -0.6306746056726577 0.2808036170779492 0.26237567186088345 1.2319574465111065 208 269 268 207 
0.7194421420768297 0.6919266248578055 1.1037207204883472 -0.6306188664382415 0.2867049441759608 0.23829372458845882 1.159239489711825 270 269 208 209 
0.8227727919130733 0.5536857871301877 1.1835140398213353 -0.6354600444809287 0.2923674698654573 0.27391265469470044 0.9762313751241166 271 284 228 210 
0.8715228019418593 0.4388737420358493 1.1792988997022549 -0.6411836090157425 0.3053821359664523 0.3359100916519545 0.89798645116835 272 285 229 211 
0.831967356939345 1.4777731237808074 1.205395531834951 -0.6393268146376412 0.28471659486352535 1.6897277501326102 0.9540441271559305 213 286 273 194 
0.7394300803830068 1.322684960657844 1.1355692846222396 -0.6321624877567233 0.2722588647677062 1.7465740305439643 1.1288780712618118 274 258 196 214 
0.6370753034022765 1.2570342205633482 1.0258669935890128 -0.6318622405611595 0.2618189413962247 1.6997196236811147 1.2723511638094043 276 275 215 216 
0.6940334775991379 1.2837533547613444 1.085602570539323 -0.6316353862207356 0.265507647728223 1.7308416505657922 1.2028684268926648 275 274 214 215 
0.5669866966681009 1.2420405688120173 0.968492417820411 -0.6325070875431221 0.2616825459510022 1.6553418077794948 1.3350256551763402 276 216 217 277 
0.3897863415314823 1.20234613324871 0.9073880143635651 -0.635041412005915 0.2479399679583641 1.4935146806705424 1.4522179113028946 278 288 218 198 
0.30367054400835714 1.1655480604729531 0.9065275826720098 -0.636453643418287 0.24339342695531058 1.3767070197225784 1.502717402546785 260 289 234 199 
0.2207958447134748 1.0871688322687783 0.9228328692730716 -0.6377008283521565 0.24017370396084925 1.2016474828128558 1.548832751460413 235 187 262 303 
0.23066740831949206 0.8890497865862365 0.9171400820726554 -0.6368621262697787 0.24191110872328597 0.7422495677815825 1.5356938600782088 305 263 201 236 
0.32833268939141863 0.8132602272856677 0.9010860892435815 -0.6348456962908534 0.24767936238611676 0.5690392622710964 1.480330358443375 292 265 203 237 
0.42977831388635745 0.7722869853283815 0.9058543219163873 -0.6338010170216335 0.25681185659499084 0.45414853586124404 1.4246455262380453 293 282 204 226 
0.7832007094620028 0.6130822817117672 1.184118983699234 -0.6326865100399972 0.2779335407304713 0.2598723228624687 1.04645936002569 284 283 227 228 
0.8695519959512265 1.5564817977089451 1.1815159948488987 -0.6429804698594547 0.3036375048207722 1.62486800891823 0.8854178687442803 231 297 212 
0.7943367057469519 1.4110470055673556 1.2095007311593995 -0.635805672594454 0.2672897444543638 1.7086423033493883 1.0182292557169057 287 286 213 232 
0.7595168420719803 1.3533483672109496 1.1909244860356907 -0.6333318670669493 0.25218733773260743 1.7163998760443977 1.088514196630042 298 287 232 245 
0.46710043947810775 1.2074632853284053 0.9347005945320473 -0.6333123055394448 0.2340768855756553 1.5549832191944863 1.4084616935414227 288 302 233 218 
0.30061668115319484 1.1369848356325165 0.9164387285276324 -0.6360015655040392 0.2245783444513953 1.32349523559724 1.5185419183878173 219 290 312 250 
0.23036805571895008 1.0409052878760638 0.9293045939721825 -0.6372759511005482 0.22497037086274546 1.087276689228641 1.5638583038989646 281 314 262 220 
0.22580108416240935 1.063883929881589 0.926626888848344 -0.637576349468113 0.23123402319869704 1.1449822162348517 1.5579802616128453 304 251 200 261 
0.2311168880515258 0.9144606704391626 0.9226673225748014 -0.6368408684992154 0.23198679966723276 0.7968309234419141 1.5475179157480823 264 202 252 315 
0.23285388929678605 0.9410192160017586 0.9270932658332272 -0.6367975900672698 0.2249137698226361 0.8531498012414116 1.5567231374258514 263 316 279 224 
0.31704838271734626 0.8450788860622271 0.9126626756182296 -0.6346270827987865 0.2285845573376159 0.6183993946540387 1.4976210914010837 318 291 225 253 
0.5139929485997974 0.7699750438421151 0.9453645180706173 -0.6323389861943557 0.2499279504666525 0.39251144198789667 1.3769642904018857 226 238 294 293 
0.591360830754675 0.7594892219759773 0.9988530381141844 -0.6313959961591747 0.24755930052465408 0.3409234522148397 1.3212627559025152 294 238 239 306 
0.6562649714196038 0.7394740394537591 1.0619013519777423 -0.6307789560414899 0.24941252813545944 0.3010949952403512 1.2590730631585976 307 306 239 240 
0.707126626433092 0.7062334238091266 1.1187237417503821 -0.6305645804970962 0.2555998271629079 0.27361602715900557 1.191226287378761 241 295 307 240 
0.7463276955855944 0.6642648155206924 1.160929506491233 -0.6310093234983086 0.26548142014205084 0.2594257347219523 1.119144720840327 283 295 241 227 
0.8398465498767759 0.4978282822618208 1.2070181616478854 -0.6383710000200692 0.2859846162632958 0.310884367858865 0.9524029623836884 285 296 242 229 
0.8711428557316233 0.4343450449352587 1.1814110473422745 -0.6410903543627275 0.30477036942530156 0.37219461969970696 0.8886537389411983 230 309 243 
0.8405838818275784 1.5319112653491365 1.2280487073108266 -0.6426259946298306 0.28230305534826866 1.6499697182737862 0.9339815367359074 244 310 297 231 
0.7236632409379526 1.3048853567736034 1.1540038838297388 -0.6320894556081614 0.2403044669317822 1.7103164571984213 1.1600325269164706 247 299 298 245 
0.677956578083439 1.2637286264985326 1.100555158020118 -0.6315599974306242 0.23172834026590788 1.6897770471234952 1.229734406952883 247 246 301 299 
0.6175235877458308 1.2323116217017898 1.0394281867258255 -0.6316736885425726 0.22673650413499938 1.6554581426889938 1.2956700703363984 248 300 301 246 
0.545424028522609 1.2147742226517284 0.9807152200124524 -0.6321608857025797 0.22684497001245468 1.6095603945213621 1.355797979088089 302 300 248 233 
0.37736664283371457 1.176743452176383 0.91764823958606 -0.6346337913267686 0.2221217076902731 1.443139205409544 1.4709780495547462 234 289 311 249 
0.23455673468497698 0.9646395364136153 0.9297837217889955 -0.6367753063247652 0.2207962764381918 0.9109881823880173 1.563120896523016 264 317 280 221 
0.23476018519399125 0.9890573942005447 0.9311150247448157 -0.6368538243093141 0.2196531584588894 0.9697606063662734 1.5664746206582942 281 222 279 326 
0.23336105725957182 1.0134832893666592 0.9310032659884467 -0.6369933266485857 0.2211468130550749 1.0287434545797847 1.5666811493851691 223 280 313 261 
0.41286173293205675 0.7983403623579667 0.9160153975661068 -0.633284952284762 0.23068502017116072 0.5011414988657308 1.4434183678202324 237 254 319 292 
0.7672488389799327 0.6260236152457017 1.2092897188111171 -0.6318569809759781 0.25247139668202434 0.2835347248174722 1.0831831657542332 270 255 308 320 
0.8024053658239358 0.5655379679234295 1.2185628523182221 -0.6345965367165388 0.26808447712153405 0.2917083623345125 1.0155672558610143 242 296 308 255 
0.8469130030552117 0.45241048344144097 1.2211234902972659 -0.6404289448764612 0.2853958026680864 0.344953874815364 0.9337921225035959 309 332 271 243 
0.8060560614865919 1.461817997711011 1.2473593686052795 -0.6389874444405711 0.2612246592622089 1.6707437577379756 0.9889077376128526 321 310 244 257 
0.7729823393558669 1.393458139019275 1.241143961759761 -0.6353888227801332 0.2413284074690624 1.68360912094153 1.0521433319408755 322 321 257 258 
0.4499744688900552 1.1796888488566293 0.9463543367868925 -0.6329398947260156 0.2054203340296145 1.5073252743541607 1.4279646183118568 259 249 311 324 
0.36744670472404406 1.1469164282828488 0.9293413586594647 -0.6338030645663791 0.20066983684902245 1.390170023125494 1.4890477209145465 336 278 250 312 
0.30197935532115056 1.1105031434892345 0.9248477232553954 -0.6354991454097587 0.20964513753209396 1.267550591225167 1.5325167775793362 303 325 260 235 
0.31559629348477053 0.8639125094784273 0.9195589656314037 -0.6342653552833466 0.2127449697457848 0.6711937939030229 1.5138369740618463 265 327 305 236 
0.39622327749191383 0.8318789891173831 0.9292839966512246 -0.6324503940201641 0.20857468204473925 0.5496653388765145 1.462026062860506 338 318 253 282 
0.5002731895282996 0.7909931193090805 0.9548328855904556 -0.6321276999136778 0.22285385755826714 0.4365668771825174 1.397249621934216 328 319 254 266 
0.5785870720776035 0.7783552637337932 1.0089711142768594 -0.6312662395722841 0.2210238211819508 0.3815313014978827 1.3436777749647628 329 328 266 267 
0.7348350430424818 0.6765161371726747 1.1776621211004663 -0.6304799368534193 0.23912814326528975 0.28910118022701864 1.1528595182105787 320 331 269 270 
0.819355893200738 0.5101832038386267 1.2393502763586333 -0.637030271030096 0.2650703540778165 0.32194864203458295 0.9896429547134412 284 271 332 339 
0.8401035722810931 1.5375146431878874 1.2308720014365726 -0.6426726885446729 0.2837762774902431 1.6153487385822454 0.9197314357663815 256 273 340 
0.742029765161928 1.3347649684905605 1.213986564971345 -0.6331248213418206 0.2243139159884819 1.685036191723257 1.1196213073401915 333 322 258 274 
0.7074453306926636 1.2844671618461794 1.1733581290365025 -0.632048075818573 0.21070136143155066 1.6733715733145313 1.1871656368151267 275 334 333 274 
0.5992627341277624 1.2059099907659094 1.0540436522695384 -0.6315699157796817 0.19435629659132625 1.6113608565764284 1.316917417301333 277 323 335 276 
0.6600119749910838 1.2387420371265734 1.1184818493465543 -0.631556987809617 0.2003343666211503 1.6485758998670135 1.2534840702926273 335 334 275 276 
0.5273781722131994 1.1878214020675901 0.9932384936660988 -0.631834372861538 0.19558363520016936 1.5637815557523866 1.3757343946774758 259 324 323 277 
0.3042231210646877 1.0745081825851592 0.9342237631377197 -0.6349652485413848 0.19879385620338255 1.2095868317426581 1.5445230779533181 337 290 251 304 
0.3087774463889519 1.0567629388513915 0.938685651781064 -0.6343159662703878 0.19097137739542985 1.149944362142674 1.5538637460049423 314 343 303 262 
0.313131382251608 0.8992979054325866 0.930102486781626 -0.633938314975429 0.2003923619728198 0.7271260998225906 1.5285420336141837 291 344 315 252 
0.6467268286313608 0.7535499479974188 1.072436067415208 -0.6306823962298592 0.22299238330383983 0.3385870331193587 1.2844371285488427 267 268 330 329 
0.6953347236423706 0.7215844152590061 1.133674141071474 -0.6302900478819852 0.22901664153237067 0.30787757804982196 1.2208677821012022 331 330 268 269 
0.7844480612734612 0.5792635315134212 1.2444836660871363 -0.6331562046267987 0.24681250945742336 0.3074184313478771 1.0517850692789172 284 339 348 283 
0.8405360888973558 0.4567789553428179 1.2320496859202912 -0.6407600826158028 0.2885755359624702 0.37624254763479714 0.9176128331075211 285 272 
0.8135259345406938 1.5130601417499792 1.268967274174304 -0.6418198300209775 0.26210624064836197 1.6364210906369303 0.9657554991220852 341 340 273 286 
0.4372754428890889 1.1549782824812702 0.9564084237786168 -0.632359558505131 0.18160875781391922 1.4569575660054757 1.4481904411208115 336 342 288 278 
0.3618236595499394 1.1216157995239748 0.9385109325337316 -0.6329379345888204 0.1829462522597754 1.334962928748804 1.5056781814093037 325 353 289 260 
0.31500824287171203 1.0106336872244945 0.9445945400327613 -0.633190798096048 0.18092022278483622 1.0274128202351582 1.5621103380273278 326 354 314 281 
0.31260899405839754 1.0367758648109606 0.9422418127092383 -0.6336658644196466 0.1848797667763729 1.0887720427479106 1.559619918762431 355 304 261 313 
0.31359848684162606 0.9211993342448359 0.9358362340752001 -0.6335657830713677 0.19117423605184214 0.7852999638679704 1.5412827871775459 263 305 345 316 
0.31471515471660433 0.9446706428332386 0.9405461450607231 -0.6332989500059139 0.18450801647654377 0.8450217923338793 1.5511458464862184 357 317 264 315 
0.31582767930405214 0.9659947903779748 0.9435297219561585 -0.6330789789668538 0.18063570858720024 0.9055331345787478 1.557950293080309 358 326 279 316 
0.3845760296429543 0.8623116201092175 0.9407523980748715 -0.631889657235262 0.1898917441700431 0.5994739660867483 1.4801828022136663 265 292 359 327 
0.48580931874145555 0.8161842321222401 0.9658468825449696 -0.6315871105344797 0.19893259806322902 0.4826572625342463 1.4176360343570535 346 338 282 293 
0.754700922281763 0.6381515212925811 1.2257189435656397 -0.6306637185689862 0.230860798354726 0.30528020873205886 1.117625734041537 295 283 348 347 
0.7841480129719202 1.4441766374861542 1.2780411832123653 -0.6382935714284005 0.239182500656393 1.6521343368036117 1.020505506328911 349 341 286 287 
0.7531414428144996 1.3730109760938836 1.2652830526664838 -0.634753782185374 0.21753892230860933 1.6592341262483559 1.0831471055861912 349 287 298 350 
0.5821820580214518 1.1793723633003286 1.067668894961005 -0.6313215792368168 0.1660886630162312 1.568160064873723 1.337861840575218 302 352 351 300 
0.5117948759819922 1.1611934586642143 1.0054239305601815 -0.6313338720236186 0.16943607144677192 1.5178513183102744 1.3963407037320907 342 352 302 288 
0.3580017919595861 1.0983644425602066 0.9454965924070914 -0.6322735155384434 0.16914454521448674 1.277626611074731 1.5204614282992552 337 365 312 290 
0.31605638409141124 0.9880539208566624 0.944937535403221 -0.6330283789576701 0.17954129510132016 0.9664211525400472 1.5616144279332704 317 356 313 280 
0.3816128165286811 0.8764187785132552 0.9461260598881058 -0.6312093998618131 0.1745496961564283 0.6521555239693552 1.4973765435383837 318 366 344 291 
0.566074646920237 0.7981764415877484 1.0188767751029026 -0.6308659107635343 0.19855210964710623 0.4222486456953552 1.3660760151781157 294 360 346 293 
0.6359780146252885 0.7695630747275741 1.0823936437068653 -0.6301542335319632 0.2017246966596173 0.3744387022391917 1.3093030818369775 294 306 361 360 
0.6868206762528014 0.7332329263283605 1.1437400663433044 -0.6295953924750215 0.20771534141180215 0.3396356207686609 1.2490815428391797 362 361 306 307 
0.7219962850730268 0.6917421289443566 1.1927788022468955 -0.6295481114937457 0.21736676477861072 0.3165469327086753 1.1851741159650286 347 362 307 295 
0.8139573513370347 0.5048474188679543 1.2537667097377856 -0.637275364121688 0.26706708619001507 0.3496719727183343 0.966842538928262 285 296 
0.7238480695253221 1.3130036074462221 1.2346600606568074 -0.6327443601799455 0.1993252970806085 1.6545204229066282 1.1474003921138756 363 350 298 299 
0.687391759612881 1.2573803362383469 1.1943629349168787 -0.6319261464409229 0.1840679728696057 1.637652663749254 1.2118678800667233 364 363 299 301 
0.6405413568314849 1.2102787594025328 1.1360725235601143 -0.6315018188614951 0.17213467728128284 1.6086178215830667 1.2758453736655728 301 300 351 364 
0.3962745834424197 1.1362591771125776 0.9483721571579145 -0.6309856453991388 0.16240061250150317 1.4024845093213503 1.4690516055729073 289 353 311 
0.32776884340226825 1.0741168285979517 0.9421114305981397 -0.6326888562374068 0.16029500989620432 1.2177305138421113 1.5339147980190904 343 325 303 
0.4237753010077556 0.841408647006049 0.9498455715182053 -0.6299042098564283 0.1767478785120756 0.5318774959866153 1.4383562631627635 319 359 292 
0.7833959175517616 0.5684334738741235 1.2592301273348268 -0.6333069885827979 0.24673890675933657 0.32981247599235936 1.0236793137286986 296 308 
0.8121885380355436 1.5141632379522028 1.2718336626540325 -0.6418728776863183 0.26658486182567 1.6074143029837922 0.9475458028953567 310 297 
0.7867470668931343 1.4817935819328978 1.299472257209469 -0.639921463836849 0.2435140731415129 1.6247796782376753 0.9939379346315012 310 321 
0.49283219556317637 1.149742214624301 1.0006983144542427 -0.630032761571296 0.14969249379024424 1.4710218762126706 1.4186799571514648 324 311 
0.31798390054232295 1.060702666708533 0.9412683521996139 -0.6333315972910623 0.154061464064068 1.1541871239301178 1.544641844251706 355 337 304 
0.3354478043359494 0.9017291223753741 0.9387049943932932 -0.6318043543174667 0.1624288268439501 0.7101171066769567 1.514041874786237 327 345 305 
0.321774718231237 0.9176616257741411 0.9380893942069358 -0.6325808004015979 0.1535151978161624 0.7733644810429244 1.5292677513005888 344 357 315 
0.5134426526195858 0.8237129497490305 0.9966260901414908 -0.6294792795476242 0.17804531625741504 0.4644667661241386 1.388574931212032 319 328 
0.7267933741761783 0.6820329179885952 1.2090871785335102 -0.6292732049757732 0.2127871122280844 0.32471038945826236 1.1510689040885838 331 320 
0.7578213167913785 0.6266497048533041 1.23905634224094 -0.6307512814807991 0.22877948787101754 0.32061205402602644 1.0853145401066377 308 320 
0.7611096776699628 1.4121983269405207 1.2950326941807195 -0.6361144993806028 0.21886166949825314 1.6359056190417458 1.0504452694211524 321 322 
0.7361843074000506 1.3477620243480857 1.2710237154040287 -0.6332210768668857 0.19656947593610336 1.6371547787902085 1.1119698404570517 333 322 
0.6216954794925231 1.1899279084447567 1.134432444615638 -0.6302284880373975 0.1483037570268501 1.5708186794679204 1.2987748321547208 323 335 
0.561916262304463 1.1629436675092613 1.0627378297640593 -0.6297946809757955 0.14387392986804953 1.5265216092721263 1.3603725495696264 323 324 
0.3720255846464682 1.1204061460143053 0.9441804420729603 -0.6315726687403683 0.14577932066811508 1.3449283117725468 1.4881410270127837 312 365 336 
0.317515954669228 1.0115833010516861 0.945471391529505 -0.6328686186420592 0.1426803108883801 1.02430131642041 1.5524685549699178 356 355 313 
0.3168448218564912 1.04016639786439 0.9434315053627479 -0.6332399906772443 0.1472995254938099 1.0884222637222354 1.5504397537362897 343 314 354 
0.31726230434520714 0.986691485296344 0.9453199510742643 -0.632838776440868 0.14239946925636968 0.9625356701121293 1.551984360227348 358 354 326 
0.3180962586670907 0.9399363834377565 0.9410932087996415 -0.6328295740065576 0.14735059201822182 0.8373755350881626 1.5406228642928461 345 358 316 
0.3168227830257032 0.9629606664962506 0.9435970342492299 -0.6329163434230534 0.14385574185813776 0.9003108750376647 1.548078667703387 356 317 357 
0.39371435208134314 0.8629029639857201 0.9461123055348634 -0.6309736728994565 0.15641108916036195 0.5820811142270446 1.4577046128211864 366 318 338 
0.5877871077537876 0.8000413332355163 1.0536976502770634 -0.6286022929329137 0.18367315349171598 0.40967095356281535 1.3340189567658407 328 329 
0.6457640181368556 0.7683255118104073 1.1089378851886806 -0.6285835251127944 0.19071332302675878 0.3691345382248966 1.2761801878557193 329 330 
0.6916961234263516 0.7288866149074247 1.162834839441647 -0.6289179436208313 0.19988517083550514 0.3414037529865926 1.215978969415013 331 330 
0.7061643083652406 1.2885488705663568 1.2412428292253799 -0.6317573219420684 0.17753190136993074 1.6266146941315403 1.1736037652359326 333 334 
0.6691734664861414 1.2338586780082887 1.1979928735018552 -0.6309538684971782 0.16091833870854444 1.6045659317608039 1.2361950301956957 334 335 
0.36520012315652894 1.102365032766613 0.9475742629212832 -0.6318116787778625 0.13437289369809519 1.2899595226311307 1.5039888398659478 325 353 
0.38884519887503965 0.8716842217210186 0.9477847001496079 -0.6311433483047422 0.1417529530694469 0.6308980058458142 1.4751499334025282 327 359 
