0 1 2 3 4 5 7 13 16 18 19 20 21 24 25 26 27 28 29 47 48 49 50 51 52 53 54 55 56 57 58 59 60 61 62 63 64 69 72 74 76 78 92 93 94 95 96 97 98 99 100 101 102 103 104 105 106 107 108 109 110 111 112 113 114 115 116 117 118 119 120 121 122 123 124 125 126 127 128 129 130 131 132 133 134 135 136 137 138 139 140 141 142 143 144 145 146 147 148 149 150 151 152 153 154 155 156 157 158 159 160 161 162 163 166 
0.5044823202190083 1.0411959767549943 0.8233432260397151 1.0345305448374316 1.1299581045478073 1.6385756936356062 0.8134359516665122 1 76 56 2 
0.4886590511101455 1.0575660098747428 0.8027239702762947 1.0255951528677811 1.086541701197469 1.6872670952148376 0.768845483579594 2 161 74 0 
0.48338953127975204 1.0609587274682186 0.8333665240549725 1.0348602708879724 1.0775748822859141 1.6970822140528994 0.8311228613273908 0 58 61 1 
0.6952002653925736 1.4369109378943643 0.3453426584942357 1.1184285076804616 0.661971805696812 0.8401108194802717 1.105834819725943 5 102 133 4 
0.7508856340253401 1.2140834270175742 0.23402424097855537 1.0298318574682406 0.7587859172142438 0.7277984694286967 1.0558509211179534 141 163 3 136 
0.6786778502650991 1.432307911788547 0.34080082912670245 1.0777373415915612 0.5165159733140365 0.8224333272540725 1.0659973280484456 21 24 99 3 
1.015234902701781 1.2478783777809375 0.5447375427864644 0.8070530109344924 0.16605059715109452 1.0966706888202724 0.9215187019817618 7 164 8 
0.9253767718159017 1.3231375699637702 0.4395837733883503 0.8454042217011779 0.2075800217861461 1.0989837959443454 0.9923793864826856 98 6 8 93 
0.7722962497992913 1.545572605926078 0.3868849972118465 0.8711637860407797 0.17832755867982678 1.1435284613155825 0.9875701076798667 91 7 6 
0.8313665167742581 1.1666947102569174 0.11030502149137542 1.254044135760457 1.3847586398442573 1.204960048949141 0.7832947276749812 166 50 165 
1.0874394665401832 1.3207843524906084 0.7393691370150155 0.969991889631181 0.19611157755375677 0.9945912384881298 0.8778235540708462 97 164 
0.620490610223542 1.3997740798995908 0.17551876949265677 0.8478544972550983 0.2792562969308718 0.9145884169712595 0.9523664321885136 97 100 23 
0.6364942630369025 0.7669517278809527 0.025099449124857138 0.9475265490740585 0.26865726375173826 0.4589883273238014 0.8000110975550208 13 31 14 
0.8716176181617792 0.936803805559726 0.18707882354396796 1.1512461383511245 0.3197438499897819 0.4951707432778714 0.8407907778032817 12 14 16 29 
0.8369710500354552 0.964397873915418 0.16772754327368003 1.1582444373054632 0.2664375380361145 0.5127342118668542 0.8145735811195915 12 15 13 
0.9870745920492234 0.8484703140420845 0.2528132429552942 1.115885702842275 0.28547437168496503 0.5789130666987584 0.8424314981139434 16 14 17 
0.8635767038612382 0.9128605345381775 0.17213171818977815 1.0536845483453898 0.35387216166876145 0.5563658151566525 0.8783303999730815 15 18 27 13 
1.0466165230933364 0.9953013903617084 0.35865724842375085 1.1731834223202102 0.2865189411528468 0.6652878741097493 0.862659514413 15 22 18 
0.8870950739406476 1.047774308959389 0.24288736956678028 1.0765912296865525 0.3784664328135792 0.6361304448096097 0.9188991481729947 20 19 16 17 
0.6880898988978217 1.1467648466369118 0.1909136422741787 1.0422094479728485 0.4814830939737611 0.5978149555533566 0.9489448707464501 25 27 18 21 
0.8903620350016338 1.1038530258665293 0.26783435816534346 1.0150002086470589 0.39189995214921247 0.7335239502202645 0.9640444357772342 18 22 24 21 
0.6929867473195852 1.1669593020058335 0.20164164198797693 0.9741223891736145 0.5205611067161613 0.704972007828847 1.0119287551666174 20 5 163 19 
1.0257868822339795 1.0632292631276063 0.36766610394820076 1.1026886889597785 0.2856641137242074 0.7647457905915562 0.8912491001314558 23 20 17 
1.1720903876799464 1.3394539455572285 0.662062233299361 1.2438105833379787 0.2896159275692902 0.8486280521641262 0.9288549460821253 22 11 24 
0.8648493442884259 1.436275268820106 0.4382860651533363 1.1386387845283725 0.39064429470609224 0.8295461239629505 1.00554128914677 20 23 100 5 
0.6912065378892013 1.1447519893799631 0.19027590574728684 1.0460350261890476 0.5803491678356849 0.5418266585305185 0.9446646551052974 19 163 145 26 
0.6308063486875861 1.0837890367405907 0.14399142161531683 1.0505538500312042 0.495065713623969 0.4642385417128036 0.8839134176992334 25 147 28 27 
0.6504609270662131 1.067799942316633 0.13803657448966092 1.0603310255092138 0.42598094978865986 0.5171743885735087 0.8934983690526062 19 26 29 16 
0.6850944264066788 1.1203946243458054 0.1814548168320711 1.236972859769998 0.4162422166422789 0.39516314023879046 0.8244543112091124 149 30 29 26 
0.6908312044436455 1.1167647471920814 0.18040868067775 1.2640463464075091 0.3669115071763178 0.4512224792115538 0.8423629771073498 13 27 28 31 
0.4596411744546045 1.0339712643453616 0.0704552446025905 1.0802711658173176 0.34258946531208373 0.33537926223657466 0.7689325143889267 28 32 31 
0.5309368471176471 1.0173250647935055 0.07635397561060635 1.0958046501519008 0.3072061264231897 0.397064700432934 0.795185603406443 30 12 29 
0.4386579617899672 0.9871906376957325 0.024145509068615872 1.0171760032910588 0.37490931118379067 0.273589670067389 0.7222822154480548 30 149 33 
0.39481825954768346 1.046157553346354 0.08189794968164198 1.0345308183871147 0.40473892941083106 0.21815475040261223 0.6629256951961298 148 34 32 
0.39185244772368816 1.0394739961644428 0.07311667625724119 1.0116339666997476 0.43545486337411454 0.1780862064608693 0.6069460729365993 33 35 
0.6701414112839768 1.1371575280385269 0.2124178674362687 1.130732425227815 0.5404943589239815 0.22705237356164978 0.6713205643805913 148 36 34 
0.6479524130741773 1.068762000807264 0.1313044013583533 1.002553159591504 0.6575743559102762 0.28277657013679164 0.7370853157116289 35 146 37 
0.732695643456593 1.1123636212764805 0.16359508497303876 1.0447015674071638 0.7788699384374652 0.33962144697470137 0.78747173757447 38 36 144 
0.7765448477948275 1.1462157712190164 0.18454676074812001 1.0858852528510954 0.9051302562058713 0.4047154302846858 0.8204373560018583 37 142 39 
0.7635414007192537 1.1442566623686918 0.1857403914741175 1.0985668709682175 1.0173041953158288 0.4642168980596125 0.8253101682073627 38 140 40 
0.6898740758009544 1.0775671686284884 0.16642913557942227 1.0537772315166434 1.1147656887896482 0.5202460636881172 0.8032638599708339 39 139 41 
0.7470224616818354 1.1248633814937743 0.16174676936132693 1.1432555753202804 1.2105163936394245 0.5912711916473927 0.765046387987719 40 150 42 
0.8801132001849978 1.2604621121520576 0.1294328004151484 1.2709680302371338 1.3020456462694878 0.6749744354904123 0.7161544652788095 43 41 151 
0.8659933992649581 1.2026267497043757 0.10610622876941628 1.133665447568333 1.3870587874048437 0.7624233912787305 0.666076228733379 42 156 44 
0.8342306461409866 1.2101022460858883 0.14794030989371143 1.0587849369291629 1.4602427746139597 0.852270128614952 0.6240265701189545 43 162 45 
0.8627659636537709 1.3620229143284783 0.17256979419254903 1.1022696780132308 1.515264768139358 0.9417665230993479 0.5973783407302622 46 44 
0.907007478460516 1.3548526743596665 0.10603665472171912 1.1617928559438957 1.4696666951923052 1.0201537449481273 0.6831722759601954 45 162 165 
0.8531840978445531 1.1808693239964372 0.1264972420519256 1.0457705096205434 1.328060373143906 1.027653811674329 0.8402447615591331 166 162 153 48 
0.7928049138751416 1.2510823007339875 0.19946069473848696 1.0432456806277508 1.2338540970067913 1.1413125608563655 0.9639681704183278 47 155 157 49 
0.7350432403350549 1.1564793880225446 0.24163349284361513 1.1222841084080173 1.2815145185735812 1.2152197932120317 0.9194338739360928 48 51 50 166 
0.7411337985142407 1.1730301055664485 0.23096450896363724 1.2578436740110472 1.308601103808833 1.2830566319122805 0.8676530586847662 9 49 52 79 
0.6089762040819928 1.3732049401018935 0.34415911783570424 1.0875215889669927 1.1933541979541062 1.3216894894692226 1.0174192987890396 52 49 157 158 
0.5939170871368595 1.3434273341323262 0.368180618211796 1.2015891751486352 1.2285068186268278 1.3807654771949693 0.9541751251691932 54 53 50 51 
0.5320007333365847 1.0457259641285286 0.6866478922812126 1.1616666417214327 1.2405061025158937 1.4411124898299676 0.8762448713339509 55 78 79 52 
0.615684180610832 1.3155380622357162 0.3543687626654495 1.1037367722875353 1.1432174708408338 1.4947344362730128 1.0279480698881422 158 122 55 52 
0.5098882662724216 1.0723472314336484 0.7019455425543538 1.0233126097650815 1.161957250371319 1.546198923885851 0.9448345323230322 57 56 53 54 
0.47808066449209 1.1555032643176142 0.5395266587576203 0.9956007535922946 1.154608768224734 1.5955588215107115 0.870685391893536 58 0 78 55 
0.5132764779314067 1.069005363138785 0.7008900975934605 1.029778062686803 1.0730259054794096 1.6517576433103 0.9881820349019633 58 55 122 59 
0.5119011926905243 1.1239596248737849 0.5230150124823115 0.9896540929809078 1.0798557980401957 1.6814578319411655 0.9052626149768555 57 60 2 56 
0.5031550522151039 1.0769298392363342 0.7009194250440923 1.0463489705944866 0.9673718146144363 1.7429314172250097 0.992926546675085 57 124 160 60 
0.5382260562846972 1.1037397995253528 0.521649282951204 0.9902575422208159 0.9894822158117904 1.7604424860544945 0.908900518677743 59 62 61 58 
0.46416548635605864 1.076753364786393 0.8306198888893646 1.0400377533952754 1.0054763513876253 1.760632140693336 0.8198498449295102 63 161 2 60 
0.5784143559435163 1.0790203296449419 0.5360413596865651 0.9984693490871255 0.8907357966464229 1.8199214801587713 0.885375500195641 80 63 60 160 
0.4800434583359785 1.0674086390782247 0.8343558004533754 1.048445930172161 0.9214798271043767 1.8140887762144153 0.7963168881822117 62 65 64 61 
0.4883131460585798 1.061907568087764 0.7998530585509226 1.0095907200535024 0.9354795607295828 1.7962146016900407 0.7056341597205096 63 66 69 161 
0.5680674959943613 1.032275032820787 0.8553088049631704 1.0692177805727328 0.8348844786733651 1.8521403351926007 0.7671661311296578 66 63 80 
0.5523521035927385 1.0363736246420776 0.8155334851636435 1.0183927825674204 0.8513261183746765 1.8333462487318064 0.6775889684662293 64 65 67 
0.5367065433727324 1.0284985144356236 0.7263033017337128 0.9484419593570963 0.8590066557843044 1.8010434159448385 0.5816080301135949 70 69 66 
0.4564192371791845 1.0962484463470252 0.8590754833819061 1.0439476805419172 0.9465982133139462 1.7391949760984189 0.5430571084445 70 71 69 
0.5094756267628907 1.0396557316172799 0.721448393860771 0.9609517485186464 0.9440734796152057 1.768728921589715 0.6185515167222131 67 68 72 64 
0.5672513481636264 1.069735729395836 0.9585856990359014 1.07602236529 0.8602033883091282 1.7681435225173863 0.5028224950632714 67 68 
0.4443295148754533 1.10087694490112 0.8406229346631611 1.0545700867093584 1.0382954347218816 1.6952177516329554 0.6015650642582169 68 73 72 
0.49527235358055716 1.0479577131800146 0.7170284455712723 0.9728165536487569 1.029040777683097 1.7217162311340783 0.6644367883731485 161 69 71 74 
0.4786420697970836 1.0707595841392208 0.834749253373553 1.067022676847626 1.1247584044443044 1.6288903355906401 0.661825184821216 71 75 74 
0.5138035455707962 1.0326637787432287 0.727454782760015 0.992576896603814 1.1061823300177338 1.6592856673607475 0.7130839086798763 73 76 1 72 
0.4988932182014575 1.0496294030509485 0.843985435032539 1.1154635556644112 1.1972943313810214 1.5484094517104938 0.7326032790616983 76 73 77 
0.5424340518216075 1.0030550083807839 0.7636606288421063 1.0293814477117083 1.1669434264739253 1.5906967150123066 0.7716399838898181 78 0 74 75 
0.4764509162080308 1.1434074931055724 0.6052780761333297 1.159495799485254 1.270190403174424 1.4454017576070817 0.7667971141977169 75 79 78 
0.49046843799288364 1.1450024071712115 0.5128209862079959 1.0589453819258339 1.2165748734613158 1.5144614223216262 0.8184927424156547 77 53 56 76 
0.5630541248079304 1.0081376250510212 0.65886585824867 1.145432160868749 1.314352455474293 1.3505957497850158 0.7994425447099033 50 53 77 
0.6980966156015936 1.0223429813377012 0.6208623802225526 1.040144915000377 0.7955598949130515 1.8577189763417912 0.8480076104324912 65 62 81 
0.6418825530010511 1.020934835185887 0.7358629769826782 1.058521447842307 0.7513833369412333 1.846499871338643 0.9147235171613775 80 160 82 
0.8920139245878822 1.1606969693189126 0.3903981973425974 1.1219895922264733 0.7280040906205218 1.814432459874424 0.9728097796387083 83 81 125 
0.8823339883082744 1.2006565784730778 0.3504541592353059 1.0783954929610915 0.701913591207012 1.763900073690464 1.0275159098443192 82 121 84 
0.8715418626941397 1.2595944223454152 0.312902168145567 1.080339618743262 0.6568950693143789 1.6929497087296366 1.074202884196519 83 120 85 
0.7821557864189203 1.2886940383338639 0.2931672509734292 1.066796267015088 0.5955449967167075 1.6087886253837018 1.1092557193237833 115 86 84 
0.7261921332932341 1.347220926448195 0.26422703420641036 1.108701788784729 0.519829251937284 1.5357105756974665 1.1267142149567038 85 114 87 
0.6371683912216745 1.3319886464632154 0.2578170311534418 1.0854023498505057 0.45023299367478464 1.4678567508644975 1.1362143765049781 88 86 109 
0.5577679219339926 1.3045894395848792 0.24775737871902578 1.031875842110686 0.39051646109054255 1.3978714795238159 1.1417981553110828 87 108 89 
0.5936716326970654 1.4414919426537207 0.23422859249240333 1.0730186074665262 0.3306248232166123 1.3275249596179477 1.1360238854251625 88 159 90 
0.6148362352903942 1.3973145530715145 0.24395280960340304 0.9079837446575836 0.2756104649806939 1.250703111383848 1.1122118083669772 92 91 89 
0.7299655530898622 1.6068741006804845 0.37221423567209977 0.969903673464534 0.22261177537282434 1.1857828600311984 1.061923047129349 90 93 8 
0.7702814543818096 1.2524274594004026 0.31427375627519605 0.895704703692139 0.3146130640087291 1.1878789859756513 1.1155528402780779 90 159 94 93 
0.9167146299582464 1.321786787884942 0.43000553341403774 0.9111807478472256 0.25669630765077117 1.1337397555101167 1.0617948948767244 7 91 92 95 
0.7404494909071053 1.2901838607493 0.30507300314626523 0.92047265035728 0.3604783620105929 1.1124222550474845 1.1145695238512678 92 105 101 95 
0.8947450474983689 1.3654404053800384 0.42762086389618365 0.9502561781730172 0.2882566264800284 1.0700196283631382 1.0526555466108642 93 94 96 98 
0.8777182546182193 1.4057976630296114 0.43190926172868166 1.0022391156182033 0.32633372122717136 0.9962932173091404 1.0429000779042839 100 97 95 101 
0.8909813383172847 1.4097837038877288 0.4475472437876912 0.957054536962364 0.2502459895038677 0.986531782149926 0.9615677684975352 98 96 11 10 
0.9059328728426773 1.3678469314885053 0.4402998705757442 0.8938630893162298 0.22516933999925964 1.0481715733905657 0.9742197216430707 97 164 7 95 
0.6926656975197089 1.3866690903708252 0.32014630083087875 0.9986810223932195 0.4719496991711747 0.929117340559345 1.0963035343027974 101 102 5 100 
0.8614802133621507 1.4473417596744946 0.44330590676395804 1.034050110402185 0.36608567775863676 0.9145197642199194 1.0303080131654108 96 99 24 11 
0.7194463622278617 1.3264075034219296 0.3054000830093645 0.9439776251350406 0.41548429965618033 1.0260084656827981 1.1099465510319273 96 94 103 99 
0.7120259927692026 1.3961642035933777 0.32749666417656914 1.0667720667033578 0.5885383483253882 0.9624061272630413 1.1423835253963879 103 134 3 99 
0.7413001214330808 1.3407469743094385 0.3149264052242376 1.0360838892803055 0.510234410712776 1.072496869745541 1.155661102642873 104 102 101 105 
0.6193504952697507 1.2414569281883712 0.2952188119205409 0.9449182479225802 0.6072901001306362 1.1320168085798858 1.1818612848489838 106 111 134 103 
0.7640098690509581 1.3071549307575279 0.3156299535263064 1.0343656514040795 0.4358191820424635 1.1710258269490537 1.1541933061108596 94 159 106 103 
0.6434140887206217 1.2076107647588024 0.29606389428317464 0.9444667247141556 0.5167149953334643 1.233870252916654 1.1757515989151601 105 108 107 104 
0.7221629664367453 1.2809438965659157 0.29552000017755936 1.0018110317641558 0.5973960343595169 1.3038110051766396 1.1851800570286208 109 112 111 106 
0.6688553986643775 1.173720666248323 0.30452682830035627 0.9648519960892504 0.44399804892184513 1.3233034351140867 1.1603178205099318 109 106 159 88 
0.7606148981071468 1.2463413412896336 0.30581762790938727 1.0364989317071112 0.5147884696082088 1.394386638187611 1.1628260201143683 108 87 114 107 
0.720654454215892 1.3472897501156509 0.2880948792805259 1.0024921349767444 0.7872351401831585 1.2847090104122714 1.1969916306810848 112 117 130 111 
0.6915948853313811 1.314479071851993 0.29461654227488554 0.9989490745863043 0.7005700115134296 1.2021364837637116 1.1942196676120664 110 132 104 107 
0.7550979322468568 1.3122963789148394 0.28879416078652687 0.9991748826940986 0.680581143519031 1.3809958813709753 1.1870253189912336 107 114 113 110 
0.7539647311290784 1.3110695517956712 0.28908669972942513 0.9766441760130886 0.7627682260108714 1.4666126067167216 1.180330657746116 112 115 118 117 
0.7894027814481737 1.2712080673225845 0.30058557070720743 1.0297348352544777 0.5930886848654904 1.4662470433695243 1.1601253932780604 112 109 86 115 
0.7972551823836679 1.2787269218305155 0.29881775475753414 1.0099065112891672 0.674364070922238 1.5440450740088205 1.1496224334142267 114 85 120 113 
0.7216804658279193 1.3480554154463011 0.2869872579325844 0.9797786184668047 0.9360981253260383 1.4664139987870697 1.171476221740392 118 123 126 117 
0.7158559720994665 1.3415572351972116 0.2894050257625854 0.9801658143251868 0.8661359464981916 1.3764206770410712 1.1908975312271446 113 116 127 110 
0.7613653627286087 1.318753292591905 0.2861363051388885 0.9958399048335456 0.8311382403456732 1.5580672729004512 1.1600655106551006 113 120 119 116 
0.7116436447646712 1.2678377587827334 0.318916204356713 0.9893115953040794 0.88720873293306 1.6398449865782616 1.123158523095662 121 124 123 118 
0.8090582262164793 1.290329892908637 0.2943397905830779 1.024112305631773 0.737767695469403 1.632801439227061 1.1229327056024478 121 118 115 84 
0.7578922968096553 1.243761018973794 0.3250824868636268 1.019022373632878 0.7849953067764588 1.7107368747120044 1.0819201186247491 125 119 120 83 
0.6569085164678298 1.2728170204487774 0.34339261415558037 1.1068502181002267 1.0454604814181314 1.608426279526212 1.0684978109497938 123 124 57 54 
0.6749629260797292 1.295355282828211 0.3195458170770793 0.9620725720345313 0.9979173248862944 1.5460949808865236 1.1319209631032516 119 122 158 116 
0.6901253175473935 1.246315811967651 0.3438545897853438 1.0882387095279191 0.9339691926007752 1.7032904735874812 1.0652315238530317 122 119 125 59 
0.7312868709061681 1.2219608801395605 0.35182939365286614 1.1043425818280141 0.8232984181450937 1.7701093927396068 1.0266802953811738 124 121 82 160 
0.6722875874082532 1.3928778047612498 0.3012602601065233 1.0200739675209936 1.0417104646348871 1.361605027949141 1.1412826477412117 116 158 157 127 
0.6642625698679434 1.3834044671571366 0.3046238924938755 1.0000571193046282 0.9766424408835548 1.2746844074171213 1.1654721154184797 117 126 128 130 
0.6311088231765397 1.4087754207308052 0.32395634190018896 1.0594163133745662 1.0787565178852883 1.1626161084785447 1.0988880836247301 129 127 157 155 
0.6377884825649712 1.4153495434401684 0.3218925233675818 1.090456669152518 1.015950773141812 1.060179315050001 1.110037093411902 131 130 128 154 
0.6702876311748045 1.3907232103309637 0.3029801228338054 1.0290083958054106 0.905621142685616 1.1795664703595796 1.1743757150591085 127 129 132 110 
0.6248973329817434 1.4029108350415185 0.3253180764449477 1.1031457137362048 0.9271024648474168 0.9681424530062697 1.1207933425147807 135 133 132 129 
0.6501936250135475 1.366515709505265 0.3074354011544216 1.0341086076442596 0.8167056688096452 1.0920482041969144 1.1763979071270403 130 131 134 111 
0.552117099744388 1.3461793245577143 0.3304700764543842 1.0368251888181579 0.8057478429806704 0.8943714481811699 1.1254206538972114 3 134 131 136 
0.5809659652626509 1.2982840991185214 0.3082438817743351 0.9806428871882472 0.7076981417787724 1.0193622621561114 1.168406543491416 133 102 104 132 
0.7268588096205513 1.1922265824858127 0.21333141252860763 1.04971319695584 1.0211924216394312 0.8531783227994713 1.0397619451461009 154 137 136 131 
0.6686510118943445 1.134084907576516 0.21284120550229801 0.9610954491056615 0.9018726909966226 0.7820245254215464 1.0602633427454036 135 138 4 133 
0.7644298441072856 1.0980986488264564 0.14501275230324734 1.0637575327904965 1.0965906432219397 0.7592452025482048 0.9522277686334951 152 150 138 135 
0.7053306069851502 1.0506435816448425 0.1505504318149134 0.9830751856288672 0.9904109507384756 0.6879244603015082 0.9821207448536478 141 136 137 139 
0.6800945037773576 1.1034579830977578 0.1931853543823108 1.0554693253101668 1.0613770767126707 0.5988116306468183 0.893646669433285 138 150 40 140 
0.7572643638960781 1.1578287297545349 0.2003434651984096 1.094664684087523 0.9577037933751766 0.5350387882966383 0.9069347273959354 39 142 141 139 
0.7850178364134812 1.1143044640307698 0.16273076728276478 1.0342411356112964 0.8720811619682831 0.626934310817147 0.989338503106407 140 143 4 138 
0.7638563188759699 1.1619357129419756 0.2027469328383502 1.084591535646933 0.8462740670950141 0.47027690157482716 0.8931719693778989 144 143 140 38 
0.7977472059891835 1.1231063426025754 0.16805570291576893 1.0507657256800462 0.7636603299038446 0.5549888969151929 0.9622414134983615 142 145 163 141 
0.7133396938551736 1.1325791404602885 0.1877789818860714 1.0535621827510167 0.7292743738214198 0.40245512674996037 0.8540648958991657 146 145 142 37 
0.7570934535452003 1.0917794693096086 0.15012317083448876 1.0400888656793397 0.6633735792618364 0.47238562118762084 0.9094823203139146 143 144 147 25 
0.6240492266393178 1.0896174640443843 0.15687192892583104 1.0196897171220791 0.6145224503589124 0.33758151723079216 0.7978870252657972 147 144 36 148 
0.6822256076104722 1.0404322455635235 0.11112595440571671 1.01851669986129 0.5597436192821956 0.40090908799500624 0.8500020184963294 26 145 146 149 
0.69825691052891 1.116058880815866 0.1864452405611609 1.1402092414700253 0.5055698226230467 0.27534137302437944 0.7313343786895194 149 146 35 33 
0.7521311774317542 1.0736289203819376 0.1471563096412185 1.1489042602958053 0.46358951397524323 0.3335240653200049 0.7853570076087825 147 148 32 28 
0.7380518874838389 1.1519154648954393 0.1888122493887868 1.141586771960229 1.1584054609089514 0.6711242420547662 0.8594270364276682 137 151 41 139 
0.8719432057884434 1.2823522458213525 0.15219330932223205 1.258055966431454 1.2470267844476228 0.7516803857924093 0.8138504351133147 150 152 156 42 
0.9004703169743197 1.2289228177354607 0.107021081808967 1.1859019702266171 1.1850553407553983 0.8442944777168496 0.9146599832181072 137 154 153 151 
0.8740301269496562 1.2041249029237135 0.11671390690974873 1.0969408407152879 1.2601854712103582 0.9378898784228105 0.8790723514053679 156 152 155 47 
0.8304940103951161 1.2996384174410014 0.18783021662002697 1.148169637164507 1.1098004452868375 0.9452813835556987 1.0158614988140398 152 135 129 155 
0.8089890229162053 1.2732666022364167 0.1932047667755981 1.0765199129216008 1.1750177418696424 1.0508534131647853 0.996439683553535 154 128 48 153 
0.8446667744257325 1.2506320628155567 0.15953523179862847 1.1365555568991803 1.3289855257857737 0.8373895984025179 0.7676408541872488 153 162 43 151 
0.6436454576930462 1.4233401793987215 0.31868202242888044 1.07900166504503 1.1388411762050787 1.25151532328979 1.0690219425945284 126 51 48 128 
0.6314998771956367 1.3409133466307928 0.33087937174405113 1.0060513663785546 1.1013969397166898 1.4356329237529983 1.0941909695022076 123 54 51 126 
0.7969735936337365 1.269624728839508 0.32609125869315053 1.0456051921815623 0.3744660698403813 1.2564953723805647 1.1460559550969962 105 92 89 108 
0.5124500874294661 1.0716899907063513 0.7023551711414651 1.0350180868322258 0.8550970252069264 1.8074757401321904 0.9623300098211895 59 125 81 62 
0.47162813471016535 1.071713163917434 0.7951160068061086 1.016593612866904 1.0174428955961488 1.7457192980496783 0.737767071644263 1 61 64 72 
0.8252932073954785 1.224556703535116 0.16699250604449745 1.042633723096333 1.4050600728314318 0.9273322278939176 0.7243999465580506 46 44 156 47 
0.7072165215552412 1.163455606475625 0.20158568829765938 1.007696477124361 0.6520181683561934 0.647009258265889 1.0119539844024659 25 21 4 143 
0.9325976960505901 1.3608776468921062 0.4841890902451456 0.8442855481695684 0.18059842024849454 1.0410106388521374 0.8882868085280574 98 10 6 
0.8128240585371236 1.089135775212958 0.15048978398675847 1.0390358740166004 1.4314426516281316 1.118286041047065 0.7355083897673017 46 166 9 
0.8001015300809192 1.0876868503933246 0.16418750571304372 1.0098120853249455 1.3696258744798446 1.1159693808765594 0.8135366969954287 49 9 165 47 
