5 6 9 16 17 18 19 20 21 22 23 24 25 26 27 31 32 33 34 35 36 37 38 39 40 41 42 43 44 45 46 50 51 52 53 54 55 56 57 58 59 60 63 65 66 67 68 69 70 71 72 73 74 75 76 77 82 83 84 85 86 87 88 89 90 91 92 93 94 96 98 99 100 101 102 103 104 105 106 107 108 109 110 111 112 113 114 117 119 120 121 122 123 124 125 126 127 128 129 130 131 132 133 134 135 136 137 142 143 144 145 146 147 148 149 150 151 152 153 154 155 156 157 158 161 162 163 164 165 166 167 168 169 170 171 172 173 174 175 176 177 178 179 180 182 186 187 188 189 190 191 192 193 194 195 196 197 198 199 200 201 202 203 204 205 206 207 208 209 213 214 215 216 217 218 219 220 221 222 223 224 225 226 227 228 229 230 231 232 233 234 235 236 237 239 242 243 244 245 246 247 248 249 250 251 252 253 254 255 256 257 258 259 260 261 262 263 264 265 266 267 268 270 272 273 274 275 276 277 278 279 280 281 282 283 284 285 286 287 288 289 290 291 292 293 294 295 297 299 301 302 303 304 305 306 307 308 309 310 311 312 313 314 315 316 317 318 319 320 321 322 323 324 325 326 327 328 332 334 335 336 337 338 339 340 341 342 343 344 345 346 347 348 349 350 351 352 353 354 355 356 357 358 359 360 361 364 366 367 368 369 370 371 372 373 374 375 376 377 378 379 380 381 382 383 384 385 386 387 388 389 390 391 395 398 399 401 402 404 405 406 407 408 409 410 411 412 413 414 415 416 417 
4.911414519484331 0.6169449879413943 0.0449949359639987 1.2770927973588535 5.870359983424991 -0.12055253126788892 -0.39889597427948453 2 18 1 
4.824496045376818 0.4669041810570945 0.03336201887122092 1.2816605148621663 5.936832894523031 0.010327623736997159 -0.410443794844488 15 0 16 
4.939545020112372 0.6550311899098102 0.04267166915698219 1.278177979520425 5.788647705847824 -0.23645624519210703 -0.36421516146761435 0 3 19 
4.958590856465392 0.6765412667604087 0.035069139886060294 1.2781616769302524 5.688351232084736 -0.33607517842732604 -0.31697954511348825 2 4 6 
5.000287057178839 0.7109751232089834 0.019300939228580904 1.2786657549459892 5.569902312484185 -0.4087795187801021 -0.2754988335031573 7 5 3 
4.990705192863439 0.7093751837230509 0.0076296211093658745 1.2768550579125217 5.511637647248706 -0.3786140174018204 -0.45858964699391824 9 23 6 4 
4.951830037727462 0.6748625428494681 0.025710489205150355 1.2766359964497127 5.631824932130633 -0.2968524789994845 -0.5043758623842824 5 22 19 3 
4.997158089691464 0.7091640628936151 0.01620391597247274 1.2772530908195743 5.431742560563214 -0.4520753427771469 -0.24933068825493035 8 9 4 
4.988919619157045 0.7069786570412312 0.01671551464061891 1.2779844791830377 5.296686109181577 -0.4626297054718278 -0.23718322363814023 10 7 
4.987882153793785 0.7103256109995153 0.0003806883002269813 1.2756349327042376 5.373667045047981 -0.42388218441101 -0.4275330796667786 7 10 26 5 
4.9768590323813315 0.7101282442267175 -0.0030243983566477796 1.2772792287146704 5.234345712042236 -0.4330778364239333 -0.38815365497328636 11 9 8 
4.960336300059696 0.7096488140258983 -0.008855263923247028 1.2783051387034636 5.161284055314568 -0.3771328981444957 -0.541152153317831 28 26 10 
4.775318561253885 0.270695163582687 -0.00790927674650128 1.3046916602807195 6.017500555370469 0.5507873893818456 -0.19958417916518922 13 30 
4.775128796676702 0.28890831803132 -0.0017229854187389637 1.3031060878787553 6.030106174779766 0.4296104032092416 -0.2821713556723971 12 14 31 
4.7829700035573 0.3440207924490379 0.016596385593835236 1.297069168641938 6.019260516142512 0.2905816063670752 -0.3519257425528711 15 32 13 
4.801248472862083 0.4124866000342103 0.027564101526941 1.2881502345172984 5.987833444663252 0.1509889205261831 -0.3975401648046322 1 17 14 
4.820799956644489 0.4677265847679436 0.022875019088324546 1.280233586340693 5.872382776034527 0.07430570644377743 -0.5969416862505852 1 18 36 17 
4.797561414010547 0.4143610737640599 0.01616011661138761 1.2868595035913284 5.924192119331784 0.2171111107889358 -0.5748714759098403 35 32 15 16 
4.908063821041975 0.6195476050730346 0.03362901525706842 1.2754806192394146 5.80682695349034 -0.06049364652546897 -0.5915200085627068 0 19 21 16 
4.935361408380156 0.6558755571535876 0.032340334405676296 1.2766769088146912 5.729055836157008 -0.18667456860141685 -0.555856927154596 18 2 6 20 
4.934543995381297 0.6565432060053715 0.030247944639191834 1.2764006661044114 5.651635926679867 -0.11464153783748829 -0.7305474165792365 22 39 21 19 
4.908174280990587 0.623240298284924 0.029930012657776558 1.2750222274167493 5.72525474471301 0.022542736569415595 -0.7657989870817674 36 18 20 37 
4.945694207617948 0.6705136418345641 0.024948756262005718 1.2762893448101522 5.558199954953151 -0.23578403137661547 -0.6776488408082919 23 25 20 6 
4.980126812760825 0.7045627493766997 0.006934335766571598 1.276777279772277 5.439691239682174 -0.3222897016022482 -0.6323018832363236 5 26 24 22 
4.948386584134989 0.7095582437314935 -0.017367416403361167 1.2774688208920078 5.3584167310222695 -0.24287541976056565 -0.7893326799833741 42 25 23 27 
4.914787926709847 0.6739266043119089 -0.0028624515385401107 1.2751494081557913 5.473345506974699 -0.15933728065178127 -0.8281607347625891 24 40 39 22 
4.974412439897787 0.7076754292607889 -0.0031954685241212958 1.2758765496247577 5.302213454347399 -0.3687113382861755 -0.5948888949132153 27 23 9 11 
4.944783243910683 0.7167223517194027 -0.02663461585935946 1.2783375465177107 5.224330201127911 -0.2896796606950897 -0.7466077415040911 28 43 24 26 
4.9278497093383775 0.7210907815422924 -0.03156862117174547 1.2826780198353889 5.086084395932298 -0.298960445253863 -0.6808278245499808 11 29 27 
4.889920156384059 0.7383433923890897 -0.05388298545081401 1.2892844042180402 5.009321156946891 -0.20359800087475652 -0.8046914282583735 47 43 28 
4.772029490233981 0.27534950737554853 -0.02423249171896882 1.3022290541952435 5.973193442021948 0.6099598982890898 -0.33656515306929236 12 31 49 
4.771129674631144 0.2941862613848693 -0.01841237589659277 1.3007346383007126 5.976288467038412 0.494311390556463 -0.438786881092852 30 13 32 34 
4.778804375998744 0.3486742758813121 0.0013451773692917553 1.2950880888730527 5.959211328365613 0.3601657557884379 -0.5223691510960434 17 33 31 14 
4.773431779210737 0.35377221434979195 -0.011849868506610609 1.293405956339615 5.8766111247531345 0.4525420587658723 -0.6817284093987508 34 32 35 52 
4.7633728728743945 0.3018450236717492 -0.037669799356036864 1.2986273166445574 5.90125050231058 0.5817193368356276 -0.5869147164942168 51 49 31 33 
4.794114396832605 0.4155454028926265 0.007806256960672528 1.28554392843844 5.838807366437099 0.3088665910609455 -0.7402721566283842 36 53 33 17 
4.8181625983452925 0.4682294110582578 0.016414499595613627 1.278862888895246 5.78754622140561 0.16335717636941263 -0.7682998481585132 35 16 21 38 
4.889046496222248 0.6380394412867268 0.0026904769017046517 1.2747416226483765 5.625289941505484 0.11978482920081684 -0.9181049988133314 39 57 38 21 
4.800081130180225 0.47698996910711244 -0.007860396597068806 1.2779231127724149 5.681596901561328 0.2711614319694884 -0.9207739151734159 37 56 53 36 
4.911512419153553 0.6661852626707593 0.001966313832374656 1.275360293695101 5.560856636882175 -0.031319335048372574 -0.8787888601036444 25 41 37 20 
4.868907636543991 0.6822735236766659 -0.03455556611865986 1.277283939486031 5.384793082596799 -0.07496482918054169 -0.9533357311851359 41 25 42 45 
4.874638634893819 0.6748383352647503 -0.025810118525840472 1.2769249626272836 5.454046514300124 0.03759156151148951 -0.9957850287364737 40 45 57 39 
4.908334515974482 0.7207385009107482 -0.043156912428173246 1.2809461888140485 5.276460314585384 -0.14095267676745743 -0.9297705351992473 43 44 40 24 
4.909831332418569 0.7325195672228572 -0.05139668335872854 1.2828964112033452 5.146468687184038 -0.18990681782766472 -0.8830470845888126 42 27 29 46 
4.873379305611764 0.7217165241457116 -0.05388304669388287 1.2839434174152986 5.210279677496642 -0.011346001192562412 -1.0559789061321219 46 59 45 42 
4.817056553750947 0.6799028381987152 -0.056421471715127354 1.2802466846167457 5.336273003519094 0.04334112855543823 -1.0566127814297228 41 40 44 58 
4.8805285770135205 0.7395300017774878 -0.062484152058310524 1.2858898460572386 5.072866536176897 -0.07149965052406082 -1.0073262071273499 60 44 43 47 
4.858284907819883 0.7458756439870531 -0.06288754347787377 1.293159020046275 4.929337970850311 -0.09552662913549426 -0.9144745347877601 46 29 61 
4.7385342440224685 0.2752812438607969 -0.11243580472552822 1.3010240339241756 5.82771775625673 0.8661360356541834 -0.4456899860748951 50 64 
4.76357581590779 0.2807071034926866 -0.048633920030659895 1.3000526009540543 5.909090081457805 0.6910794752591328 -0.46951969000975047 34 50 30 
4.737798974296779 0.2970401047433298 -0.09074298617109663 1.29994385308997 5.8251286790088415 0.7936897699404291 -0.5829963420183384 65 48 49 51 
4.740316156253567 0.3230585263899866 -0.07084306552595669 1.2976852173161286 5.80633126028352 0.6927049272032199 -0.7141931382428445 50 34 52 66 
4.7537915711096055 0.371128958222562 -0.0400409301537364 1.292348534115522 5.774831833610231 0.5675883790748335 -0.8174324434974084 51 33 53 55 
4.776489078301746 0.4271322411535627 -0.017241577035767654 1.2845057014749646 5.7334871855456955 0.42256265485103317 -0.8857386292470096 35 38 54 52 
4.7536909068478845 0.4401820131522262 -0.04005887245560223 1.2844982428712095 5.612546980044953 0.5538834858837356 -1.0039780302250807 55 53 56 69 
4.7294218254395215 0.3885688411322275 -0.06467119282613593 1.2926881389333795 5.658577233312135 0.6997448635396722 -0.9228570035986652 67 66 52 54 
4.777132208317754 0.48576928633743466 -0.02887873825051207 1.27828484139934 5.549760384686875 0.3919277023207939 -1.0547081766649429 38 57 70 54 
4.859377319387176 0.6525466056956525 -0.022868425131224477 1.27669940403523 5.494693060886158 0.21072408976122187 -1.0504241040931932 41 58 56 37 
4.794672084060035 0.6547060507204395 -0.054754680782935716 1.2800850878367038 5.328123871072018 0.21778669276025434 -1.1402451650069416 59 73 57 45 
4.849460955192491 0.7029183520610076 -0.0503670159119092 1.2840688204873734 5.155964743418884 0.1409841949234847 -1.1630888152878363 58 44 60 75 
4.858458352559097 0.7294777751350096 -0.06047143600563471 1.2858721111108922 5.003865708467829 0.061227054368405115 -1.1182541335810883 63 59 46 61 
4.834547828575138 0.7376990774752095 -0.06104040356328272 1.292517767760747 4.8602489852130955 0.016074774645826725 -1.0180859271294935 47 62 60 
4.82568267649347 0.7040224040712619 -0.047561609090294873 1.2884268797785274 4.798362166910071 0.1278801821093257 -1.1124816133137543 78 63 61 
4.849571248150783 0.691466509532423 -0.045503523834845516 1.2838347584639462 4.929901091643096 0.20166341019404208 -1.2101361754579354 62 77 75 60 
4.710796118908968 0.2959263412036435 -0.14663747098202823 1.3010678023596445 5.740748210783097 0.9704936708212546 -0.5277907543213638 65 83 48 
4.709594246195142 0.31539935608588165 -0.12295460877227596 1.3012409539565153 5.72247538840829 0.9116720158759212 -0.6772296624269682 85 64 50 66 
4.713665312655322 0.34315567927273666 -0.09737570403561185 1.2988562605566518 5.694259537915764 0.8209425578599424 -0.8132082185742231 55 68 65 51 
4.673951607352646 0.4246734216674201 -0.1016191324331236 1.2976661467804778 5.53066820124935 0.8409039923574404 -0.9967097795385791 55 69 88 68 
4.6581653806958885 0.38118449229179635 -0.13321187365106812 1.305278286913612 5.570415891883268 0.9569221772759364 -0.8793108485118665 67 87 85 66 
4.696690716500821 0.47497999886972414 -0.07802031426901278 1.288413049386566 5.478694594882706 0.6991010334033804 -1.091361005647489 70 72 67 54 
4.721307751972736 0.5197475724657945 -0.06460628320050424 1.2818257143012668 5.400621745060059 0.542621883744681 -1.161553701419872 56 73 71 69 
4.6780950755488035 0.54073372766565 -0.08149100637838183 1.2861986799532714 5.24253989633222 0.7182295896114111 -1.2310538710141334 74 91 72 70 
4.6520642502830825 0.49354651927125437 -0.09807168335774064 1.293759186335589 5.330604596003408 0.8551809978220848 -1.147523411564317 89 88 69 71 
4.793835759308293 0.5970420275657929 -0.04013597483747915 1.2783354458725444 5.259389351451505 0.40760803148526115 -1.2202140146241833 70 58 75 74 
4.7416999147511385 0.6221819206279553 -0.05806489766782759 1.281321332283876 5.119355946801501 0.5859397676272977 -1.289100113471575 76 92 71 73 
4.839145337661769 0.6550085851553357 -0.0364193622501049 1.2820643260446498 5.082303171978405 0.30142765414996203 -1.2484008449470414 63 76 73 59 
4.780619328272041 0.6834933329651997 -0.05195406834378769 1.284930653468758 4.975598466171823 0.4624359441581044 -1.3112556640923283 74 75 77 93 
4.787953330842175 0.7204251033640641 -0.0576846632004745 1.286928113062888 4.839120521571957 0.3444851344117793 -1.278838770024821 76 63 78 94 
4.763520750014589 0.7343082409209835 -0.058791113582167875 1.2911356132160867 4.720538093286245 0.24354109077909508 -1.1856628475095836 79 77 62 
4.6900366733882946 0.7523031025547162 -0.05655749848850092 1.299034459147712 4.626134347109378 0.36227250845543196 -1.2413017247295746 95 94 78 
4.648417638884077 0.3184381243923921 -0.22173236004855612 1.3122451873474796 5.653145335181599 1.1083928600873396 -0.4462205165586388 83 82 
4.5995605100532915 0.3425052822185414 -0.2668500660051836 1.3216879893911975 5.575764647359307 1.1987194330652626 -0.33296256485273745 82 97 
4.600704526009194 0.3489948097849004 -0.25077980598924865 1.3186690977422928 5.544391033283386 1.2242458416808542 -0.47418236822053117 80 84 98 81 
4.650968713601822 0.33145553849645937 -0.19448250915639329 1.3096140172071766 5.631926559635836 1.091417484988825 -0.5913001661084603 85 84 80 64 
4.602834460363892 0.3603459317627516 -0.21985044627836983 1.3172910756828353 5.510788873800996 1.2158077360453703 -0.6245353755098173 86 99 82 83 
4.652955097084094 0.35328880830361287 -0.1616283956973069 1.3083143254437728 5.604332153371259 1.040766876993277 -0.7416295013912308 65 68 86 83 
4.6065484068304405 0.37973253637400906 -0.18390087531874375 1.3160900466929482 5.475552781002041 1.1721605925619967 -0.7743999620250703 85 87 100 84 
4.613144673302369 0.4057208613207503 -0.1544334598676007 1.3121742951380924 5.436543986794739 1.094103733997825 -0.9153108283688944 88 101 86 68 
4.629412927502131 0.44581368325754456 -0.12298742258465704 1.3036533384707176 5.390708761318894 0.9857349505592473 -1.0413096566798645 67 72 90 87 
4.60573209699284 0.5077092479615016 -0.11136345108989419 1.3003160752207021 5.1691965061843135 1.0133534029185016 -1.171881960738126 91 105 90 72 
4.584929671996684 0.46277428821558936 -0.1372482859467486 1.3102901449448523 5.238489213668387 1.1318875093842777 -1.0568154938118872 104 101 88 89 
4.62973773187878 0.5564117098536905 -0.09215290890320776 1.2922593700368292 5.0760930994611435 0.887482720423489 -1.2625955294157043 89 71 92 108 
4.681465036558958 0.6366680334149809 -0.0683574707767763 1.28666514689484 4.963793526502872 0.7546019707681685 -1.3236999218322836 93 110 91 74 
4.7144807144584 0.7023248180055001 -0.05806399651288676 1.2905950398085633 4.843456299278576 0.6193817781294805 -1.3483392894383108 94 112 92 76 
4.718782696546361 0.7418233427363751 -0.059789766502815055 1.2934348992834819 4.727860483298244 0.4858004074385322 -1.3237789190373945 77 79 96 93 
4.622804981134926 0.7591401066547823 -0.048535312000694 1.3062691978436505 4.517931868850567 0.47597863825198067 -1.276716518163757 115 96 79 
4.650135302621543 0.7525525222367847 -0.054400225806899634 1.3007728819385065 4.599608429514944 0.6169082255373799 -1.3442054840208952 94 95 114 112 
4.560189604007374 0.3707273046840642 -0.27993521695054985 1.3252791776222275 5.466944694093662 1.3095873703704228 -0.33509532268360853 98 119 81 
4.557479011635487 0.3763927666754596 -0.26555209647011957 1.3244985736023325 5.423861381256208 1.3396812450950322 -0.47780694987622774 99 120 97 82 
4.558256951334298 0.38560704433027293 -0.23416683371217953 1.3245296183444446 5.380704027830474 1.3374629766258537 -0.6292230777724963 100 121 98 84 
4.5623351037822095 0.4024929484127939 -0.1982181351870976 1.3233080116419387 5.337888701437654 1.3004707241653723 -0.7794201565481248 101 103 99 86 
4.569260871536421 0.42628316131827354 -0.16853721830727783 1.3189484777134644 5.292381567818495 1.2301860486947893 -0.9236768914277735 100 87 90 102 
4.522221803468165 0.44689445102390135 -0.17687240852559966 1.3251754153339776 5.138025093245017 1.363309753650378 -0.9044232228476788 126 103 101 104 
4.514878576402719 0.425935877219556 -0.2061148289418364 1.329827119746431 5.19183540791852 1.4246558228818387 -0.7561276276717738 125 121 100 102 
4.536815574897358 0.4792131576774964 -0.14603481559117723 1.3169496939817735 5.074815230955455 1.274210845174845 -1.0445487606754493 90 105 107 102 
4.554811703764553 0.5202608919271993 -0.1196258468641514 1.307483027256178 4.997304906229094 1.1639865360488133 -1.1666261311394903 106 104 89 108 
4.505228678769109 0.5283654224502431 -0.12372752776607379 1.3138326419574688 4.816094206863295 1.3033604436680826 -1.1341240525589102 109 130 107 105 
4.49078367613198 0.4916242873894167 -0.15023886907325276 1.3224667326290351 4.900223692831078 1.408742631674808 -1.0052879439316702 129 126 104 106 
4.57622127446032 0.5683919394861333 -0.09770411623923705 1.2993428791076296 4.903505426278726 1.040741908459219 -1.2629346352559856 105 91 110 109 
4.524249126126537 0.5748909054450119 -0.09931671801707448 1.30564940598407 4.724359651714299 1.1783205474789837 -1.2373081688516128 111 131 106 108 
4.617980076996264 0.6441123945936245 -0.0719770684579838 1.2938052976637402 4.7999235203874315 0.9044377706738246 -1.3290874094567513 92 112 111 108 
4.558650569683647 0.6451945911051642 -0.07112026652191945 1.3005211755360924 4.630004747809611 1.036864723438438 -1.310065073248078 109 110 113 132 
4.64664718658039 0.7115121412622982 -0.056833556252557746 1.2976139138591591 4.695680959896412 0.7621303410026347 -1.3592955176173063 93 96 113 110 
4.585109793236721 0.7124277217884215 -0.051636572083157896 1.3036521778890533 4.538706185974809 0.8883555986059635 -1.346933155090099 114 135 111 112 
4.589484102272068 0.7541369044703382 -0.045677299166656346 1.3064940025994118 4.4601177439572455 0.7336168031360628 -1.3418768959994025 96 115 117 113 
4.566178605185758 0.7591441509424699 -0.03894632807334371 1.3109707190511142 4.39821953905359 0.5773874482294159 -1.2888231958487886 95 116 114 
4.5042483103958455 0.7562437670111346 -0.02438510212146684 1.316393506626455 4.269873528785979 0.6639577982363645 -1.279888561805465 138 117 115 
4.525131089986088 0.7540389222479603 -0.03211087491457582 1.3123836408133331 4.314052363468811 0.8361659198492977 -1.3195400125459378 114 116 137 135 
4.503052634517317 0.4051706376514091 -0.3350076994032948 1.3333183638619315 5.3950200150263665 1.3569117761682619 -0.19049382857273345 119 141 
4.508950841587974 0.40036757650719335 -0.2928715688743522 1.3329168077841373 5.345623316927242 1.4170760601409094 -0.31571107452760927 120 123 118 97 
4.507840226191206 0.4050683287043555 -0.27224213451836965 1.3316285561516206 5.294074616589916 1.4507348709024777 -0.45631834684277217 122 119 98 121 
4.509875032120066 0.4119765655071375 -0.24045409578637822 1.3315324387203011 5.242504559357364 1.454385305684874 -0.6054951433238203 124 120 99 103 
4.4657581769896 0.4269081292012708 -0.27342805779515766 1.3368868452675282 5.156850768230839 1.5532377720026624 -0.40793648712376657 124 144 123 120 
4.467723640954696 0.42387966657566983 -0.29752327609818563 1.3372322218423411 5.21850816102963 1.513474546176891 -0.26987137814610795 143 141 119 122 
4.467549668302257 0.43255525464334005 -0.2416636210692882 1.3365690422744796 5.096895035777868 1.5630488292010156 -0.5549899027321282 121 125 145 122 
4.471950441475299 0.4446010195697966 -0.20914122986221387 1.3344542871649674 5.037938034558151 1.5411762157634417 -0.7066193640527186 103 126 128 124 
4.478425871837089 0.46318708778250767 -0.1804315254712774 1.3298630086761074 4.973689790206793 1.4893977494832544 -0.8591284523408946 107 127 125 102 
4.429919626057098 0.4791466541342353 -0.17823049424850643 1.3337525574001228 4.799551652601412 1.6025143963413526 -0.7906909255016861 126 129 148 128 
4.424517165620562 0.46288765268614396 -0.20622652103584252 1.338251810913834 4.875769921093541 1.6447477658711656 -0.6353469160860892 125 127 146 145 
4.43970256127889 0.5037222351592671 -0.14894831807949938 1.327306692595067 4.715540752560081 1.529627475628109 -0.941539550001878 149 127 107 130 
4.450378297006024 0.53592940998257 -0.12263184903060281 1.3197101674402787 4.626908613927455 1.4274419159001075 -1.076848066809472 131 150 129 106 
4.46716108542971 0.5806171622284437 -0.09558782428002428 1.3117637481028188 4.539273588647891 1.301928629100416 -1.187406608750291 132 134 130 109 
4.495940590048187 0.6461071793020519 -0.06454880882108821 1.3073701755302125 4.454677904601854 1.1578259705507536 -1.267938060186515 111 135 133 131 
4.43505893625789 0.6430645120719279 -0.053373521040965294 1.3140921589203844 4.2737996116182355 1.2651372619409869 -1.2029415959911787 136 154 134 132 
4.411163744488105 0.5815126289714837 -0.08754845301388396 1.3177571277348952 4.348077573184934 1.40862164581498 -1.1133347237118325 153 150 131 133 
4.520785269697867 0.7129414440450873 -0.041086443279662974 1.3098969952244586 4.376092840895966 1.0023961599848887 -1.3135861515764198 117 136 132 113 
4.457147893198951 0.7095645697366932 -0.025763724257676396 1.3162297606043596 4.209581692495838 1.1032077856972538 -1.2601854337285987 137 155 133 135 
4.460048715171162 0.7495452942544942 -0.013939037075139497 1.3183846240136006 4.16411684532326 0.9262229473187206 -1.2792461233316523 136 117 138 156 
4.441070571429133 0.748264791986772 -0.00546132995304835 1.3222089539371709 4.13675415378255 0.7433103433159516 -1.2549185472274207 139 137 116 
4.391431079367212 0.7382077781301772 0.012358368319689046 1.326336998305293 4.004003338794539 0.8181069279403911 -1.2170416284247096 138 159 156 
4.394807172168708 0.4745097360377147 -0.37042833273787834 1.345525678251847 5.225335960475197 1.4362105975263262 0.022625950594614204 142 161 
4.464255971333654 0.42943349047942847 -0.3329757617160404 1.3365831253624445 5.280875077704941 1.447811271498319 -0.14752762091780064 118 123 142 
4.413002259259699 0.4546419075119675 -0.3290838115942494 1.3432631956165841 5.1576736652936646 1.526898207808354 -0.08057427884554397 140 141 143 162 
4.419547311835655 0.44716112491793203 -0.29298215290313806 1.3424214843729598 5.085719851408878 1.5970167375488897 -0.20211652544233394 123 144 163 142 
4.41897398806683 0.44806646083336005 -0.26711397228300143 1.3419464754554016 5.012819794587331 1.642734375214242 -0.3373089789025531 145 166 143 122 
4.420882323382815 0.4524757367228357 -0.2366216083394031 1.3409745905881747 4.943765836971591 1.6586412868012146 -0.48294521810943125 144 124 128 147 
4.378625120931167 0.4757822902085718 -0.19931434697110628 1.3419646851797702 4.704562084014483 1.7297215225443425 -0.5477670268210555 128 148 169 147 
4.375918873480094 0.4669732830647949 -0.22794779355375128 1.345135974622022 4.784365891830817 1.7358812591019883 -0.395912654357404 145 146 168 166 
4.382747029979546 0.48973955183914825 -0.1717357379582401 1.337723827534636 4.615644932839784 1.6951305897262485 -0.7042681576108825 149 172 146 127 
4.389791343691571 0.5106612019174601 -0.1434234995628487 1.3321382636099932 4.5236956489783795 1.628000804017772 -0.8579181410627896 129 150 152 148 
4.396637977971502 0.5384218935105332 -0.11761823139767569 1.3253941153041824 4.432946002174484 1.5303711154225084 -0.9972021645414779 130 134 151 149 
4.351137102474227 0.5337085541919266 -0.1110932605939939 1.3313379322123762 4.2324081123594794 1.6050706036813598 -0.8985321239573697 153 175 152 150 
4.346590589685421 0.5106359751549701 -0.13553407898022654 1.3374922229097181 4.32697602830408 1.6969230685318508 -0.759572664126713 151 174 172 149 
4.3648889155143165 0.5750733859720057 -0.07804946505758702 1.3239866219875973 4.1472925160981635 1.4896008129477583 -1.0172389052722783 154 176 151 134 
4.385191501692818 0.6328661683732019 -0.04123266299467241 1.3206647720277036 4.081849355888312 1.3508467598242384 -1.114989173358549 155 177 153 133 
4.404127836227095 0.6985867833152672 -0.009764655592044378 1.3221731570561757 4.035863497601481 1.1878114745831143 -1.1862072186557533 136 156 158 154 
4.40614527525223 0.7382571269253836 0.004381875004091015 1.3235279384257 4.011011311131465 1.0057527604630512 -1.2220409861888757 139 157 155 137 
4.3502916836354 0.7212108420724436 0.02803925100773108 1.3296879080625343 3.8530759968978687 1.0658446844823586 -1.1489337126339036 159 180 158 156 
4.350469383549304 0.6815887434116543 0.011306578097886221 1.3293191455996014 3.8526504535138297 1.244131836665241 -1.0938232239650068 157 178 177 155 
4.33769179773787 0.7226436993799715 0.03620473866547383 1.3317453224226417 3.870109696857999 0.881193265127966 -1.165340437257297 181 157 139 
4.345396582286052 0.49599446042402223 -0.36211739146007765 1.3529130356579895 5.185879504439678 1.3886158689925703 0.16739449554253513 161 185 
4.347609770205444 0.4941662572533394 -0.35534808156123465 1.3508436821652812 5.110021556328316 1.5002353974895963 0.0928441383825051 186 160 140 162 
4.365431658259624 0.4741602154548888 -0.3175534310113627 1.3485101231353964 5.029887476566203 1.5921724316716706 -0.005047830242193439 163 165 161 142 
4.373516492404486 0.46454348643850235 -0.2825505335084537 1.3475827884340752 4.946714801408113 1.6654126547224304 -0.12233053962132602 166 164 162 143 
4.329333856439348 0.47562815033771116 -0.26723980095986133 1.3528825869150316 4.800602368144663 1.7161139798886629 -0.031976832043375564 190 165 163 167 
4.320150670977667 0.4861906520557176 -0.29891208212398684 1.3539927766219277 4.894482085483648 1.642492452051786 0.08132369883406007 189 186 162 164 
4.374124190294404 0.4636290124809861 -0.2565947526212814 1.3468452792996064 4.863565603288009 1.7144682980068902 -0.2531962617387379 144 147 167 163 
4.331475794257713 0.47337336410336767 -0.243120693653179 1.3516435941181155 4.70914389671699 1.7658793115492135 -0.16008045822268913 191 164 166 168 
4.334105303026093 0.47532902115425485 -0.21695673510658595 1.3493585361749754 4.619675040014965 1.7907547930043146 -0.30083705907833563 147 169 171 167 
4.33692918515755 0.48187434995306366 -0.19004860327182757 1.3462513220217265 4.526859936735276 1.7896452118690316 -0.4520301039321117 168 146 172 170 
4.29203067914939 0.48211223957985166 -0.17349720305453337 1.352768791800311 4.347509496571355 1.8222206929175477 -0.35235092705393106 169 173 195 171 
4.288268643536144 0.47795404433834854 -0.19891500798726994 1.3553063525017581 4.448834640435101 1.8222320108298444 -0.20187741223677425 191 168 170 194 
4.340981096976522 0.4932078632302579 -0.16266309639314785 1.3424940322497458 4.426309852969128 1.759507223443313 -0.6073627142048378 148 152 173 169 
4.297265277106826 0.4914455797146392 -0.14564521663987745 1.3493580615443335 4.24078444056806 1.7930993241567261 -0.5047237474350219 170 172 174 198 
4.302418039196582 0.506658197853685 -0.11931652637243748 1.3443085352358715 4.132814854190787 1.7333729100381423 -0.6511026792632493 175 200 173 152 
4.304993568838172 0.5248940798051458 -0.09749056631554197 1.3387190989594455 4.026051061760159 1.6460381117559597 -0.7830953421066056 151 176 202 174 
4.31933037491002 0.5642203090728737 -0.06250784801352549 1.3316904208217573 3.9359768498920524 1.5353969930895501 -0.9008812534153274 153 177 204 175 
4.336224497205527 0.6175277600115386 -0.02404443732979222 1.3285819748528584 3.8782033278698735 1.402292322865464 -1.006862800196144 158 179 176 154 
4.288232222864753 0.6550251924601933 0.04121220545630631 1.3386582488998802 3.668887106243318 1.2616763868733636 -0.9912589314115934 179 158 180 207 
4.279225412562552 0.5939042144663674 0.0026221351866590956 1.3389885691171626 3.6754481654153643 1.411467753567083 -0.8880561532932019 178 205 204 177 
4.285311164422141 0.6939031405508079 0.06045529618159752 1.3379191197683524 3.6922187558772253 1.0967511103270235 -1.063831117954546 181 182 178 157 
4.273667002755291 0.6955527978121268 0.06899664786596647 1.3394727056369364 3.734373281491289 0.9235422688780629 -1.1019368871175648 159 183 180 
4.189993689761069 0.6438554411158423 0.11387403875175328 1.3521564590881117 3.5352800402653726 1.0925155885976108 -0.9738936237681949 208 207 180 183 
4.179824630414661 0.6443783327801538 0.12193037376926191 1.3535924357317917 3.595612879712011 0.9304964959205548 -1.0293974601028135 210 182 181 
4.239444992092353 0.5290850509568679 -0.31700846167101027 1.364370848568357 5.042433362553137 1.3560761109315733 0.39400902363991835 187 213 
4.301494483266111 0.5082023114017892 -0.337646019008172 1.3570951055730283 5.075251502845737 1.441308238248098 0.24630256620452073 160 186 187 
4.303179241831473 0.5049827724648398 -0.33109274718954307 1.3561824747177285 4.986907160437908 1.5494232202347906 0.17586517977548277 188 185 161 165 
4.252395655156068 0.5146937687634239 -0.3064523624177895 1.3626301425876748 4.953853194409168 1.4723958596066336 0.34754073318322093 188 214 184 185 
4.256704127070845 0.5089202772582021 -0.2977278059877718 1.3611952212642007 4.855473056694707 1.5803386826281463 0.2752402282912709 215 187 186 189 
4.272368598408307 0.4917552994122935 -0.27067940318492284 1.3593291146701745 4.751160384257392 1.6741703407122897 0.18040653490219377 188 165 190 216 
4.281625222654291 0.48116234718349743 -0.24361262617190796 1.3584206957914906 4.647330616251594 1.747010765619046 0.06739192870529806 193 189 164 191 
4.284676853329032 0.47776625014782187 -0.22238977042002894 1.3572994858284735 4.547195051961444 1.796427928180604 -0.060693219850728786 192 190 167 171 
4.22647850527006 0.4757936093148722 -0.18879779706470337 1.3639321731550285 4.379477357638716 1.8051451650705128 0.04452666886411759 220 193 191 194 
4.222867505986211 0.480123069551873 -0.20583903935039882 1.3642430799405831 4.489414109498268 1.755786155021343 0.1769453338279128 219 216 190 192 
4.231186100799705 0.474181036443058 -0.16891245667019314 1.3629560295172034 4.273110707901824 1.8301985707040094 -0.10048839244429894 192 171 195 197 
4.236822673689336 0.476208505334628 -0.14540621605189724 1.3612965467814215 4.168857068446499 1.828776046201408 -0.2501213248888865 194 170 198 196 
4.1958324032278345 0.46735588629652114 -0.12475185767219078 1.3669377907653446 3.9922587876189883 1.8114865438173633 -0.14257794066119114 195 199 224 197 
4.18713562092737 0.4664645176344292 -0.14446049381073878 1.3680050998151323 4.096873112816646 1.8150733908501981 0.0063643343682750035 223 220 194 196 
4.245027968263372 0.4844984608124865 -0.11590406186316883 1.358112953923341 4.065901741601363 1.7996015678338015 -0.39883963852189763 173 200 199 195 
4.208638177797763 0.4750592141755183 -0.0965397327193452 1.3639088786624218 3.8988960355889857 1.7830706746031846 -0.2915850631724228 201 225 196 198 
4.252192258930515 0.5000576078919263 -0.08685283109818302 1.3525208402548166 3.9587801122156216 1.7418795303952326 -0.5403087791235834 198 174 202 201 
4.2218051751039045 0.4922967532945165 -0.06555236451874179 1.3575262230244873 3.81278174665671 1.7312794857324696 -0.43591033227740983 228 199 200 203 
4.252535096842832 0.514122751464548 -0.06653013746726152 1.3479443496509034 3.8235502557237395 1.6540926319410012 -0.6501882951543444 175 204 203 200 
4.229134397322425 0.5119776738533716 -0.03711286882435475 1.3518970242558246 3.686064353602286 1.6615723416729606 -0.5033520717933375 202 230 228 201 
4.266641153690482 0.5472847029916389 -0.035515116951479554 1.3417920855717942 3.7161216003075763 1.5420036757876994 -0.7613835966537175 179 206 202 176 
4.187898032006379 0.5496058202976296 0.054019901128526976 1.3553340701991072 3.486202444578555 1.3812583065663506 -0.7713633777642454 207 234 206 179 
4.176597623723708 0.505824972978452 0.014479974318709784 1.3576534531573066 3.5043216259311083 1.5024755467061974 -0.6278473771506975 233 230 204 205 
4.194616260558511 0.6079612503676095 0.09376436338865231 1.3538064743208202 3.4956525562017955 1.2435848112624523 -0.8871102259242181 209 205 178 182 
4.121156403079221 0.5910029495492296 0.15193497696061767 1.363865350968597 3.387724760628173 1.056676231328911 -0.8860427028704513 209 182 210 237 
4.1289544743547255 0.5617396466656653 0.13045990428800713 1.365112187899192 3.3357528344626064 1.1949931453085498 -0.7870355936043847 208 235 234 207 
4.111643224400222 0.5904795205576853 0.16002602926548112 1.3651525073038482 3.4590661288435642 0.907273527563338 -0.9545972355478851 183 211 208 
4.040520943204972 0.5137608393703632 0.19816897619424423 1.3787058395496814 3.3332757806965443 0.8638389483253144 -0.8850484380563244 210 238 237 
4.180889893750508 0.5278086028724553 -0.26764712643303085 1.3687831832973036 5.042449874593658 1.2333143339719526 0.5057874502948285 213 242 
4.181966069517807 0.5269084084108787 -0.2659468467428211 1.3677758522915786 4.94212504532823 1.360136659765773 0.498602704626193 212 184 214 243 
4.194993777113649 0.5119931221115582 -0.25629228314959623 1.3664516951230454 4.833576059414356 1.4794585510089024 0.45894416988455533 244 213 187 215 
4.200311119225265 0.5048915845656041 -0.2481873973903103 1.3656576913520433 4.719380073292664 1.589053976982504 0.38944485641318816 188 216 218 214 
4.214223983077548 0.48994335308059545 -0.2270006901534018 1.364526724786908 4.603126805354809 1.683100623901094 0.29347770792638234 217 215 189 193 
4.167463736431691 0.4826044551387891 -0.1889423938761473 1.3674868564443279 4.454466927986678 1.6686163703379826 0.41586828667041575 219 248 218 216 
4.155764708664743 0.49501856474562644 -0.20485138425452953 1.367996244032808 4.582180532777738 1.573925460015705 0.5138194158337044 244 215 217 247 
4.175534141263597 0.4738136174771515 -0.1731301830016881 1.3677739515889484 4.329955138407064 1.7424750556492972 0.2932184831250393 220 222 217 193 
4.18028397175167 0.46903833048407884 -0.16024070507951263 1.3681841748781371 4.209860640929081 1.792039062548545 0.1539502757857188 219 192 197 221 
4.145750849721507 0.4596766799567556 -0.1350274580441112 1.3696309575554897 4.045090322409743 1.7568379195116075 0.269215981796351 223 251 222 220 
4.137946815754237 0.4637938365808284 -0.14398821571456455 1.3689269678731248 4.176287834320956 1.7072146523297593 0.4137917426465854 221 249 248 219 
4.15692675625294 0.45771000615506213 -0.12341237696857428 1.3698990999768954 3.924420337783593 1.7775905948133137 0.11985920200210565 224 254 221 197 
4.171070078865074 0.4595745738787238 -0.10825772910521048 1.3690921903558289 3.8196664829882545 1.772201282655908 -0.029951305635345416 225 227 223 196 
4.190636659953907 0.46887942514110365 -0.0842932465545749 1.3659810604353564 3.734423286503117 1.745319087277217 -0.18452842688839505 224 199 228 226 
4.142126115943667 0.4461418262167669 -0.052961475413967944 1.3702676702354877 3.5754230977492907 1.6886567340691334 -0.0748383286374377 227 225 229 256 
4.124706513338948 0.438731365441901 -0.07380722990553769 1.3717883412983671 3.656432570101327 1.7125627860309647 0.09014654333257599 257 254 224 226 
4.210166004424928 0.48823037884265197 -0.057168957494533996 1.3590306047558343 3.6722893094136344 1.6998758468867419 -0.34539680225072816 225 201 203 229 
4.155247125786512 0.4591021401419392 -0.034319739456532855 1.365980441045753 3.5210250806221963 1.645964478027677 -0.25578836819450324 228 230 232 226 
4.161367212600419 0.4665317016233162 -0.031680327013032 1.3631164298147487 3.5099998108315127 1.5890900106036057 -0.44988942935911624 203 206 231 229 
4.103074331716724 0.4281910758013229 -0.005214868284611863 1.3718642131080354 3.3313355920364405 1.5111367196404002 -0.33924326966670054 230 233 261 232 
4.097820604135488 0.4214784321274997 -0.010824001102950948 1.3735434829425361 3.3656589597483544 1.573227998274406 -0.1472881088425089 229 231 258 256 
4.11931178889056 0.4672190567233927 0.04424188812913092 1.36794087035713 3.3148119026205904 1.4267480478234815 -0.5126240500857199 234 262 231 206 
4.127856070501006 0.5092317893173881 0.08793213525521057 1.3664738125264813 3.3120309887925976 1.3194534893549754 -0.6611339164923659 209 236 233 205 
4.061392919282467 0.49911123264768353 0.16711152532743434 1.376610632301584 3.1865793144184815 1.1214198590459892 -0.6914218291638481 266 236 209 237 
4.066544503731541 0.45499969513441746 0.12161650740770828 1.3773635275211193 3.149641155273962 1.2323385692450355 -0.5538215229345171 263 262 234 235 
4.049885522079674 0.5191536533338965 0.19013148389627338 1.3765144561476683 3.250618348929966 0.9985188662252319 -0.8027492671920794 208 211 239 235 
3.9910296689672826 0.45500076340993906 0.2252209639526564 1.3865381943007973 3.2180299698374553 0.8015694187283117 -0.822529484866274 239 211 240 
4.001389843579206 0.4544876563892591 0.21445622679921428 1.385827896356654 3.1243273749682636 0.9215706455444329 -0.725762688281406 238 267 266 237 
3.95883220459029 0.4082092495479618 0.24332087012235135 1.3912694116284217 3.114707473650343 0.7277961766475989 -0.7676009801013329 269 267 238 
4.138374771988141 0.519405579013518 -0.22351543760618625 1.370241585681131 5.060066487431032 1.074928535493414 0.5848086644794434 242 271 
4.139875564886289 0.5169062636347758 -0.22192110576312163 1.3697017475748712 4.959050782577821 1.2132132014533905 0.6134060453062762 212 243 272 241 
4.141251079515793 0.5140832267233939 -0.21962176904090205 1.3692418762178875 4.840992520900117 1.3429166301790934 0.6119560655526327 213 244 246 242 
4.15154879752274 0.5015148273962621 -0.21144701725827975 1.3682449912001462 4.713082577695136 1.4638160083914573 0.5793863428086593 245 243 214 218 
4.1148110003527085 0.4853014898536617 -0.16954347412912762 1.3685601006289358 4.593355584614693 1.4250484804400256 0.7049279264215507 244 247 275 246 
4.106311432095814 0.49486291286807854 -0.1751592384149626 1.369332240275923 4.739367685452532 1.3048111195159353 0.7305248134970415 273 272 243 245 
4.118378448143769 0.48043291346060346 -0.1655428373523064 1.3686400173025492 4.446251704677481 1.5358518627544522 0.6418074295710561 218 248 276 245 
4.128944000089534 0.4709476271731572 -0.1548602177545948 1.368448291614844 4.309550518446997 1.63211514041122 0.5409366689778381 222 250 247 217 
4.092413535182461 0.44325610402035487 -0.10533101795354362 1.369864532804394 4.031620167883035 1.6489305272329338 0.5392060976992983 253 250 222 251 
4.084998559221287 0.44943662604841206 -0.11402265109432744 1.3692558403353057 4.170861021815754 1.572836070008031 0.6664882357909557 276 248 249 277 
4.099932196543428 0.43934466257629223 -0.09753841038933549 1.3707923020638348 3.8909570327612695 1.6980877069241833 0.3946618948330609 252 249 221 254 
4.054525165094817 0.41072686059152475 -0.061338998909491 1.3731745112609806 3.7460788237563145 1.6146445848519102 0.5261308031117539 281 253 251 255 
4.047474469895461 0.4142979121557334 -0.06825610458711015 1.372287409463744 3.892200973804123 1.5665954944641154 0.6657346239452012 279 277 249 252 
4.1110234969062365 0.43733449524086965 -0.08720654021651661 1.3716342647723434 3.7621389326198655 1.7174561696731137 0.24436889061858497 251 223 227 255 
4.064457058512464 0.4086442389422975 -0.052328883416049465 1.3743797493493508 3.612070561189662 1.6339049375481407 0.3768141549754948 257 282 252 254 
4.088829233220955 0.4133845568216619 -0.024891280495760216 1.3755452264190775 3.4248889884708102 1.6139326978939532 0.04188104286299465 232 259 257 226 
4.075725175260486 0.4090694951913507 -0.04130953512940975 1.3754014037677802 3.5051990717136903 1.632762255194595 0.21620643814506413 227 256 260 255 
4.0447553879995155 0.37832896434183916 0.015072289097836561 1.3810828523079883 3.2137281815653083 1.4790050415988654 -0.029733839018884135 261 287 259 232 
4.038046883751353 0.3735347527732035 0.0005356262443544997 1.381547483382558 3.280505662295184 1.517327777641114 0.16048081768783404 260 256 258 286 
4.02903413057323 0.37202736137986453 -0.013533134344878558 1.3806103069006666 3.3634955735990144 1.5300271357291826 0.34141648464769253 257 259 285 282 
4.049676653852353 0.38504571895474987 0.02615421331503164 1.3802021469083667 3.166459114544814 1.4150878201213544 -0.2198550120589572 262 265 258 231 
4.0622333908526285 0.4181217148725921 0.07502920498592842 1.3778555856277352 3.144236176549108 1.3314234161846903 -0.3962519165399442 236 264 261 233 
4.023644029485216 0.403835130885297 0.14397529658327565 1.3861102103386798 3.0026843622590835 1.1251720640965928 -0.4518010209510182 264 236 266 292 
4.022813907211254 0.37383345295894244 0.09712262104177476 1.3857672781797123 2.993719769263128 1.2176478870383578 -0.28679345217717317 291 265 262 263 
4.013786137567452 0.3470296135846827 0.049025567028022785 1.386819384217107 3.019298329769327 1.2995807614637243 -0.10944016061016053 290 287 261 264 
4.014483199953789 0.4390012630374597 0.18998423784915067 1.3857167907495698 3.049011306004034 1.0277253862189444 -0.6008448392261388 239 268 263 235 
3.9717287567967694 0.3993496106174225 0.22759451469584044 1.3924935073614266 3.00972859782428 0.8286457995485317 -0.6555961815037525 240 270 268 239 
3.985214389607669 0.3868721551167849 0.20215022625294204 1.3924768131315168 2.9264869787580103 0.9157398423605914 -0.517979670819984 267 295 292 266 
3.9369620148507045 0.36183155143416995 0.25643215841624484 1.396541882333941 3.017046378375974 0.6467296234044559 -0.7139373435865877 240 270 
3.953574929806368 0.34377918858563716 0.233184722246353 1.3994140851406378 2.9067214705077395 0.7195723383120162 -0.590100792564066 296 295 267 269 
4.1042703814337544 0.4994140241842174 -0.17751470265797237 1.3694620215932687 4.982003110120173 1.04246033236619 0.6985750650780365 241 272 298 
4.105078090325019 0.4973689007100694 -0.17656323489226178 1.369421193485374 4.870785259595349 1.175888532302203 0.7278629467990582 274 271 242 246 
4.070855425408829 0.4677339759887319 -0.12950993674439962 1.3694242056186163 4.637701413479399 1.2488342097129808 0.8471390445895253 275 301 274 246 
4.070983411569695 0.46985083059424465 -0.13109942626228335 1.3693431101635805 4.783103715391123 1.122158762166523 0.839181354166138 273 299 298 272 
4.07642325048958 0.4604683621113067 -0.125055195914893 1.368934439426658 4.474274869399542 1.3661500772273147 0.8278863899710049 302 273 245 276 
4.077552578155514 0.45681523928337703 -0.12198304840585815 1.3692239195757825 4.313849958264951 1.4757369826824973 0.7675138126637845 275 247 250 278 
4.041255097631506 0.4193891501912314 -0.07533773215910071 1.3719579950850969 4.037980438645902 1.4907674763426495 0.7888688833085876 278 250 253 280 
4.03633928466074 0.4247746992646367 -0.08100444497994644 1.3720037598627868 4.189993287442258 1.395649547246926 0.8849381689265459 276 277 306 302 
4.00671808806354 0.37782337681508144 -0.03628964008585517 1.3776033887061119 3.760690314783041 1.4611431875710026 0.7865073009283425 281 310 280 253 
4.00099943989317 0.3816558897345598 -0.04185302375532674 1.3776168924589705 3.914134164733784 1.3877733198680213 0.9027311887200904 277 279 309 306 
4.013222006335508 0.3748576136556095 -0.030269169406500568 1.3782154274928367 3.61026595962051 1.506293206555921 0.654555123157949 282 284 279 252 
4.0211175993625705 0.37282154488230485 -0.022625338587611094 1.3792935707754577 3.4727905599884545 1.5256517406019334 0.5077241693104908 255 260 283 281 
3.9912312750654224 0.33954061271367403 -0.0038543991305479432 1.385329360417903 3.3447690387942837 1.3956146586918434 0.6257767046627625 285 315 284 282 
3.984797830342779 0.3412219163244822 -0.01000662790858305 1.3844766311034966 3.4851541281617884 1.3767645473488788 0.7694926861285588 313 310 281 283 
3.9968535394764753 0.33805161931724814 0.003865673110765763 1.3864385176535685 3.231688201797882 1.4035870572552407 0.45892151777049817 283 260 286 314 
4.003566551708127 0.3380603705294021 0.017311359707824277 1.3871706397122125 3.143822671253412 1.3964056251078165 0.27328369978665457 289 285 259 287 
4.009263082648566 0.3410141584136068 0.03366688004886549 1.3871381986403342 3.0721201705138297 1.3621111474923295 0.07946127289255223 258 265 288 286 
3.9864826648384004 0.3098157335528801 0.04479020748741043 1.3917495766822705 2.9444877412738744 1.2243108060860122 0.17360031604860046 319 289 287 290 
3.98105268919554 0.3082713843253377 0.026985900303205378 1.391664938274046 3.0186406241547177 1.2536313288461192 0.3711235346422183 288 316 314 286 
3.991040333235804 0.315048405390912 0.06401727953618472 1.391783990757693 2.8907604478202287 1.164778585171531 -0.01433610266602688 291 320 288 265 
3.997607571702853 0.3364354499190749 0.11146111245234468 1.3916498586887218 2.8652291989399625 1.0865192805316546 -0.19095263540813906 294 290 264 292 
3.9962030257790584 0.3599914331173603 0.1573845892477323 1.3925540145786486 2.8761676960420877 1.0012406683160582 -0.3602007283855885 263 268 293 291 
3.977043581133427 0.3168174970928376 0.16772502954250734 1.3991058721746883 2.772303133603911 0.8623765752930971 -0.2836899738237833 292 295 325 294 
3.97939688876378 0.2988905733950532 0.12302452277228008 1.397521738129524 2.758822119558272 0.9394265468580237 -0.1132879821403707 293 324 320 291 
3.9659984474821925 0.3358388476483651 0.20936313723921893 1.3994257762572777 2.8222438562964083 0.7879556703561822 -0.4444162866710544 270 297 293 268 
3.942679590808952 0.27216239864448744 0.2328527071214375 1.410170517424419 2.820820982034263 0.5940335574445064 -0.5320734858134548 329 297 270 
3.9512605242299075 0.27335551579338596 0.21575386237170543 1.4091128200960634 2.741161632054981 0.6477013636644418 -0.3841155719323445 325 295 296 328 
4.071811799020728 0.471052763014674 -0.13230565536660346 1.3692061624961094 4.9066731436897815 0.9876862860199845 0.8078892681402889 274 300 271 
4.0345669397846935 0.4331962357905525 -0.0861750443207167 1.371284412947495 4.699823417505666 1.0532878119276494 0.9416259203656254 300 274 301 304 
4.036329231427874 0.433090883621892 -0.0867971606491557 1.3709601574427064 4.837768050315685 0.9155825100970971 0.9056590858479852 331 298 299 
4.0338742943721195 0.43197423222560055 -0.08539787085607488 1.371602200222676 4.538438695610219 1.1781715044849412 0.9553019417227595 302 303 299 273 
4.037225178921923 0.4270768620615347 -0.08273213409850107 1.3715148685238499 4.360875851771037 1.2907302699851273 0.9407759977273095 275 278 305 301 
3.9975444462481686 0.3877027724864211 -0.04594285635977756 1.3770083034115828 4.4477678080270415 1.092627087333062 1.0524100766042481 305 334 304 301 
3.9979667705308883 0.3873809289702158 -0.04537180058417913 1.3765501489354606 4.623468322165745 0.9717910787883124 1.033126046202387 331 299 303 332 
3.9996054690931033 0.3855666733623163 -0.04532432426962782 1.3771658137311638 4.25898482964671 1.199588782373052 1.0412111511563706 306 308 303 302 
3.997523503316107 0.38501277177552323 -0.04533296070749205 1.3778083349146981 4.07777052539141 1.297786358727695 0.9908488251922385 305 278 280 307 
3.9690175252876365 0.3467978749074416 -0.020457782875374163 1.384449814631443 3.982378305749779 1.1833249896904208 1.0861359492977443 306 309 338 308 
3.9715705145273987 0.34561437160049335 -0.018935013182857143 1.3836421112722666 4.174186079528648 1.0927043768371387 1.1307591795547995 337 334 305 307 
3.9720492139986914 0.3454971726654212 -0.018889701134714523 1.38418604901463 3.804194485261492 1.2671131412549177 1.0048166945408517 280 310 312 307 
3.978188271002788 0.34322530766932574 -0.014889697385058381 1.3840101391868658 3.6406969112970797 1.3357426534411654 0.8952069094240231 311 309 279 284 
3.959241366265353 0.3121340172698156 -6.947424673375312e-05 1.3896140032745887 3.5377741208510267 1.1938950361022944 0.9916054403169485 313 341 312 310 
3.952389378274209 0.3125045981904492 -0.0028094319141994165 1.389928137059464 3.7149642544214467 1.133257419095662 1.0951904148556317 342 338 309 311 
3.9660342259356245 0.31173529059347777 0.00365750319295363 1.389804981594322 3.374064694961804 1.2299877335265184 0.868162376913102 284 315 343 311 
3.9755053952116612 0.3092125747194036 0.01420618229144065 1.3912524328401734 3.1117056700163865 1.256895923322311 0.5590977193704605 285 289 317 315 
3.9713739222215496 0.31091017316966457 0.008144120823311674 1.3903785749691167 3.22960260997392 1.248173782963931 0.7245020348698868 318 313 283 314 
3.962747925200919 0.2774451036131293 0.034129727780028325 1.3956639173208218 2.9074158415578193 1.0926635738687576 0.4501140999798381 319 323 317 289 
3.957790469162418 0.2789946308020616 0.022577716175277325 1.3954007324179278 3.0060969706433003 1.0930316571184924 0.6421719717899554 348 318 314 316 
3.955065711010985 0.2804687861104027 0.018557402497801946 1.3948190049381315 3.1305721424827055 1.0837040467529477 0.8104197365748429 317 347 343 315 
3.9686472168211897 0.2778165715676995 0.052893437211745685 1.396008370724865 2.8313736027872407 1.0663779084174736 0.25103609223348317 288 320 322 316 
3.9739804330363238 0.2822197025550222 0.07589367719139069 1.3965911381448386 2.780010800648532 1.0107543156273753 0.06380225143970719 290 294 321 319 
3.9578411349328135 0.2387494262259126 0.08810686374430754 1.402563822421762 2.6885513235959153 0.8411454501117143 0.126659603144752 320 324 355 322 
3.95132330584256 0.23579563024923325 0.06132933540527183 1.401109493941669 2.7354596074824444 0.8908350997324156 0.31593880765587895 323 319 321 352 
3.944614530052961 0.2367938153177482 0.041817230845295046 1.4002729288727602 2.81274955070807 0.9152824028224757 0.5164408117161083 351 348 316 322 
3.9629880831977817 0.25075461493576195 0.13532656250184566 1.4048084276328405 2.6740468222361966 0.7791346490546164 -0.05213201425716527 327 321 294 325 
3.9606750971934925 0.26299394620815875 0.17884327771955372 1.407553370224534 2.6915163808571423 0.7117542454556334 -0.2224577636758675 293 297 326 324 
3.9497423106752403 0.20347367511687472 0.18726422497140882 1.4168504528847228 2.6318223472890843 0.5518981763497011 -0.1732188999449979 328 359 327 325 
3.950948898465363 0.19621210622354476 0.14541193775489367 1.4127318328775897 2.6091808307524325 0.6080286342005159 -2.3161201143324928e-05 324 326 357 355 
3.9437178263027017 0.20663625360634139 0.21865444796578276 1.4203360235531755 2.6832651340370397 0.4994368183254032 -0.3367703716573638 297 329 358 326 
3.940164999508713 0.2004338164205876 0.22983320625854126 1.4231514849864524 2.759975489593927 0.45495998196352244 -0.48759068480165957 296 330 328 
3.9393290260113627 0.16651928928060727 0.23180514401997765 1.4286113748646776 2.7212101477964223 0.31901411394672935 -0.45285534713729103 329 358 
3.998892805338962 0.38613128134573055 -0.04488032377539181 1.3762621551327607 4.775649230076645 0.8348580368315278 0.9896289460986807 333 300 304 
3.970262264617073 0.34363768682060375 -0.01662634329234327 1.3828519328765319 4.556848889631368 0.8775713237730401 1.1134957044756917 334 336 333 304 
3.970323372365546 0.34129810672716343 -0.015470887379336856 1.382748528487684 4.722603507284523 0.7412831391630429 1.0616605512255015 363 331 332 
3.970150981413029 0.34542957950902203 -0.018064300967587994 1.3833177045828886 4.369929969751154 0.9932646289495871 1.1380933007095706 332 303 308 335 
3.9511330937613183 0.3076768268071933 0.0007757748886555799 1.388950065737698 4.309690761700436 0.8796820152238141 1.212789284669007 337 366 336 334 
3.9512769284029257 0.30494528858980036 0.0023294426478309657 1.3885900888754235 4.503762869853915 0.7677245171622757 1.1836698035247526 332 335 364 363 
3.952147206626027 0.3093699728810531 -0.0006893693231982451 1.3893028512087071 4.108918485738745 0.9725405513791335 1.2096764358187952 340 335 308 338 
3.949429403609218 0.31186915904546464 -0.0030498939589486715 1.3902331385187727 3.907737716316454 1.0562833321359713 1.1705170771179068 312 339 337 307 
3.93415359199586 0.2751946359059249 0.011716185869312699 1.3952350538338922 3.8518825416296956 0.9190635472834937 1.2451607710453743 342 370 340 338 
3.9368811411129188 0.27191248479845376 0.014192984609301958 1.3943587862179128 4.0630069947276946 0.8412399752685876 1.2787221165183305 339 369 366 337 
3.94453131603691 0.27884604335740143 0.013170412659628377 1.394581384006598 3.4560926315857126 1.0398644787983393 1.0768250483046096 342 311 343 345 
3.9371168657700175 0.27738996033495933 0.011294858385038431 1.394894978581514 3.6467202741080715 0.9888490651969895 1.175367120952856 341 346 339 312 
3.951101030304112 0.28018012764266037 0.015867202672931412 1.394550738006485 3.2818905790204242 1.0681240847939455 0.9553685637899494 344 341 313 318 
3.9370146787155647 0.23990468648716315 0.02891272703125634 1.3993214864094732 3.20997550430896 0.8944666489503045 1.0322111325011583 347 378 345 343 
3.931241066295394 0.23750962166266953 0.02693143636501314 1.3994156408364384 3.395122741131189 0.8752786942227073 1.1526684754647734 344 376 346 341 
3.923727057499741 0.23500108317981094 0.025390043783531838 1.399617454355433 3.598771054413169 0.8343109778870619 1.2473547946374075 373 370 342 345 
3.939080650554757 0.24074684163360724 0.029890169338142807 1.3994449099806723 3.050046737545448 0.9049647139981012 0.8859000459134608 348 350 344 318 
3.940125623402509 0.23917353673734856 0.03177111161740268 1.39987419912426 2.9177511692349203 0.9144350924952509 0.7127714179218263 317 323 349 347 
3.9250128206588255 0.19144374303549072 0.040495558676689004 1.4046512835076566 2.8503134708608195 0.7250427560443116 0.7743277030717386 381 350 348 351 
3.925553246494603 0.19295047009877128 0.04089102199944294 1.4042265880461067 2.993108797060356 0.7182759738875235 0.9532766163380398 349 380 378 347 
3.9292994590516113 0.18867303878671499 0.048744732711788426 1.4053263881047848 2.737761531072079 0.724421860038541 0.5743722833807187 323 352 354 349 
3.9371205121135144 0.1867157761493058 0.06840125837281774 1.4067527344925832 2.660371687144566 0.7016999867729546 0.3744230406368592 355 353 351 322 
3.9298503574558503 0.14698586299256358 0.07125272046318153 1.4110938659482306 2.608069810891041 0.5013639001551675 0.429667414867545 356 386 354 352 
3.9211173676774034 0.14833230939747633 0.05220527022012985 1.4095111797835993 2.6878462559291925 0.5218220081003124 0.6315459654148826 351 353 385 381 
3.945280434396551 0.18828394342508356 0.09841438054751979 1.40919186450588 2.617914700950689 0.6601360142662572 0.18241456582104873 321 327 356 352 
3.9395334901129977 0.14880787110716007 0.10357694678838851 1.4138921689911024 2.5676175203023126 0.46878474398003445 0.23314977031862316 355 357 387 353 
3.945728101165767 0.15549601279657385 0.14955615157810156 1.4176728760394601 2.563332268988012 0.4286611594863447 0.04447048018222634 356 327 359 361 
3.9423552899227206 0.16577530471509014 0.21694501286087792 1.4258125854818458 2.6450071350899527 0.3480924015720873 -0.29941290646929564 328 330 362 359 
3.9456424063876248 0.16203582401954705 0.1889760625005092 1.4218627841593179 2.5910233478575173 0.38593605427124744 -0.1338455547064868 360 357 326 358 
3.9431587857830905 0.09463542382643995 0.19314958855637868 1.4284930618493998 2.56475511697566 0.21665140888677792 -0.0956113614855616 361 359 362 391 
3.942811893518431 0.09163443470279156 0.15570807008810061 1.4242966596475413 2.534827475827031 0.24318652973986132 0.08716418917472321 360 390 387 357 
3.941118552684195 0.09516322927177566 0.21405795685949153 1.431423120356799 2.6202042805092702 0.19507893351064642 -0.26453712396463874 358 393 360 
3.951267043550359 0.3019662742463318 0.003413771475407561 1.3886476123556637 4.679971787511477 0.6308320877089784 1.1237011713194627 365 333 336 
3.9366693957045 0.26702853535635873 0.01663831965462056 1.393858079839038 4.465174669584063 0.6455807339333847 1.243079953546888 368 365 336 366 
3.936771063256944 0.2645211756908221 0.017247883646199006 1.3940149954234338 4.64364091458254 0.5143676681882587 1.177596638599253 394 363 364 
3.9362701373297106 0.2696950277474973 0.015554138664366451 1.39405989585549 4.268657951690376 0.7531773080357014 1.277020685276175 335 340 367 364 
3.923663747817154 0.22767078033702706 0.028372616595527825 1.399221381506585 4.242623911558715 0.620803434200951 1.330206876599211 366 369 395 368 
3.9247400277863007 0.22639565620757426 0.02827213013561228 1.3994180899989763 4.437566166698851 0.5192237231112468 1.291677374565238 396 394 364 367 
3.923786573558046 0.22904925903454668 0.027777179636368277 1.399312929312639 4.0341403832864895 0.7025145347150045 1.3380266997504904 370 372 367 340 
3.9209916173481663 0.2321998599451216 0.025855879929693713 1.399939949052554 3.815604675177374 0.773311924050059 1.3110608011822371 369 339 346 371 
3.9108189856070648 0.18092055294523188 0.03920274555013568 1.4050446616017127 3.7955837288076055 0.6223510842647892 1.367571673821532 373 375 372 370 
3.913515985538314 0.1771366031245951 0.04041702601561527 1.4051508176716205 4.0182893828642925 0.5600851197977033 1.3873442038756147 398 395 369 371 
3.913244442283675 0.18449714320714483 0.03884971341578973 1.4045569979935095 3.5713554411916735 0.6735927105392265 1.3108061575207257 371 346 376 374 
3.909781726910684 0.14016813228510006 0.04840729598498565 1.4086128440770658 3.562761635304011 0.5103659136319498 1.364692035612793 377 401 375 373 
3.9078903458190055 0.13588284575346504 0.048448600257161564 1.4094055427226169 3.7896541580803063 0.4685545363579928 1.414467993028873 399 398 371 374 
3.920678494889197 0.18812010926852893 0.04027389086806138 1.404331983411509 3.3576033129381133 0.7041928930528596 1.2204797565241852 378 377 373 345 
3.916868854196752 0.14473578512696705 0.04995904550829307 1.4082642876218536 3.3420894565898007 0.5314199443953637 1.2791284233614233 379 404 374 376 
3.9254882762073033 0.19156029885240353 0.04162454071519284 1.4041866977684268 3.162484278219934 0.7147231994486258 1.100761997924061 379 376 344 350 
3.920623146483944 0.14919319159150446 0.050906067805232345 1.4080196863148426 3.138719237822775 0.5331886914516064 1.1608428496435585 380 384 377 378 
3.9186904860515246 0.1512916241434574 0.04859729841524068 1.4079827454532559 2.9604526844664805 0.5278280551035299 1.0131325819919021 383 379 350 381 
3.9167123358472606 0.1503906857375327 0.04599706252766382 1.408428396466192 2.808018022975178 0.5266008257606841 0.8329698685589267 349 354 382 380 
3.912339038123051 0.09529560295716807 0.051381690704408955 1.4138142230841155 2.7889995988830414 0.3264075299385147 0.8841450189038521 381 385 411 383 
3.9158078097318376 0.09721320703812089 0.05572263555702385 1.413189960175893 2.94789311767857 0.339267470456804 1.0618774563025213 382 407 384 380 
3.9198996331538685 0.09606465268710034 0.059357251046975826 1.4131513113626102 3.13505255485173 0.35406227851958644 1.2109317493969947 383 406 404 379 
3.9167615755850544 0.09234904274402791 0.05666599279271098 1.4152465111538786 2.663857048929999 0.31309811520852965 0.6861576748606918 410 382 354 386 
3.925885849260005 0.08939762747925507 0.07484860070185975 1.4172803882783334 2.579990073327432 0.29333308889231985 0.48264799947277665 387 389 385 353 
3.936541898603701 0.0888605627674514 0.10993059864206778 1.4203372220012735 2.5380054353541786 0.26946641186418385 0.28134220155006223 386 356 361 388 
3.940123772672042 0.02108684073654463 0.11293703711973323 1.4289681497174513 2.528433122493304 0.06482971753051828 0.3212231611251206 390 415 389 387 
3.92893034265331 0.02468425310682742 0.07547630978651734 1.4262656936346698 2.573898943388773 0.08280242019717451 0.5244544027083928 413 410 386 388 
3.9465995781352317 0.019297033472191 0.1583238170885305 1.432889293555483 2.5227773343383277 0.05229802122102742 0.12604346125615531 361 391 416 388 
3.9474489888005047 0.018140677493438423 0.19417062309700447 1.437002519102335 2.550603622074241 0.043119801173827986 -0.056840133890137284 393 417 390 360 
3.9568528624637813 -0.05203673247377605 0.2069062532166783 1.4481663435760717 2.596722735674306 -0.12599635292134 -0.19286996162344378 420 417 393 
3.9467019298265567 0.015537172584318658 0.21018235766602839 1.4396415488451848 2.6038657274433694 0.037282884197651626 -0.22723011781216057 392 391 362 
3.924209394768398 0.22643281323868447 0.02815276470066373 1.399687136566289 4.610413025848855 0.3971772309862565 1.225106265319966 365 368 
3.9135024392263893 0.17516008911296524 0.0402521544889516 1.4059080832741473 4.227618408395039 0.48668149133583416 1.3730119192822623 397 396 367 372 
3.91605441293672 0.1714300011519717 0.039616791454283935 1.407001028493685 4.416732224752086 0.3935362017513079 1.3311916440269709 395 368 
3.911388970600624 0.1286604598957862 0.04818054172197227 1.4117032585681117 4.2199466316924426 0.3510195547722509 1.407096173061134 398 395 
3.9108777919271724 0.13126039907942286 0.048752847902189235 1.4104984310390833 4.0120180764376165 0.4159509909159369 1.4271932510850354 397 372 375 400 
3.9109309501434173 0.08425857178725803 0.0560559921775837 1.4153580842832414 3.7944585080658824 0.3140198277474476 1.4514613426899574 401 403 400 375 
3.9140631886007236 0.07990880165498968 0.056014141901181036 1.4166891079112405 4.010926903802721 0.2706853902019791 1.458479170674301 398 399 
3.911548046562008 0.08816770977215749 0.05662710136298843 1.4140603939250083 3.56955597949983 0.34735649700575166 1.4086122383646453 404 402 399 374 
3.9195475693915864 0.033405819855140094 0.062452496101294976 1.4215205634796735 3.588500818464381 0.18487487462996682 1.4425163796190879 401 405 421 403 
3.92015279717737 0.03057965626428742 0.06176911353833387 1.422854929533231 3.8063519489393056 0.15635280560405546 1.4789550325579421 402 399 
3.917561874813612 0.09217653262385002 0.058547102833469075 1.4134944754725163 3.346119807878071 0.36065127412264475 1.3281773275704403 377 384 405 401 
3.924213328325598 0.035981887934956984 0.06476036528303389 1.4206300145603443 3.367677601612768 0.1947400040473939 1.3679176948212868 406 423 402 404 
3.9249681442390525 0.03832318589598917 0.06529551487916922 1.4202054015812524 3.1503154421264807 0.1810044334045685 1.2519837637917224 407 409 405 384 
3.9189220353087646 0.03794706993339296 0.06033843445831939 1.4203271659151118 2.9535979273381825 0.1568472057317958 1.0996349398448715 383 411 408 406 
3.9282568509361724 -0.01943059097323987 0.062240076394768494 1.4295071125002767 2.9798353831800544 -0.01778072342835145 1.1323997712902059 407 412 424 409 
3.936081272298261 -0.018234497506593242 0.06847620584321693 1.4295316214927536 3.182921879937651 0.015554330108403666 1.2860528684445893 422 423 406 408 
3.918775344604267 0.029756185330096014 0.05854544494256315 1.4231622554218852 2.6608759001915985 0.10754247562549371 0.7265827142695443 389 414 411 385 
3.9141993702694227 0.03444024255215203 0.05423034995385926 1.4212483965380447 2.7885792066488797 0.13239486247098642 0.9209324287414257 382 410 412 407 
3.922544979790921 -0.024142230809063952 0.054476299950980196 1.4306423301618398 2.8069773393578203 -0.05547375972845698 0.9484719791191819 414 425 408 411 
3.9376471232572503 -0.03587821072313651 0.07456357283873637 1.4358327680057748 2.5866956408832853 -0.12502925436351012 0.5486572674877617 415 426 414 389 
3.9270168695571503 -0.02974107875785838 0.057735016324687624 1.4326907807240699 2.6754022240787907 -0.0920326992892804 0.7510640324576818 427 412 410 413 
3.94954191778366 -0.04112039699235376 0.1119869582583967 1.4387142813009968 2.538277648899937 -0.14187224484530725 0.34700779834681295 416 428 413 388 
3.9562657045960825 -0.04544885020156387 0.1564204135303498 1.4423250119849806 2.527949151824001 -0.14257489065384643 0.1547550419135926 390 417 419 415 
3.9572743958360235 -0.04882990280656321 0.19219002333436516 1.445946258886281 2.5499181970331457 -0.1347796216692208 -0.02528486884681626 418 416 391 392 
3.970280896359731 -0.10277487177746825 0.18737636598140872 1.4548644246534397 2.5643310613279153 -0.3152729210124811 -0.006104976410031517 417 420 419 
3.9696766363595533 -0.10001004173085191 0.152857608761015 1.4522009178625834 2.5510734177414616 -0.34026232516327193 0.1705066136721544 428 416 418 
3.9694993497673168 -0.10424744146017141 0.20271905396304868 1.4566045631103006 2.5978908067499953 -0.2837593035218424 -0.16155267758658712 418 392 
3.9328502239516023 -0.020275495420762787 0.06623707931962856 1.4307037695212403 3.617830218139286 0.022840570453320847 1.4668821694676355 402 423 
3.9539262884231263 -0.07695073129169275 0.07022288115012766 1.4419672255453029 3.226608410830242 -0.1437099239489608 1.3124045933372186 424 409 
3.9367636789842155 -0.019132295493795724 0.06824494961357772 1.4301686677564838 3.4036784057228573 0.03247991955335072 1.39864227498642 421 405 409 
3.944595029146567 -0.07897628334064934 0.06263912846822656 1.4418633828431504 3.029684413512414 -0.18092862211350624 1.1665208454445102 422 408 425 
3.938838636336889 -0.08416350509814906 0.05417068549704836 1.443211010120051 2.8470042065757832 -0.233616725809912 0.9744318596213144 412 427 424 
3.9524117844424764 -0.09441782947755475 0.07245977611226428 1.44746733504279 2.6159209511518178 -0.3275831548164342 0.5549283052188093 428 427 413 
3.942425783722696 -0.08868668175076437 0.05633667345587306 1.4448540333158773 2.70580160947317 -0.28387256290049256 0.7627720766524699 425 414 426 
3.9639168994262373 -0.09802343765358812 0.10934589283719413 1.449852578834357 2.5669376931573042 -0.3480217515583688 0.3567799517320442 415 419 426 
