0 3 4 8 9 10 11 12 13 14 15 16 17 18 19 20 21 22 23 24 25 26 27 28 29 30 31 32 33 34 35 36 37 38 39 40 41 42 43 44 45 46 47 48 49 50 51 52 53 54 55 56 57 58 60 83 84 85 86 87 88 89 90 91 92 93 94 95 96 97 98 99 100 101 102 103 104 105 106 107 108 109 110 111 112 113 114 115 116 117 118 119 120 121 122 123 124 125 126 127 128 129 130 131 132 133 134 135 136 137 139 144 145 146 147 151 152 153 154 155 156 157 158 159 160 161 162 163 164 165 166 167 168 169 170 171 172 173 174 175 176 177 178 179 180 181 182 183 184 185 186 187 188 189 190 191 192 193 194 195 196 197 198 230 231 232 233 234 235 236 237 238 239 240 241 242 243 244 245 246 247 248 249 250 251 252 253 254 255 256 257 258 259 260 261 262 263 264 265 266 267 268 269 270 271 272 273 274 275 276 277 278 279 280 281 282 283 284 285 286 287 288 289 290 291 292 293 294 295 296 297 298 299 300 301 302 303 304 305 306 307 308 309 310 311 312 313 314 315 316 317 318 319 320 321 322 323 324 325 326 327 328 329 330 331 332 333 334 335 336 337 338 339 340 341 342 343 344 345 346 348 349 350 351 352 353 354 355 356 357 358 359 360 361 362 363 364 365 366 367 368 369 370 371 372 373 374 375 376 377 378 379 380 381 382 383 384 385 386 387 388 389 390 391 392 393 394 395 396 397 398 399 400 401 402 403 404 405 406 407 408 409 410 411 412 413 414 415 416 417 418 419 420 421 422 423 424 425 426 427 428 429 430 431 432 433 434 435 436 437 438 439 440 441 442 443 444 445 446 447 448 449 450 451 452 453 454 455 456 457 458 459 460 461 462 463 464 465 466 467 468 469 470 471 472 473 474 475 476 477 478 479 480 481 482 483 484 485 486 487 488 489 490 491 492 493 494 495 496 497 498 499 500 501 502 503 504 505 506 507 508 509 510 511 512 513 514 515 516 517 518 519 520 521 522 523 524 525 526 527 528 529 530 531 532 533 534 535 536 537 538 539 540 541 
0.9411980402673467 0.9979683001642154 0.8156711657571782 0.9026929976985653 0.6881291075864728 0.6292629449205079 1.593905012000434 2 84 87 3 
0.9130323447474976 1.0217477190042146 0.8139778517234219 0.9107466837522089 0.826910059426865 0.5789369950324258 1.6022586645071202 4 202 2 
0.9420877075452616 0.9997500173903763 0.8166419480794053 0.9027498598162644 0.7765246471495466 0.6562867019344565 1.630618222710149 82 0 1 
0.9413459458971908 0.9832954244901725 0.8103056318645238 0.9001185690277533 0.696784673355888 0.4909891182310026 1.5164182856023134 0 540 196 4 
0.9067026202095333 0.9933683170279872 0.8004138253827782 0.9068482410709562 0.7916951050383292 0.47978009513329645 1.5338233481437982 3 198 201 1 
0.7408914921000016 0.9367217033776477 0.9235369048441904 0.8859231575482543 1.1215669719244814 1.2401181019656748 0.18532762667921132 234 6 229 
0.7408333314708391 1.0373028407211904 0.9875622664891023 0.907661178064924 1.140118988752523 1.2839126661581552 0.2115093223988334 7 5 
0.7891615181058774 0.9752734742477468 0.9623485481891713 0.887018562843379 1.1168302127147833 1.3253533312948045 0.217676936362668 346 347 6 
0.9638273757459006 0.975644609402807 0.8861364285132839 0.8849305425901975 0.11323665020255397 1.1901462744755227 0.7792947955409932 9 502 469 10 
0.9652454975411686 0.9782358809344912 0.8857264392899997 0.8855449290376755 0.12344077409611307 1.2410102844383062 0.8214415290242214 474 8 10 470 
0.965788114914789 0.9787518007868403 0.88127757826322 0.8857324928830143 0.10708078068763216 1.1866037713015365 0.8429738491975036 463 460 9 8 
0.9618242599981842 0.9608043355593711 0.8658864882347574 0.8834484826470599 0.08650344997039393 0.882024103326546 0.9401856646926181 12 467 18 13 
0.9622199453778657 0.9645976164222823 0.8624786362914479 0.8845910904157658 0.09579884992537947 0.8744832269599158 1.007673781663534 13 380 382 11 
0.9618682488659223 0.9610499569806273 0.8612305186587087 0.8839236148972572 0.09705734881537974 0.8210489301941151 0.9668628182173532 12 11 16 15 
0.9621042687666275 0.9551002274276856 0.853121021438172 0.8836273783251664 0.121739226581804 0.7081684327289686 0.9475213414211434 16 371 373 15 
0.9618279092748981 0.9637372559132855 0.854538965442983 0.8853804051602132 0.11687490929784353 0.7683427318516641 1.0210187374940496 14 375 380 13 
0.9616856516586516 0.9549395043559309 0.8603939895840682 0.8826879920856142 0.0986516276755093 0.7848116639623357 0.8980787378537427 13 18 17 14 
0.9615278179248343 0.9489160678642132 0.861522803057096 0.8812368325864728 0.10632445681791718 0.7540215938784662 0.8148119649526328 371 16 19 369 
0.9612750714497375 0.9569673868867427 0.866139171183663 0.882518307407321 0.08535849351851953 0.8678532351988756 0.8652244231629088 16 11 466 19 
0.9605313780840478 0.9522144098284234 0.8676873750810755 0.8813142438686421 0.09196466061846557 0.8508563277135202 0.7815480002125168 21 20 17 18 
0.9596260523408366 0.9466311865526065 0.869480097196785 0.8799746229929756 0.10800312182876996 0.8362384918067575 0.6916406963425212 22 367 369 19 
0.9601014914735201 0.9565469540843753 0.8731036883355785 0.8818031110510486 0.08776242906766632 0.9468156626388775 0.7622755941955737 19 466 468 22 
0.9584826363954667 0.9515093751735972 0.8758933595561269 0.8806130583023213 0.10391570265697202 0.9408921633070326 0.674893323614671 21 24 23 20 
0.9561294459388915 0.9460995894894119 0.8799842723696474 0.8793969965663853 0.12963202679428001 0.9396379712276564 0.5883221535812411 22 25 365 367 
0.9585656136218466 0.9588538198770465 0.8820830224132173 0.8818743746344038 0.10800820609116854 1.0400061089236028 0.673277632329533 22 468 541 25 
0.9555236885912527 0.953953135658788 0.8871043039203969 0.880853123197784 0.13301621742602493 1.0470974695807034 0.5936163264243639 24 27 26 23 
0.9520974041292087 0.9492906138143796 0.8916336029805777 0.8799208223115221 0.1673953073691078 1.0596435920227465 0.5159869688576069 28 363 365 25 
0.9559393001764426 0.960997456215078 0.8934483050444147 0.8822189811958583 0.14191192678055808 1.1481929957625716 0.6170595949804472 25 541 501 28 
0.952494864198064 0.9575694982912738 0.8982207495152122 0.881530873488214 0.17574658009587685 1.1691724345983165 0.5461664408704555 27 30 29 26 
0.9472649258757517 0.9539887033261095 0.9049427356338476 0.8808965111083398 0.22053130400771287 1.1926067151813486 0.4746662706755937 31 361 363 28 
0.9547353142292273 0.9665980492934093 0.9040353219858772 0.8830705739976259 0.18972635360439014 1.2720931206138653 0.5939755039969583 31 28 501 503 
0.9497603500466301 0.9640438534293964 0.9112224713570978 0.8826044595893384 0.2355366878929282 1.301929970090144 0.5253604712032474 30 33 32 29 
0.9440149957333535 0.9620343914730562 0.9181382392493159 0.8822177333661722 0.293416275137899 1.3299211139841676 0.4562567388084456 34 359 361 31 
0.9532593413307813 0.971055774251204 0.9144322742662979 0.8836818294122065 0.25799305953820784 1.4028741749971734 0.5902957048902423 31 503 500 34 
0.9478949538498815 0.9698985056159823 0.9222277970260542 0.8833819018533235 0.3175577451174283 1.4346558739006898 0.5214875956208569 33 36 35 32 
0.9404325303874461 0.9689588849378868 0.930991279055062 0.8831809403687625 0.38904611999170857 1.4608817159877816 0.4542851501127777 34 37 357 359 
0.9547065681113426 0.9798172992783014 0.9268449106707248 0.8844166783280671 0.3500396922061883 1.5291005434487022 0.5977687864065493 34 500 498 37 
0.9480530691125183 0.9799004756025418 0.9369573548273896 0.8842586739950817 0.42285972685262485 1.5569897223039397 0.5292200314651323 36 39 38 35 
0.9382158560115261 0.9805811732049939 0.9487385925281325 0.8843543756982489 0.5063181087910896 1.5762457307552047 0.46512486689043775 355 357 37 40 
0.959133663881163 0.9918784779576842 0.9436853806705674 0.8851896740694465 0.4645935577576949 1.64161655327679 0.6120424272077407 498 496 40 37 
0.9505290561836138 0.993322111893985 0.95700587341585 0.8852887503634365 0.5482782092250845 1.660922347195568 0.5454022204647904 39 42 41 38 
0.9409085313718214 0.9964462679980841 0.9702586290264569 0.8857518100844981 0.6397342078242669 1.6693878795870059 0.4861031431204222 355 40 43 353 
0.9629512354665135 1.0024712289908102 0.96119678349168 0.8852090007046589 0.5972386204922201 1.7332039652108575 0.6308633679863571 40 496 494 43 
0.9543414143311924 1.0056977218281629 0.9759258768523081 0.8855637068505609 0.6873217931863976 1.7406488571305858 0.5681315275789003 42 45 44 41 
0.9410198894928057 1.010944065366619 0.9932381653085437 0.8866690085858665 0.7807768928606355 1.736155613347713 0.5151235532454093 46 351 353 43 
0.9675331028467751 1.012687029245029 0.9785866479696214 0.8843110353060337 0.7407201258738887 1.799061602195974 0.6532288824086974 43 494 491 46 
0.9566945354421142 1.0178480668079835 0.9966255190431649 0.8850072350524136 0.8311497143535587 1.7932628645159687 0.5961154998287816 44 45 48 47 
0.949169618969461 1.0247702475029836 1.012208689376886 0.8859873351871783 0.9196908830799875 1.7765567505763311 0.5498151511328877 49 349 351 46 
0.9713686022102553 1.0221370475516303 0.9964514444075256 0.8827978115445686 0.8860068428063694 1.8378443107807778 0.678528400931238 46 491 504 49 
0.964643681723061 1.028670114046463 1.0137260925858473 0.8834944737275048 0.970450933848907 1.8203375870739702 0.6278948934003483 47 48 51 50 
0.9563025057754412 1.0377723679397786 1.0312980482373484 0.8843050404820646 1.0482512320770856 1.7947618967105279 0.5882044361205402 147 349 49 52 
0.9832575132299606 1.0325058966514185 1.0159390133263253 0.8803338894471469 1.0242982548806756 1.8526952967610744 0.7062675517487609 49 504 505 52 
0.9781203492440094 1.0413124861339917 1.0358398958364805 0.8806306889630646 1.0978643068795617 1.8274808451252562 0.6628704633590932 51 54 53 50 
0.9725718565809007 1.0523811823517253 1.0550510306880214 0.8808382773780621 1.1619345967220625 1.7982227651918063 0.6303385964928302 52 55 145 147 
0.9946445867285907 1.0387365253134053 1.0302384810524179 0.8782043809352352 1.1490119854213696 1.8498695444696907 0.737481390176613 505 506 55 52 
0.9898942940110825 1.0482129727312832 1.0500066206969716 0.8780660078585838 1.209540608933942 1.8222095167057337 0.7028610113344765 56 53 54 57 
0.9879972332925729 1.0569466151241413 1.065520241378602 0.877719764052984 1.2604383780763704 1.7944839969103044 0.678808199831431 58 143 145 55 
1.0072063745047712 1.0433834108762112 1.0454655559176846 0.876022072662344 1.2564900529105767 1.8363692859042866 0.774209895072361 55 506 426 58 
1.0054960011332212 1.0508123143988224 1.0615970418463385 0.875523776464082 1.3040511995429025 1.8103329351345923 0.7483132697971739 57 60 59 56 
1.0050754254021426 1.0562994222367978 1.0722701178525533 0.8750990284071707 1.343239907532987 1.7854506881582455 0.7290501598824468 58 61 143 
1.020950940126306 1.0440602164715853 1.0570864462828258 0.8743619204839053 1.3448661141642808 1.8176451812782812 0.8139688079547207 58 426 429 61 
1.019614990628645 1.0491906170476508 1.068344347994798 0.873857638681594 1.3809728682630094 1.7943074663617404 0.7926186701379183 60 62 59 
1.027877533533219 1.0419032212025232 1.0573183983830376 0.8735480419781342 1.415517052142876 1.7967080001788207 0.8535256435738399 429 63 61 
1.0269911421744584 1.0356815074962056 1.0274703040330346 0.8739310871254837 1.442564080125118 1.7939373026326082 0.9044211197954268 62 431 64 
1.0272771999898018 1.0333185633435082 1.013630264821552 0.8743777769708089 1.4597124159369175 1.7896776703735129 0.9445546143354686 63 65 
1.030397539438888 1.0296981500174909 1.003733610576122 0.8753709104718628 1.43517146806327 1.8044506803380471 0.969568650015733 64 431 66 
1.0345460215213578 1.0264339487690612 0.9929972673198457 0.8761548958514569 1.401507572987157 1.8210725170463022 1.0011513264300445 65 430 67 
1.0465934354401476 1.0203789024662204 0.9764699276309478 0.8775977621456502 1.3589715536000062 1.83668485763431 1.0420367146726122 66 425 68 
1.0477192555521262 1.0206058963150282 0.9655664120075191 0.8781386659431484 1.307810195213053 1.8485152109866194 1.0908278224453958 69 67 424 
1.0470904253489262 1.0221444099532824 0.9535980743744396 0.8789625052856952 1.249265266717654 1.854053162657713 1.1458371375153407 419 70 68 
1.0440639595450347 1.024574675042873 0.9419752274127994 0.8802235718842768 1.186772479580426 1.8500287548542527 1.2067545767724954 418 71 69 
1.0465423544473182 1.0282741017157413 0.9250870860858998 0.8823110469789335 1.1230025353647077 1.833737175765902 1.272437294519149 70 413 72 
1.0458769592834407 1.033419411247687 0.9094418536408394 0.8846230081867357 1.060043534281539 1.8035871223336182 1.340499941372156 73 71 412 
1.0421313073104521 1.039431005547368 0.8952175858806394 0.887078490586592 1.0007414058493151 1.7588201632202907 1.4090729533932334 72 407 74 
1.037986499883538 1.0470811854921993 0.8802376279345123 0.8901971580833038 0.9435983691412619 1.6995492156713663 1.4750917212530161 73 406 75 
1.027009845670244 1.0529883329990686 0.867727374337133 0.8935672849588487 0.8881256694886799 1.6257067390691553 1.5362758915436479 74 507 76 
1.0106273344275079 1.0543827025572605 0.858926043412069 0.8967652251068866 0.8398809287704435 1.5383832252968503 1.5913926735205748 75 509 77 
0.99846711619191 1.0577701476281314 0.8493061685716142 0.9007755202738162 0.8014015934418781 1.4385227191282646 1.638597014019414 76 511 78 
0.9880676294851906 1.061755765375274 0.840232159514693 0.9051309008189776 0.7690638739349344 1.3247841795666908 1.6750377090336346 77 513 79 
0.9767382763555035 1.0596378253711467 0.834392314212379 0.9082651075301693 0.7441659325676765 1.1984754250952538 1.6981178480656542 78 515 80 
0.965661604212428 1.0565776535502207 0.8287813006343069 0.9110641063063585 0.730457657044693 1.0629804358642083 1.7055344587735286 79 516 81 
0.9536802716587498 1.0472153458491955 0.8242669538185246 0.9117831898197529 0.7299324167129289 0.9221108501837275 1.6956751247676172 80 83 82 
0.9429117170518257 1.028644740761853 0.8204605248398937 0.909024430567491 0.7467457145130503 0.7832332028472899 1.6696207079206418 81 84 2 
0.9528520093413378 1.0406878958519024 0.8248689985631751 0.9101331833710032 0.6604016008835325 0.920378917168819 1.6742502206336416 84 81 516 85 
0.9429628518740256 1.0236380208313816 0.8203091718933035 0.9078330541862604 0.6692835071050081 0.774804470644155 1.6447086663389687 83 86 0 82 
0.9541639063803041 1.0326153023303004 0.8265822882241727 0.9080255875053674 0.5819707665958399 0.9208407704304089 1.6426185534346518 520 86 83 517 
0.9445902065639641 1.0177801390042323 0.820672928337293 0.9065133935631822 0.582927754458007 0.7741268252929265 1.610162385643401 87 84 85 88 
0.9402957754045308 0.9969197595125715 0.8143204591890402 0.9031597713966255 0.5887001520579123 0.6310075436188878 1.5554951764215628 89 540 0 86 
0.9499058691952136 1.0107460991359192 0.8245217170136233 0.9038584682151244 0.4922219339161724 0.7823802330460414 1.5640122220643198 89 86 520 523 
0.94570239828127 0.9933876989223169 0.8178765993272294 0.9014089887598915 0.4926293486345905 0.6426401937799289 1.5074491938757875 88 91 90 87 
0.9454388892185038 0.9812172398091474 0.8126772024669728 0.899490851971465 0.498534435551794 0.5130528198893914 1.4302579789847927 92 194 540 89 
0.9516098265424069 0.9889998904112044 0.8239362073042998 0.8986816390796705 0.40189589686190164 0.663317572177615 1.4491150087435205 526 92 89 523 
0.9514586810875566 0.9778293651337525 0.8192830238187577 0.8968542529324741 0.40716979295066885 0.5379532495825856 1.3725013905980625 90 91 94 93 
0.9546688888748169 0.9617181567887844 0.8122630352381509 0.8939771772253761 0.4190879245923045 0.42643797101967096 1.2784501172710445 95 191 194 92 
0.955830220060972 0.9745519019922393 0.8262555669650906 0.8942151614460806 0.3241238824882836 0.5721822005316444 1.306382247005571 539 95 92 526 
0.9583608806476482 0.9601351745264118 0.8204310701253741 0.8915734958195833 0.335942717591045 0.4661378945034695 1.2145581293331227 97 96 93 94 
0.9627301513830536 0.9492874500446543 0.8183813610027615 0.8888515741037154 0.3543384891564939 0.377018645394041 1.1088299861515352 95 98 188 191 
0.9607110549416567 0.9584904594207357 0.8285982102772003 0.8892292096149688 0.26322387427718424 0.5156409049610043 1.1457609881201274 98 95 539 372 
0.9640221083519548 0.9483533057409521 0.8273407306322694 0.8866776216632237 0.2809500705191542 0.4333975712662921 1.0437829931680722 97 100 99 96 
0.9680751833173312 0.9390852715110833 0.8286237066597311 0.8838240166804137 0.3055186906386792 0.3699408419699154 0.9314619221104927 98 101 185 188 
0.9642035884962761 0.947699094158889 0.8362580547080677 0.8846790228550357 0.21898518016099333 0.500232135617592 0.9782322796829988 98 372 370 101 
0.9671196111905694 0.9384098200344069 0.8381539747727634 0.8819298523397142 0.2419337630432155 0.4448173236995734 0.870725988572838 99 100 103 102 
0.9700779064768609 0.9293132263604403 0.8414093118872181 0.8791429843675036 0.2730336384264608 0.4074659983360478 0.7564703352250823 104 182 185 101 
0.9654683032202012 0.93853260766356 0.8471843088261397 0.8805982367653071 0.18993811014108355 0.5309100764340684 0.8135653618909315 101 370 368 104 
0.9671208451866533 0.9300116951399214 0.8501943774369638 0.8782347275710731 0.21957223695958317 0.5009329560881717 0.7045693899129739 102 103 106 105 
0.9682123201005944 0.9215437892416918 0.8544305795185257 0.8759080425109269 0.2597156172151651 0.48627755866619504 0.5929678967452947 182 104 107 179 
0.9639881810278985 0.9315993520138377 0.8583726801580739 0.8777907726600676 0.17843511156584257 0.6043699277006971 0.6594462369688148 104 368 366 107 
0.9639163532893508 0.9237953724752808 0.8622146243902199 0.8758506714560602 0.2179020357629521 0.5946096975384366 0.553797570235155 106 109 108 105 
0.9623976022754048 0.9157411590348788 0.8679271176141109 0.8739208503571891 0.2691592369804864 0.5974459923641916 0.45010785530022035 107 110 176 179 
0.9596607212355983 0.9285035687169615 0.8695334829491395 0.8763755155535589 0.1887745577022859 0.7095474640618518 0.5243208137560083 364 110 107 366 
0.9568834647929235 0.9211266890191443 0.8753104372891467 0.8747456858782758 0.23908629810665794 0.7150897890031547 0.42743301817695356 109 112 111 108 
0.9530847478128127 0.9131542073281624 0.8810044671908469 0.8731323665527487 0.30138793823973836 0.7305670829550717 0.3358107381343699 113 173 176 110 
0.9520512166134952 0.9276214980744065 0.8827599674670514 0.8757531632481829 0.22050849926520408 0.8361022600201227 0.4170089205341475 113 110 364 362 
0.9472749871157115 0.9205925782527626 0.8882300028757679 0.8743871884842325 0.2812159221355088 0.8528571814903018 0.3318625894778988 114 111 112 115 
0.9403991307231123 0.9131550881871149 0.8942891201760437 0.8730487800218997 0.3542682073061406 0.8762062990743434 0.2537291544121212 173 113 116 170 
0.9430492769950954 0.9289608341782529 0.8956505918165457 0.8759960365504978 0.2711097175341378 0.9762524885514787 0.3414911722275442 113 362 360 116 
0.9354571410850754 0.9229714369527832 0.9017069588692106 0.8749342044759114 0.34272622541819964 0.9994495430358847 0.26806605128785094 115 118 117 114 
0.924399769215142 0.9164238723909638 0.9086784430956005 0.8739529763815268 0.4269764005873022 1.0253101363578723 0.20330250926536209 119 167 170 116 
0.9330111473490548 0.9357231248011643 0.9102241844834903 0.8774839526760986 0.3406590496906018 1.1218411180376184 0.29563010405921086 119 116 360 358 
0.9213198816162059 0.9309352432715393 0.9178522160576569 0.8768497795320385 0.4241096624401682 1.1457755586742855 0.23330693818088044 118 121 120 117 
0.9083626215454639 0.9265710531524113 0.923993836450936 0.8763030252607914 0.5190614242348152 1.1686800958119319 0.18177120327167734 122 164 167 119 
0.9213368632181252 0.9448044501182595 0.9267939638289641 0.8795092875517706 0.4307805190021561 1.2633171033256727 0.2751899111329378 119 358 356 122 
0.9082451984389779 0.9427649363766853 0.9341600610508182 0.8793553053219484 0.5252230244359475 1.2825595812310782 0.22401978654247756 123 120 121 124 
0.8875615251843989 0.9413485432297911 0.9435251843304822 0.8800494767191133 0.6284004286666582 1.2979077494139462 0.18613134218775096 125 161 164 122 
0.9118321954641105 0.9585513370883315 0.9443439945699194 0.8820117125890765 0.5408300961410122 1.391521987789342 0.2764554583599351 122 356 354 125 
0.8916311451340942 0.9597949502063082 0.9556866978269632 0.8831229575049097 0.6430645159975436 1.4017430914379467 0.23712167604864873 124 127 126 123 
0.8798485745100686 0.9639194322123962 0.9619467452838689 0.8836196952167685 0.749365018830665 1.4066794845034765 0.21243214549855613 125 128 158 161 
0.8986583305164352 0.9725041841671893 0.9640847551723758 0.8847524359025088 0.6663485452605455 1.4988451989825906 0.2966943777496168 128 125 354 352 
0.8882163447722585 0.9781458245673653 0.9720118092228573 0.8854248320535032 0.7701615105518191 1.4975862521814767 0.2688419419972855 127 130 129 126 
0.8695046941533904 0.987519691061762 0.9824980047940953 0.8871990535380948 0.871628950151608 1.491090233002085 0.25546703212627353 131 155 158 128 
0.9009430427879821 0.9939743762896155 0.9846952770487603 0.8869417657699903 0.7980389103321318 1.5808604458251967 0.33197913646025073 131 128 352 350 
0.884693353933018 1.0043197161288675 0.9972158532673079 0.8887874487410226 0.8947842252236768 1.567909876092937 0.31349101244953 129 130 133 132 
0.8653279338774219 1.0191763959355509 1.01028469957788 0.89122735237246 0.9829346069762968 1.5510570250937175 0.30757604792983956 134 152 155 131 
0.9029345330027649 1.0187993536619555 1.0121121731969616 0.8899387811439289 0.9244196524184151 1.6375958626539235 0.3764570776581894 131 350 348 134 
0.8861580469904308 1.0324097819685392 1.025748391978775 0.8920367014282778 1.0067496215509877 1.6150067892348166 0.3638035179448179 135 132 133 136 
0.8600642564807995 1.0522258854657034 1.0399078502148706 0.8952424143646701 1.076909019293674 1.5906597372810658 0.3603120354748776 134 137 148 152 
0.9059883826312543 1.0399054697993957 1.0353059413973147 0.8909419336196917 1.0372378353363112 1.672469263300468 0.4246635606105849 134 348 146 137 
0.8855178374788396 1.057834327054097 1.0501513389701664 0.8931205778404151 1.1014152653599278 1.643631053791861 0.4136020805247955 138 135 136 139 
0.8778136362512851 1.0728360836156798 1.0632511626369419 0.8952883377439096 1.153834714180107 1.6143534689577927 0.4074651573932466 148 137 140 
0.9135170066814792 1.062329950071521 1.059523423850831 0.8896285224974996 1.1335001028687879 1.6916543027691489 0.47283288244985316 144 140 137 146 
0.9105040972868479 1.0748910601579944 1.0725275835353871 0.8906596300667035 1.1813432744913945 1.6603519404539688 0.460283878715407 141 138 139 
0.9412190863058756 1.0726385725932672 1.0766199572873927 0.8854499496669063 1.218282132050901 1.7037395093323486 0.5232449473166518 142 140 144 
0.9704580138695997 1.0716431013867918 1.0831980473561753 0.8806122944719054 1.2612547873432969 1.7414889388580828 0.5938179783763158 141 145 143 
0.9886252775713394 1.0631420776764429 1.0762374513802948 0.8773776180031455 1.3036535653141954 1.7687966493060157 0.6634767341572568 142 56 59 
0.9407122680259051 1.0628387269259756 1.064330239653167 0.8852846020533616 1.1722658183081003 1.7338325445304072 0.5380685334456026 141 139 147 145 
0.9694866399834704 1.063725669034615 1.071608873492917 0.8807435040100636 1.2156828699557116 1.7687935684739269 0.6078325936189095 142 144 53 56 
0.9269795567789156 1.0463842310207143 1.043827647748479 0.8884353853535446 1.0740195729016957 1.7226921357922858 0.48992684189098173 139 136 349 147 
0.9478236633350285 1.0493400659356782 1.0482613719124396 0.8849560895638262 1.1160819560511186 1.7648007895449962 0.5588787099115458 146 50 53 144 
0.8499884146181979 1.0684338387022294 1.052522034871592 0.8983915644301843 1.136081420770806 1.5663270754223522 0.3630245371018086 149 135 138 
0.8273909868313799 1.056700853402444 1.0354238270159715 0.8985919661517445 1.1264587008928273 1.5149602832778284 0.32420953326671537 150 152 148 
0.8109213319419422 1.0383037819034633 1.015064285629586 0.8968541389629087 1.1192191724977836 1.4552174065836974 0.28517505780184205 149 347 151 
0.8147379633683896 1.0226779952924077 1.0037670889063195 0.8939719780843501 1.048113404337312 1.468629084558171 0.26712953425583597 150 153 155 152 
0.8357626400148367 1.0404232822137784 1.023442274459367 0.8952116285471782 1.0597387443108879 1.5327967435827077 0.31214518679176617 151 132 135 149 
0.7974952834508772 1.0004614154665392 0.9831688977500255 0.8917935383617291 1.0417284888022387 1.3979450178517894 0.22546022393563134 154 151 347 346 
0.8333268695655179 0.9833125793421491 0.9776926165859338 0.8876129185495154 0.9537448743714149 1.4041356856431157 0.20838834510599197 153 156 158 155 
0.8467843465612109 1.0019345754279556 0.9933538146568337 0.8897164733184234 0.965559991176872 1.4809042345670949 0.25576432916832226 154 129 132 151 
0.8265575409423457 0.9546512956295709 0.9567670778038242 0.8827929931866255 0.9462326976822641 1.320913185293716 0.16554092866979497 154 346 233 157 
0.853317242943682 0.9466476028395547 0.9528642788627003 0.881123896514132 0.8435388335344932 1.316773606850745 0.1567474815560262 161 158 156 159 
0.859015273036001 0.9713515174458142 0.9701328973306129 0.8852413916409495 0.85461266950001 1.4072155736345842 0.20306046024112173 157 126 129 154 
0.8534557308424813 0.9187296812050453 0.9359652257880865 0.8762345709640605 0.8393711216780528 1.221361218893321 0.11718243890404569 157 233 237 160 
0.8752508717670947 0.9196762206995552 0.9336685469337657 0.875964031523037 0.7312112581477572 1.206897005353429 0.12255412282824066 161 159 162 164 
0.8750591164167288 0.9426863587384463 0.9476114853448423 0.8800887516550854 0.7361447950264253 1.309204284622755 0.16349523638145985 126 157 160 123 
0.8803472283833389 0.8965283674168973 0.921298099507702 0.8716718664384077 0.7349092468143847 1.101675112234028 0.09040464842770535 160 237 240 163 
0.8925126518392941 0.9022336784776869 0.9203891230206982 0.8726273860944334 0.6264844166523407 1.0778041892102337 0.11214931150530266 162 165 167 164 
0.8878913808850306 0.9219694742848676 0.9315665836060609 0.8764592601951257 0.6228155232537083 1.1892713824012617 0.1442496873727522 160 163 120 123 
0.9005134788190964 0.8861727508456788 0.912194157924347 0.8697180124065944 0.6392211233248686 0.965489123085965 0.09048610705812528 243 166 163 240 
0.9187844715013026 0.8963755858980239 0.9063030045290159 0.8705286403612829 0.5353212587807613 0.9345477619273074 0.1301637657725483 167 165 168 170 
0.9120986112939572 0.9098390188334429 0.91402248114848 0.873013605613092 0.5224561172311373 1.0519768845362107 0.1503182938739323 166 117 120 163 
0.9276961213226969 0.8845226626180708 0.8999451758003949 0.8685126092040706 0.5574246417321257 0.8184376661646879 0.1215569623280999 166 243 246 169 
0.9381394844271767 0.8948653907234206 0.8943821695088556 0.8699874723801604 0.4615491926573642 0.78444469827662 0.17994956538680043 168 171 173 170 
0.9302211604936732 0.9049454411474409 0.9011068000163186 0.871766053467227 0.43944390669455774 0.9041408734401415 0.18551311566870818 166 169 114 117 
0.9473100295634699 0.8865139280324037 0.8881169568904205 0.8682146794001114 0.49318488268176897 0.6684055955965408 0.18612918558317643 169 246 249 172 
0.95500587922503 0.8973844514141065 0.880714195540187 0.8701007868380181 0.4072794873929687 0.6363411292886322 0.26298091482062624 171 174 176 173 
0.9471800840388969 0.9045283530366917 0.8873604369545515 0.8715416460950987 0.3756964052702077 0.7543872837661634 0.25231325431886564 172 111 114 169 
0.9632621014724682 0.892722206403122 0.8741183642912174 0.8688846920558054 0.4490678991940086 0.5245111921602152 0.28459304525533485 252 175 172 249 
0.9666929408861182 0.9032814507677895 0.8667658612853142 0.87123471274572 0.37447648553012225 0.4997300281370365 0.3789921497045702 174 177 179 176 
0.9597608796289268 0.9069790201169533 0.8739216575279818 0.8720018351635448 0.3323618295209843 0.6119393097523055 0.35204229322697594 111 172 175 108 
0.9738690600181387 0.9009555638422834 0.8593700327225365 0.8707757977823708 0.4273259823454616 0.39667350044175964 0.41484800398776794 178 175 252 255 
0.9737638465481976 0.9110153383220454 0.8524243231347137 0.8735780710855044 0.36493721412758595 0.3847305877570937 0.5241218302673077 177 180 182 179 
0.9680260153501516 0.9128060516173331 0.8603410670519948 0.8735748404094138 0.3112589749095421 0.4863160438166169 0.4830565848431837 178 105 108 175 
0.9791178936897579 0.9111076958554383 0.8438278879918398 0.8742689061386015 0.4287506228963475 0.29525960890437014 0.5709812247406557 255 258 181 178 
0.9762759152591044 0.9207680838903896 0.8369717489056386 0.8775718483890133 0.37829209531527735 0.30158232327698253 0.690747708418927 183 185 182 180 
0.9725014855243049 0.9203011240203993 0.8461326256749646 0.8763693673881124 0.3136677318970109 0.38776819888031383 0.6394665090232986 181 102 105 178 
0.979849701364087 0.9209814364470061 0.8273888655907742 0.8788135627576379 0.45132078151611843 0.2293881655932406 0.7441648283203685 181 258 261 184 
0.9741663336969115 0.9302884203277217 0.8220739670037002 0.8823930120505508 0.41132890678368794 0.25818483642092593 0.8694243523820806 183 186 188 185 
0.9723874309829574 0.9299623701780247 0.8318387539991663 0.8807620606420267 0.3375933617815939 0.32609318712487617 0.8124040129073062 102 181 184 99 
0.9749106793251188 0.9308948439407772 0.8118209059239393 0.8842784767362039 0.491361547152633 0.20452230448251785 0.9246349019890558 184 261 264 187 
0.9671521684805611 0.940164467879016 0.8091228800245942 0.8878718181458345 0.46077122083643435 0.2578100852683335 1.0504390594853252 186 189 191 188 
0.9681954540228064 0.9396029863093307 0.8190378772315448 0.8857685579606484 0.37932042869345073 0.3073319804999025 0.9924550041530862 184 187 96 99 
0.9648063131994106 0.9404392928500246 0.7991004828256356 0.8899531891926079 0.5459558259016717 0.22168375850497124 1.1026056461944627 187 264 267 190 
0.9560647327882311 0.9508556130046548 0.8002357644872391 0.8933689374839807 0.5249474487414638 0.29937032118734985 1.223948735085512 189 192 194 191 
0.9601534162463228 0.95019554172583 0.8092889393913535 0.8911264753493479 0.436904285743263 0.3321518631999093 1.1698836564231279 190 93 96 187 
0.9524558061294373 0.9497192181623377 0.7930392581794469 0.8945692082818414 0.6133177044485358 0.27825772137132554 1.2688886729564524 193 190 267 195 
0.9446397907018467 0.9627703125422384 0.7985699467995684 0.8975374914086813 0.6029491100226051 0.37891358477093634 1.3811200159710784 196 540 194 192 
0.9493570497876933 0.9631067826733097 0.8042497959445445 0.8963438929055019 0.5095222160398722 0.39742272606140483 1.3346637062300535 93 190 193 90 
0.9531296662979292 0.9460408395796682 0.7892665115847062 0.8940506311321869 0.6963068290079781 0.2671816478031719 1.30419375193848 192 266 197 196 
0.9449006494840574 0.9599431782106574 0.7969722232360423 0.8967624041600574 0.6934564478891309 0.3691252938922728 1.4164429494449078 195 198 3 193 
0.928072267475217 0.9504244514860781 0.7779296196963835 0.8984429741201119 0.7709892511504817 0.2649282935993461 1.3308978723988982 195 269 199 198 
0.9155134368274266 0.9666424226568717 0.7868211755816431 0.9020637276889752 0.7765555487600886 0.3660558683844177 1.4398197142772977 4 196 197 200 
0.9503627383017024 0.9419255842518677 0.7781440838869852 0.8951866553248566 0.8380419267349783 0.26803855725000286 1.3509965874318313 197 203 200 
0.9391159958446349 0.9573783927147183 0.7878178407764733 0.898098746220255 0.8513457463303921 0.36629257688595446 1.4536403969059757 199 201 198 
0.9329333321854821 0.9814817980680202 0.8013494496257754 0.9017293308068512 0.872589997047386 0.4629722984900061 1.5333515856995814 202 4 200 
0.9395461088745793 1.0082528788849734 0.8147743434577558 0.9052168900772647 0.8899828987872066 0.5425051107161041 1.5874535642821015 1 201 
0.9635461074597292 0.9310564502382256 0.7712733092695875 0.8922820024397642 0.8377542147328823 0.18367484846868593 1.2359719988014228 199 269 204 
0.9767632071046665 0.9249499926949318 0.7699839003019603 0.8893933134067816 0.8526131190041822 0.1192003978005895 1.1180915301038967 203 268 205 
0.9888239428250735 0.921192853377179 0.7729979206833688 0.8864829597561764 0.8814739736155079 0.07441036024820842 1.0021194171268524 204 270 206 
0.9976329097752177 0.9187134394720419 0.7810671180748145 0.8834351670504994 0.9226878431284484 0.048010285256968106 0.8913156331179234 205 272 207 
1.0051817882969354 0.9159400650920974 0.7879582137620429 0.8807030547473284 0.9716605996512737 0.03847205271687777 0.7852727064771738 206 345 208 
1.0096384669536569 0.9117489823588608 0.7997596266794964 0.877376737440984 1.0243323453951376 0.04448939700285603 0.6847752521160015 207 322 209 
1.0132755825900897 0.9054432238175115 0.8133459245558771 0.8736670564750996 1.0795280705042956 0.06453478744987386 0.5940875378197512 208 321 210 
1.0160706693544113 0.8969102450260532 0.8279889314485759 0.8698408535353982 1.1376848340653776 0.09567560869176947 0.5170829645400721 209 324 211 
1.017354151922747 0.8867927022406312 0.8418093286080323 0.8661806148410199 1.200856112246871 0.13461108530268792 0.45722920755132407 212 210 325 
1.0145783965265878 0.8749821208164426 0.8543000486029123 0.863052823273333 1.265608410276428 0.17828268697080535 0.4140341060181615 211 327 213 
1.0101828108513868 0.8602724724573325 0.8659944927568681 0.8595544439672043 1.322968466554999 0.22258513048922027 0.3839615912681107 212 343 214 
1.0063794220722362 0.8432605802805798 0.8767228803069103 0.8554320655872896 1.3699074159492057 0.2636891454841009 0.3646403440675238 213 342 215 
1.0043917528415678 0.8275407227429208 0.8849756423385535 0.8513592865351292 1.4074919803860946 0.29939276456226266 0.3535956187502896 214 341 216 
1.0024200651193822 0.8121511162401087 0.8912033544752562 0.8472163110746246 1.434290241240388 0.32885845066847363 0.34618797968024845 217 215 
1.0010480589766833 0.7966628066147575 0.8979108797171711 0.8438472639472052 1.422551526446499 0.35529760611408523 0.3160875838833671 216 341 218 
0.9988470165727436 0.7778060032213745 0.9043618658350385 0.840123211934581 1.4004447385326133 0.38826375819174086 0.27888474393620855 217 338 219 
0.9958955750741683 0.7576033332538398 0.909253993915932 0.8365422403079127 1.3731027740333248 0.432388680986751 0.23866330423347434 218 340 220 
0.9866878269749703 0.7434306853438636 0.9077128733324722 0.8343244956635858 1.3442412546553502 0.48925996937487054 0.19988358157379424 219 335 221 
0.9737292098344017 0.7355053429405032 0.9034300641298496 0.8339708653949452 1.3122533542245882 0.5553154233033777 0.16495308386882726 220 337 222 
0.9568344853017544 0.7294487940763607 0.8980833405025601 0.8348061973121229 1.2762529367801907 0.6266944496394862 0.13585480669558683 221 344 223 
0.9359801606388125 0.7269487965054271 0.8923667379297028 0.8371458292511914 1.2409582864145334 0.7032211972383782 0.11538446578198114 224 222 304 
0.905366636327542 0.7407252059012451 0.887254545377863 0.843323728092371 1.2064902120120673 0.7808980105486596 0.10276145138991126 223 301 225 
0.8743822342663577 0.7565015009093126 0.8836023460011324 0.8495755925029843 1.1739739812675754 0.8573909746208052 0.09713869294460414 224 303 226 
0.8422907953627605 0.7804733926928513 0.8824545037387911 0.8562411951420378 1.1471731878763556 0.9339939940223249 0.0992232146805816 298 227 225 
0.8129759488801895 0.8087885797770467 0.8837926159590817 0.8620868240008221 1.128761511077633 1.0116723649557386 0.10977038974438091 300 228 226 
0.7859255969541066 0.8452007357573237 0.8895601491350443 0.8678602832909195 1.1202169332252954 1.0908388525861366 0.1295117055951904 227 230 229 
0.7610519014033236 0.889253307932102 0.9026664578677525 0.8757219775224304 1.1192252818530821 1.1685004802651324 0.15622983294264556 231 5 228 
0.8141675875996112 0.8512172085189116 0.8999050967581479 0.8663933111920671 1.0430660367384135 1.071277149400276 0.09629020804640083 228 300 235 231 
0.800115277521616 0.8872954388179217 0.9127795978694151 0.8718711344455454 1.0383587298059072 1.1563658931129903 0.12106804895090434 232 234 229 230 
0.8342066195634922 0.8873982826981739 0.9191362537757618 0.8709967027656147 0.9453026522676692 1.1411978206856956 0.09636902233506627 233 231 235 237 
0.8272627005496864 0.9205351180327076 0.9358582203913899 0.8768136893655524 0.9431414599438076 1.2326076888732282 0.12777689459773994 232 159 156 234 
0.7921411653838415 0.9265133684646163 0.9325393396578915 0.8788127856678902 1.0398100623310962 1.2405757266785649 0.1528871407586515 233 346 5 231 
0.8459256809503274 0.8585829725386144 0.9084213132259734 0.8666247668198848 0.9535568706985238 1.0487357982813816 0.07265132181625664 232 230 299 236 
0.8693028205056086 0.8676332402977027 0.9123511675745494 0.8675795445877964 0.85344642945008 1.0233967978135374 0.06226469097781348 235 238 240 237 
0.8592498375465167 0.8909847448450136 0.9217008136456376 0.8712748725146563 0.8427467596314133 1.1229277921679708 0.08537438799336995 236 162 159 232 
0.8823344129415455 0.8481425487618095 0.90661089488473 0.8647344675331777 0.8714241778709567 0.9243896173853017 0.048484564931730395 236 299 296 239 
0.9004946040271277 0.8609814110266674 0.9069412314801292 0.865956688400678 0.7669829311918751 0.8899851134156622 0.05541491985009802 240 238 241 243 
0.8891205905799989 0.8774158236298206 0.9127941984262881 0.8684696455813739 0.7469792672719171 0.9954549665115551 0.06784796114675028 162 236 239 165 
0.9134670422290601 0.8469541124982898 0.9025233442896369 0.8632741203074793 0.7944882627204148 0.7868163136108712 0.053160755797735965 239 296 293 242 
0.9234591292340171 0.8603348059723761 0.9005697740332352 0.864866999868379 0.6901670912568215 0.7458104983608084 0.07967100085278657 241 244 246 243 
0.911114096693617 0.8721468301260922 0.9058827011741043 0.8673566929501074 0.6606111431430273 0.8542191369163898 0.07968048516063547 239 242 168 165 
0.9372435142430816 0.8510404073640936 0.8956860211474915 0.8620839749417825 0.7274312651057998 0.6420116955657388 0.09009546096978704 290 245 242 293 
0.9492132918757362 0.8671775605635981 0.8890424011214919 0.8642707027134664 0.6278465995770983 0.5982109672345176 0.13776210014918439 246 244 247 249 
0.9379938831954403 0.8746078585198277 0.894335342192637 0.8664415723817904 0.588402218355651 0.7056658405417069 0.12426791815783116 245 171 168 242 
0.9609675852301864 0.8624022421521569 0.8839096457894435 0.8622865632887985 0.6751999257147919 0.497974878713593 0.16124667349570226 245 290 287 248 
0.96734889879811 0.8769395327367918 0.8759618758164928 0.8650578018004692 0.5838598367734809 0.45601856830691606 0.23028659764174284 247 250 252 249 
0.9571275517765444 0.8806552210782953 0.8820276547160972 0.8665159401911218 0.53412614644745 0.5582179566108594 0.2032659664565184 245 248 174 171 
0.9779112793784895 0.8750113564927234 0.8696993767105297 0.8639112641944371 0.6413884776987514 0.36377367110625325 0.2658083858961047 248 287 284 251 
0.9805643044894244 0.8886532896764677 0.8602909899178993 0.8674460407465896 0.5607918744991347 0.328965102815992 0.3546795532055186 250 253 255 252 
0.9718693471962532 0.8897623807421892 0.867391079122085 0.8679391492107555 0.5006174625412165 0.42131655073931623 0.31572556348749925 251 177 174 248 
0.989124962715901 0.889091809114419 0.8528268572377433 0.8675092604859552 0.6277501163569882 0.2492366719537365 0.3995677688827798 281 254 251 284 
0.9879193275622898 0.9008439991772107 0.8430290596915045 0.8713522666928958 0.5592023311775333 0.2271738107695463 0.5050343723439513 253 256 258 255 
0.9808828872139606 0.9005329884029658 0.8514361215544952 0.8709022784915531 0.48961186594623096 0.30520749633357186 0.4575804059353988 254 180 177 251 
0.9940512350432965 0.9026399265607657 0.8340512368826517 0.8724496563690061 0.6332869080558639 0.16363117429259935 0.5550247533460766 257 254 281 278 
0.9888449392536848 0.9126219263893198 0.8251328107054386 0.8764588015780648 0.5768146599902638 0.1590658687560579 0.6725492616566563 258 256 259 261 
0.984441531097268 0.9113192051723888 0.8347809040355856 0.8751024675243573 0.500384524169603 0.21972420791491637 0.6212359894072972 257 183 180 254 
0.9920902630103962 0.9145463746847455 0.81496769615654 0.8781793848156382 0.6546161246223323 0.1132983958813299 0.7228613695088866 260 257 278 275 
0.984088091142162 0.9228750166760736 0.806479559376561 0.882264433662083 0.6097993180377093 0.1294768091996001 0.8475679572460001 259 262 264 261 
0.9825059602334988 0.9218397267454466 0.8171498373844549 0.8804431292140696 0.5297016242046897 0.17202638350991162 0.797158848626925 260 186 183 257 
0.9851183087152677 0.9232627422557904 0.7961394193548568 0.8838618587663671 0.6877578399744462 0.10067671575549532 0.8938827215082401 260 275 271 263 
0.9740844343190446 0.9306079878957504 0.7916187720195028 0.8876067217245648 0.6544159460464221 0.13927021144725987 1.0207355730087833 264 262 265 267 
0.9745177584033741 0.9313627121932299 0.8013218364177891 0.8862135425243332 0.5738610644886832 0.16519645514643266 0.9755948458016208 263 189 186 260 
0.9757257397800979 0.9281418516297215 0.7842204669736103 0.888019095860825 0.7289353608235403 0.12466500169578744 1.059492845072002 263 271 268 266 
0.9641353017187809 0.9354180184264012 0.7844989587496015 0.8910774849898658 0.7077533998735581 0.18569877059756554 1.1837806745962536 265 269 195 267 
0.9627878262158263 0.9390461040053103 0.7903728046277942 0.8912003291577737 0.6299019328550173 0.19827613907104652 1.1471539641947086 266 192 189 263 
0.9646186473196495 0.9292763137210343 0.7726126325520607 0.8903678468757252 0.7949270914613826 0.1190854006359798 1.091748998600316 265 270 204 269 
0.9457304795810098 0.9377048521734273 0.7724008765810022 0.8943899041572676 0.776856285083569 0.18199775112912753 1.2129740359969976 197 266 268 203 
0.9808635824119476 0.9235235672456482 0.7766804075186271 0.8866764866248957 0.8247520440074292 0.07582697359662759 0.9713566009333319 271 272 205 268 
0.9867978085365748 0.9224661104938112 0.7875110452015558 0.8848314326036092 0.7601454268483661 0.08356806478590612 0.9352891152301595 265 262 273 270 
0.9922780331820134 0.9194792118030792 0.7852757159263355 0.8831709400680466 0.865137072801746 0.05121964834039894 0.8548809264439403 206 270 273 345 
0.9955668186098658 0.9176542459538266 0.7954252571309761 0.8814531417535025 0.8010673381742252 0.06145651069250844 0.8146972142389454 271 275 274 272 
1.0038176335524929 0.912153543949119 0.8040170385465244 0.8780434251934858 0.8509982049616776 0.056815122020761964 0.7010438117278124 276 323 345 273 
0.9942010806378376 0.9164460087930321 0.8047051202318221 0.8799783053960645 0.7303346415641132 0.08140246970126869 0.7705726803216647 273 262 259 276 
1.0024182754214985 0.9088758764731442 0.8142043152899029 0.8760675689900833 0.782111361091742 0.07971730136981822 0.6545727074896752 275 278 277 274 
1.0077353664998094 0.8997181423249887 0.8269689245549727 0.8718290444754289 0.8424790397627492 0.09352417160556942 0.5492084413263049 279 320 323 276 
0.9989886246546832 0.9054887760132303 0.8244143230882901 0.874085813248792 0.7086625793819421 0.11475412896960016 0.6054743712859656 276 259 256 279 
1.003111792486555 0.8950064042862463 0.8363800334562663 0.8697952898014214 0.7716168131909438 0.13157085497556176 0.49893518435240314 277 278 281 280 
1.004847387665827 0.882695156103665 0.8491393380383875 0.8654106019945434 0.8423645526115604 0.16134046165704374 0.40613845318009695 282 317 320 279 
0.9967378543819799 0.8913356818344125 0.8449337027516379 0.8683140520039397 0.6990095927660442 0.18330291071240287 0.448361073877076 253 282 279 256 
0.9970477713167948 0.8783064201829787 0.8564818719097 0.8641163393798641 0.7730509907837935 0.21547450792119333 0.35572632472825383 280 281 284 283 
0.9960014055462056 0.8633460732598444 0.8676632143906303 0.8600053853457168 0.8535585855035235 0.2572746608334331 0.2794728116996952 317 282 285 314 
0.9879861204927495 0.875639158525178 0.8632245502895319 0.8636070784148634 0.7051635606688144 0.28317044617081283 0.30823290864480624 285 282 253 250 
0.9852265156417714 0.8602157860896074 0.8732686194645057 0.859782108028804 0.7896382112931074 0.3260388965155656 0.2335570463294683 284 287 286 283 
0.9815620310500117 0.8422681564390306 0.8823098447117327 0.8558352744258584 0.8785340581838249 0.374872603150342 0.17700531261794572 285 288 311 314 
0.9735106057521701 0.8593867166291498 0.8786684324158036 0.8604475493800275 0.7295707136792955 0.40671816768729 0.19361356372676275 247 288 285 250 
0.9674479215271035 0.8409329981130124 0.8867174639688165 0.8568362346274018 0.8226258323029954 0.45496587292552465 0.13969876680784826 286 287 290 289 
0.9610698361083831 0.8203803592989959 0.8930511577830756 0.8534787294120979 0.9171883993721872 0.5059577995163623 0.10439680547143634 288 291 308 311 
0.9517648730516877 0.845059638243115 0.8911524573679943 0.8594460265858399 0.7718588072443706 0.5445252413565915 0.11039191748048945 288 247 244 291 
0.9435908006901332 0.8268551626747133 0.8957635234393151 0.8568916405265519 0.8702682434144186 0.5932945961922023 0.07815057384213463 290 293 292 289 
0.9320386108894112 0.8063991158365309 0.8979555499504662 0.8540144793592561 0.9663461187019928 0.642392258379001 0.06367962656537796 291 294 302 308 
0.9280748448402064 0.8350571732833678 0.8988117099802021 0.8600756549758055 0.8290908057662874 0.6874167768838988 0.06085776137895384 294 291 244 241 
0.9140930319919596 0.8170111682220608 0.8998086630471622 0.8578874920265935 0.9283609630235088 0.732689314153549 0.04932605107734178 293 296 295 292 
0.8983422072291571 0.7974722745955861 0.897040458842273 0.8551764611754555 1.020854975494965 0.7766814657629586 0.0536892549099149 294 297 303 302 
0.8971594677078288 0.8317197076495217 0.9027376986123589 0.8616801413271227 0.8965117108419133 0.8271087656855136 0.044205090332159094 238 297 294 241 
0.8783146836573669 0.815450503963655 0.8991609274119958 0.8597071355547029 0.9914389172498216 0.8656402162889235 0.05114132044765765 296 299 298 295 
0.8540402656325855 0.7971825844605237 0.8904627615317284 0.8576067520605929 1.0754281695002117 0.9015510642450096 0.07088305137205653 226 303 297 300 
0.8610606131875063 0.8349216076475723 0.902544478379207 0.863290482765149 0.9688771855152003 0.956600700754247 0.05746596505950609 297 238 235 300 
0.83249972316395 0.8212881043458975 0.8933894318216081 0.862160066465543 1.0552177709116906 0.9859839255826666 0.07933114855652672 299 230 227 298 
0.9059462909405077 0.7598363373964026 0.8909061260544421 0.8463879121339699 1.1364654563842302 0.7369497633010517 0.07930813291247667 303 224 304 302 
0.9194227130227985 0.7842323001419786 0.8965034284662923 0.8505335364854836 1.056092688559944 0.690543997714125 0.06504146469938672 295 301 305 292 
0.8795640599864619 0.7753162696318302 0.8895276510280642 0.8519662854797042 1.103131609089247 0.8185503970778536 0.07096352909225878 295 298 225 301 
0.9349187490505724 0.7457674304615657 0.8941631623898725 0.8404019847946044 1.173282411934624 0.6570948958218442 0.09564378988860432 301 223 344 305 
0.9434104990791942 0.7719076368777631 0.8973036695171431 0.8452734823438725 1.0958294507889572 0.6083330162395993 0.08490464114589737 304 306 308 302 
0.9617064762420212 0.7723588603783074 0.898814383702404 0.8431329604683326 1.1385560153744056 0.5314848698921848 0.11313867741919827 305 344 336 307 
0.9694192155740502 0.7977281983073852 0.8963171712685278 0.8478608362973686 1.0564575734741455 0.47974352496819084 0.11828777723302122 306 309 311 308 
0.9525009242383964 0.7970353740613833 0.8969053533656003 0.8496584957587593 1.0094960974502412 0.5575981332699091 0.08681331397858286 307 289 292 305 
0.9850231061915825 0.8016822231629677 0.8959181246306439 0.8472123415831637 1.1056568140584 0.41036738606839274 0.15727051911936388 310 307 336 333 
0.99089689131799 0.8257124458062284 0.8878624280389985 0.8518141420332744 1.0230513566335488 0.3575905395322077 0.18049231048879882 309 312 314 311 
0.9764754709519483 0.821516842325598 0.8904653762172106 0.8520992975915392 0.9686416743281578 0.42690106557510693 0.13887643369411382 310 286 289 307 
1.0036505620547755 0.8329899106200347 0.8846891976403386 0.8527965959585936 1.0784277949549639 0.299326785380886 0.22719324497781448 310 333 330 313 
1.0057727812118111 0.8524687633074884 0.8729694804612315 0.856917788321244 0.9985784353487126 0.24837860825925787 0.2694495175555692 312 315 317 314 
0.9944861343379482 0.8461693083110202 0.8778695913477086 0.8558410370717195 0.9379212882832594 0.305648044945133 0.22095591764464223 310 313 283 286 
1.0142568037721185 0.8610689814606239 0.8668648265868002 0.8590432841271809 1.0578473871154228 0.20358879640095345 0.3198332663845308 313 330 326 316 
1.012888508400241 0.8756742119324253 0.8541914210339262 0.8631722296000987 0.9827938023620323 0.15834364532343054 0.38025648121733635 315 318 320 317 
1.0055340208278813 0.8685648817526929 0.8614691466891529 0.861148520769252 0.9189037776670083 0.2013080930409757 0.32922132343449134 280 283 313 316 
1.0141650050240967 0.8851145324221552 0.843966937289291 0.8660720452256738 1.0421730110097691 0.12778523341074677 0.42997654624087617 326 324 319 316 
1.0120129828544413 0.8959092444700151 0.8304527768017003 0.870052915857179 0.9733685380794536 0.09231021042890475 0.5064513997862856 318 321 323 320 
1.0107805606648492 0.8885354891239392 0.8407989631286481 0.8674134122997498 0.9100958091738345 0.12061535289716024 0.45712061803499904 280 316 319 277 
1.011252503473765 0.9020739905363997 0.8199768874912882 0.8723409952084258 1.0300542420210699 0.07452696098174988 0.5523622113055533 319 324 209 322 
1.007564789879983 0.9096831526310558 0.8060598690082621 0.8762876671585029 0.9694718966226662 0.05227912802252007 0.6426344979022548 321 208 345 323 
1.0089898043438885 0.9050699511285267 0.8166056106018347 0.8741785273373576 0.908941099023624 0.06777808269884684 0.5974538178509782 322 274 277 319 
1.0139013638346974 0.8926299116922933 0.834048263074319 0.8684542167707956 1.0942804459187623 0.10788632031655493 0.4760085723107903 318 325 210 321 
1.0151888689451325 0.8816312919811513 0.8473768462149565 0.8647277755233281 1.1609555504430673 0.14905328379878022 0.4155394127234109 324 326 327 211 
1.0152044968585305 0.8727801688065092 0.8567160638966949 0.8622331120561529 1.1128419091614963 0.1710179001718066 0.36935819908814516 318 315 328 325 
1.013464344102235 0.8686994016807678 0.8601018439540931 0.8613882053916725 1.227156657067651 0.1945728344975512 0.3712942370171241 328 343 212 325 
1.0137065213166274 0.857993777610778 0.869449285405261 0.8586315458388243 1.1825824055131058 0.21847672091794115 0.3251111284417921 327 326 330 329 
1.0088486044830918 0.8380996056169424 0.8818815458310145 0.8540593095519239 1.2484249835388754 0.266625559225561 0.2966254314895815 339 343 328 331 
1.0131817172258848 0.8433221796642815 0.8799032261415998 0.8550561539761337 1.1324138599635893 0.25293614329207814 0.2763051573146145 328 315 312 331 
1.0084199018672957 0.8206670077484866 0.8920292092035218 0.850224228643765 1.2036621415690791 0.3030236742815273 0.24911869549230767 330 333 332 329 
1.002197323190429 0.7958328855212394 0.900888082159119 0.8448486886823624 1.2687690449994824 0.35080113999447954 0.23625911457441595 331 334 340 339 
0.9987126731457163 0.8091621644004632 0.8950333611681252 0.8479612561143105 1.1553968177090035 0.35106991681531396 0.20176557610439014 312 309 334 331 
0.9923565008034306 0.7834095529380927 0.902034575225619 0.8426483155402394 1.2265602681323649 0.4009095437706885 0.19110145836926207 332 333 336 335 
0.9877837474545516 0.7596793433486622 0.9056685634950545 0.837553683968421 1.2897274891822281 0.44705129989502945 0.1918032437881235 220 340 334 337 
0.9781802459860419 0.7760544244801366 0.9006274930035674 0.8421644016318531 1.1826280581758843 0.4616905805042517 0.1491805994172028 309 306 337 334 
0.9731717564637952 0.7519487914448318 0.9021773835574025 0.8371521120057586 1.2517267849638025 0.5101078066508863 0.152993537261611 336 344 221 335 
1.000778715524211 0.7942283120011637 0.8996652057944869 0.843763677101725 1.3582363950901155 0.3528091527995562 0.2772370848200377 339 340 218 341 
1.0037549069852452 0.8154665633199153 0.8921521590801014 0.84880588842013 1.3075383484824072 0.3121800396359641 0.28180453090045243 329 332 338 342 
0.9978862637754603 0.7734312575857715 0.906246602797649 0.8398408165827569 1.3255072737391906 0.3940619729569428 0.23420161341735127 338 332 335 219 
1.002880202437872 0.8129814784686431 0.891919714357003 0.8477677886547715 1.3860114272152622 0.3223600251589412 0.31763296925639095 338 217 215 342 
1.0051218380453522 0.8317511728735918 0.8834660960049285 0.8524882259688178 1.3415468357803793 0.2841530764058764 0.32505196061591296 341 214 343 339 
1.0091534567970841 0.8514553102213275 0.872562237620845 0.8572572201730554 1.2883876377511536 0.24078081346667957 0.3419185055084769 342 213 327 329 
0.9555791494952929 0.7472677327387663 0.898157769157228 0.8381318926594163 1.2121931596611089 0.5807304491372118 0.12026828517773128 222 337 306 304 
1.0018007857193445 0.9152805652049009 0.7934114794540982 0.879965657583331 0.9139748089668861 0.04388885147585987 0.7444285364774467 274 322 207 272 
0.7894678082933229 0.9669163884728508 0.9575514000483007 0.8861939987352976 1.0409567030114286 1.3217935660062416 0.18811000035263334 156 153 7 234 
0.7949635686072825 1.0139647447582743 0.991897946744024 0.8940551012543042 1.1152997715693906 1.3889430751412195 0.24794619340570975 150 7 153 
0.920393314833974 1.0274491789575608 1.0212770625912093 0.8893100182238312 0.9603483778070321 1.6992979067985217 0.4438155728079843 349 136 133 351 
0.938463095654948 1.0342479474799222 1.0283382684949292 0.8872474027038992 1.0019619148492978 1.7519548794991828 0.5147619776153568 348 47 50 146 
0.9172565092169822 1.0087217095581544 0.9984264503284029 0.8881501459600283 0.8326127546118549 1.655860442019003 0.4005848569599093 133 130 353 351 
0.9331140462355465 1.0179381676117631 1.0067699383170654 0.8877524985142214 0.8734015136488948 1.721478709760824 0.47358472034606647 348 350 44 47 
0.9099200237088447 0.9871970203083326 0.9748308197882924 0.8860861308135516 0.6975889734678995 1.5876990095022485 0.36393338701056266 127 355 353 130 
0.9253567831177268 1.0015448147385866 0.986604497246487 0.8871007744384436 0.7359796267154108 1.6672347520350264 0.4372349820333404 352 41 44 350 
0.9177008122898836 0.969670318784433 0.9512691172344095 0.8835068464756652 0.5655825422216161 1.4934400474639953 0.338459163716427 124 357 355 127 
0.9274466093793583 0.9829582401394394 0.9601819361446019 0.8847448302450733 0.5988642498786578 1.5865082346195343 0.4089484048596181 354 38 41 352 
0.9245196292363292 0.9586163584055023 0.9355954469262003 0.8818533550784012 0.44687560275169314 1.3757082593793273 0.3283766155449493 357 124 121 359 
0.9295970975435525 0.9685067565743632 0.9413938941120786 0.8832166240505234 0.47221494950018467 1.4806761175189724 0.3921124774432403 354 356 35 38 
0.9331943194523571 0.9478407065298246 0.9182495920708952 0.8798214555294691 0.34777539955373304 1.2410888244698821 0.33628282044952523 118 361 359 121 
0.9360647312635522 0.9601587008305019 0.9260600557679509 0.8819200790080408 0.3639230723091135 1.3548880239421615 0.38947293794844906 358 32 35 356 
0.9410759783999605 0.9402078183868965 0.9037348189592116 0.8782494735368622 0.27013692570969206 1.098404924203358 0.3654419608776044 361 118 115 363 
0.9413573312591618 0.9509071054560447 0.9111210805318195 0.8803243703446512 0.2776467999998659 1.2170498840638235 0.403868027462387 29 32 358 360 
0.948493526858887 0.9347292625128603 0.8902657717385581 0.8770913938829459 0.21222199686489157 0.9576073699759055 0.4206295020320484 365 363 115 112 
0.9469128211343231 0.9445883962414869 0.8980629401934753 0.8790628430287228 0.21263344025034533 1.0771512458637458 0.4396309508346467 362 26 29 360 
0.9559264161875461 0.9342951048124092 0.8768450016324832 0.8771383693915377 0.1717885151026563 0.8275026087071484 0.5067699643361182 112 109 367 365 
0.9531824797204651 0.940487250526876 0.8841815374499092 0.8782135942240282 0.16541825736540802 0.9451044833086225 0.5033329045812684 362 364 23 26 
0.9608252472332945 0.9355602004256428 0.8657756940233923 0.8780228059025321 0.15019343725020237 0.7146394123817081 0.6235363642853642 109 106 369 367 
0.9580930693396862 0.9406687355243671 0.8728935810509643 0.8785595981619008 0.13445465494395945 0.8277440371764035 0.5990657127476222 23 364 366 20 
0.9634861405506825 0.9393131368357517 0.8556051283598826 0.8797476390414206 0.15018334985138077 0.6267956001848751 0.7630389852550428 106 103 371 369 
0.9613984092204902 0.9422892590499425 0.8628606805858632 0.8796594963348545 0.12295705513699572 0.72995296618731 0.7217145154546116 20 366 368 17 
0.9636948422107248 0.9473304470871032 0.8452966289127593 0.882999164636767 0.16934997447257502 0.5764819062882727 0.9158998149762247 373 371 103 100 
0.9627203492396789 0.9472426416532334 0.8540921127672518 0.8817160846109406 0.1319588346589914 0.6614330088055783 0.8603830628199521 370 14 17 368 
0.961760833279707 0.9575012443638438 0.8363324526676966 0.8872383156922995 0.20297980587026374 0.5734420787509961 1.0755688612900387 373 100 97 374 
0.9621927551476795 0.9563883692997238 0.8446197093357054 0.8853237486104547 0.1559980632271151 0.6379192616350131 1.0080651507694238 370 372 375 14 
0.9604002155105663 0.9692031812451142 0.8397933432599952 0.8895698420675842 0.1932207997593018 0.6629473458081969 1.1597896230931075 375 372 539 376 
0.9613951799147322 0.9666631360258594 0.8469398550742053 0.8874276196982294 0.1482765660940036 0.7150924278959003 1.0870465919762298 374 377 15 373 
0.9606914912789836 0.9777073636393124 0.8427491049020558 0.8911557295711986 0.18978578549207997 0.765798361569934 1.228072564066801 374 528 531 377 
0.9617866611755574 0.9738600250832604 0.8493283537876758 0.8887944108366769 0.1456229534169792 0.8058823276705124 1.1498459350826937 375 376 378 380 
0.9635890540955544 0.9813785295406114 0.8540491427624798 0.8897948288037268 0.14776022147982246 0.906721426681854 1.1934662915742082 377 531 385 379 
0.9637772414327204 0.975592734205613 0.8613383738167266 0.8871880178682272 0.11561975445047698 0.9311590272739381 1.1091447639861878 380 378 383 382 
0.9622583343494618 0.969214764548556 0.8563805187222033 0.886421164804903 0.1149567042844794 0.8435600542977164 1.0756614044884187 15 377 379 12 
0.9654570809379679 0.9775948489853739 0.8714279462811932 0.8864504385740328 0.09768904606144872 1.0340260901903489 1.0303782874365028 383 462 465 382 
0.9633571459044412 0.970374913288458 0.8668775379654535 0.8853315978736713 0.09442560574024496 0.9489254442318095 1.0238844351894372 381 467 12 379 
0.9664513100648546 0.9829697701172742 0.8668654735239534 0.8881783544526891 0.1204260960865005 1.0269603690735989 1.124283309052228 381 379 385 384 
0.9692001500844223 0.9879932600527216 0.8725237984831968 0.8886487831703488 0.13144713567622032 1.1283225374920287 1.1231257789041664 462 383 386 459 
0.9668225520432685 0.989023814509786 0.8598785427966478 0.8906948630853091 0.15462599965713614 1.0145879817542995 1.216702281661304 383 378 530 386 
0.970312182517914 0.9940667207922647 0.866146304433742 0.8909151415133452 0.1675441638601401 1.1267710451232633 1.2205108164241838 385 388 387 384 
0.9742611318293173 0.9987430164673233 0.872870108028105 0.8908664206105209 0.18833238616366949 1.2398868510244563 1.2065658862345756 386 389 456 459 
0.9710465991267191 1.000744475639378 0.8598790964174189 0.8934651793303842 0.21615845151968352 1.1198021181442899 1.3153373392449614 533 389 386 530 
0.9760252376068582 1.005503697035038 0.8671019396766697 0.8930797556155398 0.2387928939954824 1.2417702973193305 1.3043996199260268 390 387 388 391 
0.9805407822762613 1.0079406617922617 0.8754085230280657 0.8920525050963489 0.2701874538657994 1.3594930453096559 1.275930127262154 392 453 456 389 
0.9775560501536302 1.0128161439387717 0.861650762139068 0.8953924090174576 0.30072804262958547 1.2378233552484437 1.3960526061450096 389 533 534 392 
0.9834429872495845 1.0154737086887289 0.8703173897661354 0.8939151039219289 0.3329635063805782 1.361877529155788 1.3688783236818787 391 394 393 390 
0.9892626932825577 1.0174568838231224 0.8798525303797896 0.8921065471187554 0.3739929447054278 1.477061737137343 1.325649655381911 392 395 450 453 
0.9860811548707795 1.0235680163077197 0.8651736440877925 0.8957972691333594 0.4040894983494998 1.3584292945585221 1.4518621048588356 392 534 536 395 
0.9930986068373201 1.024966544530282 0.8749772905287101 0.8934593792673645 0.4447229328425132 1.477444711888784 1.4093764855148083 394 397 396 393 
0.9991151553454107 1.025418274360333 0.885078913923734 0.8910624025143179 0.49392871725802173 1.5842219113453815 1.3535450653112546 398 447 450 395 
0.9961490533599883 1.0322422054756861 0.8698142568628725 0.8948852727042547 0.5197292052839636 1.472300533734684 1.4807806536695982 538 398 395 536 
1.002786358736914 1.031778003398247 0.8795970912808946 0.8921629843499601 0.5678055953056578 1.5807390476824401 1.426129546567279 397 400 399 396 
1.0094499360126814 1.0319243039179626 0.8891074870298227 0.8896762156568591 0.6237932023797076 1.6748590532754803 1.3612942846431169 401 444 447 398 
1.0059134598754942 1.03785191919213 0.8744078703863629 0.8932365635690671 0.6420306522442386 1.5724106966396703 1.485597398351685 398 538 508 401 
1.0138094421053028 1.0376332394191574 0.8833881361225056 0.8905684395899482 0.6962486730876267 1.666530028104015 1.4226952169743243 400 403 402 399 
1.0197991224614953 1.0354183496452547 0.8948724993291277 0.8877279355830072 0.7572453514039373 1.7452653075029305 1.3526654957233513 401 404 409 444 
1.0167371645421976 1.0432664981126796 0.8768721902802749 0.8917393589964938 0.7655665882428472 1.6543735773865875 1.4713488181464034 404 401 508 507 
1.023955227979349 1.040242395445669 0.8881011630955234 0.8887346455968577 0.8242190576590276 1.732194392691943 1.4039746113728562 402 403 406 405 
1.0279711159921732 1.0355289089903286 0.9023109037364242 0.8857515758766639 0.8884004135633101 1.7942874052805269 1.3319172974887143 404 407 410 409 
1.0248825082314292 1.0453089695059254 0.8798821970632608 0.890053940827276 0.8862263855064465 1.7164188395939883 1.4439219499295273 74 407 404 507 
1.0285738240320002 1.0395267048384618 0.8935874811842653 0.886983714144555 0.9473469589725134 1.7773420270644051 1.3748266963960765 406 73 412 405 
1.0243606615654954 1.028641883529758 0.9245911977023819 0.8824131286405065 0.8953629921828119 1.8534700577346976 1.2011593259892006 410 415 440 409 
1.0229098969539474 1.031867498263258 0.9089189317980563 0.8849498435127922 0.8240913188891381 1.807728054250088 1.277983700285018 408 442 402 405 
1.0308001182168665 1.0313198390570675 0.9177120638485226 0.8830960783386348 0.9564721810864698 1.8402345942670326 1.2575030679890842 408 405 412 411 
1.0322163532183826 1.027877598940828 0.9345002344233657 0.880755884193968 1.0267559207513877 1.8702251997543597 1.1833118668170601 413 416 415 410 
1.0314391717967069 1.0346672403007535 0.9076115153522388 0.8843525314499219 1.0114704756422443 1.822865025879461 1.3032408037970082 72 413 410 407 
1.0332989105654806 1.0303255125442656 0.9235003527771765 0.8819243255033778 1.0778477431838667 1.853177967345389 1.231841221152294 71 418 411 412 
1.0250807806931967 1.0253091431478616 0.9602674919098381 0.8783295198553592 1.0437148102269385 1.8960740363000808 1.0517321687285637 416 421 436 415 
1.0249855069287501 1.0263696700401412 0.9419414755167446 0.8801310006851931 0.9692410063248307 1.8826383680824161 1.124831636354554 408 411 414 438 
1.0320514517074744 1.025613025516269 0.9517912149407576 0.8789137950288607 1.0975788111165632 1.885033556699515 1.1119836013463018 417 414 411 418 
1.0346126724254796 1.0245502561066617 0.966697400412331 0.8776232074801739 1.1666942443462835 1.886485043213086 1.0460408520982192 419 422 421 416 
1.032772029801411 1.0271567940892365 0.940148547188807 0.8799180763054256 1.1450710166555047 1.868908996412802 1.163133259628034 416 413 70 419 
1.0358483645693404 1.0252099379013873 0.9529136447494695 0.8785836118690502 1.210847481848376 1.8718303233217326 1.099392143446708 417 418 69 424 
1.0287911040956719 1.0268594695801954 0.9963700953371192 0.876264243331884 1.1849956134554782 1.8841488400224946 0.926068362450942 422 427 432 421 
1.0273631646730939 1.0255559423292853 0.9773387906495848 0.8770042153052741 1.1164692241204521 1.8956520816173899 0.9846154795410657 420 433 414 417 
1.0371932629413474 1.0240859556328328 0.9833547962548502 0.8768187435453823 1.23149370594384 1.8772916675900602 0.9878012819381841 417 424 423 420 
1.0390875056603652 1.0249933181078963 1.0025042883603836 0.8761698952661441 1.2896947663882763 1.8606502885308216 0.939248544771496 425 428 427 422 
1.038114882348327 1.0237893664204425 0.9664643042997807 0.8777061803816864 1.272259101817333 1.8647005931851321 1.0422742881289584 422 419 68 425 
1.0394471971450459 1.0233644657838639 0.9810021450876936 0.8770249191744429 1.326813961925152 1.8505633856709718 0.9933970918614873 423 424 67 430 
1.023719716043414 1.0373567250632585 1.0400873570071367 0.8750042255074718 1.300485776887878 1.8417246554142697 0.8411773274704271 428 60 57 427 
1.0291067148097177 1.0300907257680951 1.0172866617534702 0.875699339115672 1.2469445928625427 1.8649685668940394 0.8780467856130332 426 506 420 423 
1.0330522199989867 1.0310500237211413 1.026274388324502 0.8751056719111167 1.33968491011717 1.8398509128336793 0.9014323676149724 429 426 423 430 
1.0303170432658169 1.0366666579490866 1.0444746447099085 0.8742569581120366 1.3811312740511816 1.8179560203921892 0.8737034596802752 431 62 60 428 
1.0313479070115121 1.0285699139892617 1.0015500016510435 0.8756380548991585 1.3731329297217338 1.8323171142306696 0.9543791931758393 428 425 66 431 
1.0286471351600233 1.0322574226302184 1.0161720903790905 0.8747143072125818 1.4111364927390997 1.8128501970664048 0.9254623121814088 429 430 65 63 
1.0125117527998315 1.0295528623187888 1.0024115382653205 0.876972741364006 1.1337157450095632 1.8835686759951402 0.8573801911896748 505 433 420 506 
1.0123635094297148 1.02626478276163 0.9822061576797672 0.8776532112569044 1.0612835953326538 1.8973874352552467 0.9154931250526783 432 434 436 421 
1.0002548029111076 1.026661483118923 0.9899854671199214 0.8785689128513929 1.003033351745143 1.8894567525127444 0.8401182267986569 433 505 504 435 
1.0029523296517648 1.0235383666409859 0.9715234894588775 0.8794080068693705 0.9227396552339435 1.8936858089584474 0.9062854933261741 436 434 492 437 
1.0120090106382305 1.0244149876561313 0.9641632936319018 0.8789128124652766 0.9847306284999191 1.8998219659923457 0.9827024630559682 414 433 435 438 
1.006875272692832 1.0224366489342172 0.9534148633885186 0.8805665604942484 0.8415241931768701 1.8835152133466713 0.9796012655988615 438 435 490 439 
1.014140923605912 1.0242919014073204 0.9461552211924377 0.880450262423729 0.9067315237883673 1.888020748841647 1.0564939933118531 437 440 415 436 
1.0097241988530523 1.0228333088251482 0.9364730009527943 0.8822224040378659 0.7619900761717642 1.857174009704846 1.0572999880843152 437 489 441 440 
1.0159344288904328 1.0256356436938858 0.9294608690407604 0.8823968506747942 0.8297455391309343 1.8601028529077341 1.1340534513421046 439 442 408 438 
1.0105115699126528 1.0241350130163573 0.9210578504623426 0.8841917007017711 0.6861606783480498 1.8139054762450553 1.13645150716148 442 439 493 443 
1.0162128582289933 1.0279823401557056 0.9142734403934918 0.8846160028517391 0.7558680234476778 1.8152449918753895 1.2125452829618655 441 444 409 440 
1.0089295645873104 1.02554695732502 0.9072255256492893 0.8864129237203663 0.6155163762705249 1.7536249926243408 1.2141281676611055 441 445 447 444 
1.0142209520405177 1.030509087003801 0.9006269518698542 0.8870883997555108 0.6867961105869732 1.7533437684626132 1.2891948025583166 443 399 402 442 
1.0021710957539038 1.0199306195940996 0.9129384675463746 0.8861005902614083 0.5462496608878312 1.743537733269532 1.1292820561100223 495 446 443 493 
0.999064636151028 1.0197329161300455 0.9006737627742307 0.8881394014471689 0.48136743971318513 1.669688697591501 1.2028107823327612 445 448 450 447 
1.0048922186827458 1.0260929120426094 0.8952823764469147 0.8887699365251306 0.5511419192085494 1.6767536453774237 1.2874528082548702 399 443 446 396 
0.9921726308189507 1.0127539000763552 0.9046970810220621 0.8878201303262506 0.41707437099198424 1.651701291246017 1.1101763776344833 449 446 495 497 
0.988818609647412 1.0114143017922521 0.8942371672291612 0.8893305453852085 0.35996802837328734 1.5672234435879302 1.1760866050256271 448 451 453 450 
0.9943455700530253 1.0185739659805992 0.8900540532027491 0.8901198345559274 0.4236773991838713 1.5803934307934366 1.2692762530605943 449 393 396 446 
0.9832543183960809 1.0044530075981317 0.8982810358610392 0.8884648269800127 0.3049550489470574 1.5432681892214957 1.07778725851952 497 499 452 449 
0.9807908952898354 1.0032057734011077 0.888804517151264 0.8894898498866888 0.2573684494790882 1.4520174046994425 1.1331375602839844 454 456 453 451 
0.9850245929122254 1.0100889201338226 0.8843763283942538 0.8908017166637926 0.31072843737481437 1.4690680385455508 1.232275002255118 452 390 393 449 
0.9765234899546722 0.9967670348569472 0.8927188118410269 0.8882357943803791 0.2151778745616204 1.4252578649053356 1.0330028127989048 452 499 472 455 
0.9746374206182485 0.9951657897841739 0.8850899049656656 0.8887082821190027 0.17847629990993316 1.3320767162198088 1.0761495149570526 454 457 459 456 
0.9776026888604282 1.0011437726416135 0.8805005543798397 0.8902791117601148 0.21822970088783925 1.3497327989913066 1.1767780532237138 390 452 455 387 
0.971259724496967 0.9892806323561127 0.8867808243697953 0.8875076740034534 0.1508443242253471 1.3071689472741381 0.9795840675161678 455 472 470 458 
0.9698392845288059 0.9871829098009303 0.8809810502043706 0.8875672534165533 0.1252670878149395 1.2177449694013618 1.0096116251855283 457 460 462 459 
0.9722716480369482 0.9927083443699788 0.8784351868680883 0.8889220342284163 0.1504840607268082 1.2315465923230984 1.1066705330958375 455 458 384 387 
0.9674266941202359 0.9821112727821548 0.8803654635416134 0.8865549030740718 0.11145135456014599 1.2012961708606473 0.9205608856266512 458 470 10 461 
0.9656805206047722 0.9776055797132294 0.8766395208982697 0.8859935171867109 0.0952313314754685 1.1199592839151076 0.9329854205382367 460 463 465 462 
0.9675368413386203 0.9825549796918929 0.8761185432503453 0.887101872176542 0.10762520815419445 1.125161654045244 1.0262840432009595 461 381 384 458 
0.963981273474172 0.9733987895102252 0.8786736741028943 0.8849379230256986 0.09323251426771784 1.1164474434894451 0.8447712924533888 464 461 10 469 
0.962593273303567 0.9680147905064678 0.8749016263785996 0.8840708660206184 0.08389783638678251 1.0374911146456611 0.8448000191079625 468 466 465 463 
0.9640912255366064 0.9727100866220203 0.8726877216839377 0.8852642738318883 0.08569768522941164 1.0369271974105936 0.9364744336129122 381 461 464 467 
0.9614071755148932 0.9611608269695144 0.870630483829334 0.882978542661211 0.08084233913580317 0.9535111293540068 0.8495199028065616 464 21 18 467 
0.9624678663051847 0.9656873239770939 0.8688249284419248 0.8841317598707022 0.08298808993570866 0.9561218086272547 0.9368616418769669 466 11 382 465 
0.9608320587291727 0.9635005737240547 0.8779730568962546 0.8829378414089519 0.09158068840365724 1.0376024287385284 0.7568002284145239 469 24 21 464 
0.962004334747472 0.9693822537787521 0.8822561863142785 0.8839421227206844 0.10096811233629353 1.119719333000087 0.7629605951990942 463 8 541 468 
0.967830929989663 0.9831476282198657 0.8854728426012167 0.886459115045796 0.1335501052632906 1.276481122158301 0.8929947376583426 471 9 460 457 
0.9667714437545532 0.982026104266325 0.892766516421474 0.8859838906615757 0.16107415403438863 1.3423264913553992 0.8501514675972272 474 470 472 475 
0.9717933896601306 0.9899439231235124 0.8940721420375581 0.8871293320780775 0.1837819891513597 1.388757117270027 0.9370470908458304 477 471 457 454 
0.9603994998747857 0.9737150348012451 0.9002505375317089 0.8844650351803639 0.17230329839259417 1.326522938554381 0.7207459298581442 501 474 475 503 
0.9629374190425518 0.9754873295138543 0.893067760336372 0.8849547781741962 0.1440009421532581 1.284402012060706 0.7764820144615633 473 502 9 471 
0.965001734238422 0.981011945886147 0.9010111859738288 0.8854833700313057 0.1949540650398059 1.3996604487490492 0.7964263625406238 471 477 476 473 
0.963076934982833 0.9808551353769407 0.9086784442857924 0.8850877930831812 0.2368261856940994 1.4499101674344481 0.7345159066476181 478 500 503 475 
0.9714166202505605 0.9900025394157959 0.9027406931271239 0.8866099244822242 0.22351491531527506 1.4599436537977102 0.8836424703450021 475 472 499 478 
0.9706842452657611 0.9906144075598334 0.9114954657230274 0.88615432908897 0.2704769208128248 1.5206450714519686 0.8215862624993133 479 476 477 480 
0.9682052271616756 0.9906162137960428 0.9216175309120515 0.8856942152218058 0.32573226940471617 1.5711842338189828 0.7535558202006569 478 481 498 500 
0.9781764010612413 0.9986640180550946 0.911187548640369 0.8868869829182914 0.31130572784638233 1.5778432620406813 0.915650529843766 478 499 497 481 
0.9770874216827031 0.9991123631802035 0.9221351453131548 0.88619580107024 0.37047622297700095 1.6354928005133744 0.8461497378783676 479 480 483 482 
0.9746992879623124 0.9998129900894523 0.933843364040591 0.8856506823324471 0.4377704854072226 1.6806345192318848 0.77328872138824 498 481 484 496 
0.9856264259347375 1.006461268450853 0.9201329599764347 0.8863070484839103 0.4224356114212387 1.6854767951358562 0.9419047386304513 484 481 497 495 
0.9844502151328528 1.0071244149707919 0.9329042837142688 0.8853666344267764 0.4920232773647906 1.7352675758182075 0.8670297520094774 482 483 486 485 
0.9811316306257482 1.0080196365654894 0.9469314382295968 0.8846406135824235 0.5688566914388128 1.7707203608645274 0.7917331753908045 494 496 484 487 
0.9937515078612599 1.0134652642089033 0.9301441482679423 0.8848588081348613 0.5523426500283943 1.7752619121890567 0.960840766905628 484 495 493 487 
0.9913497229509448 1.0138306778999315 0.9449130429359123 0.8837005653609976 0.6296620175245383 1.8135880061616358 0.8835008935231901 485 486 489 488 
0.9863785984767423 1.0149381811630969 0.9611756753689616 0.8828752661729464 0.712401570174608 1.8363058329277437 0.808640152774058 490 491 494 487 
1.0018256429010564 1.0193030797905451 0.9423887484363215 0.8825633231077812 0.6946001653768842 1.8421408337079799 0.9729350295671915 487 493 439 490 
0.9981487864506927 1.0198906688171776 0.9594380519050357 0.8812549898023517 0.7760538286819882 1.8666671760329385 0.8962009409686021 488 489 437 492 
0.9797131820164963 1.0174620214221843 0.9781723605324748 0.8825954516872191 0.7987895662557508 1.8439648107670916 0.7393991923472553 492 48 45 488 
0.9930072989487131 1.0219781114852566 0.9775581497478664 0.8804889475230088 0.8600625270335115 1.8753796320187737 0.824478064935566 504 491 490 435 
1.0031559023242986 1.019549224166335 0.9268985861608677 0.8842060272592012 0.6175979376933413 1.801128114574011 1.0516537223208247 489 486 445 441 
0.975126597247063 1.0096336065988332 0.9625218708740396 0.8842256493793857 0.6523183493126525 1.7918605340754268 0.7193796737771732 45 42 485 488 
0.9938891505955787 1.0132593715903313 0.9167265324219508 0.8862613874534704 0.48133571197106295 1.7212420758017282 1.0374378540012819 486 483 448 445 
0.9702413120847426 1.0007910812857304 0.9466944684362245 0.8852855053134131 0.5135064478704482 1.713247837556199 0.7003682732510161 485 42 39 482 
0.9852597406321884 1.0058072547679713 0.9084449382344487 0.8874032427825813 0.36010510164376824 1.6213873985538225 1.0131431794924506 451 448 483 480 
0.964671883698313 0.9910872370670206 0.9321260656862512 0.8853681911438586 0.39028924153572925 1.6115806240711934 0.6825998581778904 39 36 479 482 
0.9775842005175652 0.9975899174337896 0.901676973992156 0.8875594871919563 0.2596288136436988 1.5076680548865602 0.9788007736502145 477 454 451 480 
0.9593032660963821 0.9800185545887886 0.917762609868025 0.8846952566293852 0.28817193352919324 1.493212133103071 0.667281091727224 479 36 33 476 
0.9578320142331241 0.9687166954647537 0.8988437851493597 0.883559624142085 0.1548824818692179 1.2418615525092265 0.659889736016544 502 473 30 27 
0.9609297116193425 0.9718255510271407 0.8928338712718227 0.8841661619434072 0.12975353828984082 1.2134102954181025 0.7216192385734432 501 541 8 474 
0.957795366331337 0.9727575321987848 0.9064957846927452 0.884073576855336 0.20989638040087275 1.366458095289443 0.657663982968926 476 33 30 473 
0.9877659886532327 1.0262528660877048 0.9965071940989376 0.8801139185403363 0.9439068927789068 1.8698414014992482 0.7604906177208958 434 51 48 492 
0.9977410635269235 1.031538066464585 1.0097687995308287 0.8783334030333619 1.079433679636979 1.8736410939116221 0.7833708477110788 432 54 51 434 
1.0116219704060176 1.0350022332227644 1.023886918270805 0.8764797217175776 1.199451670493899 1.8619358659189316 0.8101206984700106 432 427 57 54 
1.017013676339987 1.049073738961314 0.8693219431463016 0.8931375200579649 0.829663378084583 1.640387746796352 1.5083040077909304 75 406 403 509 
1.0075329169500653 1.0436850020717492 0.8686568891826504 0.8945050982694124 0.7135097871299689 1.5616575098980245 1.5318857055058626 403 400 510 509 
1.0067535140165542 1.049436629791459 0.8622594819402083 0.8959153284564295 0.779842137253563 1.5501628769038045 1.566237872335137 508 511 76 507 
0.999480746705803 1.0459606343293628 0.8592322737631634 0.8978809562950582 0.6689218728924694 1.4548792049378203 1.5830313970989842 511 508 538 512 
0.9982923756177572 1.0523351087623039 0.8533529192397207 0.8995320479425207 0.7378097194667018 1.446362178977579 1.6154847344191225 77 509 510 513 
0.9902201999794542 1.0483063542708597 0.849459866452083 0.9016379973004522 0.6328236877515353 1.3352032311608952 1.6219614738152144 513 510 537 514 
0.9890195314167596 1.0558042010060058 0.8440792832142756 0.9036228414182393 0.7034840515191915 1.3292676185390344 1.6531496000963726 512 515 78 511 
0.9786617298501502 1.0457961373396076 0.8415245875923317 0.9045981363535515 0.60603897364429 1.2045713637562803 1.646335578776589 512 518 517 515 
0.9775726020769582 1.0535955712263547 0.8373523450200584 0.9066678609200419 0.67799985685707 1.2005899052728033 1.6768225000297876 514 516 79 513 
0.9655030537795971 1.0501946361684402 0.8305764036256225 0.9093932384130355 0.6633400945501371 1.0633094235033898 1.684477394613409 515 517 83 80 
0.9664237408996528 1.0416880214436088 0.8335985573153762 0.9071356374651024 0.5891466244584493 1.0655129339112697 1.6539778594631314 514 519 85 516 
0.9791974738680927 1.0372801260147724 0.8462535797164541 0.9023172070924773 0.5288523727745738 1.2112567770780767 1.6039081262279709 514 537 535 519 
0.968351675952235 1.0324269759076055 0.8381145300893856 0.9043706475176777 0.5089353934836571 1.0715875458986774 1.6112841858898335 518 521 520 517 
0.9580648961772806 1.0238958759150174 0.8308760099438673 0.9050628712076699 0.49718760980732496 0.9271768476225486 1.5985746225805486 85 519 522 88 
0.9700961923038848 1.023508022257946 0.8433674706000714 0.9014934903840592 0.4268482556574271 1.0818587718381565 1.554977376371883 519 535 532 522 
0.9618252516924573 1.0155998898789687 0.8364167173774514 0.9018670090313358 0.4117957510725426 0.9399086194886264 1.5413844293337629 521 524 523 520 
0.9551483591970191 1.0037008152944624 0.8301854319113763 0.9006929972512113 0.4035760948430014 0.798801908340976 1.5059368693546358 522 525 91 88 
0.9644094917766202 1.0081948299668133 0.8420430969334853 0.8988911589009414 0.3314507825073995 0.957542628711811 1.4720505982643526 532 529 525 522 
0.9589015003036867 0.9974300290310728 0.8360480935445305 0.8977258220426212 0.3219180254292626 0.8217891739381094 1.437122303585295 524 527 526 523 
0.9559623874706394 0.9848838017561904 0.8303522537048055 0.895988847085934 0.31937045348543397 0.6919498190172373 1.3813770769363953 525 528 94 91 
0.9615017347708819 0.9917626802177748 0.8421846735694613 0.8948812190445045 0.2508507024030441 0.8491932321693636 1.359960728441459 525 529 531 528 
0.9590446158489638 0.9809352404217454 0.8370563456166367 0.8933258029599069 0.24797731310067472 0.7268693699307668 1.306564038243178 376 539 526 527 
0.9660825239500095 1.0014915257658028 0.8479181048471163 0.8960317251208457 0.26040488917506377 0.9776552302904645 1.3928673315371176 530 527 524 533 
0.966660391521554 0.9952852019575291 0.8533320842649927 0.8934214294084684 0.2011720626338238 0.9975245219965897 1.306816609762848 529 388 385 531 
0.9627898228139439 0.986776007298162 0.84751639409665 0.8924448342975722 0.1925742021393397 0.8784450992737178 1.2776727422144791 530 378 376 527 
0.9710840053381813 1.0153161280004792 0.8487227992919643 0.898744358051383 0.34800810166487656 1.0949498828667907 1.4854654558930929 534 533 524 521 
0.9714528969655385 1.0077890443299138 0.8543352437366295 0.8960527013526314 0.2768071424662345 1.1084708605200229 1.4046585979952404 532 391 388 529 
0.9785758323414797 1.0205673397802588 0.8563166921242242 0.8977090932044184 0.3720162158612409 1.2298437466869505 1.478088755108506 535 394 391 532 
0.9791490254179086 1.028755546271893 0.8512111608121138 0.9000084015280957 0.44943781945192474 1.2202154124540423 1.547860969185572 534 521 518 536 
0.988251095094938 1.031887842852468 0.8600007081358315 0.8976999801128238 0.4802496477845113 1.3513362626155565 1.5222683233891747 397 394 535 537 
0.9898335754918418 1.0402112562076573 0.8548672838698598 0.8996141857420599 0.5576562848520249 1.3429350063845051 1.578873455929622 518 512 538 536 
0.9985447917931541 1.0392532942864627 0.8647558441926019 0.8963032508433646 0.5955148433155472 1.464028437806765 1.5386089034562107 510 400 397 537 
0.9588339158181253 0.9714142082696623 0.8334372869500855 0.8916361040488917 0.2521332408076342 0.6144966580932782 1.234323712224501 94 528 374 97 
0.9400978201354067 0.9833113738245848 0.8087978751528605 0.9009538510732861 0.5956453368665368 0.49776658500648513 1.4783942387394364 90 193 3 87 
0.959287788459264 0.9651840667860774 0.8877407011533222 0.8830308966334832 0.11736779941586047 1.1311737251498508 0.6881106218250649 502 27 24 469 
