0.000000000000000000e+00
7.114416241477977465e+00
6.152663049685341612e+00
6.404843263202842252e+00
4.998926353199828476e+00
0.000000000000000000e+00
5.332637439359100284e+00
4.895382626347504207e+00
3.870679364437783487e+00
3.912997926416986960e+00
3.452310411860299855e+00
3.421383380771454874e+00
6.890705250370260160e+00
6.876677894907150090e+00
8.224458058079765266e+00
8.251682635481417449e+00
5.141507298054217578e+00
5.135326444154772574e+00
6.028375080215332638e+00
6.038035475329394330e+00
3.844390609890368626e+00
3.848865756499386226e+00
4.426261124826759819e+00
4.427453276374694546e+00
3.245157402292437876e+00
3.265643980623094578e+00
3.454304630086027839e+00
3.443141504266906239e+00
4.562524406358494211e+00
4.430982157245147768e+00
4.497035739241463936e+00
4.168186989015431720e+00
3.631025396651348380e+00
4.009984860705814391e+00
3.303056995764059423e+00
3.141916398828406898e+00
3.193796351997099769e+00
3.226587208206197932e+00
4.320202161597437751e+00
5.001028854567159954e+00
5.718157781410666551e+00
5.849625352344970608e+00
6.323223116555762857e+00
6.324876175963678016e+00
7.134888078876594264e+00
6.906112347268580365e+00
6.390806290234266385e+00
6.900578787105462908e+00
6.072598523462876763e+00
5.863117761173026743e+00
5.343833562458806696e+00
5.338193966618563380e+00
1.035464579500705540e+01
0.000000000000000000e+00
9.403802955693986831e+00
8.653558427291764943e+00
7.429297231271566382e+00
7.031133283102058762e+00
7.919184758799262980e+00
0.000000000000000000e+00
9.351341302687817603e+00
7.849473916330344636e+00
5.402341879109066269e+00
5.294498437776637978e+00
5.753195072414906797e+00
5.912600130619520833e+00
6.456757826339684314e+00
6.422272371886943887e+00
5.899271376431614478e+00
5.673769867199724537e+00
5.315630760605091432e+00
5.431766868239992441e+00
4.993418448072318050e+00
5.018923296096838627e+00
3.536855535896530789e+00
3.746473109028247706e+00
4.155286028040154456e+00
3.871804703280480542e+00
4.218236876529773305e+00
4.013320664992701126e+00
3.671908072489190378e+00
3.462907212503334442e+00
3.128720321827778150e+00
3.298863728942934781e+00
3.160163243904483998e+00
2.984498660665204195e+00
2.959973208696946134e+00
2.648918378124121009e+00
2.779232721101549508e+00
2.528912715728476091e+00
2.671294614471244611e+00
1.934491412227701268e+00
1.976572603655114557e+00
1.801453391506866897e+00
1.823742610734654157e+00
2.118039917905208291e+00
2.126548578506957110e+00
2.369030845686912023e+00
2.742255737352387701e+00
3.382859296918705461e+00
2.579314928961478071e+00
2.641487422749478675e+00
2.292114355670835657e+00
6.047215917534173535e+00
5.850008838595195826e+00
6.646194618155809586e+00
4.835844911627432019e+00
5.383944180579909755e+00
4.958440406945488377e+00
5.192163605349247923e+00
5.842285404170957541e+00
6.523277625452545081e+00
6.783171987481875220e+00
0.000000000000000000e+00
6.108910827274873334e+00
5.785193777826642680e+00
3.318609099359226100e+00
3.221020150045898589e+00
2.866074892582678224e+00
3.641202738502006042e+00
3.594487371499559547e+00
3.191052594730271252e+00
3.217580305172466293e+00
2.872180583256848330e+00
2.818093491332645417e+00
2.536247344555023542e+00
2.520983825680466417e+00
4.118640620334649505e+00
3.855947782444357319e+00
4.342267980511254066e+00
3.672104526189712725e+00
3.809335976599947937e+00
3.953537755999691594e+00
2.079851765630155391e+00
2.290474532600379920e+00
2.239132052617778701e+00
2.524695396593988228e+00
2.347836372975241837e+00
2.542357836583118313e+00
2.405498444798209512e+00
3.333256543033545238e+00
3.300821700327728259e+00
3.872250585389156452e+00
3.828610189783701490e+00
2.972525410450495009e+00
3.356494767961691661e+00
4.038156991240159144e+00
4.025146105604747504e+00
4.602674243506453600e+00
4.546188657513246412e+00
5.074134373549394006e+00
5.279851048469886621e+00
6.064248176961056558e+00
4.455258058585783054e+00
5.287806211265823286e+00
5.282002487219339848e+00
0.000000000000000000e+00
5.619701553922339166e+00
3.347232345627372041e+00
3.402198926130246548e+00
3.006171489693026722e+00
2.927516498502331199e+00
3.663696552536740203e+00
3.759270794663368331e+00
3.459708507221415097e+00
3.557470506831701407e+00
3.116386363689745309e+00
3.063367998955324190e+00
2.754972025813148040e+00
2.681828046169722590e+00
0.000000000000000000e+00
3.615294699604599593e+00
3.774580034425576880e+00
3.684456881516115612e+00
4.880806584998411246e+00
4.747383387441755254e+00
3.913778157398292823e+00
4.229909622710121830e+00
4.218656617351732585e+00
4.690719785067085645e+00
4.481011147362952585e+00
2.677442192541842569e+00
2.674776731035945154e+00
2.551765923726971419e+00
2.626069794894156928e+00
2.849650636709317286e+00
2.741573375768812770e+00
2.885383284976883012e+00
3.027434147215038784e+00
2.843030196780965468e+00
3.162949662627941194e+00
3.152081668492188626e+00
4.716499516941384584e+00
4.483940101095492459e+00
3.891058692748123882e+00
4.148000853753034178e+00
3.585464292404899833e+00
3.789287694902392811e+00
4.334469404979492069e+00
4.360476105817831183e+00
4.853109774869553306e+00
4.817241944949321564e+00
4.670629914541009953e+00
4.358362020024037164e+00
0.000000000000000000e+00
3.908657408709530934e+00
3.868170977607923611e+00
4.075611201388746885e+00
4.053242824930256560e+00
4.298704132729962879e+00
4.310192908595554151e+00
4.158635748043918667e+00
4.152383811162955851e+00
3.668561669380985268e+00
3.572374372628773997e+00
3.769153919559085519e+00
3.451962551263419332e+00
3.553522394357247816e+00
4.273764712692517342e+00
3.746342706568734915e+00
3.492360849678436630e+00
3.515968539351553179e+00
3.681414719077561681e+00
3.369022003962251155e+00
3.467436179356200743e+00
3.434435300819651093e+00
3.120513416573496013e+00
3.396087955281398951e+00
3.580987746875628819e+00
3.451023331575036046e+00
3.638596004052803146e+00
3.565792602379425524e+00
3.831713504745782650e+00
3.509664865429885872e+00
4.484730127466317384e+00
4.243077407809328960e+00
4.396625853641947579e+00
4.386965517699374040e+00
3.956544237360903438e+00
3.776012430120038843e+00
3.997859458992179427e+00
0.000000000000000000e+00
3.590500718891381560e+00
3.196198700942209037e+00
2.845795013540982410e+00
3.224774013816455565e+00
3.104271765733090938e+00
3.313440949977574768e+00
3.331906433741125717e+00
3.372857499203356646e+00
3.656922514281557568e+00
3.365079861439516762e+00
3.508415112691763316e+00
3.102544246631766978e+00
3.616163383447460689e+00
0.000000000000000000e+00
3.756853520401556068e+00
3.564603420897578090e+00
3.790879752238220046e+00
4.051173211037510491e+00
4.342561452208719253e+00
3.969752282715628855e+00
3.921736026764433891e+00
4.339286391245197549e+00
4.347972321097405057e+00
5.373353494795662044e+00
4.881609834215825394e+00
4.071081761650837016e+00
4.689855306937460888e+00
6.478965567525715841e+00
5.012649204648834456e+00
5.271918715665220745e+00
6.918231005294173563e+00
5.267518373420755573e+00
5.273484486294449880e+00
4.395902095628658302e+00
4.825014115185062735e+00
4.240771668416392970e+00
4.934635583239724177e+00
0.000000000000000000e+00
5.722520890746627842e+00
0.000000000000000000e+00
7.471784097875661779e+00
7.163054231805137562e+00
6.944036419085517053e+00
7.325607159844400584e+00
0.000000000000000000e+00
6.930155696133866172e+00
7.049380409178471751e+00
6.229511057018553011e+00
6.114983037953964917e+00
0.000000000000000000e+00
5.606578124217985071e+00
5.852384804666063367e+00
6.075790117553626857e+00
4.708027533948055954e+00
0.000000000000000000e+00
4.522850098211966596e+00
3.828169186788015210e+00
3.834686251604242813e+00
3.602332733760506223e+00
4.264952551758674382e+00
4.140469913041137318e+00
3.505082158435316675e+00
7.638548143055997386e+00
5.570209955648086186e+00
6.080286499735850114e+00
6.883882324193201008e+00
5.773604559907901113e+00
6.818420682913516551e+00
7.812052722349598355e+00
6.506604125915013803e+00
8.611264504297317046e+00
3.164671793485660523e+00
3.693164836748179969e+00
3.439178047825839357e+00
3.600917447541009508e+00
3.273343229575015112e+00
3.858329102883538031e+00
2.840486024470025850e+00
2.976066471946239300e+00
3.048202549639263736e+00
2.982405914170906946e+00
2.864687624219580009e+00
4.142974356882210607e+00
3.777134769718253349e+00
3.672104338463479500e+00
3.291957708583366227e+00
3.210320847184673809e+00
3.491499455352647274e+00
3.411282452550443267e+00
3.769196980927830065e+00
4.014443530331377907e+00
4.533097428579064392e+00
4.805881233751080117e+00
4.030798331720586880e+00
3.409675113169228666e+00
2.888811467424583057e+00
2.819061282791018197e+00
2.977118890727312728e+00
2.764968950421617055e+00
2.664866454742263358e+00
2.587429418866004305e+00
2.438065659216944070e+00
2.501580977867368549e+00
2.581518463555969589e+00
2.718676688605422331e+00
2.369247763922225580e+00
2.995622856960837854e+00
3.130984770156090224e+00
4.851298294609578399e+00
5.237203212474861758e+00
4.989216158567503001e+00
4.478162429079404205e+00
2.124774293672255343e+00
2.191986118139469752e+00
3.256702470674032845e+00
3.007746600989349428e+00
3.210522473436490110e+00
3.293017488014838623e+00
3.337765390583133041e+00
3.675960023933270815e+00
4.533678084571580058e+00
5.629119190100803749e+00
5.113628070458928754e+00
3.549421554586813965e+00
3.698205471660854560e+00
2.987784447524567621e+00
3.626031217735052881e+00
3.392393874095553041e+00
5.934774795097110811e+00
5.368427098308106160e+00
5.716496234226243978e+00
4.955491762340068718e+00
5.168620103176889025e+00
5.323759633249538936e+00
4.402060119367813940e+00
3.678951594148700988e+00
4.110525975190593151e+00
4.527980668798288200e+00
4.002816736741311665e+00
5.515106947354286859e+00
4.509065330040145092e+00
4.637657332446710079e+00
4.698367716109930647e+00
4.806055787017301739e+00
5.088728418342729043e+00
4.857429432047431384e+00
4.608883377345242671e+00
4.611167793942987814e+00
4.390783444813036951e+00
3.340211790117660229e+00
2.955914759805124525e+00
4.423436124923978419e+00
6.278005380377370770e+00
2.908142324288495839e+00
2.731697961435553879e+00
2.654539062523829429e+00
4.076691584649155153e+00
4.484238291459533343e+00
4.245362179814985204e+00
4.688752297516694867e+00
4.402752648377245670e+00
3.859165870905193252e+00
3.450820779717473030e+00
2.712849930728227221e+00
2.764325580631192381e+00
4.819196721981821696e+00
6.497441967045374689e+00
6.295614421957742124e+00
0.000000000000000000e+00
0.000000000000000000e+00
3.258614562587545560e+00
3.531969604369139315e+00
2.998762383748688531e+00
3.047246695625481117e+00
3.214849225525202581e+00
5.040266049945707927e+00
4.867531881079508516e+00
4.220833126024976067e+00
2.629723680367159311e+00
3.470236542744545627e+00
3.560894956144961210e+00
3.418488216180625372e+00
3.515399556894123201e+00
3.678258573117341612e+00
3.634743364628366002e+00
3.907472817464376025e+00
4.618708242039584633e+00
3.597695815218331816e+00
4.176687554981228345e+00
4.891416957346552685e+00
3.457811994840528591e+00
2.364741349595192776e+00
3.129251360051046316e+00
3.993806746219871417e+00
5.564192140300295186e+00
3.112519930771281196e+00
4.874643070200995965e+00
4.653582483619802090e+00
5.072301908231227507e+00
5.473313474624668551e+00
2.507281955148059627e+00
2.326759368935582106e+00
2.261718201812089823e+00
2.097966743066500772e+00
3.474689667322908182e+00
3.375961913293336281e+00
2.876913279042237370e+00
2.371029520965234116e+00
7.082922684550807091e+00
0.000000000000000000e+00
0.000000000000000000e+00
0.000000000000000000e+00
4.096258258438696842e+00
4.401473587960666123e+00
4.389310163553972188e+00
3.907196764186606330e+00
3.538824411930948877e+00
3.118336670360984275e+00
3.025286195246652543e+00
3.174570607162921831e+00
3.169005839964934790e+00
5.014187119034628104e+00
4.322263923326278068e+00
6.406378643622523406e+00
6.380568372822141399e+00
5.899867298138296690e+00
5.787594326553343826e+00
6.486144398143531831e+00
6.996222850108913427e+00
7.201241609254563691e+00
5.933247041058540283e+00
6.186455133151953945e+00
7.102766188156098615e+00
5.369345581540735601e+00
5.407153972019926869e+00
8.678640925099898595e+00
9.426398589291931529e+00
0.000000000000000000e+00
1.036876059785538295e+01
7.956328560414923423e+00
7.076443551610872795e+00
7.459466917694712151e+00
7.892005822104455781e+00
9.394460688112459934e+00
0.000000000000000000e+00
5.813929233109214501e+00
5.776419910072039698e+00
5.254802391580835064e+00
5.313478240321636292e+00
5.754088160794840867e+00
6.270331061731151401e+00
6.388958340391674540e+00
5.285773903649822358e+00
5.170102526618519434e+00
5.547156655542093695e+00
4.899681516570999484e+00
4.848892306060981205e+00
3.835721781709121814e+00
4.095738387874063413e+00
3.653452706697800423e+00
3.482548596495889992e+00
3.664666415266189414e+00
4.023236663255554291e+00
4.209980896505910231e+00
3.267477305726318448e+00
3.124497806954579016e+00
3.476015040710599635e+00
2.936359518702954308e+00
3.074468690343332256e+00
2.752537307149618417e+00
2.654342035187161386e+00
2.972939435948636966e+00
2.595742216925706281e+00
2.493019134222997035e+00
1.815351800249365155e+00
1.839128428870007159e+00
2.002028871857881143e+00
1.932542967654601096e+00
2.442270623327695844e+00
2.184972275098640893e+00
2.158980499953099041e+00
2.617366743665019868e+00
3.476066377950073782e+00
2.835364026034600471e+00
2.278793781657113549e+00
2.666297013528324378e+00
6.693088364299610404e+00
5.902219571020120625e+00
6.087774883473105803e+00
4.994715275844995084e+00
5.431798649045060046e+00
4.884887813836668258e+00
6.584095526081134686e+00
5.900912060294096761e+00
5.249184416466636804e+00
6.805423518808790817e+00
5.832287001078118038e+00
6.148154126079169224e+00
0.000000000000000000e+00
2.903862630253179145e+00
3.254359976725666570e+00
3.344477362697110934e+00
3.242901434821551909e+00
3.624344059379052130e+00
3.680544437853157547e+00
2.864597612216579492e+00
2.937671131013739334e+00
3.266981317368265803e+00
2.574874750002339674e+00
2.558656309631212711e+00
4.359376944710075641e+00
3.871595669864465350e+00
4.163946324943053057e+00
3.705485630434993460e+00
3.994820619033287112e+00
3.854350125170331154e+00
2.278043494650721534e+00
2.311872365529795470e+00
2.082491257905520143e+00
2.418907127730739681e+00
2.581296229063057002e+00
2.475648004444085615e+00
2.641591568835446768e+00
3.884378629903591396e+00
3.944832839184889473e+00
3.344334763998753512e+00
3.359293750155758929e+00
3.419503991611987370e+00
2.979408308555825169e+00
4.130142522243471781e+00
4.130107904347106285e+00
4.627378485467368741e+00
4.693383991783046660e+00
6.130435323327105834e+00
5.353339615837247045e+00
5.145170279687201642e+00
5.364519654008859106e+00
4.529714760885705793e+00
5.668252556674810982e+00
0.000000000000000000e+00
5.345819107024636807e+00
2.979678162155732224e+00
3.057852734064063771e+00
3.423881560936930413e+00
3.400667310738502369e+00
3.498394714423414431e+00
3.796878806290704844e+00
3.664158492754014063e+00
3.096183104961212962e+00
3.154399798136157340e+00
3.553695897177552965e+00
2.741478679116435835e+00
2.826431771013764749e+00
3.811631875176686446e+00
3.649301421781073973e+00
0.000000000000000000e+00
3.738262085187476824e+00
4.874489106870764310e+00
4.941727115510580859e+00
4.268517136030030912e+00
4.008407377465603716e+00
4.484100135807607579e+00
4.785774799525619905e+00
4.309254978495585142e+00
2.721601186754428081e+00
2.643804590321161996e+00
2.778272322192041344e+00
2.782422695880796049e+00
2.844323573940668926e+00
2.921891181593860409e+00
2.967657271714467804e+00
3.142128098409703085e+00
3.012418388725160767e+00
3.257170037371136750e+00
3.249019115797825208e+00
4.226492229492500030e+00
3.937815356357872609e+00
4.547207446419430532e+00
4.746780908013349176e+00
4.417829392952426382e+00
3.924181978402023763e+00
3.688082122495471626e+00
4.903710946806517867e+00
4.851582385281833609e+00
4.398085991314450993e+00
0.000000000000000000e+00
4.394508697023844057e+00
4.682878118511453636e+00
3.967275803186562033e+00
4.075498201638106721e+00
3.884295235926062961e+00
3.863005329542125388e+00
4.146795034753092857e+00
4.076806436512153020e+00
4.181796895897022637e+00
4.251917892941336596e+00
3.589217155490605826e+00
3.643318548114632183e+00
3.579388058133528006e+00
3.415043965992653696e+00
3.734482412461813006e+00
3.681015688556284360e+00
4.226610307974450365e+00
3.621005929623591246e+00
3.458080677186389895e+00
3.409738461744957760e+00
3.448078606434856752e+00
3.293909273970810236e+00
3.432620065932376452e+00
3.208268111934884814e+00
3.500073303164001448e+00
3.573885625772548646e+00
3.628622688238108740e+00
3.932211835238189845e+00
3.676641255801894381e+00
3.777108312988770145e+00
4.517524548985588417e+00
3.531451748913517985e+00
4.295605740440579190e+00
4.329463404199271892e+00
4.179511698550189891e+00
0.000000000000000000e+00
3.961813833553857300e+00
3.733887408331011404e+00
3.926386964390048639e+00
3.535877057285627068e+00
3.034282347506511712e+00
3.210888279262212652e+00
2.789711728282165737e+00
3.101857565150851315e+00
3.333617635982571326e+00
3.229408154399155517e+00
3.228131776740652992e+00
3.396409369900686759e+00
3.255394364102278448e+00
3.528446581778318603e+00
3.484128703847625186e+00
3.002019137857963038e+00
3.499491126564759025e+00
3.716785965580609030e+00
0.000000000000000000e+00
3.856633272965960479e+00
4.245437155673911001e+00
3.961175328208156987e+00
3.675150434131741584e+00
4.291864121202116245e+00
4.249801205161762852e+00
3.823342038025049128e+00
4.058827878071164186e+00
4.816747522408919124e+00
5.326269837442084487e+00
4.586401890880847709e+00
4.829728692468299833e+00
6.766496372096185929e+00
5.159732161373222326e+00
4.949836545977984947e+00
6.441195830971696346e+00
4.692686424887018148e+00
4.256896386272397415e+00
5.146167817764635721e+00
5.151430074175993745e+00
4.846588388048306939e+00
4.115641850543212854e+00
5.646853865921467097e+00
0.000000000000000000e+00
5.278579593193497566e+00
6.306522222366252706e+00
0.000000000000000000e+00
7.098440244608949179e+00
7.298090853076987017e+00
7.529728761182504115e+00
6.937172899578432528e+00
6.852212988930999948e+00
0.000000000000000000e+00
7.199665712489440317e+00
6.042156638093646670e+00
6.223304025894049296e+00
6.096891502095365567e+00
5.826330947610750322e+00
5.595294648201355692e+00
0.000000000000000000e+00
4.532807388947585281e+00
0.000000000000000000e+00
4.745676879148331473e+00
3.620269355704243797e+00
3.827274579724839754e+00
3.807041994105811789e+00
3.504644625586224915e+00
4.057901484071002152e+00
4.235984942319417357e+00
6.761564810572702200e+00
5.953376189135168417e+00
5.452651779213076644e+00
7.546094978169032075e+00
6.846495598273967254e+00
5.798086047762566864e+00
6.542420985942166922e+00
7.836705808230791881e+00
8.630270482661307696e+00
3.286063816467185816e+00
3.550105678274402266e+00
3.007485869027536562e+00
3.703635595815938597e+00
3.119915193276107335e+00
3.461938385295360909e+00
2.914303964602992902e+00
2.820514325768435526e+00
2.697004180771982451e+00
2.712789920903725616e+00
2.845597117579896640e+00
3.644971853968439923e+00
3.761831575784471582e+00
4.139256481622545891e+00
3.449763240880570514e+00
3.134002215633209687e+00
3.233172757439671585e+00
4.007412105583544992e+00
3.758425684747566553e+00
3.364368432884488502e+00
4.823905598485968227e+00
4.548951618672534281e+00
3.298892775354075990e+00
3.912076161969445298e+00
2.788114051648048708e+00
2.563991577317226600e+00
2.641749266352354741e+00
2.891711783046488904e+00
2.743068933507777807e+00
2.423027713203152356e+00
2.350442945273730544e+00
2.469294814671463278e+00
2.319829219844760981e+00
2.665545239671826661e+00
2.544178855388598226e+00
3.095544743009412514e+00
2.971447773008565996e+00
5.000178531586538355e+00
5.197726853058568075e+00
4.822169634997251819e+00
4.440520853625886666e+00
2.174126280199476735e+00
2.095018893710028252e+00
3.088000462210363839e+00
3.298288644296476946e+00
3.331254089796860107e+00
3.451848887577284142e+00
3.454184948812539346e+00
3.754642908272707746e+00
5.088127494302175258e+00
5.532953602224311318e+00
4.471487942217869715e+00
3.697430953346255045e+00
3.494198845278083887e+00
3.087194937193536770e+00
3.707133767237740241e+00
3.358575076737535525e+00
5.390951192003225145e+00
5.956834095284429864e+00
4.976532077548201372e+00
4.423188727965736255e+00
5.359124523710569576e+00
4.134843543886199235e+00
3.673624403111363179e+00
4.038048589287350332e+00
4.581955302350531056e+00
5.542596903811802811e+00
4.794431643630214346e+00
4.705366274853602704e+00
4.489803514519591587e+00
4.808292505543130702e+00
5.110217494839639052e+00
4.544502331442322074e+00
4.505250307825630074e+00
2.924670426808943624e+00
3.381587627764493398e+00
4.483444832194419583e+00
6.347238756973900387e+00
2.593256729157665585e+00
2.785683559121429731e+00
2.535950384325051044e+00
4.101886746290889008e+00
4.328588846181867567e+00
3.934588929114361200e+00
4.297919213402600747e+00
4.559076173251264130e+00
3.904957710951124650e+00
3.463736776440215603e+00
2.723736690916878089e+00
2.633784546043559605e+00
4.760041185462543289e+00
0.000000000000000000e+00
6.543401375202910764e+00
3.450714569895093842e+00
3.223515327090998639e+00
0.000000000000000000e+00
2.956589891845142315e+00
2.882832312201123237e+00
3.168023948384015576e+00
5.081429512410768901e+00
4.088795679460521804e+00
2.702833579290246035e+00
3.322903649653316638e+00
3.456335167493794103e+00
3.381567495641549570e+00
3.440540313834369979e+00
3.583304405826397865e+00
3.526358923211752927e+00
4.496990767871923644e+00
3.810016693572630953e+00
4.767447678314677972e+00
4.041021753966648866e+00
3.482948215096154154e+00
6.035580717510113047e+00
3.347991468911589941e+00
2.348325812943384605e+00
3.035433854937685361e+00
3.863770523030810811e+00
5.639722150896430364e+00
3.026665256519466940e+00
4.512865717278021549e+00
4.727429830557867696e+00
4.954380007953243847e+00
5.423364128270568685e+00
2.206925519886139497e+00
2.270254125410844370e+00
2.425421095403919036e+00
2.067817191596376780e+00
3.390411892300656760e+00
3.477003605969706257e+00
2.872497148049265814e+00
2.357591978404290245e+00
0.000000000000000000e+00
0.000000000000000000e+00
7.149835348663892809e+00
0.000000000000000000e+00
7.005115728956714527e+00
0.000000000000000000e+00
0.000000000000000000e+00
4.951864582414478022e+00
