28 29 30 32 35 38 39 40 41 42 43 44 45 49 50 51 52 53 54 55 56 57 58 59 60 62 64 65 66 67 68 69 70 71 72 73 74 75 76 77 78 79 80 81 82 83 84 85 86 87 88 89 90 91 92 93 94 95 96 97 98 99 102 103 105 106 107 108 109 110 111 112 113 114 115 116 117 118 120 121 122 123 124 125 126 127 128 129 130 131 132 133 134 135 136 137 138 139 140 141 142 143 144 145 146 147 148 149 150 151 152 153 154 155 156 157 158 159 160 161 162 164 165 166 167 168 169 170 172 173 174 175 176 177 178 179 180 181 182 183 184 185 186 187 188 189 190 191 192 193 194 195 197 198 199 200 201 202 203 204 205 206 207 208 210 211 212 213 214 215 216 217 218 219 220 221 222 223 224 225 226 227 228 229 230 231 232 233 234 235 236 237 238 239 240 241 242 243 244 245 246 254 255 256 257 259 260 262 263 264 265 266 
-0.5484167595532536 -5.404892410336838 0.03200568966564129 -0.677069970662149 -1.128466784896781 -5.422319412666897 0.32801387875460236 28 1 
-0.5379923534805464 -5.454350841030181 0.04325148019798407 -0.6748824607628247 -1.120061598401521 -5.5097379706691445 0.3390950823887355 13 0 29 
-0.5776232620515442 -5.190431313806061 -0.0031670974283239416 -0.6749110546539718 -1.1103223170120482 -5.125163068281119 0.3677601896605036 32 14 
-0.49945108781791364 -4.223366261410501 0.10860368282986547 -0.645122588124985 -1.0099219642882946 -4.175770083808594 0.46585924697320374 21 35 
-0.359349232787314 -3.91935857883979 0.22809731675609107 -0.6396951420523211 -0.8465751367029956 -3.6670389372775207 0.5313243115462819 6 38 5 
-0.3874406801212238 -3.968594162288376 0.2168604574359459 -0.6386712217619629 -0.8947514603320279 -3.7539209365012156 0.5106271397407456 4 39 
-0.3320657917559257 -3.8835438435170864 0.23851557139944918 -0.6402685491738485 -0.7881827384787214 -3.583942151505812 0.5537327053033351 22 41 4 
-0.2310995978320139 -3.8120999582096227 0.25269877029850896 -0.638310882887764 -0.3774649950398651 -3.284860399171304 0.5486274869023141 44 8 
-0.2525521967973333 -3.822616188305893 0.25515360761528516 -0.6385551564943749 -0.46675707385807413 -3.322014517814985 0.563714304223423 45 23 7 
-0.17418042096775166 -3.7869656378265186 0.2368206420364723 -0.6353700767031955 -0.1678944889168713 -3.2619562343994 0.5759364556705386 59 25 
0.027098609413259256 -3.7106334954462947 0.08508822690631293 -0.6364304847087079 0.24559108104869337 -3.31166477981566 0.5058710526474276 81 47 
0.3716195880878045 -3.665782119000873 -0.06958016553319128 -0.6186392671429779 0.5305696945059664 -3.349374437794151 0.4207666013534824 27 102 
-0.5228132426917875 -5.5137259576559465 0.05106105085030125 -0.6743923381388617 -1.090239442499183 -5.672648860806019 0.35546937925839617 13 48 
-0.5297826086404029 -5.488594655011478 0.04790452389362308 -0.6746884152688115 -1.1064489422330555 -5.595516429361174 0.35014787203135955 30 12 1 
-0.5685122960861343 -5.276224910351748 0.015280785323192868 -0.672924240442185 -1.1121795553542058 -5.221269077524466 0.38003290218330465 2 49 15 
-0.559376383130735 -5.34723773329192 0.026252461747491438 -0.674153165851719 -1.1087605428256608 -5.319954804904572 0.3973297593901948 50 28 14 
-0.5712610246960845 -4.616756835060468 0.004680497192235984 -0.6548100357672584 -1.0454594456236572 -4.608855534629713 0.4362486379360596 69 17 19 
-0.5810319448043904 -4.735526676806621 -0.011908642963277658 -0.6590579067545654 -1.0558044930742274 -4.71113780776326 0.4234011787963107 70 18 16 
-0.5864578811805514 -4.856220424224371 -0.018460708293552258 -0.6620853278243379 -1.0634756618074088 -4.814398648090331 0.4203480619645513 17 66 33 
-0.5605057612198651 -4.50743309240694 0.024918566173789552 -0.6511958276075769 -1.0327104673710892 -4.50771527932471 0.4563486568333398 34 73 16 
-0.45175409439695746 -4.0740910625172715 0.16014466824247492 -0.6421526341236853 -0.951288567049309 -3.9856322208734936 0.5380027876610802 37 53 21 
-0.47725432801074524 -4.142658961011011 0.13514666403156947 -0.6428950996255708 -0.9847645010400768 -4.0811306883036425 0.4990420200907536 20 51 3 
-0.31019350888327685 -3.8608499640878033 0.24502048349212618 -0.6405037657759373 -0.7210370599995585 -3.5063826913002996 0.568286789245581 40 6 24 
-0.2720367346884118 -3.834387842853732 0.255424902238963 -0.6389755261958316 -0.5585451991504811 -3.3728513107947604 0.5729998268540487 8 42 24 
-0.29025437515150737 -3.8457129357126596 0.2513003746225228 -0.639828347101214 -0.6443244807210947 -3.435049156673653 0.5742635524489732 23 43 22 
-0.19949731069099555 -3.797265168924414 0.2469250972522246 -0.6358579051745115 -0.2583556311845449 -3.2837691272330534 0.6075052848528582 44 9 56 
-0.10116068853754771 -3.7486106840165845 0.1793953405909449 -0.6362629400779378 0.04579726374835777 -3.274420268611439 0.5539858642223161 60 46 
0.25166220627101615 -3.6691082000279325 -0.03457090700746577 -0.6260981561491338 0.44631351511423195 -3.35088996115429 0.4548426986790031 11 117 61 
-0.5461782045495714 -5.401902534302281 0.040795391161143765 -0.6741280603072446 -1.1008745316003863 -5.414685191216791 0.4124521316383458 15 64 29 0 
-0.537118498158263 -5.450945289086357 0.04685028988968304 -0.6741205283200079 -1.089002767465675 -5.5047912795716725 0.4244346456640341 28 65 30 1 
-0.5286316641309292 -5.488086089245616 0.05069163352503663 -0.6743501089840445 -1.0734711709181535 -5.591337104293927 0.4325796204093455 62 48 13 29 
-0.5851428570711398 -5.085167590767858 -0.009527327322462663 -0.6686898653466704 -1.0733126963086284 -5.018437459250823 0.43157223151771806 33 68 32 
-0.5702731275538425 -5.18139135905987 0.01335676257103206 -0.6689290687627629 -1.0753816588659233 -5.118751976978327 0.4413393982001955 31 86 49 2 
-0.5891141795780386 -4.977941763767347 -0.019164849453480532 -0.6663028370159019 -1.068967842400391 -4.916662325350906 0.4245674149137526 67 31 18 
-0.5487147633495095 -4.402649987381358 0.044770802286056295 -0.6503540213804683 -1.0171676254291488 -4.40691708422206 0.48145140325813773 36 72 19 
-0.4963987283533636 -4.226615008197915 0.11673135707739783 -0.641922250582206 -0.9763295515730781 -4.211020521017183 0.5381559205365943 51 74 36 3 
-0.5287815391451176 -4.31359333722773 0.07467061583919993 -0.6465905582734717 -0.9987091867357754 -4.307620961707801 0.5089735096405201 35 71 34 
-0.42288524010903555 -4.01879191316369 0.18621598992107438 -0.6406257103856138 -0.914059080229627 -3.8913987162430557 0.5681217571512995 52 20 39 
-0.3575150233893529 -3.9168145140319814 0.22901277505483725 -0.6397438626860934 -0.8215641062032524 -3.710286897142913 0.6163557811758157 41 54 39 4 
-0.3879637731527134 -3.964525163939873 0.21327374878102762 -0.639471013492926 -0.8717602510594887 -3.799321670846396 0.5930489165979971 55 37 5 38 
-0.3066465072140329 -3.859890746733841 0.24830496465887433 -0.640078124776642 -0.695564461565905 -3.5471273114451103 0.6510120977179219 75 41 22 43 
-0.3293773107785242 -3.8817121126813485 0.24058020989241044 -0.640092332028054 -0.7628091939260991 -3.6258402530529787 0.6365430989652228 76 38 6 40 
-0.2683389041860434 -3.8335320666211494 0.2575270266652955 -0.6386598030624583 -0.5359366565315724 -3.4118591172775576 0.6573790734263619 77 43 23 45 
-0.28648079267181037 -3.844769764202165 0.2540721802823207 -0.639460787417832 -0.6197299432762687 -3.475276281872122 0.6581440494432609 42 78 40 24 
-0.22672171415504908 -3.8127223481441126 0.257607817263877 -0.6365934511592215 -0.35310141844497156 -3.316207793933513 0.6326487344592321 57 45 7 25 
-0.2483201813599719 -3.822561108788654 0.25850474073623997 -0.6377802418344566 -0.4461689478772023 -3.3585920996759473 0.6487845320747878 8 44 58 42 
-0.13707114339030352 -3.7629053584196437 0.20728748519925788 -0.6344795842234692 -0.03927671933199955 -3.2819932531821054 0.6001485716004964 79 59 26 
-0.04510456151237215 -3.724412457376813 0.13470079881559277 -0.6353733788498037 0.16711229709568068 -3.3122581545871466 0.5559009815476239 60 10 99 
-0.5208336567825665 -5.5161238556423715 0.05401711178509929 -0.6741854001877055 -1.055448426082823 -5.673755625019668 0.43436241541517656 30 63 12 
-0.5653520059841265 -5.2649124271480865 0.021922861242659544 -0.6706752418479632 -1.0733021311213917 -5.21590680405394 0.45467494050721835 50 14 32 84 
-0.5577719179485054 -5.339336161352123 0.030056733532944517 -0.6729181475409726 -1.0659954508785696 -5.310908594574791 0.4710681405161904 49 85 64 15 
-0.4747911092400454 -4.14536311439059 0.14065242529021746 -0.6412066777106328 -0.9481232855090878 -4.11744920046263 0.570134913408568 53 87 35 21 
-0.4232423592407889 -4.014253727392432 0.18439552346142932 -0.6410907455712602 -0.8748555813662899 -3.9359244250171863 0.6343698711664253 37 55 88 53 
-0.44995840573483636 -4.073750287413774 0.1632039039421839 -0.6414411415659138 -0.9137441116235396 -4.025934946926212 0.6034999395027043 20 52 89 51 
-0.36132440536080496 -3.908021916405828 0.22025353271359063 -0.6411378834762128 -0.7804086411203884 -3.760663504452005 0.6866947295160203 55 38 76 90 
-0.39248098273323057 -3.956011271129222 0.2041652979115394 -0.6409765828466114 -0.830931172242244 -3.84739537881692 0.6620877811152662 91 52 39 54 
-0.19744104329564413 -3.7943505929010723 0.24368782373222161 -0.6361146371482969 -0.2235173127073513 -3.3270461072004274 0.6795806608421104 59 96 57 25 
-0.2264675443706152 -3.8054375223386936 0.24876167764543594 -0.637758493466734 -0.31711926137779667 -3.3636882148739247 0.7057918587592269 44 56 97 58 
-0.24858281637496676 -3.814414125089764 0.24936430229601184 -0.6390571664982421 -0.41011960447529633 -3.4093113261304957 0.7225038104176115 98 77 45 57 
-0.17175699262874328 -3.7852989294229027 0.23620802013664965 -0.634334352284924 -0.13128965691055403 -3.2997009783932807 0.6442513305982474 56 9 46 80 
-0.09523650380892416 -3.7517630157609942 0.18481996394768907 -0.6327118354613961 0.08324214966799243 -3.3187763610656367 0.6093981607359712 26 47 116 79 
0.12578006683604098 -3.6797552792337256 0.020721113373597496 -0.6318071341917287 0.3603458453851082 -3.3545430261914597 0.5008129058844423 137 81 27 
-0.5302054429876834 -5.487887513589935 0.048005094478360814 -0.6749048115030915 -1.0209320705657097 -5.58170326110638 0.5099861465163483 63 30 65 103 
-0.5211210387331755 -5.518654911183814 0.05192720617480047 -0.6748817481414896 -0.9994101728326468 -5.66694134709731 0.5148027844178006 48 62 104 
-0.549404074632327 -5.39752319343325 0.03692407004464181 -0.6742187437056155 -1.0543515480430945 -5.403825185387314 0.4871444832110923 50 82 65 28 
-0.53974185062664 -5.448280347476365 0.043265460247720273 -0.6746532908584416 -1.0392141873806935 -5.494160909697957 0.5005339679450543 83 62 29 64 
-0.5819793083377991 -4.850925329116559 -0.011788390009905631 -0.6598875132045 -1.019257121341437 -4.8202624968649 0.482053680654194 70 105 67 18 
-0.5854591032771186 -4.969951936112082 -0.014122951007070804 -0.6644750820656671 -1.0233666895596771 -4.918400480926185 0.483940313713766 106 68 33 66 
-0.5859844175864495 -5.075511825492486 -0.010705636882046746 -0.6682912609664939 -1.024815037746161 -5.0157245203012355 0.4907431187285073 67 107 86 31 
-0.5672216047373053 -4.616451327724827 0.011059281725333601 -0.6526925833630154 -1.0029089894132326 -4.623964457569472 0.4975384213556555 73 108 70 16 
-0.5756279770428562 -4.733551950631547 -0.0034350346142334176 -0.6562284777545623 -1.0125433458519582 -4.721883027708847 0.48637433915852174 17 69 109 66 
-0.52889931977835 -4.3134412593561 0.07510242027249044 -0.6461766345139092 -0.9512443444759384 -4.338213281934765 0.5659802172093791 36 74 110 72 
-0.5440242433268263 -4.404358556451641 0.05169890236160321 -0.6481701381630672 -0.9720096730437551 -4.432108334489554 0.5392293737860712 111 73 34 71 
-0.5572317086232945 -4.507447203004404 0.02997788017245168 -0.6496130100002936 -0.9894266098454731 -4.5274284124499395 0.5156013097835604 19 72 112 69 
-0.509861684142516 -4.219789228599476 0.10094116688604643 -0.6445436608477005 -0.9260878782506203 -4.245967029564812 0.5952271961511282 87 113 71 35 
-0.309323547023872 -3.850458405537197 0.23928212595127848 -0.6412374046254092 -0.6557797818333687 -3.59961825955141 0.7223145120994284 92 76 40 78 
-0.33263137578828506 -3.872585283921068 0.23183923015250785 -0.6413215637164521 -0.722159770473326 -3.6776124026153862 0.7072970570920954 54 41 75 93 
-0.26959302551405195 -3.8245046103409432 0.24795454775041836 -0.6399625848903788 -0.4985265901852977 -3.464343277515685 0.7307599016115937 42 58 94 78 
-0.28854702904992324 -3.8352388633227528 0.24456495294634054 -0.6406806058144772 -0.5809571154863733 -3.528177425971 0.730547154519694 77 95 75 43 
-0.13538950561378923 -3.759635418041523 0.20336946485222154 -0.6348189907968634 -0.002364468751061265 -3.3323546660405046 0.6584283517980686 114 80 46 60 
-0.17705756714678794 -3.7695734908738503 0.2187022918151333 -0.6372602840602268 -0.09126482718024319 -3.3547594312143465 0.7019640912089709 115 96 59 79 
0.03361530214821347 -3.717443541800286 0.0922927099720993 -0.6319163556944422 0.2790347265378555 -3.357866695712505 0.547303969687156 61 138 99 10 
-0.5728184302309189 -5.397800225825328 0.012669440858211586 -0.6763723087763123 -0.9911059623455531 -5.389836643692988 0.5487671821251183 85 120 83 64 
-0.5644058580483473 -5.451799504736229 0.01809521430051391 -0.6766863509423909 -0.9725338107596828 -5.478500378125032 0.5634730301871476 121 103 65 82 
-0.583521292089173 -5.256774116438851 0.0007353217571913407 -0.6734281865440196 -1.0166743034552859 -5.2069399439751205 0.516168233475694 49 86 122 85 
-0.5787123873536331 -5.334872656269411 0.007297154870033105 -0.6753138482529721 -1.0059386507021166 -5.299298913669455 0.5324517692364028 123 82 50 84 
-0.5857925672034345 -5.1715171821386825 -0.0056936532631173585 -0.671430886288676 -1.0227109439531994 -5.112212176184746 0.5019305803045574 124 84 32 68 
-0.48805483444805003 -4.137755322688096 0.12558680793287585 -0.6436964202232721 -0.8959665877167664 -4.155903973253979 0.6260652577934851 51 89 125 74 
-0.43877607531578694 -4.000529592218739 0.16762257471447625 -0.6433114127705339 -0.8207295474780275 -3.982349791137721 0.6878590268538969 91 126 89 52 
-0.4637784736098706 -4.063759735797902 0.14811867321291816 -0.6436241496439267 -0.8606946150544887 -4.068259626089073 0.6574492459879805 127 87 53 88 
-0.37830461362073176 -3.8893423529265596 0.20131180735004092 -0.6434107440725919 -0.72512399752255 -3.8156991047099416 0.7416484021883061 54 93 128 91 
-0.409180643148946 -3.9400264550024318 0.1860802885769413 -0.6432574009181581 -0.775789769865244 -3.898068365626382 0.7162609353176578 90 129 88 55 
-0.3246435378349673 -3.827329450111026 0.21907416760997767 -0.6435772652378715 -0.6023218077105648 -3.6613106173286925 0.7788718994289828 130 93 75 95 
-0.3491078862835432 -3.851586319957594 0.21230850573387305 -0.6435906207877762 -0.6674083098885255 -3.7364437132483124 0.7630652687078514 131 90 76 92 
-0.28120515661941914 -3.799734706362818 0.22665038818452496 -0.642510821719372 -0.4492290526806507 -3.529024280888038 0.7889245798109896 77 98 132 95 
-0.3021456771094913 -3.810693931251332 0.2236974667529401 -0.6431203579043114 -0.5293467139505874 -3.591951101956168 0.7879264338136719 133 92 78 94 
-0.20354739839030755 -3.775282984618586 0.22416303468048257 -0.638984925501766 -0.18201595280885602 -3.3862319093407196 0.7378127732418105 80 134 97 56 
-0.23385004864600875 -3.7833870051734664 0.22784765230632292 -0.6405374560586518 -0.2733167708198666 -3.426027605932813 0.7643216372653785 98 57 96 135 
-0.2581307915243098 -3.7905664989558723 0.22805211339235706 -0.6416972710641149 -0.3634953840484395 -3.4735189054597946 0.7811311783351588 97 136 94 58 
-0.04181385272302563 -3.720397044311933 0.129429179551089 -0.6358301454379249 0.199244116865967 -3.3652922108754146 0.5980144374594268 160 116 47 81 
0.5674633928264002 -3.6326921331219224 -0.11892001825798505 -0.6115880022380792 0.7099777907135233 -3.4024029882559885 0.42901508367817887 171 101 
0.4995310215719489 -3.6276052449162846 -0.11159810409999373 -0.6148390081772588 0.6321912166301075 -3.400780779665556 0.4411780437142009 102 100 172 
0.37018343971179274 -3.6586331486944514 -0.07499103089727313 -0.6208445985831604 0.5492349532875624 -3.400266396422412 0.46089474924703544 193 117 11 101 
-0.5548419766679504 -5.494098729604478 0.022709360007776003 -0.6767908266710874 -0.950515752664225 -5.565053690198989 0.5752642921778404 62 83 118 104 
-0.5449001460079634 -5.5274861067770145 0.026717114433650938 -0.6767591867256871 -0.9249418287274574 -5.649669554279854 0.5832607206134692 119 63 103 
-0.6403736496631194 -4.838066055953504 -0.05588585832628453 -0.6637893311602822 -0.9593665211379321 -4.825150462464607 0.527020785206377 106 66 109 141 
-0.6467458071516454 -4.958991432147941 -0.059564889242063206 -0.6677824192689223 -0.9622749597187965 -4.918718135452438 0.5280943720601207 170 107 67 105 
-0.6508900845550393 -5.067758340793107 -0.05746834123177113 -0.6710373467877142 -0.9613570160027548 -5.011866574711913 0.5346060980452482 68 106 168 124 
-0.6206609707238271 -4.601237911622694 -0.02958241558615118 -0.6570022207836842 -0.9440917294604609 -4.638603926706397 0.5423867152780917 69 112 139 109 
-0.6313598950135759 -4.719562264375172 -0.04592732576428009 -0.6604425436365484 -0.9533520998126177 -4.731664964291859 0.5317131877036088 108 140 105 70 
-0.5779572070601777 -4.293114756360844 0.04129078306973592 -0.6488000144294334 -0.8896140287574886 -4.368337138872756 0.6069853404230489 111 71 113 142 
-0.5937802322268998 -4.385640055160739 0.016017163066773664 -0.6514282783721653 -0.9118113196852214 -4.45707947755826 0.5813860327939075 110 143 112 72 
-0.6086014695265348 -4.48976850727443 -0.0081765660166527 -0.6535865497541342 -0.9302247169372808 -4.547074730627834 0.5592866224117258 144 108 73 111 
-0.5570596233870301 -4.198376622287118 0.06951484009164627 -0.6468521518979993 -0.8627825683575132 -4.281050351630086 0.6352936957344445 110 74 125 146 
-0.14626971873295044 -3.726625187663041 0.17792504124553568 -0.6389728534462764 0.03417263946005859 -3.396992299659687 0.69941390717475 79 116 158 115 
-0.18992576050806945 -3.7329967320585595 0.19287814080600169 -0.6409673899467876 -0.051241812812183915 -3.4237186944828357 0.7427141354179922 80 114 159 134 
-0.10465120094477054 -3.7236749606753903 0.16104227664026255 -0.6372591526786467 0.1178297834597925 -3.3779890446828578 0.650122937313116 114 60 99 161 
0.2524006966380699 -3.663321484210812 -0.03930197225576454 -0.6274813230147593 0.46701790840660923 -3.4024248481748898 0.48968872094231886 137 27 102 194 
-0.6091455528408637 -5.513545438551144 -0.01152291299587039 -0.678756759682938 -0.8658980654868423 -5.541539377472938 0.622274176388669 103 121 162 119 
-0.5950779055857507 -5.552786414124191 -0.005766353909395198 -0.6789000734168984 -0.8354982602064546 -5.623026090321897 0.6325820784859644 163 104 118 
-0.6343858336474262 -5.409526544732858 -0.02602978190191704 -0.6782280877967202 -0.9141094490784264 -5.3720120668713935 0.5931539924333212 123 164 121 82 
-0.622501787756203 -5.466871376658752 -0.01814669993466505 -0.6785511658389397 -0.8919803268893786 -5.457726380459286 0.6088094103271469 120 165 118 83 
-0.6501785386322013 -5.259098281876965 -0.043803853923097824 -0.6756292525951545 -0.9462868483806639 -5.195457177281895 0.5602651951246684 124 166 123 84 
-0.6435169137927655 -5.341601779641078 -0.034517999545003356 -0.6772608601826137 -0.9321739189125164 -5.284583751786528 0.5765628527824062 167 120 85 122 
-0.6524938508377348 -5.1675257569020046 -0.05207197615619147 -0.6738062608142061 -0.9559288802860711 -5.104370094843894 0.5458533626446098 107 169 122 86 
-0.5326767192621512 -4.114337166252004 0.09687043313723083 -0.6457774100471052 -0.8313119076376495 -4.195618715381999 0.6650979770594222 127 145 113 87 
-0.4766490223068977 -3.9743050758490646 0.14411069733098802 -0.6454408412933618 -0.7545353864490892 -4.030894444144624 0.7250485479486566 129 147 127 88 
-0.505321216914643 -4.039165222908462 0.12203170085641445 -0.6456143145465432 -0.7951520315222569 -4.112307884877428 0.695379983788266 126 148 125 89 
-0.4099852275878201 -3.8613720325977763 0.18096790307309804 -0.6460516093681848 -0.6584402335266678 -3.8744099219383648 0.7785826115072714 131 149 129 90 
-0.44393345619051505 -3.913486361990974 0.16434992121066505 -0.6456283868420613 -0.7091058658756738 -3.951485684135494 0.7531608767549862 150 126 91 128 
-0.3504639773267817 -3.7945553564001244 0.19963770872219214 -0.6467549177637631 -0.5380724950494116 -3.7296909522569344 0.8163582930199632 151 131 92 133 
-0.3779091903922502 -3.821409357327647 0.1927206645727036 -0.6465143979077883 -0.6014587997720988 -3.8003077661038662 0.8001774940696907 152 128 93 130 
-0.3012755564103757 -3.7626814545368124 0.20570709148914113 -0.645958446134602 -0.3915026694677113 -3.603140559589572 0.8274590014512754 136 153 133 94 
-0.32495177659786684 -3.775451994757149 0.20377440570992927 -0.6464838858014077 -0.4678626071733765 -3.663854747396331 0.825870904936515 154 130 95 132 
-0.21814435511669775 -3.7370335976362745 0.19925068384634814 -0.6423302491888869 -0.13796955691512547 -3.4583126108797377 0.777998520564408 135 96 115 155 
-0.2494507445937361 -3.744574164117642 0.2040508360952906 -0.64391379386641 -0.2248059115958641 -3.500152734407125 0.8039869049994952 136 97 134 156 
-0.27589275246131695 -3.7523659782404017 0.2057729843432198 -0.645130353606001 -0.31011446746545496 -3.548430830241963 0.8203382601239916 157 132 98 135 
0.12454823278410226 -3.664507668403106 0.010286814253988192 -0.6344187630661317 0.3860138440279939 -3.40788922908724 0.5273640891507947 117 191 138 61 
0.021213636434991044 -3.660223451756152 0.059573440756553846 -0.6372283028507975 0.30660617394390566 -3.4163716587314332 0.5716234383591454 137 192 160 81 
-0.7383009512114888 -4.575891893722225 -0.06769957488009745 -0.6539732227071663 -0.8744198538427503 -4.651993940731124 0.5672848268412134 144 205 140 108 
-0.752138493459189 -4.6992799757142 -0.08564199344141005 -0.6572370111909092 -0.8841093219287979 -4.739784693072888 0.5566683195397205 139 206 141 109 
-0.7609872491990873 -4.823228705101581 -0.09577323230609718 -0.6607028173720766 -0.8899359541590687 -4.828283376768443 0.5518278947521371 203 170 105 140 
-0.6706846794978901 -4.25759213320961 0.014337727100478589 -0.6471140891223638 -0.8180788303012401 -4.397912675630028 0.6287119047975829 110 146 175 143 
-0.6966178102088164 -4.351017165979157 -0.014913274518952899 -0.6491887044973372 -0.8412429679507338 -4.481174770835867 0.6042339780755319 144 111 142 207 
-0.7197818209511884 -4.458296802474833 -0.042917917105540715 -0.6508994563962233 -0.8601405301223396 -4.565790973814321 0.5833992408550265 143 208 139 112 
-0.6034337592329097 -4.0794265165526244 0.0773191213850939 -0.6456226649582416 -0.7579257170277014 -4.23583000129866 0.6847582458278333 148 173 146 125 
-0.6383601079758568 -4.163266823793169 0.04650626758465441 -0.6459408856506044 -0.7902210387553805 -4.316066909257147 0.6559304586964678 174 142 113 145 
-0.5293544707582712 -3.9405347505322834 0.1296735995720164 -0.6467883330037028 -0.6799911351575427 -4.08124899661002 0.7429741787935096 126 150 176 148 
-0.5667096528402354 -4.005186923548994 0.10515469125150036 -0.646236399499189 -0.7211074232470294 -4.157518850576505 0.7141263118470276 177 145 127 147 
-0.44970623080926936 -3.8285424847436924 0.16946029482039288 -0.6485504333995081 -0.5842450704595599 -3.9356826224297015 0.7950491489665881 152 178 150 128 
-0.4896631506209511 -3.880895872505445 0.15149761884649804 -0.6476006336280599 -0.6344204980907159 -4.007252266769643 0.7703096869549622 179 147 129 149 
-0.3813612871967341 -3.758007168794453 0.18924365204027474 -0.6499989504415902 -0.4674755332981319 -3.801490963339448 0.8319892164492461 130 154 180 152 
-0.41276896612890734 -3.787175414978156 0.18206338585537393 -0.6494550410061528 -0.5286239229976739 -3.8670876330598056 0.8160411946008105 151 181 149 131 
-0.3261728109236196 -3.720240216770408 0.19379884173980946 -0.6495268768437975 -0.32879874310630225 -3.6819695942253086 0.8437246401715078 157 182 154 132 
-0.35244431902464063 -3.7360143608669154 0.1929648978533073 -0.6499494431734686 -0.40068119937645974 -3.739741892380139 0.8416102239770092 151 133 153 183 
-0.23947993396857284 -3.6840905489845603 0.18160354851120883 -0.6452027783615867 -0.0917611989280898 -3.5375057542111974 0.7967329902373022 159 184 156 134 
-0.27122873774415 -3.6954364290250585 0.18856690557730765 -0.6472055324416014 -0.1729401314450648 -3.580482017906036 0.8218804314091579 135 155 185 157 
-0.2990239674328605 -3.7068035207292414 0.19228546377168534 -0.6486484633618163 -0.2525335285337047 -3.628746621128761 0.8374148035357163 156 186 153 136 
-0.16594775278478532 -3.6653280684550085 0.15412835028568203 -0.64133101900704 0.0699813924860959 -3.4703839547140047 0.7196610106696799 114 161 187 159 
-0.21032922675019528 -3.6760350505415578 0.17245906971086292 -0.6435157019912485 -0.010468616930698147 -3.500626152813539 0.76223960590782 158 188 155 115 
-0.05395098359056168 -3.6592665106070674 0.09755555389131869 -0.6394208182533779 0.22799103496986226 -3.4292266642724227 0.6207981378075074 161 99 138 189 
-0.12198162231649905 -3.6608222800169705 0.13351530476473566 -0.6398732465606991 0.14944578544543652 -3.446913634682206 0.6713614737212579 190 158 116 160 
-0.6778702843485263 -5.541388693415205 -0.03212144786563934 -0.6801360018073942 -0.7726865193507451 -5.512819697699126 0.6469486253979507 163 118 165 195 
-0.6579030893114712 -5.5852639542339695 -0.024687297766088852 -0.6803025656239597 -0.7380488271835448 -5.591994772726069 0.6581433209820028 162 196 119 
-0.7162066417042395 -5.431032886946598 -0.050237509171294034 -0.6791916370127333 -0.827828731677086 -5.350136407345775 0.6168288097704131 120 167 197 165 
-0.6978307884848505 -5.490433933605901 -0.04051559131898693 -0.679787494760635 -0.8021677050032974 -5.432224096914572 0.6328426817370089 121 164 198 162 
-0.7474378861785026 -5.27267826016164 -0.07369689028419148 -0.6753207353329641 -0.8670440005359197 -5.1813941635364476 0.5840352691047273 122 169 199 167 
-0.7330033948938109 -5.3591456863829245 -0.06142356740676507 -0.6777088940037895 -0.8494640347932201 -5.26650693255601 0.6001338316637334 200 164 123 166 
-0.7636406629325136 -5.066228396134039 -0.0941794416497806 -0.6688333802236267 -0.8884426868432868 -5.006014945747808 0.5590074810597723 169 107 170 201 
-0.7579953090636588 -5.173217483909376 -0.085579448049063 -0.6724790327407482 -0.8800967099171338 -5.094452537905847 0.5698887138843982 168 202 166 124 
-0.7645266086873257 -4.950280932547632 -0.09846694863692376 -0.6649688598591167 -0.89162184829052 -4.917176927328058 0.5527331127529974 106 141 204 168 
0.5359423281317987 -3.4647250988336284 -0.15247869675866352 -0.6204344662029252 0.7197930310360496 -3.4714275678410385 0.439996782657271 251 172 100 
0.4969536271477626 -3.46183450237981 -0.14771702300662376 -0.6236531931343082 0.6414990289427454 -3.4665272410353727 0.4527050547930096 193 101 171 252 
-0.6736498629257613 -4.0460257691957455 0.08023065621653593 -0.6436903298138709 -0.6802798239395593 -4.275237979655902 0.6828406968174918 145 177 214 174 
-0.7179088859855179 -4.129192392482755 0.04970511236150891 -0.643134453451737 -0.7133057802489646 -4.349676497399317 0.6551637626053185 215 175 146 173 
-0.7608851564406083 -4.223063946160318 0.017524218762573762 -0.6435489310074146 -0.7420093306208165 -4.425600460023431 0.6291529291247657 216 207 142 174 
-0.5831583854856899 -3.908095133649724 0.131879072000056 -0.6465733680083147 -0.6016041616449168 -4.131762875770826 0.7391483938120548 147 179 217 177 
-0.6285404635246266 -3.9727895887535043 0.10753811722927463 -0.645182559180802 -0.6429703066827734 -4.202482866694074 0.7112006468808011 218 173 148 176 
-0.4911989914866684 -3.79588469888917 0.17114775665721677 -0.6497412557953786 -0.5069558555373578 -3.9969128997384757 0.7895583991373245 181 219 179 149 
-0.5367587833515298 -3.84903411432423 0.15329212143371806 -0.6481111426538428 -0.5561989800483832 -4.063235038470058 0.7656098570750393 178 220 176 150 
-0.41612493791183786 -3.720383865868236 0.1909009000964467 -0.6521132618450958 -0.39455311171314206 -3.8721891497253518 0.8251780944547448 183 221 181 151 
-0.4501527137734227 -3.752614730642599 0.18373569789346852 -0.6512055593371946 -0.4531130362927862 -3.933279336208769 0.80977103348672 222 178 152 180 
-0.3579510459573912 -3.672764729885143 0.194986584893322 -0.6520139862939428 -0.26366926661742346 -3.7596313529271552 0.8367384982233942 153 186 223 183 
-0.38522978967702104 -3.693896685984069 0.19450694666220925 -0.6523208693865263 -0.3311997347048059 -3.814350363184768 0.8345013968878067 224 180 154 182 
-0.2723357224281401 -3.6136119971291705 0.18113758322001486 -0.6469202328438778 -0.0436935837738177 -3.6174414091621996 0.7916647679108385 188 228 185 155 
-0.303073915018917 -3.6341742380886513 0.18868111680032326 -0.6493856208191947 -0.11873719590434606 -3.660827571469879 0.8159884333858399 186 156 184 225 
-0.3306592270402638 -3.653102462974924 0.1929915643802039 -0.6510815188428677 -0.1925282982464384 -3.708399601368727 0.8308565500295739 185 226 182 157 
-0.1997423804020897 -3.5670982350266063 0.15039539688214254 -0.6417231596858614 0.10575897329867205 -3.5459699700086897 0.716778120379983 188 158 190 230 
-0.24378803523951859 -3.594171411494014 0.17091800242101315 -0.6446446653916924 0.03145348393418738 -3.578898220657159 0.7580916648599804 227 184 159 187 
-0.08467228988721003 -3.5177492280579847 0.0831100836451063 -0.6379089949086466 0.2533729050983413 -3.4971633394371717 0.6218208052453829 160 192 231 190 
-0.1538398122546101 -3.5431108201296997 0.12518876005366908 -0.6393885906994381 0.17941134107173895 -3.5189680314592415 0.6702815935336914 229 187 161 189 
0.10944912685249712 -3.4755730126033937 -0.02382460712106954 -0.6326662171188584 0.4044206454965796 -3.46894040247752 0.5335490381503526 137 194 250 192 
-0.002823821219332809 -3.493854730240105 0.03528248260600946 -0.6355284822955845 0.328390482196363 -3.4801496419130475 0.5751118397450069 191 247 189 138 
0.3729318355532186 -3.4536109985656793 -0.11929302350454864 -0.62452431536619 0.561213160639468 -3.463755792839491 0.47190876318548536 172 248 194 102 
0.24194756422158417 -3.4606231066395496 -0.0782574889591262 -0.6277472102472788 0.4817367257943369 -3.4640987613890895 0.4989297300322899 193 249 191 117 
-0.7467765842321469 -5.566296115616032 -0.03239764772207562 -0.6797429159308257 -0.6778040120542081 -5.480652778199433 0.6471350224271029 198 209 196 162 
-0.7266632884770048 -5.602050313667054 -0.026433925542219162 -0.6791411703634572 -0.6462911167705975 -5.558477759593387 0.6592591613651706 163 195 
-0.7959291963955863 -5.456708167100236 -0.04934333855001216 -0.6785609765261589 -0.738289447862777 -5.325139579016682 0.6171147945127586 210 198 164 200 
-0.7718229665326433 -5.515819894751119 -0.04014251054481315 -0.6794513518923314 -0.7090854609892929 -5.403424326721584 0.6328872882694723 211 195 165 197 
-0.842020881310869 -5.293155652103914 -0.0734364722593563 -0.6733138363518852 -0.7848147886735517 -5.164522765593658 0.585513965430112 202 212 200 166 
-0.8200432482950267 -5.382329558231603 -0.06075196403153586 -0.6765492616356298 -0.7636850693314948 -5.245506967870986 0.6008871904596211 197 167 199 213 
-0.8748963951858164 -5.071996338623594 -0.09573281006462808 -0.664671873723459 -0.8122388898987318 -4.99770886766292 0.5620604052143763 204 232 202 168 
-0.861552543098034 -5.1865572927414325 -0.08637118493886647 -0.669385883080411 -0.8011627383939202 -5.081814169066124 0.5721794867749495 199 169 201 233 
-0.8814547894453469 -4.813160246009918 -0.09716862770607536 -0.6548800802210314 -0.8167821958630969 -4.829172934532617 0.5554152966790523 141 206 234 204 
-0.8817089985055011 -4.947992304288571 -0.1002669682222085 -0.6597925641419218 -0.8174436500336012 -4.913350661080608 0.5562287051261583 235 201 170 203 
-0.8555472626463649 -4.553110920592594 -0.06742275863063198 -0.6481217424060609 -0.8003651219129149 -4.663266379306807 0.5703061036509817 206 139 208 236 
-0.8728779902482432 -4.682439484650892 -0.086280724888202 -0.6511465149610739 -0.8108599736519625 -4.745737771518409 0.5600603400791088 237 203 140 205 
-0.7968283292536058 -4.3171944072995885 -0.01209502006639479 -0.6449314284163985 -0.7660279955095257 -4.503101434030773 0.6057136246790339 208 143 175 238 
-0.8293660901360075 -4.428859960115801 -0.04126169010982629 -0.6457407167230036 -0.7854348877663367 -4.5823287758189055 0.5857744966187359 239 205 144 207 
-0.7750581144994428 -5.577829729528829 -0.02389930233579284 -0.6777728381606998 -0.5860568846464539 -5.446604634296322 0.622401017340768 195 211 253 
-0.831647852379833 -5.472760784570768 -0.03737267656889302 -0.6763508491230776 -0.6525802448373027 -5.2987161987005065 0.5936987493096298 197 213 254 211 
-0.8028917887057037 -5.530463912819913 -0.02989725686842444 -0.6775175897344127 -0.6200561722588742 -5.373075597742246 0.608580591369641 255 209 198 210 
-0.8872920988947982 -5.3087220975072205 -0.05950146242240037 -0.6704345988759141 -0.7060335098221961 -5.14613535811413 0.5647259544438531 233 256 213 199 
-0.8610488010805304 -5.398034512718831 -0.04761843067530487 -0.6740616284596167 -0.6815155306737484 -5.223168556526771 0.578701153461457 257 210 200 212 
-0.7242497560114309 -4.023151245440111 0.09751279350527063 -0.640438532350843 -0.6036514343837005 -4.311320740626449 0.6585648985804312 259 215 173 218 
-0.7717715259964569 -4.105277122729571 0.06872360853131519 -0.6392856465437009 -0.6378399678115386 -4.379325053351588 0.6325950480261144 214 260 216 174 
-0.8170367050824917 -4.198702384518966 0.03757425220691367 -0.6392747169352304 -0.6677924192208238 -4.448891551082975 0.6082407807330386 215 261 238 175 
-0.6231858190758984 -3.8860717292174556 0.1455885668124505 -0.6445034815779305 -0.52455492685139 -4.179209212782472 0.7127741535119129 176 220 262 218 
-0.6744492904549113 -3.9510188329267035 0.12276906180362546 -0.6425041846555637 -0.5658832062032266 -4.2444757670872475 0.6856870752360205 263 214 177 217 
-0.5218073593837278 -3.773088001096592 0.18265371545476053 -0.6486513529639051 -0.43079094866540335 -4.054227929022258 0.7619557064129119 220 178 222 264 
-0.5718427454641679 -3.8270294851074476 0.16564803957169535 -0.6465238837060525 -0.4793418976771904 -4.115866818158772 0.7384789952658959 265 217 179 219 
-0.4423433149665144 -3.6943301225162335 0.20209727787858925 -0.6515858142136034 -0.3224086746752756 -3.9375248923750816 0.7966625900754916 224 240 222 180 
-0.47789787850831666 -3.728395399469445 0.19489136637816803 -0.6504997677289478 -0.3785310877772319 -3.9947674463688685 0.7817455542234737 181 221 241 219 
-0.3819276079514467 -3.6402458079867155 0.20708782296723657 -0.6517126389999119 -0.19872904926837037 -3.8309280271261854 0.8072025404837689 224 182 226 242 
-0.41012838674663865 -3.664774482998788 0.2061070880923363 -0.6519466076048742 -0.2622651663669721 -3.882976764337402 0.8054203469405947 243 221 183 223 
-0.32581364682690533 -3.5944659366941147 0.20207947158199868 -0.6489480859072435 -0.06445667886795754 -3.735141649856384 0.7863659472495236 228 244 226 185 
-0.35405704206529803 -3.617043023815549 0.20571831451138423 -0.6507564916463257 -0.13243249352316033 -3.7816747677429743 0.8010427702898458 186 225 245 223 
-0.26484780113212003 -3.5477612597016046 0.18550817797831332 -0.6439780152507859 0.07268760173412625 -3.6523069332155003 0.7302335139118055 188 230 266 228 
-0.2946215979583814 -3.5702584454500634 0.1952916034290279 -0.6463933163705279 0.0041287738710032666 -3.6918700180804023 0.7627027488251392 246 225 184 227 
-0.1674647334877035 -3.4870031732779405 0.13845411814258052 -0.6376909179701431 0.20682410943305193 -3.587563137397816 0.6468183451078178 231 267 230 190 
-0.21803887852664966 -3.5160912497971 0.16485095117839968 -0.6406980687920436 0.14014430590315832 -3.61734265556985 0.6907501943483781 268 227 187 229 
-0.09473752424346914 -3.4559183039353933 0.09616380390066534 -0.6349676170719877 0.27383912491143136 -3.5625885512215243 0.601623795712224 247 287 229 189 
-0.9277641000922338 -5.078246377388912 -0.08180363354734002 -0.6605807189299809 -0.7385029311062504 -4.987607582860202 0.5436470356313883 235 270 233 201 
-0.9114926842632742 -5.198046984661263 -0.07236824024808217 -0.6659733049926341 -0.7253091594149217 -5.0674027545135765 0.5527271732426862 258 212 202 232 
-0.9396204364093119 -4.808604178359932 -0.08162232643653046 -0.6493741058950039 -0.7451485513120335 -4.827695398790869 0.5373749982707308 203 237 271 235 
-0.9378769973771488 -4.948811755815846 -0.08567293597598592 -0.6548583868798452 -0.7449558094642243 -4.907472262370602 0.5382035033412116 272 232 204 234 
-0.9151591727581749 -4.540710018539419 -0.049751853141648116 -0.6422968090862896 -0.7277237837470747 -4.671691274592462 0.550824929981265 237 205 239 273 
-0.9325127460654457 -4.673806776573412 -0.06953930197114028 -0.6452973884412798 -0.739359933482887 -4.7490902477830375 0.5415843565356049 234 206 236 274 
-0.8524225894983727 -4.295234315047497 0.007207374769769307 -0.640284313613081 -0.6924429180270536 -4.520834485227473 0.5856081372982618 275 239 207 216 
-0.8866228382069996 -4.411715613108124 -0.022958494151194272 -0.6404201313661226 -0.7118906917323846 -4.59545525063006 0.56568205730039 238 276 236 208 
-0.4460929313237367 -3.69082915967401 0.2053572582875047 -0.650783547551018 -0.25429723331197546 -3.9944256165550462 0.7476269170107013 243 279 241 221 
-0.4795959324636946 -3.7255021969102575 0.19707410377888945 -0.6501018333635117 -0.3082590826429831 -4.048215732087806 0.7330475257047012 240 280 264 222 
-0.38786057461424567 -3.634897777538628 0.21208799607643233 -0.6506938829173833 -0.1379257160353929 -3.892707466260641 0.7572857307627041 245 281 243 223 
-0.4151432247318653 -3.660215131743907 0.21036175456356063 -0.6509602498755652 -0.19759586162599452 -3.942683495167984 0.7560484557081439 282 240 224 242 
-0.33301984289501524 -3.586436350428392 0.2091210360292931 -0.6477996183321747 -0.013821431811027237 -3.7991606481642517 0.7356808979316396 245 225 246 283 
-0.36070557569674017 -3.6107891181064797 0.21152841729132452 -0.6497308599757577 -0.07607659929923802 -3.8447852085817296 0.7505101482414425 284 242 226 244 
-0.3023320844692585 -3.5603224770354016 0.2035958420328188 -0.6451863799647451 0.0481341319911959 -3.7565409834190806 0.7122725675928306 266 286 244 228 
-0.0066602240005267125 -3.442534719547023 0.04484137932156763 -0.6315214492261142 0.34338900026902647 -3.5418156595816455 0.5579182283129177 250 231 192 
0.37218920849444814 -3.3436935121573463 -0.09048305071111089 -0.610753034407247 0.5651745642660602 -3.5246453441851537 0.453967745563333 252 249 193 
0.2408349541297345 -3.3962296681867388 -0.06324789502940184 -0.6191563624246856 0.48909716331095 -3.522587322091704 0.48280755529099956 248 250 194 
0.10833367859737104 -3.426292189777625 -0.014178448746019789 -0.6270706500012649 0.4165249719874085 -3.5277923558122364 0.5172436439709803 247 191 249 
0.52502466530089 -3.2987792422324973 -0.1027695062163669 -0.5981887515166151 0.7120483636871144 -3.5424339389486073 0.42027840022836127 252 171 
0.4835610422108922 -3.3024300822331356 -0.10045658649270056 -0.6038214725569204 0.6442772398119112 -3.53380240178413 0.43048813343234577 248 172 251 
-0.7758475486526688 -5.58612132248901 -0.020382354379416077 -0.67706551959707 -0.501342300175105 -5.413097948295693 0.5730157161176531 209 255 269 
-0.8375541124741663 -5.48164059370681 -0.031242407168558785 -0.6749257492547349 -0.5765823943120179 -5.2732320176316545 0.5487702496584103 257 288 255 210 
-0.8063574664069129 -5.538386594109622 -0.025200939245976862 -0.6763922449980861 -0.5405537133661418 -5.343501779885813 0.5616013898671345 211 254 289 253 
-0.9020120274135813 -5.319877727216963 -0.04913453220169105 -0.6681351032861915 -0.636277970252767 -5.128908588307445 0.5240049011905087 212 258 290 257 
-0.8711238626741452 -5.408180057535541 -0.03932964069493225 -0.6721763955676033 -0.6088766977821699 -5.201813968054511 0.535962625181605 256 291 254 213 
-0.9155572724471135 -5.202325343649699 -0.06946549964376711 -0.6652958016998932 -0.6581992534990518 -5.053940243513936 0.5138041380076652 256 233 270 
-0.7413938684070601 -4.014875536945941 0.10923565564115482 -0.6378742978591566 -0.5338006899586372 -4.340464774764039 0.6140461934817214 214 263 292 260 
-0.79506335834623 -4.093980830510912 0.08477452791042722 -0.635995845596535 -0.5692268814259975 -4.401770171839129 0.590535521380448 293 261 215 259 
-0.8260978575615784 -4.191392032273412 0.04536019262819607 -0.637467993448885 -0.6014026208940713 -4.46500287362425 0.568996662743606 275 216 260 
-0.6293711281655395 -3.8826356484160045 0.149750390750394 -0.6436411705080731 -0.4541263925894552 -4.21955620185772 0.6661099510810665 217 265 294 263 
-0.6862943870937354 -3.9462295107769023 0.13003847906480204 -0.6408203858056702 -0.4955574339763076 -4.279556021978958 0.6397902180518862 262 295 259 218 
-0.523252248322106 -3.7705809018859364 0.18454188226574164 -0.6483732750703612 -0.35973221004723555 -4.104069176495018 0.7134976276729226 241 277 265 219 
-0.5754479832714293 -3.824201925938164 0.16847923256791272 -0.6459824814494332 -0.4086296454310881 -4.161265760593606 0.6908242076757902 264 278 262 220 
-0.272007801214821 -3.5363994711585502 0.19419522086837393 -0.6429043286338655 0.10891969351493731 -3.716880923312913 0.6814212870259531 227 268 285 246 
-0.16806619215330187 -3.486288050165382 0.1389875194433819 -0.6377593834661739 0.22928642799584775 -3.646712685383522 0.6028353917620299 287 268 229 
-0.22054492247165994 -3.5112917119231977 0.16826872951561894 -0.6401795087201699 0.16872082794310383 -3.679834860132244 0.64472979203524 266 230 267 
-0.7714461517146247 -5.590216521451432 -0.021302227170970894 -0.6776702400351461 -0.4374839797534753 -5.383291800823524 0.5100246796089012 253 289 
-0.923726444253044 -5.078996031237891 -0.08400432017194275 -0.6616633856335662 -0.6729505144503212 -4.977454792669258 0.5053362796546362 232 272 258 
-0.9331548396207251 -4.8065807053508784 -0.08522093835933232 -0.6510862162238765 -0.6808479026805406 -4.824411393978467 0.4982314915477255 274 272 234 
-0.9331846951043031 -4.947922532274246 -0.08837831936661177 -0.6560995023069331 -0.6797292022766769 -4.900635593886391 0.4991425290021542 271 270 235 
-0.9084102864570469 -4.538463432343353 -0.052931396314729116 -0.643925436910453 -0.6630475424192036 -4.676590950235896 0.5099174094635072 274 236 276 
-0.9266763788770155 -4.671617011712343 -0.07252998751416477 -0.6467720717561862 -0.6762334236817019 -4.749727796339437 0.5028626540462133 271 237 273 
-0.8487403138053176 -4.291315283215026 0.007040446633073433 -0.6409096818161087 -0.6269199778996959 -4.53235311250944 0.5463437232533003 276 238 261 
-0.8789444424517548 -4.409309260700664 -0.0262284958800237 -0.642188491325758 -0.6456396098650228 -4.603858514321978 0.523884196979124 273 239 275 
-0.5189602690635166 -3.7717551632327986 0.1811608002821856 -0.6495519573739561 -0.2970936477095214 -4.14272905329616 0.6468290921141997 280 278 264 
-0.5724081234719193 -3.8254852271445046 0.16564006466967793 -0.6468870015778668 -0.34782611777689426 -4.1959928479446935 0.626147922435453 265 277 294 
-0.44649481216042386 -3.690802854807843 0.20568854474425788 -0.6505587617149619 -0.19362603508356688 -4.039299967838187 0.6805674544639011 282 280 240 
-0.47657019432428416 -3.7259534806032195 0.19502754256980584 -0.6508014333613552 -0.24561526315616292 -4.089736045371662 0.6664013179740763 277 241 279 
-0.3899192005298906 -3.6373368361925413 0.21176683786523132 -0.6506720867900287 -0.08547909831661495 -3.942700341187501 0.6898057521845685 284 282 242 
-0.41710261083250944 -3.660598351811479 0.21136699575561235 -0.6505062789786455 -0.14116854613499624 -3.990637211951766 0.6891587542038076 281 279 243 
-0.3357030697112261 -3.589894466716196 0.20885432584065533 -0.6480653800186847 0.028441612770407396 -3.8504216409988565 0.6678475039493708 286 284 244 
-0.3627870022508695 -3.614583791971466 0.21041039653039809 -0.6500699265248344 -0.027541160867835562 -3.895336368303642 0.6822942263453255 281 245 283 
-0.27278419082757543 -3.541488812754874 0.19090097045283563 -0.6445333780443796 0.13462782103073107 -3.770462209381666 0.6155897868558413 286 266 
-0.3052885577452356 -3.5644351193113075 0.20321859250259697 -0.6457116633444948 0.08380368981808774 -3.8090245093905413 0.6429652571799851 285 283 246 
-0.09492003479886138 -3.4480458371165215 0.0993416663414176 -0.6338793346110679 0.2869957124641096 -3.6196662015228838 0.5624765919186889 267 231 
-0.8323326599456878 -5.485740156023984 -0.03311346811604017 -0.675825419250109 -0.5137763507630411 -5.251749394819152 0.48546717200936884 254 291 289 
-0.8013953566622604 -5.542230867583624 -0.02676200628521255 -0.6771488522232831 -0.47469745537413527 -5.3184674425710465 0.495898452890179 269 255 288 
-0.894453919278499 -5.323153108299936 -0.05410315652966003 -0.6704420576705651 -0.5790031938810845 -5.1151924655352845 0.4658949472863661 291 256 
-0.8654986542730803 -5.412809513632407 -0.04167634761034875 -0.6733327736022242 -0.5495163004763575 -5.183624513625588 0.47567691690837977 288 257 290 
-0.7376346129842587 -4.016068824234245 0.10570244266265466 -0.6388600582755619 -0.4751200352873301 -4.360078396703877 0.5523182330465981 293 259 295 
-0.7904684882143098 -4.09520077407966 0.0801414857923613 -0.6376385669331242 -0.5108727313700931 -4.414186252614516 0.5318972099434937 260 292 
-0.6253404852941105 -3.884790676523539 0.14548640530527554 -0.6449372402936364 -0.3941874426007833 -4.249245937266011 0.603236970697475 278 295 262 
-0.6829405276014489 -3.948936229575207 0.12564255443831576 -0.6419767527545011 -0.43617851242132005 -4.3041060859753575 0.5778510302933546 292 263 294 
