10 11 12 13 14 15 16 18 20 22 24 25 26 27 28 29 30 33 34 35 36 37 38 39 40 41 42 43 46 47 48 49 50 51 52 53 54 55 56 59 60 61 62 63 64 65 66 67 68 71 72 73 74 75 76 77 78 79 82 83 84 85 86 87 88 89 93 94 95 96 97 98 99 100 102 105 106 107 108 109 110 111 113 116 117 118 119 120 121 122 123 124 125 127 130 131 132 133 134 135 136 137 138 139 140 141 142 146 147 149 150 151 152 153 154 155 156 157 158 159 160 161 165 166 167 168 169 170 171 172 173 174 175 176 177 178 181 182 183 184 185 186 187 188 189 190 191 192 197 198 199 200 201 202 203 207 208 209 210 211 212 213 214 215 216 223 225 226 
-11.36474883135406 -4.323276858310615 6.486935877693864 -18.179994009205114 -5.63041750126621 12.791008472724819 4.376177816292142 1 9 
-9.943655739219063 -4.982663716412765 6.701109393372383 -18.41837962176391 -4.9181039774342885 12.590535678858242 4.531566381193141 0 2 10 
-7.801902539511956 -5.240817876146673 7.003062067892327 -18.189866167342174 -3.9756625385719184 12.379109121073895 4.722238866962698 3 11 1 
-4.863359378085354 -5.272260196650467 6.974236333074132 -17.747403912234063 -2.8286125357732876 12.218968849676463 4.93362281661574 4 12 2 
-1.7553010490341925 -5.2108807239441095 6.786333278730247 -17.47072953716846 -1.4972771102438576 12.16198217761303 5.183338807363951 5 13 3 
1.3233171814626947 -5.29718534269787 6.595419673919169 -17.643555887508693 -0.11943883716337544 12.223988282239663 5.372922896821052 6 14 4 
4.483454424038685 -5.380867171442495 6.265663179696998 -18.12180766291463 1.2176193811351497 12.407527186738601 5.494051911239577 7 15 5 
7.563638678993295 -5.137995904511587 5.885030904733616 -18.571726118029055 2.506943274377151 12.710814012832387 5.620776458835332 17 16 6 
11.291781436321234 -3.9972028827510955 5.676119023471199 -18.664577429724748 4.572503011690207 13.40322299495789 5.915719167035878 19 17 
-10.685061864696758 -4.2750113066786835 4.928939179835953 -17.851557190890688 -5.629524248448914 12.822819047962469 5.425684552692698 21 0 10 
-9.162070663389118 -4.9436800278443975 4.891411946636681 -18.104395839763825 -4.846478233857654 12.607358389473763 5.622027163125877 11 20 9 1 
-7.016305051152732 -5.106025932288502 4.86638246543755 -17.824304146563396 -3.871945637984963 12.39310401429167 5.836283921351946 24 10 2 12 
-4.252905014570378 -5.052035192199085 4.75113324237224 -17.417896095078955 -2.709804440271294 12.226194421852044 6.059429036842411 13 25 11 3 
-1.3934182880266137 -4.986887006601573 4.557072748186522 -17.248507696419946 -1.4108941933528465 12.152952009294484 6.271864379040166 14 26 12 4 
1.4870983845762087 -5.079175547647683 4.346571875002545 -17.49302234351214 -0.0609235723980629 12.195796204661574 6.442957345312057 15 27 13 5 
4.524368932709923 -5.131496833296712 4.1690422671032525 -17.976187557964433 1.265573518874056 12.361055980687384 6.570795488719784 6 16 28 14 
7.532210395477757 -4.870042678284458 4.065466912470162 -18.41909632119112 2.522686732802689 12.639021046155797 6.6874047382404544 7 18 29 15 
9.769932593861478 -4.626036507609 5.71911081357056 -18.736676220858687 3.652204284801067 13.068479179900464 5.739088737883614 8 18 7 
9.773413239762608 -4.369795748800516 4.112632795537272 -18.610060581794542 3.6600310162141105 12.979839416855178 6.8125075266142225 30 16 17 19 
11.443420046060696 -3.736108417822804 4.194963854158733 -18.58767038769079 4.665965040962473 13.330462498189831 6.956402530513961 31 18 8 
-8.631900242806877 -4.5075817671407945 2.3916229623870837 -17.92284430095687 -4.816951179939425 12.402289257635177 6.868333807246186 10 24 22 21 
-10.379863268860557 -4.300560761591819 2.573512354682326 -18.094432417844622 -5.67056881657601 12.64379275022912 6.749896958424961 9 20 23 
-8.400175973196125 -3.381070514782949 -0.418147734175138 -17.88228232454232 -4.875954374314656 11.892229530433566 8.143216665338375 23 20 35 34 
-10.251905080307512 -3.172927625796852 -0.2091411800676348 -18.01355360191302 -5.811440221994377 12.15956514411487 8.094149572293304 21 22 33 
-6.35878768321944 -4.534115901054369 2.125411422705904 -17.616438813008386 -3.7994902223784948 12.162924896704904 7.048671626645545 35 20 11 25 
-3.698247215657722 -4.396481732376505 1.8528399996478258 -17.295197845202875 -2.621216120158715 11.972177065089875 7.256858877798527 26 37 24 12 
-1.0217315623294205 -4.279403561934737 1.5993272699855803 -17.211493423819977 -1.3356021184315336 11.876438154108214 7.452539802401469 27 38 25 13 
1.711895780962664 -4.301462701424821 1.3862428104531417 -17.467109347117123 -0.007711509774654207 11.899300206803842 7.615532779085175 14 28 39 26 
4.633125588916558 -4.260590677410733 1.3101968463166402 -17.872399785832062 1.3062727791841602 12.051074776074104 7.746284840138804 29 40 27 15 
7.566455654767592 -3.9707588053946146 1.3879165482246063 -18.25674141042578 2.564862146767203 12.32344661636131 7.865319472557577 41 28 16 30 
9.982963262183226 -3.4423058103769537 1.5652902928619516 -18.46505004458457 3.7440695670385664 12.67244244229832 8.011105366940656 31 42 29 18 
11.883564056984035 -2.7362854397676015 1.770617615059163 -18.465013338167896 4.830814535803767 13.035973567054059 8.22583739311481 43 30 19 
-12.648300751194375 -0.6435809402698204 -1.8940359850306485 -17.659868058557052 -6.953593808408191 11.67952285374461 9.375691406761359 33 45 
-10.476136135368309 -1.4691470577869536 -2.252089968260334 -17.860940315655274 -6.062155831217506 11.414127793957832 9.272981684797578 23 34 46 32 
-8.378264354019024 -1.700556629820041 -2.653389491643224 -17.841393470653962 -5.046467726482644 11.077313532005068 9.307820833476251 36 47 33 22 
-5.989098551960784 -3.350710059285013 -0.7223987728491565 -17.624112847604625 -3.792174509609147 11.607328650619184 8.286782550089832 24 37 36 22 
-5.887746347285468 -1.6469782014317176 -3.0448525066095855 -17.70444874615865 -3.8777772926201335 10.711941095612495 9.431924493792543 49 48 34 35 
-3.3285542500425214 -3.130256204939456 -1.0214480519423046 -17.377164159581397 -2.5747372150190446 11.37279286024339 8.471661204771962 25 38 49 35 
-0.7052620443236395 -2.927826604007731 -1.254248597098644 -17.32869701480221 -1.2771383830208265 11.242878966204934 8.654251965753973 26 39 51 37 
1.9314806941310494 -2.836439815743682 -1.3791466314462284 -17.51294947312522 0.047105357037723034 11.244395209528221 8.81424771755644 40 52 38 27 
4.71494607330588 -2.702821506921981 -1.326794339630759 -17.788235000678966 1.3641922063351835 11.389524313194988 8.950330785434714 53 39 28 41 
7.525301328197048 -2.3760284237097693 -1.1276140499041267 -18.061536702944878 2.6525719431198 11.673208749899853 9.076424952071516 42 54 40 29 
10.014054449107165 -1.804779018273188 -0.8419945993277507 -18.215206290750103 3.8919467822265617 12.056989718748948 9.219763203941294 30 43 55 41 
12.137806648550876 -0.998845943741852 -0.5152732538773058 -18.198248864159773 5.051464045267247 12.47740418274626 9.412024075388402 56 42 31 44 
13.882960140081773 -0.041551867050977305 -0.3051816332543628 -18.098491082145443 6.080540597383273 12.877818792878141 9.654574619261293 57 43 
-12.389627488773607 1.472742813839595 -3.5821643128804896 -17.475265884463717 -7.322161409611537 10.94714580158612 10.18097419085398 32 46 58 
-10.372619295394147 0.8121767688459393 -4.012012914496662 -17.66476318551284 -6.4177984752773245 10.517655189031954 10.183149228756832 47 59 45 33 
-8.27763455699246 0.5463710749081588 -4.476630098897102 -17.787090794986366 -5.34253711627777 10.047632906945157 10.240401943027937 60 46 34 48 
-5.849855194648397 0.578755574511643 -4.918173019788511 -17.828793964415176 -4.085660956477508 9.556826720695682 10.348528615041925 36 50 61 47 
-3.188920191023129 -1.3929449446499718 -3.3600047713033656 -17.5626694159414 -2.5873592480855687 10.405662228615144 9.593978354650758 51 50 36 37 
-3.193792078728763 0.8294458142910075 -5.271312262667453 -17.851554783188927 -2.6884713099613524 9.131792637789474 10.48593950670508 63 62 48 49 
-0.4933690801537006 -1.1241182285717943 -3.5578926967684485 -17.546458224670648 -1.236583556850768 10.229057104530757 9.758821233371275 49 38 52 63 
2.1245784701360924 -0.9088745144768258 -3.594522790439471 -17.64137630002497 0.1226178135812507 10.21255230358787 9.912196626435392 64 51 39 53 
4.765886845252704 -0.6674131524942875 -3.438581549380973 -17.76651744006745 1.4792812642572162 10.365132816686359 10.053146920466721 52 40 54 65 
7.349455790089685 -0.26852726177160385 -3.1692930753884103 -17.883424113451508 2.828726334086121 10.688745426476245 10.180987577355875 55 66 53 41 
9.653522065515515 0.33318211305506595 -2.885352609060135 -17.951498416782393 4.135415627222223 11.15349400310368 10.295211600412564 56 67 54 42 
11.628804700539328 1.1293504231008173 -2.661022218294538 -17.959350872932053 5.347729722252062 11.696396121007284 10.400040495036285 43 57 68 55 
13.043680434705456 1.9377335904823152 -2.5960113860171137 -17.947175367065284 6.419997869837752 12.258721501426423 10.482976969682648 44 69 56 
-11.317458875826155 3.850695213646369 -5.4188833248890855 -17.711828752919185 -7.752860494672248 10.13117083084217 10.737627370830472 59 70 45 
-9.658618175971805 3.5213383569884584 -5.777569781868315 -17.864821587904284 -6.869859669200157 9.553980343186595 10.78451685145688 60 71 58 46 
-7.764202809092509 3.4924313773346523 -6.193761225774538 -18.017908559931502 -5.768019640738485 8.9443335926674 10.837357267126553 72 59 47 61 
-5.493454849745327 3.703254115928865 -6.601274559448535 -18.1651236587308 -4.445167674684285 8.301873417110029 10.90955637533103 62 73 60 48 
-3.031569733306301 4.1089219075207515 -6.911262007615484 -18.30602017268402 -2.933224036057921 7.6925541242260005 11.003455971037614 74 85 61 50 
-0.45994705453378665 1.1687200950696381 -5.491839332699584 -17.91936674430219 -1.22291947548148 8.875043081799337 10.628867360974942 64 74 50 51 
2.1632583524072184 1.5532495291880863 -5.538775424148321 -17.998051891521417 0.24593057998695741 8.838388121795905 10.768434324563486 63 52 65 75 
4.664612508704529 1.9761884062066768 -5.423552671226936 -18.06525853871177 1.7097120317307255 9.029525316880857 10.90489574132789 76 64 53 66 
6.870327500887763 2.4603991750660845 -5.223681697830949 -18.103553912788108 3.1592026553412573 9.45457479085047 11.020052057252148 67 77 65 54 
8.693161943243918 3.045754854237577 -5.038370518092174 -18.1053922274361 4.535267038795629 10.068055497669603 11.091183830262908 66 55 68 78 
10.17772531377154 3.7984599310397438 -4.954511427962702 -18.087740716508577 5.780511366111249 10.772030116742549 11.118661746674501 69 79 67 56 
11.20044016195864 4.5935099375284025 -5.006571457854293 -18.073774981382655 6.8769122616511416 11.484697825524876 11.111587374470659 80 68 57 
-8.097177117634626 8.132435445182143 -7.342191687085484 -18.373938779824293 -8.288271988823956 9.23374853094915 10.982487052068421 58 71 81 
-7.329030484225613 8.058237360680566 -7.411228352139731 -18.453760476889958 -7.400308047635143 8.595346024876894 11.016874443779708 72 82 70 59 
-6.019288281106883 8.025585674503908 -7.485602395350381 -18.545216847047126 -6.30436906452562 7.890147505243517 11.034114726216846 60 73 83 71 
-4.228533199287099 7.975949978117298 -7.559977629183515 -18.673591593136653 -4.976188000623963 7.116950580938978 11.04951922350297 85 84 72 61 
-0.5663078994003364 4.567399794654391 -7.116063946134254 -18.478463163641056 -1.2910434857876587 7.255857815919219 11.109872129970574 86 62 63 75 
1.8484760113971554 5.026911259092761 -7.203249745971452 -18.65128912199511 0.44119737736281706 7.155696003998752 11.22727638425945 76 96 74 64 
4.042214168240443 5.7365689672830085 -7.219848874177634 -18.788777456091307 2.14614971864936 7.464798452977157 11.3520172261865 77 97 75 65 
5.587028971489127 6.261415654447787 -7.36277634400079 -19.03317742677533 3.714768806634033 8.117648486491158 11.4521934406458 76 66 78 88 
6.716403836395815 6.755027787565952 -6.9529070319901365 -18.675838260971393 5.130651659635932 8.955037064980273 11.496219218201983 87 77 67 79 
7.643211479830494 7.315030809436253 -6.83937219489287 -18.561422254558725 6.3651802171606615 9.82506072732393 11.484222984980065 80 89 78 68 
8.321768163569079 7.97718621660749 -6.8396237193822635 -18.506652830831108 7.42909759300108 10.650531284488842 11.432784667355673 69 90 79 
-3.8247650406232068 14.064920707396206 -6.614880713426185 -19.01371283624974 -8.821443939659712 8.348658973838337 10.802260561089252 82 92 70 
-3.561122251224612 13.609235966561839 -6.646827121081423 -18.970063254756475 -7.945258930694435 7.708350758989571 10.822908524044994 81 71 83 93 
-3.014375158974698 13.007790120218772 -6.659028806745835 -18.913228307310998 -6.904279077515477 6.950565502753142 10.807059889665116 84 94 82 72 
-2.0388996251456533 12.180748907355795 -6.751563852089138 -18.930627331562125 -5.654138477846436 6.092401912833815 10.774212630231732 95 105 83 73 
-2.244047091506253 7.929340171097237 -7.619516125072426 -18.838129234775124 -3.4102711680582543 6.3011787743388785 11.073987258406852 86 95 73 62 
-0.3427056665617981 7.88288200190874 -7.6651181569013955 -19.0080834285657 -1.5870815608197435 5.501119599982008 11.098647417854501 96 108 85 74 
4.3623504753707385 10.076837654897771 -7.4643624561800666 -19.177090044543192 5.898902481197917 7.974092638474239 11.507450944766468 88 78 89 98 
3.6828342572014607 9.504387530881164 -7.581492792443042 -19.26738328435369 4.525505664361855 6.898118996612542 11.453559785509697 87 99 97 77 
4.971011289893893 10.539287981341221 -7.351642381124533 -19.050000596092417 7.053874722041699 8.977112025713105 11.49861091760903 87 79 90 100 
5.439517597680157 11.014109394399632 -7.329557645323819 -19.002551746149052 8.034984374315862 9.870045378685877 11.44381977729294 80 91 89 
3.4396927033247304 13.027089033336317 -7.036777822134299 -19.38990933244363 8.562351170175463 9.23595248629406 11.262738134538727 100 90 
-1.7473407008421218 16.70939334051977 -5.030131947358215 -19.36368922766991 -9.175375218552732 7.628433676936246 10.361980871135092 81 93 
-1.2871772782113668 15.993423942558445 -5.012331647259045 -19.188366424338913 -8.415854055418734 6.935143185698918 10.30926842454916 94 103 92 82 
-0.9265889373517604 15.093073574019808 -5.223406510440365 -19.066624441163924 -7.501315044194058 6.141144147735046 10.24898944383131 105 104 93 83 
-0.7561567657177467 11.269961776867039 -6.927703699505886 -19.043541929259714 -4.2026355914988125 5.145605621114687 10.732023034567677 85 108 107 84 
1.416297961882037 7.926424470007218 -7.727391930809095 -19.183954426966487 0.7033631066412346 5.202383926713334 11.17097935156083 97 136 86 75 
2.8470603114551496 8.737332629292254 -7.687360784400529 -19.283515434010656 2.896813681575093 5.81887196615133 11.321129687466033 88 109 96 76 
2.4494788518938417 12.174087262673122 -7.055903563225856 -19.46042769115936 6.769748188911743 7.180936682840898 11.222955405909133 87 100 102 99 
1.9320867579605634 11.50029557724386 -7.082159989009173 -19.411295777149316 5.591160317371187 5.978073703974108 11.126386392776684 110 109 88 98 
2.9463433918152235 12.645425644067174 -7.0213072698829935 -19.422870218449248 7.755903947140398 8.266529416889 11.260587384994164 89 91 101 98 
1.8463551287162505 13.482280802512637 -6.656239767005694 -19.62838842396168 8.40305474297101 7.635933694629435 10.879398377733573 102 100 
1.4820386243650505 12.916304997378388 -6.695639241575674 -19.607774163239053 7.685792394942406 6.545489844343079 10.754731647803876 98 101 112 110 
-0.17482933389232785 16.427086215724298 -4.2563975984534155 -19.285535546148814 -8.77509896844175 6.270597150502965 9.684577841026833 93 104 
0.3061010975643689 15.528171582272162 -4.502053642976302 -19.207457303650198 -8.032551971636083 5.449793904700265 9.538060672589358 103 94 106 
-0.41133673857687764 13.84490179862507 -5.55257506084074 -18.93465721686291 -6.417014694544937 5.2421043954045885 10.17787828625002 107 106 94 84 
0.9616518477212027 14.380388650572243 -4.894200418113473 -19.18402588572159 -7.155387169133874 4.538507958858082 9.404961594741224 104 105 116 115 
0.33961006356626805 12.517782330746574 -6.0979151106251654 -19.036001394239 -5.238180751208522 4.26419404457242 10.085909031887764 118 116 105 95 
0.6531541405601506 10.311398445159464 -7.261080334523994 -19.293398643946695 -2.605755398782132 4.09452379168086 10.65357972903748 86 120 118 95 
1.2907214666819584 10.580961155984609 -7.213893390422782 -19.375333697024736 4.266189920054381 4.656401404859571 10.936587958951145 99 111 122 97 
1.1489060429123863 12.080271106169858 -6.784567166736088 -19.509828132891617 6.824725480736153 5.360691059197611 10.596946050464323 111 99 102 113 
0.7775439559478273 11.017201154834629 -6.961702721856976 -19.399995041482185 5.980887074846542 4.121316963528071 10.36915811410341 110 124 123 109 
0.6300523803626368 13.27566168024869 -6.338284769410775 -19.7307475543292 8.577723015808226 6.007948391990181 10.172786627922585 114 113 102 
0.29456745680180724 12.441441799989084 -6.411311366375009 -19.613481037003222 8.013726137271355 4.955122695629982 9.966238027667927 110 112 126 124 
-0.05445482126964486 13.452220342723013 -5.935986933023801 -19.774917258359412 9.305055214649764 5.540237539749661 9.569347136097951 126 112 
1.8273252826365658 14.369080237436743 -4.495465222745768 -19.293256328993383 -7.744443790636161 3.934394096428515 8.586638726777702 106 117 
1.590216764080165 13.10108496076265 -5.399153989992649 -19.184445146792626 -6.278720483051458 3.601985573364875 9.262022869413794 117 106 107 119 
2.5998406795688305 13.2850582740688 -4.752164623454992 -19.276027711073464 -7.139252255363341 3.0959705977782477 8.371175961865946 130 128 115 116 
1.2568302457746747 11.136294626704608 -6.685759379144664 -19.219523894080254 -4.127889231097829 3.2220948129134115 9.938494008305875 108 121 119 107 
2.345695609903398 11.745899031596108 -5.999081648021278 -19.30137473520898 -5.46907779736986 2.6290754772190508 9.078004095589405 116 118 131 130 
1.1233582878557438 9.840758023599545 -7.375450259854728 -19.303573011969547 -1.4142950043431783 2.7211370669483754 10.327707243940733 136 135 121 108 
1.8063457676472006 10.3383968525952 -7.065448717726583 -19.362110102298804 -3.2387700061889357 2.077383156174474 9.659429209806051 133 131 118 120 
0.987526272846081 9.893091151622071 -7.340189009626199 -19.307924686584737 3.3692248618922855 3.1046177912155635 10.518731415265762 123 138 136 109 
0.43455512646559374 10.231130958950711 -7.239828008435085 -19.44715708860108 5.329097724899642 2.824020742081874 10.020181985568753 125 139 122 111 
-0.01626888737106633 11.417600631135759 -6.571095167268606 -19.47411645663219 7.457560127078402 3.85269353519034 9.713285025164065 111 113 127 125 
-0.29974870790894176 10.64593352393649 -6.742460273173947 -19.416673274273386 6.94738147784428 2.7107346825625935 9.396393251564152 141 140 123 124 
-0.41383294143409866 12.641780223679312 -5.95779967409004 -19.63835460186631 9.006740666241551 4.67755150470411 9.303690803461983 127 113 114 
-0.7572675612414208 11.74555374073312 -6.043119567536996 -19.504301900783926 8.640939355731858 3.756479825954605 9.043697825602287 143 141 124 126 
3.5199224596523155 13.365096683158274 -3.9646797000524634 -19.321931465066513 -7.77410747527983 2.69015753251139 7.496445607357565 117 129 
4.283757962417885 12.059266685288964 -4.296055708900889 -19.271909149518414 -7.327466333853824 1.9061149058960725 7.232408015402157 128 130 146 
3.3565547209736355 12.019843841714447 -5.18727508529864 -19.305602916046297 -6.539362348558644 2.2193057549226385 8.152714679567405 117 119 132 129 
2.809594327045949 10.862659706571757 -6.423884652789727 -19.400211574787246 -4.749417291701968 1.6078402616259073 8.822907873578126 132 119 121 134 
3.7912748588267093 11.104767025777319 -5.572323818800017 -19.330207496262055 -5.950418666182411 1.2812826593627602 7.895908910308956 131 149 146 130 
2.205786571681225 9.693378906488643 -7.361500157912162 -19.43248721148365 -2.584491074569619 0.805191978444993 9.199013784947226 135 152 134 121 
3.2047616738841906 10.020373618025438 -6.807515179094391 -19.44729600739735 -4.119034614582357 0.5066119793809871 8.45339857210363 131 133 150 149 
1.4584123485674707 9.330465256613092 -7.590652218271087 -19.335722122046253 -0.8257396308243489 1.1247926385133495 9.71896984065446 137 153 133 120 
1.2022658559408705 9.808793743564157 -7.3588766902725915 -19.283609495655547 0.9408551279955015 3.183291446926015 10.665209876521086 122 137 120 96 
1.2290113954478334 9.220152349815086 -7.6309798191950025 -19.312074219058996 1.111866661760319 1.3595746781153655 9.954877427511981 154 135 136 138 
0.8033345901199871 9.323119648440137 -7.598375215080514 -19.348116080470152 3.082800348110915 1.454955044488436 9.881748000224169 122 139 155 137 
0.16389583741847405 9.583229661692851 -7.3874015269209234 -19.384437395599026 4.9155231559445545 1.4752100637109105 9.525571002813802 140 156 138 123 
-0.5993285802068695 9.94060443836705 -6.933696576537592 -19.3882741502888 6.520118597876213 1.531996030940653 8.98593718760527 142 159 139 125 
-1.0166412875436033 11.064212606438646 -6.159939394322 -19.434259049419726 8.2464284289066 2.774778480750406 8.753114584338144 125 127 144 142 
-1.307836503049924 10.334682798738745 -6.311954357237721 -19.370929907078587 7.840693694249227 1.6880062510938765 8.381989965299722 162 161 140 141 
-1.4741509827217896 11.99615189361115 -5.456057862075053 -19.55128840656086 9.560663197554382 3.732169266809585 8.393354721135253 144 127 
-1.6270041902601509 11.450218674167926 -5.5831026738663185 -19.495084029533647 9.301838020565905 2.9834529663914733 8.140515121989152 162 141 143 
5.5159501742670765 10.939936190752373 -3.7442310477508305 -19.16494934775731 -7.464785740359276 0.7986441949063499 6.026062886440956 146 148 
4.7375608307293255 11.121196741919798 -4.593623127867043 -19.230971885111554 -6.845648766718873 1.0259383506965774 6.942536033315565 129 132 147 145 
5.178523022064983 10.019467221773862 -5.017198430553207 -19.1794123005376 -6.369395253655154 0.10287068142415254 6.620130210108018 148 146 149 165 
6.018216899621176 9.743455891159098 -4.1152087760395855 -19.076252743063524 -7.110647170229449 -0.017560292590997353 5.667071208688 145 147 164 
4.185088004680513 10.12358647196605 -6.003767124249079 -19.330937605112133 -5.3839346054430735 0.27599739178213134 7.569005576353927 132 134 151 147 
3.5040062543742767 9.17438928454927 -7.167377156646341 -19.418994475173022 -3.606412848649584 -0.6868096031438697 7.937116435548137 151 134 152 166 
4.480280100621745 9.133964283044989 -6.45277785420815 -19.286050861427736 -4.884038192811734 -0.8045663588975188 7.131443322822065 167 165 149 150 
2.489229300325156 9.049714463465643 -7.658775814628262 -19.44580346922189 -2.1143072502690723 -0.5364401705858886 8.580836845315226 153 168 150 133 
1.7125646564486716 8.83997502640464 -7.823438776223917 -19.34820818008559 -0.46503472721404787 -0.37755130247453317 9.00520346782186 154 169 152 135 
1.2467416134968492 8.739876164594847 -7.85683622806738 -19.30430847844119 1.261733984202105 -0.2160071182543491 9.201502591187555 137 155 172 153 
0.6644432769929882 8.790546761729779 -7.8103411593967715 -19.32190402439245 3.006703340368021 -0.040903419836522015 9.17335713590369 156 158 154 138 
-0.0678144112576632 8.95199131224653 -7.638930464075129 -19.381657700618696 4.69796041144342 0.1425530090629985 8.916414571357253 159 157 155 139 
-0.2137196164128137 8.236769410207193 -7.902001135608843 -19.30321169407623 4.637775116152586 -1.1177447868475965 8.23637956990686 160 175 158 156 
0.580054801753421 8.186970290071477 -8.11789720889587 -19.3105888803178 3.0584347807692778 -1.3869763681341953 8.430760525952985 172 155 157 174 
-0.873066456185952 9.130745646826036 -7.19171024031258 -19.338696474453165 6.222572426925235 0.33368106170055273 8.467729682983286 161 160 156 140 
-1.0841381205108611 8.303429722227357 -7.48724992441687 -19.26857004533678 6.068764145395174 -0.836535907020595 7.862910293662429 177 176 157 159 
-1.6344458430194557 9.34982035401976 -6.592990831828009 -19.292894472349165 7.498010432338889 0.5432434003683275 7.912905422078072 163 177 159 142 
-1.8307317831386685 10.709674329205882 -5.768849633845888 -19.413793419690524 8.91004612714454 1.9381491361704035 7.788977654073792 144 163 142 
-2.140756883861524 9.598801698445849 -6.097500891699996 -19.30906975842077 8.53058615471237 0.7740499642252321 7.332241634903374 162 179 161 
6.363555540352233 8.611540877441401 -4.6186822429614525 -19.003836892542466 -6.728818116261344 -0.8893169110639664 5.324479104580262 165 180 148 
5.501077324666624 8.920357616444917 -5.528702616873745 -19.12140139456837 -5.920639590999617 -0.8749489910851522 6.238177455247903 151 181 164 147 
3.733689859109671 8.265265779517772 -7.5413293142253455 -19.321060944876187 -3.22263578071726 -1.9461565405773549 7.274031986238289 167 150 168 184 
4.690179090352225 8.115246171989188 -6.927916197372373 -19.19339300301707 -4.486296832193906 -1.952527648755863 6.557137953549468 182 181 151 166 
2.6717036346811174 8.310812842249286 -8.0080179985234 -19.40063075989045 -1.784344135775636 -1.8871949619510113 7.843366767275882 166 152 169 171 
1.9028155082752045 8.2534320377239 -8.166891930843558 -19.37177118549156 -0.2149477816812275 -1.7805224568650946 8.22768092990126 153 172 170 168 
2.029592670841983 7.613899326261184 -8.573606141398173 -19.38220892061692 0.023301529811176724 -3.101379833386879 7.4124063995303295 173 187 171 169 
2.751988136860834 7.548181307266526 -8.429526885007068 -19.346620050912847 -1.533486475734169 -3.226416532819274 7.015955314286038 185 184 168 170 
1.2779317635157197 8.18795887281795 -8.195387441570933 -19.330408984711045 1.4196070705792192 -1.6142858393869977 8.425862032498115 158 173 169 154 
1.3118185891974137 7.584390538170664 -8.608677051845808 -19.363956924094758 1.626444046247381 -2.8907829363909237 7.637127846519854 170 172 174 188 
0.528488771137803 7.535867305672205 -8.501950379260363 -19.30931006409384 3.2016406978123264 -2.618574219880594 7.667818728576091 158 175 189 173 
-0.3229460894972359 7.494893693348804 -8.247038902968805 -19.24725536236971 4.691808336239906 -2.299719901935792 7.512021195479084 176 190 174 157 
-1.2511498616664292 7.464864245825967 -7.828272656354937 -19.195058470149252 6.033755052336087 -1.9534654826256568 7.198355936411434 160 178 191 175 
-1.92742004786021 8.394955441084068 -6.915195325974923 -19.23138680164936 7.27664530395271 -0.5704282020252637 7.3673160664306 179 178 160 161 
-2.177680122320595 7.4648905756286625 -7.281188828871116 -19.183965664177528 7.170764248801476 -1.6151437887482034 6.771937809650298 193 192 176 177 
-2.45836241323999 8.560797883343273 -6.451215049746465 -19.251947242395186 8.256365708713771 -0.33343072385992356 6.817968192116441 177 163 193 
6.649028265373863 7.470723033668254 -5.212456933621118 -18.951356726646218 -6.364282234470074 -1.8034101650238052 4.947049792228748 181 195 164 
5.7361407651788685 7.817605550213242 -6.1056955510282425 -19.056285016471033 -5.5383988630203405 -1.898800420999047 5.762697153062942 167 183 180 165 
4.821218166405753 7.1077785886615485 -7.451224636558165 -19.088311459775408 -4.219656255142281 -3.138575139323174 5.840026245369517 167 184 197 183 
5.879653350971677 6.736359956315419 -6.760182484487655 -19.000377072924636 -5.26520647599932 -2.9425112574252474 5.1726808800513755 196 195 181 182 
3.916235911221504 7.337958343340605 -7.9468240751836525 -19.194558413982094 -2.962671399156634 -3.239716880059182 6.477405769224642 171 186 182 166 
2.7561009118130593 6.7708925700609 -8.948482376592363 -19.312774537527115 -1.2877638283580914 -4.54023114922591 6.126972468516151 187 199 186 171 
4.138253734612907 6.5122084878514865 -8.548837437501959 -19.25714439921707 -2.8308388678414342 -4.52656058183516 5.563703162898603 208 197 184 185 
2.114570683205502 6.915473406744228 -9.041881360778753 -19.3757599382746 0.3366569197880711 -4.32694093211669 6.599015223896261 188 198 185 170 
1.346683544856943 6.9111567412885115 -9.08595581838647 -19.385877884084056 1.9142080820380671 -4.063053354656873 6.849477957292461 189 200 187 173 
0.5047715687431605 6.81333383109952 -8.969725114283358 -19.31209445270848 3.419875486169619 -3.760837374762885 6.892571143887148 188 174 190 201 
-0.388918709928826 6.679476944176205 -8.701669704739698 -19.211432300483267 4.821339042713003 -3.41691616850405 6.7596975286747005 191 202 189 175 
-1.3517780337901615 6.551073651401993 -8.298860987643849 -19.146345255780552 6.074879376219768 -3.0276146115226474 6.494939441349201 192 203 190 176 
-2.3199847705370904 6.4521295637033065 -7.81501136095903 -19.16378841622995 7.142069576539276 -2.5984834117929374 6.1550460431069745 204 191 178 194 
-2.780250731511557 7.547463654099558 -6.8385715749503335 -19.227748868110154 8.096195372967351 -1.336762608608547 6.273533716857094 194 178 179 
-3.0598971604741414 6.477897955645647 -7.513728547796757 -19.35834457753675 8.013979395268613 -2.153305864465966 5.7982601650918335 193 192 
6.8987216924579915 6.336244244368296 -5.851703319999631 -18.920213894006892 -6.077606307714225 -2.665173787496288 4.545589407192308 183 180 
5.892325375625924 5.6615148127351835 -7.587019677774318 -18.984346588341815 -5.124727520565829 -3.9965933943089236 4.455944590728562 197 206 183 
4.895069799885805 6.112743379741652 -8.082223493044536 -19.020495468734318 -4.123884307276765 -4.292126270321983 5.0038292073281685 186 207 196 182 
2.138809280654192 6.359611157216073 -9.429010369972275 -19.354759623290622 0.7911343914586969 -5.415053646628607 5.837517628025312 200 209 199 187 
2.737764878427109 6.245024366261709 -9.185979610467122 -19.17113014020174 -0.7299716595951427 -5.665088067043074 5.390692208622257 198 210 221 185 
1.368388061803625 6.314199793635797 -9.5151986693242 -19.387956011114397 2.2776713212387376 -5.132649652194613 6.074293580228288 201 211 198 188 
0.5116200698897653 6.132034271522905 -9.443688450176664 -19.316067073144076 3.6905625044931085 -4.818753086945778 6.117847996441153 200 189 202 212 
-0.40491235382857726 5.89462643024667 -9.219289085106535 -19.210383653471034 4.994573044138864 -4.4659957582274705 6.002688440708005 203 213 201 190 
-1.3719362695236954 5.67989771679159 -8.863666244292318 -19.14810002277813 6.1501093124048865 -4.062292716960159 5.779476907957845 202 191 204 214 
-2.2401578255269143 5.560413234268782 -8.461551490670379 -19.17329980686674 7.135991655204837 -3.5887652442500353 5.5147932900214975 192 205 203 
-2.0775378916222 4.684864578218521 -9.217611039379952 -19.226308559884213 7.130952811021056 -4.641331724805339 4.826205516034283 217 214 204 
5.875952860029509 4.533230562363638 -8.598591963217222 -19.050511967620224 -5.150710165597756 -5.0600357530239455 3.589965886123494 196 207 218 
4.975420475489836 5.038059601498387 -8.939766796735878 -19.059192246066036 -4.258454060469254 -5.3340521587265455 4.082780290504479 197 208 219 206 
4.145284642266966 5.511900158365357 -9.105850064229701 -19.080675161530284 -3.131662856164681 -5.599630030329958 4.554179184275235 186 221 220 207 
2.116833934544544 5.987333679857161 -9.724359032688993 -19.350692923418222 1.375280363047268 -6.34406477877403 5.140845560660348 211 223 210 198 
2.6190368817972036 6.027475911391962 -9.492295643445065 -19.244382463635926 0.1093752857398772 -6.532673762895102 4.842622516431264 224 222 199 209 
1.4314445035013 5.813525136747655 -9.89600869562473 -19.384553034256566 2.6968579670636967 -6.084328977787797 5.327679461540448 200 212 225 209 
0.5912074380900446 5.521626151430455 -9.927754416205232 -19.336454092180624 3.9888934539378598 -5.77503926253676 5.367840271822221 201 213 226 211 
-0.34210352099759966 5.179121191522649 -9.796864165537704 -19.256108698675273 5.188263503783924 -5.425996006730397 5.270857633843393 214 216 212 202 
-1.3132714049197711 4.863633728979653 -9.522386700493751 -19.208246366034736 6.241485572305652 -5.045041873724401 5.074206806872678 205 215 213 203 
-1.1963617824341053 4.0904820713719765 -10.266085580108541 -19.325559407314493 6.362278825092614 -5.921147191064388 4.417270805509375 217 231 216 214 
-0.17483679429649115 4.544058538428221 -10.436189227282346 -19.35246446739838 5.385829182633638 -6.280161030754673 4.592151173369449 226 213 215 230 
-2.023277074811582 3.729945614418114 -10.060526509655745 -19.352138039405546 7.19549024942847 -5.559855931061694 4.180164708224065 232 215 205 
5.99513308568303 3.5065944340726722 -9.403762631417495 -19.114381855154274 -5.262985241055002 -5.982092983180118 2.767556480700372 206 219 
5.0935558355935955 4.144571383400013 -9.705783489341442 -19.148870687167243 -4.560180112375966 -6.234508122187354 3.1448878156580884 207 220 218 
4.286645107077784 4.779696859856381 -9.77236598313299 -19.17857332215399 -3.794544887033609 -6.390164949076683 3.534682378906659 219 208 
3.1539617747699054 6.307788462881793 -8.997727300838498 -19.169759112368073 -1.992692612618722 -6.027410288109797 4.711943687238469 208 199 222 
3.0014636296658748 6.0588730385494065 -9.295650974608147 -19.187738644136004 -1.026460733858521 -6.6398883142850735 4.489640433140619 221 210 
2.16926236677638 5.70878483934873 -9.97496368699356 -19.36009471555521 1.995802952912121 -7.121247124604252 4.500619042285429 225 228 224 209 
2.5183233974287558 5.8556653063626944 -9.730487268971006 -19.29465590590157 0.9331050720347662 -7.233352804899653 4.335481341791792 210 223 
1.588089233130824 5.421052342505093 -10.243188947770292 -19.396579157292003 3.1333489843086486 -6.897842622616167 4.637168981631707 211 226 227 223 
0.7727395648052597 5.000059414543753 -10.431796667508507 -19.389870395235217 4.291644130902357 -6.6064445692222 4.6760623711543925 216 229 225 212 
1.880524680298692 4.99438907216059 -10.696637715881439 -19.443380028187118 3.5334687278875903 -7.5851585725234445 4.0182167363577435 228 225 229 
2.3611523914141768 5.245795882840253 -10.46439273386081 -19.414259202865985 2.5723267077984855 -7.77672634077258 3.9180490194637394 223 227 
1.0427311941337316 4.493210282081436 -11.007324295475142 -19.480907323718125 4.586966515333439 -7.304674666866363 4.068288737747397 230 227 226 
0.06843958376623062 3.970515854633394 -11.102749089364574 -19.47629167615673 5.580868036365816 -7.023115386413776 3.983983317534095 229 216 231 
-0.9788806892024012 3.4712494080016874 -10.968788740834182 -19.45246093866533 6.519063354857978 -6.638873490980136 3.847345648995664 232 230 215 
-1.868491506713012 2.9615887840051713 -10.835073827923853 -19.483456609500518 7.304977424048596 -6.1541492529573 3.72834479312872 231 217 
