3 4 5 7 8 18 19 20 21 22 23 24 25 26 27 28 29 30 31 32 33 34 35 36 39 40 41 42 43 44 45 46 47 48 49 50 51 52 53 55 57 58 59 60 61 62 63 64 65 66 67 68 69 70 71 74 75 76 77 78 79 80 81 82 83 84 85 86 87 91 92 93 94 95 96 97 98 99 100 101 102 103 104 105 108 109 110 111 112 113 114 115 116 117 118 119 120 121 125 126 127 128 129 130 131 132 133 134 135 139 140 141 142 143 144 145 146 147 148 149 150 152 153 154 155 156 157 158 159 160 161 162 166 167 168 169 170 171 172 173 174 175 178 179 180 181 182 183 184 185 186 189 190 191 192 193 194 195 196 197 200 201 202 203 204 205 206 207 208 209 210 211 212 213 214 219 220 221 222 223 227 229 231 
0.46220162108329044 1.1526799431133465 0.6628192879506556 -0.820613101329324 1.0145956806401106 1.7567194820576322 0.6964719232543766 3 19 1 
0.7146473340308247 1.0769370361649537 0.9200270341191187 -0.7939925187448694 0.9592764096141372 1.7966049953836323 0.6955340473692053 19 17 0 
0.4613215225891228 1.1110839702334896 0.7933524887966845 -0.8546920268267466 1.1098572302891745 1.6582238093608077 0.7106243484657511 3 4 
0.4870402573171856 1.097830565942207 0.752135169988279 -0.8428595014089881 1.062396286336516 1.711075970732946 0.7425944473621581 5 20 0 2 
0.45954376185103196 1.1139787187011216 0.7820542669600488 -0.8536637656101488 1.1546032482801045 1.6054041112062336 0.7722360484847908 6 8 5 2 
0.4880214572249544 1.0965225279087998 0.754088723325636 -0.8430452890517605 1.1056553229298565 1.6652597756609253 0.8003681707066355 22 3 4 26 
0.452879172489485 1.124215543552925 0.7922983530508014 -0.8541647182061826 1.197490814352916 1.5364256820217816 0.7590356164306457 7 4 
0.4637351608520416 1.1435031268197737 0.671675870102921 -0.8449319227507869 1.2209912997201995 1.474272638742865 0.8343324041094661 9 30 8 6 
0.4617809869379916 1.1452303262123578 0.6747662272524682 -0.8452762946387863 1.1803887578168106 1.5494666074211512 0.8486030957449308 29 26 4 7 
0.4707245156143726 1.135961842889264 0.6624515656882974 -0.8429436721973009 1.2542055378442296 1.3931386938889614 0.8243989106161265 10 32 7 
0.4901222715292183 1.1146172647188626 0.6368210173816488 -0.8356765516435479 1.2787900834743235 1.3190852825475103 0.8134206447113607 31 9 
0.7813077616059273 0.9294057901552347 0.2507764439561014 -0.8316084813290566 1.3626176922617355 1.1606223135762508 0.7971263750336169 33 12 
0.7297854830356727 0.9385728601598449 0.31487840932551386 -0.8239080311841036 1.3143493834681728 1.183497615048387 0.8383300304128805 34 31 11 
0.8174581359190213 1.1627726797953304 0.1624468953842311 -0.8420423075503182 1.4182525120373655 1.09822723124383 0.7472969922914297 35 33 
0.8738241739091952 1.161182502081553 0.09871029841394337 -0.8461023187638315 1.466365252888332 1.0352974532288888 0.6880405927930926 36 35 
0.9012506826469603 1.1421595905370097 0.060873583335728045 -0.8492155974504726 1.5092959561914518 0.9908851418248611 0.633160777037921 16 36 
0.9192974975713426 1.062994805810346 0.033182049057871 -0.8436184391827516 1.5093134320279658 0.9583431184139182 0.6259135104455829 54 15 
0.7413552782028214 1.0724944008406878 0.906902489080745 -0.7881017070974721 0.9032773747291757 1.8249356728442976 0.7465249809894422 1 18 
0.45997301096318777 1.1629301211932406 0.6686762872291524 -0.8159363041373882 0.9301122143838825 1.8138856518257398 0.8025309688889573 19 21 37 17 
0.44776598027636166 1.1691871096773356 0.6827871556926357 -0.8169950262549687 0.9775806763007431 1.786500247716011 0.7388393223154834 1 0 20 18 
0.4838893031463029 1.1001704763050275 0.7544090816953448 -0.8431433435023418 1.0145957762462023 1.7519321785715898 0.7896118802484229 22 21 19 3 
0.5100797629602836 1.0903490987044733 0.7213259174225924 -0.8387679764720064 0.9673809658580079 1.7790127210247204 0.8510369497670378 23 39 18 20 
0.4859941524363425 1.097946691331591 0.7554315805689142 -0.8433636906869088 1.0568859733145088 1.7099591114043142 0.8429016994701464 5 24 23 20 
0.5126446916959432 1.0893259386652039 0.7182238716147468 -0.8387082249871151 1.0149013382697007 1.7340321873548215 0.8983643670521824 25 41 21 22 
0.4608375481133181 1.1521650999270094 0.6837384766205962 -0.8379743978016587 1.088019984399249 1.6639695579379343 0.894710859172914 22 26 28 25 
0.46332784191524207 1.1540693544583207 0.6771413305804823 -0.8367453825224372 1.0567626883319985 1.6816419604329802 0.9366866250585386 28 43 23 24 
0.4815724838989127 1.139018147299543 0.6674763883089513 -0.8339875248436734 1.1335397515540393 1.6145036186627828 0.8690236517388323 8 27 24 5 
0.481881598484109 1.1444217972156359 0.6600589188566202 -0.8330122266611442 1.1410073049826872 1.561484785603514 0.9454896055102514 29 45 28 26 
0.4620826397266704 1.15903987242451 0.6719570548669007 -0.8364567825672268 1.0956044936457827 1.624950944032574 0.9521767205697382 44 25 24 27 
0.4636738856134579 1.1523905981879201 0.6611620901062369 -0.8440771951194405 1.185850488935789 1.4887134156435873 0.9315217684520887 30 46 27 8 
0.46622222599405294 1.1504850957090682 0.6557765847314677 -0.8442071602206316 1.2238852716012623 1.4089729715546158 0.9146816134030942 32 47 29 7 
0.4921786066426619 1.1206995358808138 0.6224850758223217 -0.8361732210283098 1.2781607833261277 1.2416580018523722 0.8717824310328167 12 49 32 10 
0.4737111656603653 1.1422564045914145 0.6455793626182387 -0.8426113572804121 1.2542973105969282 1.3254965892786055 0.8956011602318338 9 31 48 30 
0.7749045649329543 1.1532025968747057 0.20643805945142363 -0.8410829135612861 1.368563949667368 1.103608948390204 0.7980158990590001 50 34 11 13 
0.7243331500833179 1.1545691615054816 0.26167121957048495 -0.8379084002390396 1.309329865063607 1.1023413466035668 0.8558595398691138 51 69 12 33 
0.813505531284121 1.1429450450716505 0.16188679571930414 -0.8433388280532763 1.4209809906429849 1.039655468285352 0.7356526552576532 13 14 52 50 
0.871303049559775 1.1314013429501657 0.09844313491796755 -0.8432530986586503 1.4671541362447464 0.9832391877227166 0.6748700185106747 54 52 14 15 
0.6268488075007762 1.133332358651893 0.5265528017641556 -0.8085908244683597 0.8765559628044797 1.8182355279192386 0.87207004378611 18 39 38 
0.6266127441139587 1.1394943280345617 0.5203084659713788 -0.8064337092491514 0.8253341194956143 1.7954146953494967 0.9415962461046294 40 56 37 
0.6747859135790253 1.0958153530444665 0.5461832922439359 -0.8173061392575938 0.9200472167421057 1.781309670598141 0.9135765027574256 40 37 21 41 
0.6795890079108774 1.1062518868645608 0.5304670003359436 -0.8151567572022791 0.8760698334901433 1.7608461185128932 0.9716124755471842 42 57 38 39 
0.6665423708007033 1.1118426628054467 0.5287013959120203 -0.8156743858865968 0.9734383120254889 1.7341666253718815 0.9539074593793787 23 43 42 39 
0.6700221222957765 1.122359079484078 0.5151260948940626 -0.8141684402151955 0.9319862291258427 1.715963889976762 1.0039435083455834 59 58 40 41 
0.6199451406346379 1.1813733765174106 0.48537353873463707 -0.8131194937115775 1.0266987349133203 1.6712868923178996 0.9879304320289344 44 59 41 25 
0.5954867648868222 1.2259151765376164 0.469366136960047 -0.8132067044820085 1.0760600075345075 1.5948332076515044 1.0087290706942107 45 61 43 28 
0.5904350904293082 1.2434953428899944 0.462724330613853 -0.8139608147497954 1.123151467548843 1.5130304632761913 1.0125568175920874 46 63 44 27 
0.5840239395490467 1.2595566045010058 0.45874719492677174 -0.8167142821071188 1.1646550594543221 1.4292274044849615 1.0035283628584013 47 65 45 29 
0.5740831231142649 1.2573246224441084 0.4354360951462359 -0.8397854287409032 1.1980505313524437 1.3437945302833134 0.9865210295553254 30 48 66 46 
0.5867999389511436 1.2463511748741323 0.4208504684938067 -0.840367966137469 1.2231328569100208 1.2568217360084077 0.9648918523530604 49 67 47 32 
0.5990821994100468 1.2319691888741733 0.4067822819872232 -0.8395609870731917 1.239286536925607 1.167201843489057 0.9402580067105282 69 82 48 31 
0.7677449195570252 1.1377623709680666 0.19936539363187702 -0.8497326505677744 1.365802598397556 1.0336066086181788 0.7911814904246064 35 53 51 33 
0.7167884855234143 1.135180687553504 0.24939745484502554 -0.8498579918815691 1.2994807702091506 1.014208208310439 0.8524600001083347 34 50 70 68 
0.806311804985216 1.1267948182527194 0.1542695590548707 -0.8512524902705499 1.4175894489749592 0.973943433039836 0.7242796843768208 55 53 35 36 
0.7655835686989405 1.1237867728925897 0.19493481490861983 -0.8521021507587813 1.3593160334936987 0.957826317684913 0.7802016566405445 71 70 50 52 
0.8848168875769999 1.0520593828924734 0.08358418928365503 -0.8312209094897834 1.462757228477973 0.9278017784441019 0.6658649396871401 55 36 16 
0.7988925771498508 1.0646454805849572 0.1287079311233016 -0.8624392905763522 1.4074098096489362 0.9041463443429023 0.7159873543560427 72 71 52 54 
0.6531513508503526 1.1716857992882623 0.47507272526580274 -0.8030816328058933 0.7840650367573897 1.7569756653553998 1.0066372899764482 38 57 73 
0.7133809113536039 1.140925117028068 0.47784699031705213 -0.814043105990057 0.8392849388968174 1.725390196052128 1.027809782243185 56 40 58 74 
0.7064348457158173 1.1518410907287633 0.46961558234505 -0.8135788688802922 0.896514477150488 1.6832318788364335 1.0531509327058448 57 42 60 75 
0.6137780578012428 1.1860923182734966 0.4861753590753699 -0.8127632438932451 0.9880488166464657 1.6507442251866786 1.0348530489362773 61 60 42 43 
0.6458231350943042 1.2034239276816814 0.4548890849612655 -0.8125714957030112 0.9509878190517244 1.6211114946985763 1.0789348060448374 58 59 62 76 
0.5862324070316357 1.2287869625059444 0.47463742196552894 -0.8136746052676447 1.0391056076508767 1.5656796123459875 1.0572819880585123 44 63 62 59 
0.6183974347901575 1.2439253975793323 0.4452505652765024 -0.8138455429591624 0.9958747767688686 1.538601989830432 1.1006111315352909 61 64 77 60 
0.5805024811213207 1.2474876850033256 0.4679017098249523 -0.8154987164313497 1.0826319769671482 1.4730055177129326 1.0661582555989149 65 64 61 45 
0.6137502979147826 1.2650062588033506 0.43744959717631365 -0.8163192933267445 1.0293629623859606 1.4466896212612537 1.1133455012109295 79 78 62 63 
0.5760868693870049 1.265175243934308 0.46195367371953316 -0.8190320008142279 1.1170483983098431 1.380004749515484 1.0624008190294998 66 79 63 46 
0.5688132647096742 1.2636097333596803 0.4411811552655734 -0.8392567836998769 1.1421875260967405 1.2877361468299444 1.0495192144543288 47 67 80 65 
0.5779015697704304 1.2502546738952414 0.4306501906189851 -0.8403386161601901 1.1578125325455197 1.1967232153787186 1.0319592399153217 82 81 66 48 
0.6169334285346336 1.1353665122843997 0.3467869329467348 -0.8528240380315528 1.2275494391254997 0.9776293589569313 0.9164840069158265 84 101 69 51 
0.6200172926996631 1.1783647579078345 0.3828258026391752 -0.8335259439419541 1.2388766055513165 1.0723423101002765 0.9252802446455081 34 68 83 49 
0.7156716501019879 1.1176302532158255 0.24268023444825762 -0.8521541170156864 1.2912834769377028 0.9312251258506549 0.8392929760248669 87 84 51 53 
0.7616016462683833 1.065449373430225 0.16973245413485716 -0.860330929924135 1.3495477651356032 0.8831763532004802 0.7681911004515098 55 85 87 53 
0.7972728304834059 1.048010139185245 0.12040841313863002 -0.865609225057641 1.386816603572357 0.8335775716023248 0.714381989808855 85 55 
0.6749233222965217 1.207987736877179 0.4376655692721159 -0.802678884343724 0.749459181906347 1.7056256233915588 1.0607779113248172 74 89 56 
0.7414812906512294 1.178873271098783 0.4358801926850635 -0.8162379100024205 0.8078759922281831 1.6741353589299783 1.0790011794712502 75 91 73 57 
0.7384403692084345 1.1858075811233746 0.4310357982616182 -0.8164628501754106 0.8658745789202139 1.635003742858531 1.09871145635789 93 74 58 76 
0.6789731523165949 1.2238985551159223 0.4256991884115235 -0.8153385076671334 0.9176358118485991 1.5852507219240022 1.1148722654900665 77 95 75 60 
0.6610140879842008 1.2571906378947106 0.4158138609691507 -0.8168340809284628 0.9503511336986468 1.520353511859074 1.131305443228011 78 95 76 62 
0.6623985219935038 1.2780234935662527 0.4058397799076467 -0.8197132080980947 0.96623700886226 1.440207734505299 1.1474644455055658 97 96 77 64 
0.6124502121425538 1.283632614354646 0.42993565384137966 -0.8204121563686012 1.0529456200931921 1.351599883686297 1.1155350523024516 97 64 65 80 
0.6037058887228481 1.2812728083894764 0.40570675032847797 -0.8454954466762804 1.0670958989896966 1.254893619773572 1.1088499952565727 81 99 79 66 
0.6083314345607408 1.2640443968028052 0.3981457611012345 -0.8478736942866547 1.072769794249075 1.1594190553789885 1.0958138415578067 100 115 80 67 
0.586132523443921 1.2360921306011452 0.4213324642888705 -0.8397150647827988 1.1624410348942202 1.1079126290623287 1.0137617611470267 67 49 83 100 
0.6065762574553174 1.17938653838434 0.39925046568756783 -0.8318585094915163 1.1579871341167525 1.0198622550953198 0.996716477842455 101 118 82 69 
0.6224050015963826 1.1028615180339216 0.32831794141512266 -0.8542189869621991 1.219522850309077 0.8919227696756014 0.8977714701338274 68 70 103 102 
0.7595979497612164 1.0600220325313434 0.1688787694918878 -0.8609159261042222 1.3315086385386001 0.8108997627906557 0.7598449766792249 72 88 86 71 
0.7119025940856888 1.064002745121897 0.2212898800760479 -0.8578968785580589 1.279951457059197 0.795477952272703 0.8036682537625656 87 85 105 104 
0.7156809793830288 1.0572150217214442 0.2139080756530177 -0.8585828418903484 1.2858004103981515 0.8573113820758714 0.8212101879989093 86 103 70 71 
0.7420326316314887 0.8949671218771984 0.08215011964580785 -0.8965675276735495 1.300675692417852 0.7402941309836019 0.7640718582371961 105 85 
0.7040746046312146 1.2593955500108018 0.3970757866167323 -0.8065212071186209 0.7205184800793234 1.6427167647080225 1.1045109911607045 73 91 90 
0.7169133884687565 1.2751716066054228 0.3546390234698412 -0.8385752597741727 0.6945953500381583 1.5728232909798956 1.1364711246524544 89 92 108 
0.7802595707211762 1.2370052513389194 0.3963596110273099 -0.8168602238753546 0.7807905223119882 1.6096753881463663 1.1211340206617824 89 74 93 92 
0.7921280483933038 1.2616964700372697 0.3737616036946432 -0.8280848083089757 0.7569490371452644 1.5362190595897671 1.1520994483380518 91 94 109 90 
0.7786940996500126 1.2386543512653942 0.3874427202547432 -0.8242113264887484 0.8421077702222549 1.571274222945738 1.1368542304253935 95 94 91 75 
0.7936417449078025 1.2655641966552555 0.3713836707309943 -0.8291873632537959 0.8247781400340809 1.4949647032132058 1.1653692043896149 96 112 92 93 
0.6995682485486016 1.2433883438611006 0.3535226787343888 -0.8660023715595417 0.9000183391099263 1.5326773690877125 1.1432472719690567 77 96 93 76 
0.7133422015884104 1.273047425038469 0.35499498162649806 -0.853258769787131 0.8962665672370187 1.4582616122362941 1.1655054726406835 95 78 98 94 
0.6572235559960117 1.2931730655904694 0.3769716920768302 -0.8460608961371978 0.9757557874060074 1.3489407853850894 1.1560199619393339 79 99 98 78 
0.7223052600646709 1.2934411851084506 0.36039551342897946 -0.8429587497631384 0.8921126679565473 1.3708873211321027 1.1797941563456154 114 112 96 97 
0.6595805143666283 1.2901274886646519 0.3748671146438097 -0.8471491504370658 0.9780379568753919 1.250813506917409 1.1556177312803317 115 114 97 80 
0.6129873964801577 1.2475336991748323 0.39124291630798375 -0.8481899908750286 1.072076467756299 1.06782663732164 1.0774264822964472 81 82 118 117 
0.6024703410622729 1.1349181883780286 0.35865519152885444 -0.8543039570790835 1.1502726143881592 0.9314154672096667 0.9776770883564587 102 119 83 68 
0.6081554445877391 1.0987142037662085 0.33941814957258115 -0.8548875110174886 1.1455001474533215 0.8464500919454937 0.9509065869338398 120 134 101 84 
0.636495863690135 1.027760811718581 0.28102466284172584 -0.857923359935159 1.2190641602973193 0.8183777189899066 0.8719885230201582 87 104 120 84 
0.6383991513253435 1.0140296960478636 0.27242142136779274 -0.8586680955368667 1.2284519744635964 0.7636701236625203 0.8416111617150324 86 105 121 103 
0.6729154432451262 0.958946338816918 0.2069830465615514 -0.8643066598121539 1.254465450437094 0.7376844462243308 0.8049770894806418 122 104 86 88 
0.6384217176810554 1.3428849051553917 0.39432371040811565 -0.7776931544732024 0.6054653540852688 1.5384046219452836 1.1448071448963557 108 107 
0.6390247787370765 1.3253810278224647 0.33509855688118734 -0.8391770613240989 0.5817516635876974 1.4846711614525971 1.1556502242075637 124 106 110 
0.7252390051497655 1.2985822069291146 0.35596094187527455 -0.8307102982592095 0.6678496825573227 1.501784488009752 1.1575348937724272 90 109 110 106 
0.798163111815462 1.2841656405017303 0.3787946075372296 -0.8174749075934635 0.7349144425640362 1.4571203671552901 1.1729121140813603 92 112 111 108 
0.7216611696558549 1.2994644580986865 0.36150181726022323 -0.8248436582145514 0.6437030897691686 1.4330955563025602 1.169747923555705 111 126 107 108 
0.7949500641241497 1.2794285344919902 0.3683548055705755 -0.8282027774961377 0.7137956430475749 1.3751724819730025 1.1844221322763857 110 109 113 128 
0.8018055073463728 1.2837142655678746 0.3625934502092952 -0.8336319306144712 0.8099330383445577 1.4102578490178515 1.1839852811737566 98 113 109 94 
0.7972559230258859 1.278533190876836 0.35587779600941555 -0.840835901928506 0.7946193907297321 1.3191568915081509 1.192859153906315 111 112 114 130 
0.7202586944509355 1.2887263916988012 0.35543202559968945 -0.8484026001427265 0.8844759274535287 1.2747228673376485 1.184601680925569 116 113 98 99 
0.6590309516717344 1.2707721429463361 0.3709229103709229 -0.8491690901428584 0.9741769432004447 1.1507244158380385 1.146595486647511 81 117 116 99 
0.7125125055898146 1.2691618139871577 0.35188942046237587 -0.8521128246789859 0.8721074159378168 1.1729351001108188 1.179848810978043 131 130 114 115 
0.659511885475763 1.2559695867633611 0.36729599873662927 -0.8494564915629345 0.9689154809052778 1.0525070878386757 1.1279150450051887 100 133 131 115 
0.6202737348807266 1.186565766875678 0.36598284647523244 -0.8508571861179706 1.0675229651178406 0.9788212914449763 1.0554654021990229 119 133 100 83 
0.626357986335635 1.1360485923322095 0.3442064178811813 -0.8518592076088478 1.0635363826096225 0.8901809874136549 1.0290373215968633 134 132 118 101 
0.6230271098871034 1.0181927279270697 0.28960113494110273 -0.8580067821566427 1.150282281987368 0.7711397623987775 0.9167730658748767 102 103 121 135 
0.6255795993849388 0.9977215322561895 0.2770104147557707 -0.85896887716225 1.1680373814532292 0.7114358704212556 0.8754806091102133 122 150 120 104 
0.6546138342462894 0.9270558373235543 0.20758455452759544 -0.8672579440612584 1.2002173219886336 0.6731401909558506 0.8291647454668687 136 121 105 
0.508025024191198 1.4294513825997661 0.2796961046243935 -0.8786791417132986 0.46291888440687085 1.4288552442218156 1.1560199171512568 125 137 
0.6321515426447611 1.3173314440697121 0.3317373315153181 -0.8432835450826605 0.5567376123029779 1.4309667527299545 1.1623009648112137 107 126 125 
0.6334284156462292 1.331639041224963 0.3938412783782904 -0.7807314249970729 0.5233244631837186 1.378022486443145 1.1635620804191078 127 139 123 124 
0.705477328561837 1.2833665507968701 0.3523725193273121 -0.8343588588530968 0.6190910341455206 1.3682629846022212 1.175739702437055 128 127 124 110 
0.7056720690973982 1.284685399428795 0.35304397204846866 -0.8336401149479081 0.5882231962883506 1.3090094791129823 1.1756711954391548 126 129 141 125 
0.7782461200758812 1.2584790554616758 0.35350010847588353 -0.8428725275263038 0.6913189670009573 1.2948350571077452 1.1882595892532264 130 129 126 111 
0.7659225949487888 1.248366319951312 0.3622245968662498 -0.8328868647632611 0.6623262354157222 1.222444040084966 1.1850569615014908 127 128 144 143 
0.7846344762541323 1.2565980446586875 0.3552456837970595 -0.8415166915289679 0.7760238702670892 1.2241265602697866 1.1927608549951272 116 144 128 113 
0.7097178937128574 1.2583530117467008 0.3529766594613406 -0.8497529241579815 0.8565973574314423 1.065216154716294 1.1629948973781916 116 117 146 144 
0.6580918576069489 1.1383095475027707 0.33084275703251725 -0.8497702471321948 0.9710704603037228 0.8592170491105805 1.06636829317173 119 148 147 133 
0.6571228761107526 1.1881758777965539 0.3494198259841342 -0.848883962584669 0.9670330037644865 0.9555196589536553 1.1008433040528312 146 117 118 132 
0.6305200705887875 1.100864591364074 0.3273748398935712 -0.8518770352284531 1.0652270003704678 0.804330800735102 0.9938431346200413 135 148 119 102 
0.6458264596914746 1.0222187496856832 0.27978638999067407 -0.8539871475520606 1.0756373092343463 0.7260486772599499 0.952666602942175 134 120 150 149 
0.6678156731082161 0.9421544137461697 0.20990300778575155 -0.8630039945398323 1.1206468126077298 0.603952035523899 0.8582156229514611 122 163 150 
0.4658808510145087 1.376419463675463 0.2640671606477558 -0.8925823270272228 0.4289918962208431 1.3891137176465125 1.1546087856440495 123 139 138 
0.5112288389138886 1.4156262438041862 0.2803011533967436 -0.8814545328675211 0.39144531711866004 1.3479446574714462 1.1495348036194284 140 151 137 
0.5874396888784151 1.2724269781096418 0.3169166908831776 -0.8544721797085686 0.4865116100283343 1.3298637407379146 1.1617607006821187 125 141 140 137 
0.6180827495339531 1.3009779937996364 0.3254726135851163 -0.8502352232715215 0.4453959298351811 1.2849452568140114 1.1560381516301605 142 152 138 139 
0.6423097678282684 1.2286970596027271 0.3326378079647982 -0.8476620025639349 0.5502548277905577 1.2559269150516772 1.1724957352038996 127 143 142 139 
0.6663422791750676 1.247950498637827 0.33667027025402896 -0.8473865597743613 0.5048347860311855 1.208941467681405 1.1652732012598759 154 153 140 141 
0.6908645018404221 1.188384215991785 0.34013693313591503 -0.8452221900849068 0.621154412899696 1.1635513355647784 1.1790111311535012 145 154 141 129 
0.7755851190781713 1.2432980235616835 0.3589931648688582 -0.8364563000370413 0.7503993534022486 1.127064627848333 1.1823967926566799 131 145 129 130 
0.6970814831536855 1.180305108688935 0.33639109235942394 -0.84853222930069 0.6983371218893352 1.0554205894386284 1.1715197390100458 143 144 157 156 
0.6967411394154587 1.1909270500503448 0.33990257121887496 -0.8472773503124578 0.858661779904256 0.9499352149546099 1.1312033240687653 147 157 131 133 
0.6954361170160073 1.1427354785956363 0.3215066911288583 -0.848741805566128 0.8785216193404491 0.837447052842132 1.088314917055677 146 132 160 159 
0.6598860616874778 1.104820930072165 0.31541655517605605 -0.8500146908457253 0.9811395312730645 0.7679998735921276 1.0233440119917205 134 149 160 132 
0.6749154686459242 1.027354362937353 0.26857614470358837 -0.8522004258103163 0.9953691067294089 0.6852555946863299 0.9772849375919846 162 161 148 135 
0.6456703089296578 1.0060793815551714 0.27056071113652574 -0.855009604168628 1.0947364564404092 0.6589233582447569 0.906725596621278 136 162 135 121 
0.5388209122360204 1.440603568367092 0.29504487485414166 -0.8748429823138495 0.35004051349091986 1.306637371251955 1.1373909449407598 138 152 164 
0.6351567874955247 1.3158185441078205 0.3323961602130878 -0.8484117218986248 0.3992376740599487 1.2436788514043933 1.142377301556813 153 166 151 140 
0.676907482531651 1.2550849358021317 0.3397105190604204 -0.8473713923190277 0.45135247946019896 1.1687104928722545 1.1496865615432608 168 152 142 155 
0.7048147775323225 1.1973853141895963 0.3406114586118677 -0.8469981233319258 0.5666523425411183 1.117674253196315 1.1695814852333306 155 142 143 156 
0.7077125850390241 1.1981419243717253 0.34055770336639063 -0.8477186070419832 0.5027983429966221 1.0812892479260992 1.1521573434060297 170 169 153 154 
0.710133795996599 1.1858303915415387 0.3364817453644303 -0.8500600824989856 0.6239817790562101 1.0153387964045795 1.1615617324055538 170 154 145 158 
0.6914054330120268 1.1873956730989728 0.3396310180936788 -0.8472430331624144 0.757395715741863 0.936116200894177 1.1417393462445247 146 159 158 145 
0.7049165910162966 1.1894312711087647 0.33820642607522666 -0.8490171815178643 0.6700466029049741 0.9080256570775664 1.1349378281912808 172 171 156 157 
0.696491837268808 1.1390494897991894 0.31967110710372637 -0.8489010240849815 0.7899077080344943 0.8189692067906241 1.0966490703208696 173 172 157 147 
0.6936060836573663 1.1124764109535168 0.29982577449866304 -0.8561582319671441 0.896754518801116 0.7386202863116338 1.0395382440384253 148 161 173 147 
0.7078813438364183 1.0298222526260423 0.2590276287197707 -0.8511788277797504 0.912124180763688 0.6514375220964393 0.9906958378004085 175 174 160 149 
0.6725629644932046 1.0135540844906765 0.26121979529443223 -0.8529985344417861 1.0110641777161171 0.6115872889411607 0.9298887405520089 163 175 149 150 
0.6885534489723604 0.9530457811393491 0.2055258301635617 -0.8616450173330641 1.0262567809922234 0.545096114219789 0.8818442037780776 176 162 136 
0.5447096518947377 1.4443022519365813 0.29853579752104953 -0.8735971733793227 0.30657871201160436 1.2672162276212557 1.1187815400973367 151 166 165 
0.6314103204357187 1.5104150281033373 0.36140732040467705 -0.8652911661032326 0.26681454067161675 1.2304724463795569 1.093306125807897 177 164 167 
0.6317469694228578 1.3129742981858936 0.33096336568282025 -0.8484253690689068 0.34921865610601704 1.2063794301386774 1.1221269913110623 168 167 164 152 
0.7267886775810997 1.3765683606379693 0.385296734531558 -0.8518249595307668 0.3014966206983977 1.1727496474478967 1.0930183272754719 179 178 165 166 
0.6673066713036552 1.248171169389476 0.3368645867133727 -0.8464098052532293 0.3926655184318169 1.1346006860490152 1.1272956002445977 169 179 166 153 
0.6908613030647615 1.1885522442852723 0.3399425107822767 -0.8422602464124919 0.4348092774818627 1.0521654103208546 1.1282130961621495 155 181 180 168 
0.7121496768475856 1.1846069243887343 0.33591024954713333 -0.8506303928041492 0.5487263951480937 0.9850510311836282 1.1435904142493218 171 181 155 156 
0.7069624666974341 1.186560041333182 0.3370784548624741 -0.8492624653576236 0.5870898297328444 0.8853130125908142 1.1188522349959498 183 182 170 158 
0.7145183686544128 1.1402727680641451 0.3168175624516101 -0.8511190589346238 0.7034728768082521 0.8002821633165874 1.0934141425467387 158 159 184 183 
0.6961425923042059 1.1040870829396365 0.3029858872320064 -0.8491657030232111 0.8128710891480082 0.7160041032296832 1.0458963905157215 184 159 160 174 
0.7063794454277327 1.022193135810009 0.2548160765937898 -0.8516182333086968 0.8277198941106081 0.6253867503030052 0.9955657929967059 161 186 185 173 
0.7034922627349196 1.0164000021226878 0.25197263399383235 -0.8516656464953707 0.9226619068826402 0.5737202037460094 0.9426806117473806 176 186 161 162 
0.7193833010587071 0.9544952149396105 0.21041004277914027 -0.848577612666327 0.9288867308786182 0.5030011167891592 0.8943759038469126 187 175 163 
0.6161683986062958 1.5025598344350468 0.3492745432729067 -0.8662049880937417 0.2372889266750209 1.1979417272785347 1.0651249053017904 165 178 
0.717388349801471 1.3724351160395063 0.37906652971341204 -0.850958042779595 0.2600432874161129 1.1412552101442188 1.0569323180798793 167 189 188 177 
0.7727249866308145 1.303362416555313 0.38419488873427926 -0.8588977968142075 0.3351719339342125 1.1050848593950477 1.0941074569546663 180 189 167 168 
0.799631916885796 1.2340307868535425 0.3867362515531768 -0.8542657907710727 0.36791446280424894 1.02845118104851 1.0921015718541895 179 169 191 190 
0.6944706902734747 1.1750395452125202 0.334669492856743 -0.8454404739604631 0.47330616334885445 0.9621573223420771 1.1197275157079805 191 169 170 182 
0.6891160498043187 1.1764643168810793 0.3361952955939577 -0.8432134235362168 0.5058318370211518 0.8694494751568412 1.096951678830786 193 192 181 171 
0.7154529244966598 1.1364170698726255 0.3148987579928611 -0.8513454109590969 0.6166353846398722 0.7845973807460135 1.0804441849664863 171 172 194 193 
0.7164208396997598 1.1042053627285362 0.2986438177285418 -0.8514900818328786 0.7264258799904286 0.69817428939318 1.0435319828196863 173 185 194 172 
0.7287270085402558 1.018887565132664 0.2489444449355551 -0.853388698507921 0.7398863877998055 0.6055208194068911 0.99229014269642 184 174 197 196 
0.7009227625146258 1.0097189418740469 0.24832765034792972 -0.8515831524132791 0.8327771357596947 0.545011660683804 0.9466306891514398 187 197 174 175 
0.7116580643564402 0.9547037549981876 0.20913592187259275 -0.8512096381818528 0.8281958732493043 0.47163375313390965 0.8968157118798034 198 186 176 
0.7071582966406885 1.3705292039290553 0.3732547474539823 -0.8492548374347597 0.22312921151944556 1.1097733237400378 1.0191899119713026 178 199 
0.7640611587720886 1.2997251060819446 0.3791396554143044 -0.8574308728669497 0.28262085923841834 1.0778898829797843 1.0511562353753388 179 190 199 178 
0.7839127564495034 1.2277557384537077 0.39120209618914736 -0.840657103832301 0.3055997492719585 1.0078599632777268 1.0442312219817276 201 200 189 180 
0.8177595124544575 1.2148044199964094 0.3661629708720767 -0.8748971455656652 0.39892007962052306 0.9455376735772054 1.0827210501105986 192 201 180 181 
0.820159593196933 1.2023409232253912 0.3611084531076209 -0.8757730102233707 0.42596870269155707 0.8606004203172575 1.061493873796791 203 202 191 182 
0.6943938793111121 1.1266309579084657 0.3142433366297916 -0.8445783221745919 0.530275112635935 0.7755740247482448 1.061510056852789 195 203 182 183 
0.7167200941083218 1.0998639361268723 0.29636546080194487 -0.8513814602055626 0.6359912946429176 0.6854826177438212 1.0321081514747439 196 195 183 184 
0.6930186186743288 1.091166452540457 0.29714759142197994 -0.843237604315503 0.545812427399808 0.6811486902460062 1.015716378752379 205 204 193 194 
0.7265146576627481 1.0125616042631125 0.2453537146055537 -0.8533088359499273 0.6457241653237487 0.5915546598385358 0.9796125657673147 206 205 194 185 
0.7247643455366983 1.0046270717305998 0.24037965444154663 -0.8532007861518188 0.7424437399504185 0.5240484395207228 0.9421492492189555 186 198 206 185 
0.7343566679438985 0.9580755841332604 0.19581313509753975 -0.8625172662415698 0.7303787092185487 0.45019883680434425 0.8897392473637626 207 197 187 
0.7560253151474392 1.2978369491337443 0.37490281836442707 -0.8554210701701703 0.23572394064527946 1.051103036076484 1.0056574515321666 200 188 189 
0.7956477147183556 1.2322333722098364 0.3714866510406913 -0.8637249417207633 0.2500874080185894 0.9873840936472875 0.9926500748622675 208 217 199 190 
0.8095052780539039 1.211349757115753 0.3613573797512472 -0.8733682529959104 0.328276764588072 0.9332678657595357 1.0324358712986623 202 208 190 191 
0.8115152785053789 1.1983240969278295 0.3557276323556933 -0.8741375788536495 0.34967932425265624 0.8571127464582151 1.0119578091296826 210 209 201 192 
0.8321528035279612 1.1400024921338334 0.33591361523318086 -0.8760767892267024 0.4464761940866745 0.7742259490860723 1.0290752421322533 204 210 192 193 
0.8358375685899981 1.0935611908809215 0.3154114498591816 -0.873213756603284 0.4598455811408672 0.6861754396034508 0.9865565250563336 203 195 212 211 
0.6915843187719171 1.0033596307862713 0.24681908369920405 -0.8428471885241648 0.5498094360724461 0.5869263426356963 0.9620352981041147 196 213 212 195 
0.7235961508355812 0.9986995731229633 0.23644345311110257 -0.8530155147311227 0.6476049692915632 0.508242755795631 0.9267488231533124 207 213 196 197 
0.7373897950463788 0.9613908180667112 0.18877448953032705 -0.8702978742820108 0.6408543280035096 0.43719841410709503 0.87399341278867 215 214 206 198 
0.8112929280057614 1.2103952941021978 0.36172851747200224 -0.8738365660340531 0.2654955968974105 0.9225968068471769 0.9781739104839032 200 201 209 218 
0.8162276997331726 1.1961450108036784 0.3564565402261705 -0.875459912998742 0.2813882884978152 0.8556264827883109 0.9574927704094826 224 208 202 219 
0.822171738235277 1.1369382301896738 0.3300561771829076 -0.8745110442497227 0.3674167708873118 0.7791947712749387 0.9827431888511214 203 211 219 202 
0.8233666697134614 1.0921479459408003 0.3096971322459843 -0.8709633785998064 0.3802334742580033 0.6994558077419549 0.945294494223424 221 220 210 204 
0.8380422844407404 0.9739266643135019 0.26488797769997585 -0.859292122792622 0.4625095063012072 0.5968368099895666 0.9360097545219711 222 221 204 205 
0.6920781911117675 1.007388539643742 0.2143547504176894 -0.8717356851257473 0.5443811763250264 0.4961947450010892 0.900311727196431 214 222 205 206 
0.7109803695526687 0.9718250901437551 0.17419960107925483 -0.8841979300144478 0.5550821547176507 0.4215208873221267 0.8453742078105806 213 207 215 223 
0.7444219982229949 0.9306978503837071 0.1502176660446978 -0.8820428479303373 0.6042015575155483 0.37943055485068045 0.8214979620985474 214 207 216 
0.5916971949145047 0.7617301491306395 0.06920919414431727 -0.8331147974138091 0.5307378377325268 0.3297045793453377 0.7759775320666282 232 223 215 
0.7749293081521567 1.2287550602116297 0.3674998741634178 -0.8519221795139245 0.20325728590523065 0.9660045874027579 0.9401542303114774 218 200 
0.7719510376321996 1.1978019929947388 0.37766392702749574 -0.8331674430468428 0.2125047509517884 0.9137144628831918 0.9238851442473097 217 208 224 
0.8324515467784863 1.134322925638036 0.33317342334338257 -0.8770740356147025 0.29628580204180854 0.7863972099477061 0.9310008741152159 225 209 210 220 
0.8371271513843845 1.0889341370930383 0.31409496853427404 -0.87416602773737 0.3101501988601243 0.7172513209797692 0.9016436992727791 226 233 219 211 
0.7700986484386219 0.9404314310562255 0.31440943985888475 -0.7750401416592932 0.3869885680759362 0.6198740843918705 0.903875985601041 227 226 211 212 
0.8179361746804764 0.9360101505848659 0.2725402528410495 -0.8265820944711424 0.4555702889642575 0.5093419573338901 0.8769427005487439 229 227 212 213 
0.5176564624080972 0.8456312612246213 0.09546286731367633 -0.8517053929519388 0.48178755875055607 0.3803166259946008 0.8051569352604551 216 231 229 214 
0.8012007310930044 1.194442778882487 0.35050146523574255 -0.8690967586322688 0.22365188496737587 0.8551949610274915 0.9018775984926686 209 225 218 
0.8223905479708187 1.1329101416895937 0.32817224007601026 -0.8733094271519912 0.2357584868811368 0.7926946294792208 0.8759920115413015 233 224 219 
0.77438758255767 0.9376159117474355 0.3143019429410958 -0.7763543021699337 0.3220706289155159 0.6480634984373097 0.8724003159636992 221 234 220 
0.758685121413326 0.9173512990475805 0.2947859528163104 -0.7737140576136257 0.38926315582206805 0.5467927233584364 0.8620961258498581 221 222 228 234 
0.6447448568522327 0.747745641643451 0.0865144420895102 -0.8307260082472303 0.3839676481418646 0.47907926279239094 0.8263469728319397 227 229 
0.6704516296630783 0.7360712333458812 0.09325131242099473 -0.8284915855051684 0.431889603520015 0.43113286676676477 0.8234156508914117 223 230 228 222 
0.6328544810744023 0.712872458921034 0.06515365320091321 -0.8329541294726273 0.3957769156915405 0.3655942412149801 0.7825704671119699 229 231 
0.48367494955948276 0.8284813230684656 0.07271428389933896 -0.858607816359724 0.42371639171620235 0.323844729271628 0.7628150541068845 232 235 230 223 
0.5571033562831155 0.7503923358570267 0.04835439750588333 -0.8408289750334239 0.4529818329445059 0.28393452398079455 0.7381213013009031 216 236 231 
0.8316614833115655 1.0875226917532694 0.31050332097310673 -0.8724311025919445 0.2512226723394436 0.7369282508809417 0.8575240730004323 225 220 
0.750397666585776 0.9018144848260486 0.31566388431375775 -0.7472418743193694 0.3325339310636176 0.5865582681384742 0.8470202000499057 227 226 
0.4325129895091165 0.8154630674532674 0.04409914149990163 -0.869648840926334 0.3730637382246213 0.27613365724050276 0.7224193525056356 231 236 
0.5069787878954389 0.7369899328940338 0.018318839672066104 -0.8508091284084862 0.3935385422313129 0.24959982532456565 0.7053994591729001 235 232 
