7.954701789068585605e-01,-5.953281672402935820e-01,1.131881962052721652e-01
-1.365984139597989921e-01,8.717889761955075478e-01,-4.704517555367991322e-01
6.689630030808949579e-01,5.889259125195208666e-01,-4.534917530364140914e-01
-2.683882693368336292e-01,8.539258692178225418e-01,-4.458456535203249027e-01
-2.651388311485910476e-01,8.621771974889534951e-01,-4.316849318047283890e-01
9.578313602679487671e-02,-8.634985500558384208e-01,4.951725405394943880e-01
8.626852239997542249e-01,-4.789481859494556515e-01,1.624279516223103847e-01
6.132248066493333205e-01,-7.380429847509147878e-01,2.815100161092828346e-01
-9.660626904837384954e-01,2.024031173086244251e-01,1.604863114383021649e-01
2.622980649552990595e-01,-8.553165005925535969e-01,4.468035462424332915e-01
1.427368039938337052e-01,-8.749794714425441766e-01,4.626414695417521705e-01
1.494152722340790218e-01,-8.495667761882961244e-01,5.058768320651199080e-01
-1.614609741100526130e-01,-8.659323811575205809e-01,4.733830004365381927e-01
-1.887388621124579113e-01,8.669984847860132682e-01,-4.611846368942178476e-01
-9.909456094103877843e-01,1.317519758413527864e-01,-2.584987528353997754e-02
9.359622696730582336e-02,-8.758670291040846489e-01,4.733885229131237216e-01
-5.253413218284939123e-01,7.614697814744033622e-01,-3.797107681918108768e-01
-6.637679125488583631e-01,6.819430298885471586e-01,-3.071902704464435918e-01
-6.376042088963702614e-01,7.001683777942412368e-01,-3.212866563282928412e-01
-7.470345737394330499e-01,6.145483562815878820e-01,-2.535146217273121505e-01
-9.061114609842447765e-01,4.097751016207576424e-01,-1.051017904923379487e-01
-9.342811671565377507e-01,2.945947547159638580e-01,-2.008298563223576971e-01
-8.962012488669537230e-03,8.690289102493876650e-01,-4.946801345141267348e-01
-7.661865810042163272e-01,-4.538450070436142458e-01,4.549536599156569494e-01
9.681943443033433905e-01,-2.015581817346016325e-01,1.482363350695776738e-01
8.269261531853548952e-01,4.425680947516517638e-01,-3.468812746257199375e-01
-9.750314714380748926e-01,-1.860963916118087980e-01,1.211683239727564809e-01
6.676551670837026498e-01,-6.758107790679021010e-01,3.122761098164059113e-01
1.327978687505189104e-01,8.757815243315218989e-01,-4.640812942738327118e-01
1.253313643824187917e-01,8.761756982377728598e-01,-4.654118551558313333e-01
4.404130533773577549e-01,-8.182475694058389815e-01,3.694688858026738409e-01
-1.525585589582179324e-01,-8.674875690032953779e-01,4.734883353508771431e-01
-2.514612501426634616e-01,-8.403081933471121534e-01,4.802597004438340367e-01
6.592069296575586712e-01,6.474250000197167010e-01,-3.824749576651053640e-01
-8.934646213012410465e-01,3.537161074066418887e-01,-2.767776830673364108e-01
6.953347710963623252e-01,-6.453296913401288526e-01,3.163212695650161610e-01
9.379002993081227979e-01,2.663044776643752609e-01,-2.223172366993574900e-01
1.706375148251357277e-01,8.635934780932512655e-01,-4.744356048286244021e-01
-7.040459040922995015e-01,-6.197660865243481698e-01,3.467122191748522320e-01
-9.946037318756867363e-01,8.657922301523038322e-02,-5.716165393894519220e-02
-9.072692422828623204e-01,-3.997455451194668608e-01,1.306369823772015881e-01
-7.829742579342600095e-01,-5.585566223662079555e-01,2.737988513912142929e-01
-3.917099429989764348e-01,8.307459858168920741e-01,-3.955052813868086825e-01
-9.435896313269078739e-01,2.945986620250466426e-01,-1.511629451466277307e-01
8.917500790207814054e-01,4.121008527026620571e-01,-1.869617173866590654e-01
-9.320163050405920746e-01,2.369080494030577910e-01,-2.742629819471096297e-01
-8.984843484938208613e-01,3.647061655498579080e-01,-2.443671179221009182e-01
7.553159753642406660e-01,4.857209175174510563e-01,-4.399692803430384491e-01
4.046723177210151401e-02,-9.126209380954306560e-01,4.067990001247780985e-01
-7.401233743054523861e-01,-5.053409711333300969e-01,4.436754373421344932e-01
-5.775294434183856351e-01,-6.255929479704069873e-01,5.244932844513313652e-01
7.321696340634293865e-01,5.472754241221657878e-01,-4.054839541921818058e-01
-1.515393814648695048e-01,8.601567399421977678e-01,-4.869971238079904841e-01
-9.912157087763741048e-01,-3.578543963913232220e-03,1.322067044368348543e-01
-9.957132925223410869e-01,1.161322624399428564e-02,9.176149557698246029e-02
9.223368012595811738e-01,-2.949391523040053587e-01,2.496111405375143477e-01
2.211069472891427634e-01,-8.629190173336827030e-01,4.544034412109439480e-01
-3.570816713101316875e-01,7.931316826943036746e-01,-4.933911368487130522e-01
6.859943606080769474e-01,-7.114818728870544451e-01,1.523327993803199887e-01
2.843615588985668463e-01,-8.175497354144076745e-01,5.007503708881393401e-01
9.326189031560012666e-01,-2.857604851361001952e-01,2.203699766548920524e-01
-7.875882128345240707e-01,-5.856011099094866612e-01,1.917710798762362057e-01
-9.492383937523597437e-01,2.625032389908785180e-01,-1.733162466294998205e-01
-8.404074855057707127e-01,-5.397912358530579935e-01,-4.838057463585828527e-02
-8.747938608912783076e-01,-4.843856035588767206e-01,-1.030960774392778410e-02
1.666973436579404777e-01,-8.370359515870023914e-01,5.211360775922424526e-01
-1.074031210847783552e-01,8.810233106784102208e-01,-4.607195411771696780e-01
-7.837504025680382957e-01,-5.809354962290367297e-01,2.196571321299653767e-01
6.919020924955283647e-01,5.603181759942797990e-01,-4.553186093833113679e-01
3.877330777386114868e-01,-7.733163032436582984e-01,5.016422585517555932e-01
-5.579760096082437837e-01,-7.009683936991227826e-01,4.441914944441558988e-01
-9.337844182533748816e-01,-2.696218318677586212e-01,2.352673543173393889e-01
-9.024551965786589136e-01,3.966839174617705632e-01,-1.679776407601833166e-01
7.603946644626764506e-01,-5.893945055449734127e-01,2.727894262798504221e-01
-8.836552020258112705e-01,2.534128752477523561e-01,-3.936183412792013669e-01
9.703103205856442592e-01,-1.201995276722027245e-01,-2.098808121586238640e-01
9.162390148894640207e-01,-3.713382194254003510e-01,1.503795012239288464e-01
-7.633073354584779535e-01,-5.860087770870744395e-01,2.719478347260553819e-01
3.371169182847963408e-01,8.333984339362796590e-01,-4.379488939576379747e-01
9.841882917405331277e-01,1.505404568601647619e-01,-9.333261621311302048e-02
3.919846225710569843e-01,8.314775083060418348e-01,-3.936917688357254308e-01
7.223959760920677375e-01,6.430020790790899055e-01,-2.543469677939105278e-01
1.954937401050310386e-01,-8.378257445533682235e-01,5.097354405408169864e-01
-8.202535997542764745e-01,-5.658893504946319597e-01,8.338630035512334393e-02
-8.119519363803645584e-01,-4.237373977153917615e-01,4.014731258572164507e-01
6.269388761453630332e-01,6.921191209989079329e-01,-3.576573331071068451e-01
9.957503766723808658e-01,-6.154739601842780516e-02,-6.850624351226844433e-02
-8.118427868208827336e-01,5.824715428084165092e-01,-4.047457603589944830e-02
1.694351743932636933e-01,-8.671400089161199753e-01,4.683587584483458466e-01
-9.711935751482380086e-01,2.363838573641401652e-01,3.009504225672087613e-02
-7.848092007056673980e-01,-4.821598506615231705e-01,3.893538196779236515e-01
-4.529755155228678554e-01,8.124752905806107428e-01,-3.670110141845120411e-01
5.899393614179134770e-01,-7.314207884475473209e-01,3.420455818697160089e-01
9.783054924921883444e-01,-2.630970034075963415e-02,-2.054900557876131184e-01
2.010461995739032670e-01,-9.127215144881899445e-01,3.556963067383119848e-01
7.261696443524199296e-01,-6.562937148387384401e-01,2.048321446556877756e-01
-9.970795619388733710e-01,-1.435893725246314284e-02,7.500778682753030113e-02
1.418839578488972908e-01,-9.366775871381612939e-01,3.201625216326300927e-01
-9.091746888898091239e-01,4.131824955446274927e-01,5.178426843774655564e-02
-3.697915959193529001e-01,8.469137713270369350e-01,-3.820879997121518490e-01
9.930921863767158131e-01,-9.481659120754996894e-02,6.912107774980431885e-02
5.620829568513492358e-01,-7.583863570941923316e-01,3.300195191055287913e-01
3.903517896911237739e-01,-8.386974212897131409e-01,3.797527034886281072e-01
-4.555125050111935581e-02,9.553399776810498345e-01,-2.919770720829903965e-01
8.248454574608338197e-01,5.402328265643314698e-01,-1.666687265462257761e-01
-9.770794803710833865e-01,1.847818914869265305e-01,-1.056945675817227287e-01
-7.344767646853165299e-01,-6.434953194532117005e-01,2.155403813191373863e-01
9.864567052633939070e-01,-1.554306404708210576e-01,5.238782915639694088e-02
-7.552826523220494970e-01,-6.103016021349596532e-01,2.389143560627355056e-01
-9.928567622765008815e-01,1.138397263568007578e-01,-3.572067055406969588e-02
-3.920070662193069766e-01,8.675525338761548300e-01,-3.060768873979138327e-01
-6.374217295647387482e-01,-6.518151465726272908e-01,4.108899528793586442e-01
-9.482015835539102655e-01,3.159096291802362400e-01,-3.338956629042222346e-02
-9.601858952560384797e-01,-2.022789317782476559e-01,1.926818110513050797e-01
-8.141673131218580828e-01,-4.706551361855720872e-01,3.400225419381407432e-01
8.280583459079284836e-01,4.390439538432069355e-01,-3.486542447267055311e-01
8.734542824023467933e-01,-4.765002278738817987e-01,1.001256679834897079e-01
8.517551889903625106e-01,3.776310786040140144e-01,-3.631912258031032570e-01
2.337272317959702139e-01,-8.770895098840857385e-01,4.196255149157246400e-01
-9.052333088968677055e-01,-3.843507210340411095e-01,1.811827246296974780e-01
-9.070355421631639548e-01,-3.930723558141426266e-01,1.509325953778554441e-01
8.398771576439741926e-01,-3.771141799035659381e-01,3.903732257513825021e-01
-9.161198821039978624e-01,1.764463155707533815e-01,-3.599875821959184763e-01
8.323085136392351091e-02,-8.530856052767281650e-01,5.150898712369276211e-01
8.889661283143226456e-01,-2.512029199157611026e-01,3.829312154103385324e-01
9.130408767939219850e-01,-1.445240785972299602e-01,3.814041793281871540e-01
2.258048872819059805e-01,-8.037600900033911033e-01,5.504378898634672002e-01
-8.165403598322218404e-01,-5.618713556024090838e-01,1.325232829301204174e-01
-8.373687975839252395e-01,-5.466357471280263169e-01,1.690205500991201395e-03
6.326675135537600525e-01,7.369871107290114631e-01,-2.378693252880806908e-01
-1.371350100759806678e-01,8.472113301428159104e-01,-5.132513527396702635e-01
8.403151361740072156e-01,5.414722604068255007e-01,2.604348530406122575e-02
-8.375516872534086166e-02,8.284869952513409519e-01,-5.537096444989866306e-01
1.385576887183389005e-01,9.654643831034850354e-01,-2.206361073252496585e-01
3.984561834367258970e-01,8.642885735530093649e-01,-3.069819726087228418e-01
-8.280874581952184510e-01,1.931158280993937604e-01,-5.262864605110678662e-01
-7.097868023041703500e-01,6.132468907748386266e-01,-3.465991145831356923e-01
3.359171040157337730e-03,9.157722577888011140e-01,-4.016838157485617677e-01
-7.973190606555287108e-01,5.456590739419467928e-01,-2.579505583250449319e-01
-1.136433801604272986e-01,9.618852694288659855e-01,-2.487205472040272813e-01
4.776593595761081112e-01,-8.601670552201833297e-01,1.787573028527232877e-01
8.998735389078196256e-01,-3.070672456201133382e-01,3.097375028000226016e-01
9.048809207925511133e-01,4.253945943141311803e-01,-1.516437647713947748e-02
-2.955656868411109528e-01,8.977201992778752748e-01,-3.267099150173348177e-01
9.975879118151422809e-01,-7.000977810097766020e-03,-6.906044099197750086e-02
-4.288565616166749028e-01,8.065416836168093351e-01,-4.069060851681697288e-01
-8.485714894243893136e-01,5.071108986730616941e-01,-1.508806275937153996e-01
1.409250098747368840e-01,-9.581335602996811085e-01,2.492392870702025143e-01
-2.015503012749899625e-01,8.825742082053422699e-01,-4.247825832901743204e-01
-9.782050469859788766e-01,1.512643330614808768e-01,1.422462217235462290e-01
-1.210666551247508715e-01,-9.627860991050681827e-01,2.416315219232597900e-01
-9.120460709270360455e-01,4.072020659054950698e-01,4.856379339438800929e-02
-8.963740497598988721e-01,-4.274263214035190495e-01,-1.175597834656651880e-01
-9.798469643735715495e-01,-1.805366216443870797e-01,8.547780210749528207e-02
9.915979630227480524e-01,1.292156826778432521e-01,6.065235299273953259e-03
-8.217004161257005501e-01,3.227554187134622499e-01,-4.697205188513146612e-01
3.712624488581240390e-01,-8.551552376194143656e-01,3.617647213866377887e-01
9.743978846388090531e-01,3.751517116982256567e-02,2.216785383015530408e-01
-9.668979084946092151e-01,-2.501188913160610205e-01,-5.048737223875569141e-02
-7.993117732608503445e-01,4.801283892267108055e-01,-3.613549764222973582e-01
-4.119017874796437884e-01,8.499263795267455457e-01,-3.285758159932544165e-01
-8.066462879636405736e-01,5.259114952985083358e-01,-2.697014371992974002e-01
3.328062170508868656e-01,-8.234296817005758440e-01,4.595689079852623427e-01
9.463322452433469145e-01,3.015287352012444577e-01,1.163430421667904363e-01
9.465398759054353128e-01,-2.970176781285013834e-01,-1.258680348622208123e-01
7.393046303724875035e-01,4.718860671946892849e-01,-4.803667381254962399e-01
4.349583597355068387e-01,-8.061088465126698965e-01,4.012477450032713722e-01
-4.285154014084380236e-01,8.139752900396952651e-01,-3.921973711800718632e-01
9.905140821038356247e-01,-1.362094133384329220e-01,1.813419069040135903e-02
-9.900924100534794770e-01,1.357214770146677740e-01,-3.600972412348676932e-02
6.431717560251519750e-01,7.035187775171966029e-01,-3.023101419605893070e-01
-7.693996514430874178e-01,6.035730710800506493e-01,-2.091021860867351700e-01
9.473233746873712668e-01,2.477766693495216943e-01,-2.029412375467053997e-01
7.159962119144774872e-01,-6.661382322647316778e-01,2.088283506599066808e-01
4.106862586191471487e-01,8.315375152074448994e-01,-3.740082322409968851e-01
-9.703439044866043472e-01,-1.616281834823621866e-01,1.797471483219799659e-01
-3.450408538025573901e-01,-8.406331672937519262e-01,4.174717801874480161e-01
3.884985347658926336e-01,8.158575501437090871e-01,-4.283052023478813863e-01
-9.743083249119726119e-01,1.581393683783315351e-01,-1.603596837616254600e-01
-3.833060816521730030e-01,-8.397808021873446327e-01,3.845057243345509912e-01
-7.764579882371864805e-01,5.988153914860835370e-01,-1.962985466630601250e-01
1.472802825481761557e-01,8.997856587818446883e-01,-4.107241003679369951e-01
2.181348375738299539e-01,9.157510788334635166e-01,-3.373679804782704350e-01
-5.488124312704836250e-01,-7.676329763361373626e-01,3.309751182858069463e-01
-4.831908340512459654e-01,-7.915840875205826244e-01,3.740604901256852632e-01
5.259056410362339395e-01,-8.100774672275096178e-01,2.592252954796871456e-01
-4.009011270922523962e-01,8.736066146365132346e-01,-2.758437404754588984e-01
8.903664619174666006e-01,3.328607527616831985e-01,-3.105660682745272072e-01
5.400246636466684569e-01,7.764857239862658078e-01,-3.247203151926705278e-01
8.964317560732859569e-01,4.335926952892928954e-01,-9.169231862664910249e-02
-6.342044517632182687e-01,7.410146773597289238e-01,-2.206398905483158146e-01
8.881382625946225851e-01,-4.490297777793724188e-01,9.789119052709870095e-02
7.888946447658787831e-01,6.070639504867673120e-01,-9.549135813840892162e-02
5.526946574397908485e-01,-7.977867829505957964e-01,2.409665217138080018e-01
-3.887816772214062744e-01,8.674705789872588779e-01,-3.103926578519864421e-01
9.969675087197150676e-01,-6.417462094258222227e-02,-4.401595828879265732e-02
7.610756767682876900e-01,6.020875558387673854e-01,-2.413594608375481954e-01
8.473718937445394728e-01,5.101541568756209344e-01,-1.473214509646076364e-01
-6.355735895021311643e-01,-7.632391456125174889e-01,1.162420704050423914e-01
8.118040814649682968e-01,5.835032195562057655e-01,-2.231873841330316022e-02
5.068127033076166299e-01,8.464740122511578146e-01,-1.631644273408043022e-01
9.511579702830957883e-01,3.028491897832046309e-01,5.984048641678908764e-02
-9.952448185041062878e-01,6.541317621110775971e-02,-7.217248519140090357e-02
-8.994310499526059210e-01,-4.258316653587408962e-01,9.844378679710671931e-02
7.172131566690467253e-01,-6.868358831963680133e-01,1.177359650008724945e-01
4.875715264472875177e-01,-8.385880399548309994e-01,2.429899295085638233e-01
-8.685617623951491506e-01,4.916567630508879572e-01,-6.224220635031693649e-02
-8.744635074186231372e-02,-9.598921570217218147e-01,2.663835254480227399e-01
-3.850796075709272959e-01,8.809282923679215838e-01,-2.750982361607544613e-01
-8.027283123119008934e-01,5.675957868756797975e-01,-1.829269781466502931e-01
-9.931680627289560803e-01,-8.859368456295065031e-02,-7.594970856278981941e-02
-9.707721674225923136e-01,-2.352568537896531364e-01,-4.749328060511515820e-02
9.404371934096648067e-01,-2.657574245250778344e-01,2.120162176852288527e-01
1.878835803562444451e-01,-9.580258265679273411e-01,2.165323898666390579e-01
-2.968707423318853178e-01,9.109873026891696091e-01,-2.863038537750174362e-01
-9.657937368640111542e-01,1.180053508576570376e-01,-2.309051645226033733e-01
-2.166548787521573038e-01,9.536881224702667970e-01,-2.086615167490776523e-01
2.924648619705024766e-01,9.474159128538274244e-01,-1.298745263087559554e-01
-6.167981609692066991e-01,7.540072913813640199e-01,-2.259049206386249953e-01
9.879716511224959641e-01,-5.633554091711486661e-02,1.440080671624517084e-01
-4.311212334041087946e-01,8.778441446466770381e-01,-2.086243989030619195e-01
-9.548189222680254495e-01,2.851805231311254074e-01,-8.362353081270915145e-02
-8.936814762105559362e-01,-4.477095295529632812e-01,2.982609973807690690e-02
8.829429978240287413e-01,-4.583546206985609772e-01,1.016007100260407497e-01
9.013281321960199266e-01,4.171819579652099041e-01,-1.164766588649752133e-01
8.021727541782336379e-01,-5.814550634288222497e-01,1.357530171564950983e-01
6.719813572837027849e-01,7.353210875083238118e-01,-8.799973709465459815e-02
6.141539099946077274e-01,7.762272293676223400e-01,-1.424298537056048197e-01
8.920995766094295121e-01,4.487204924757379754e-01,5.299306601441260839e-02
9.596344842263647701e-01,-1.366306579116946529e-01,2.458327073483441982e-01
-6.487017433978841119e-01,-7.573286341310380143e-01,7.509585899210628746e-02
3.011166251347291781e-02,-8.727440052744306342e-01,4.872485905964423769e-01
9.227617040640611057e-01,-3.853703025393223069e-01,-7.532818470273414547e-04
-8.530938971514587799e-01,5.216995014071412751e-01,-7.773858403413512475e-03
-3.234539051311238200e-01,9.010251588491365871e-01,-2.890177059910246093e-01
8.278665602504770016e-01,-5.572476403632135034e-01,6.412507878103565484e-02
-1.928378550240316125e-01,-9.618123687680383282e-01,1.942434785380087459e-01
2.457154298496723802e-02,-9.819716905167374943e-01,1.874242201505409156e-01
-6.210733068350657998e-02,8.745485789195827087e-01,-4.809443445816863338e-01
-9.393036188214980431e-01,2.156694670245065393e-01,-2.668246477786550552e-01
2.493334968216306402e-01,-8.598537993896790965e-01,4.455157135700506532e-01
-8.334997007640804201e-01,-5.192820544542537942e-01,1.887442628213045481e-01
-5.775110682292577957e-01,-7.461309821172296131e-01,3.313148405934753793e-01
5.208283554223049894e-01,7.801731255277587485e-01,-3.465078908081967168e-01
7.225676454679846872e-02,-8.369076206231794712e-01,5.425537710864029028e-01
-4.077758808581085637e-01,-8.233416337887066172e-01,3.947497752507743707e-01
9.714052070963126173e-01,1.405212576450592665e-01,1.913784203509396598e-01
-4.422749923096765817e-02,8.435710228123515231e-01,-5.351932901140465937e-01
-2.066736983766939706e-01,8.980980607015267569e-01,-3.882085209825460459e-01
9.945745067722397414e-02,-8.729151640009341628e-01,4.776267705667364138e-01
8.178936668150811329e-01,-4.031553521533959294e-01,4.105066525817241407e-01
-3.081127017743505725e-01,8.965269759521642401e-01,-3.182859475304831709e-01
-7.870511938822836173e-01,4.634800192658539708e-01,-4.071077129578799525e-01
3.533487759580011822e-01,-8.436145449511265326e-01,4.043008064249760114e-01
7.761685948548974201e-01,5.966150937482862515e-01,2.039920152179924562e-01
8.874840426486516609e-01,2.327173146268668447e-01,-3.977621469130339649e-01
-8.849434815130806653e-01,4.541439891889552105e-01,1.030935090636170837e-01
2.311649621534350441e-01,8.655709779053143427e-01,-4.442405232310966956e-01
-9.209490226592904893e-02,-8.871479480570473308e-01,4.522024405449392992e-01
2.169927260506627764e-01,-8.643006424924877251e-01,4.537604612878637367e-01
9.247581601522313066e-02,8.910481831633890737e-01,-4.443887473075147088e-01
-8.923309972047258620e-01,4.432757429042898933e-01,8.515871758234480615e-02
4.119866831106134240e-03,-8.526876221294231728e-01,5.224048676692857329e-01
-8.847435673046504245e-01,-2.048296607225135457e-01,4.186569361677192069e-01
1.012227402619864658e-01,9.534923367708394437e-01,-2.839125227480087665e-01
3.979424544932557706e-01,7.702370189631645436e-01,-4.983740939601702391e-01
-8.256655179009396717e-01,5.603695682749719742e-01,-6.528705461800604626e-02
-3.668575726259895586e-01,8.700732749487317674e-01,-3.292233552270483754e-01
-9.617063452663113798e-01,1.038699062286112529e-01,2.536374342532538573e-01
7.009418039453573224e-01,-7.122412099376665973e-01,3.732353611807462390e-02
6.303333276033112886e-01,-7.762947913403392963e-01,-6.803899646206982427e-03
-8.548468498320471731e-01,4.943425311976636372e-01,1.576779159594399182e-01
-8.589465350395710797e-01,5.064703800581373816e-01,-7.548909899634924370e-02
-1.022676157465053637e-01,-9.569487590182209624e-01,2.716438981148151521e-01
-9.523307426151738087e-01,-2.563477235491526396e-01,-1.653844046492861652e-01
-4.677394192230219239e-01,8.329958317378201027e-01,-2.955296601228502573e-01
-9.027607584375955119e-01,3.392194181231298344e-01,-2.644866714853180700e-01
8.966213904289042080e-01,-4.375642180091222633e-01,6.787957972324103195e-02
-9.736947078549627044e-01,9.439518515794838305e-03,2.276609570950375305e-01
-6.451326613198938853e-01,7.268554817159157411e-01,-2.355524527527471379e-01
8.409627837926205718e-01,-5.313805564134380655e-01,1.020602789605782046e-01
2.437756691025551314e-01,8.244232553008266073e-01,-5.107834367643390161e-01
9.714297685642991897e-01,-1.609770402279468993e-01,1.743863448397326155e-01
9.613090470221776762e-01,-2.054980515521083739e-01,1.834542638414262683e-01
9.474820722618787494e-01,2.812001815703479290e-01,-1.523291850800083669e-01
9.673463928407128876e-01,-2.214680696572442903e-02,2.524885644921058270e-01
4.797563521067091941e-01,8.721089355414870514e-01,-9.622809964847969799e-02
4.091904659060914273e-01,-8.455039126077015244e-01,3.430543635877905673e-01
-8.103966609062518422e-01,-5.741603329252614740e-01,1.166068783869566028e-01
8.922266631187764085e-01,-4.494558202773429323e-01,4.382975289405693919e-02
-2.498873146446413118e-01,-9.500827657949012517e-01,1.868129227842671436e-01
-1.428427087884674429e-01,8.707634972030849907e-01,-4.704964319573803899e-01
-9.525547274844798906e-01,2.078060540190947714e-01,-2.223873536422004138e-01
-9.328264477765975116e-01,2.383454590914511340e-01,-2.702337145120496942e-01
-9.670363065419297355e-01,9.986427012921679502e-02,-2.342390005556330423e-01
-6.357495906969415911e-01,-7.162574211372253474e-01,2.877460070870188624e-01
-8.290457639075133889e-01,-5.353701914448093513e-01,1.614369209919332693e-01
6.297253369849886706e-01,7.251794767586506874e-01,-2.784972647032497028e-01
8.385755520068572944e-01,-3.598903793223278136e-01,4.089865015469651421e-01
2.126574022812837139e-01,-8.184962853380779446e-01,5.337046562872989064e-01
-7.789594235511799747e-01,-5.881741282250522174e-01,2.174244957393559885e-01
7.507377615308796770e-01,-4.556515235905906902e-01,4.783037763400759812e-01
8.285565074566820787e-01,5.519863209813651306e-01,-9.383610925780523637e-02
7.326690106272518155e-02,8.718283800735898703e-01,-4.843007711194820542e-01
-9.549834273308138721e-01,-3.350498282178443477e-02,-2.947610382150331332e-01
-9.318214631803309334e-02,-8.783152308490452809e-01,4.689130440349819628e-01
-8.272073716546397837e-02,8.697495287337234648e-01,-4.865110861124009589e-01
-5.529561345647290294e-01,-7.822822035977697874e-01,2.868345641331440654e-01
-9.306538502814986069e-01,-3.363238024377339652e-01,-1.441170040975246203e-01
8.987229600449350153e-01,4.382445152152190104e-01,1.545270111818492810e-02
-8.864605409302591665e-01,-4.626300856780884430e-01,1.269303742673745170e-02
9.422407604829797778e-01,3.247335664396555632e-01,8.203938146913118679e-02
-6.215532518479185420e-01,-7.372532547002671466e-01,2.648191714191796553e-01
-9.431901551481438606e-01,-3.248515570466650737e-01,-6.974092855689184578e-02
-9.183365587227305671e-01,2.348863276618493034e-01,-3.185692671787771491e-01
-7.278546980119339205e-01,4.788789857313092702e-01,-4.908181492232219223e-01
9.224297689558498270e-01,3.737953220623514983e-01,9.695554934278201309e-02
-9.483340399341980698e-01,1.965473392823799126e-01,-2.490616231439519157e-01
-9.660898496476643116e-01,-4.768278012725755965e-02,-2.537651569603061597e-01
-2.753888077080199892e-01,8.550311958387801781e-01,-4.394117189284563185e-01
-3.223028748601625137e-01,-8.687577841616135332e-01,3.760063421213499790e-01
9.195750929004158358e-01,-1.599399352665811513e-01,3.588883748801475759e-01
9.728327133725912512e-01,4.328155738045279255e-02,2.274273918921030924e-01
5.097191679751563731e-01,8.292232576897674567e-01,-2.292927358314779396e-01
9.606357263000980806e-01,2.402033811705241995e-01,1.395755602895110137e-01
-6.286080031660877809e-01,-7.482655800096231768e-01,2.120155657691340234e-01
-5.069987540064934128e-01,-8.263781033060253467e-01,2.450540630395646735e-01
9.523723172389777503e-01,1.774686556581548114e-01,2.479754939822624848e-01
-9.450238377355533181e-01,-2.969088308918792496e-01,-1.370222326850067951e-01
4.378867853160112178e-01,8.391897685509551730e-01,-3.225146440163671469e-01
3.564395775943634548e-01,-7.917414993702969195e-01,4.960808660886104615e-01
-9.550492691443644988e-01,1.265213560235738111e-01,-2.680918498887487900e-01
-6.290057220566264151e-01,-7.546295890287113561e-01,1.867779028214527626e-01
-9.568284289283542909e-01,-8.032748218161414600e-02,-2.793328716797569555e-01
9.532848109472608078e-01,8.247465461184343150e-02,2.905959403775330019e-01
6.599390879442537106e-01,7.248130467402479349e-01,-1.978040633516557623e-01
-2.058543555374128531e-01,9.026013294964232436e-01,-3.780672219296000169e-01
-6.597445329970490491e-01,-7.127199329074189738e-01,2.382592042649140096e-01
-7.823727000416522692e-01,2.616099795582824683e-01,-5.652018903233161362e-01
-6.615776882550195026e-01,3.661804918322336677e-01,-6.543904108440523615e-01
-8.920421621530578715e-01,-3.086308068024468665e-01,-3.301633020700033283e-01
4.198203953511577269e-01,-6.430003588339973097e-01,6.405477142153801484e-01
-4.974623095033897102e-01,-8.330609321543833712e-01,2.419519248562062574e-01
-7.179482295810861725e-01,-6.960964901872153110e-01,1.264532478556907550e-04
5.493213193551412798e-01,8.126403922817002634e-01,-1.945807825407518121e-01
8.864921828796316072e-01,4.392214909917617482e-02,4.606543764166531885e-01
2.092060094993381802e-01,-7.609878986450876459e-01,6.141093255317791044e-01
-7.371213678156494087e-01,-6.600192301519713922e-01,-1.450058789814580307e-01
8.549154396076823204e-02,8.742857249464992542e-01,-4.778238870818182216e-01
-6.201925153875903485e-01,-7.779911917256793208e-01,1.004537179723620499e-01
-3.298159251621953225e-01,8.404709330148120161e-01,-4.299186740147681873e-01
4.691305064907579370e-01,8.830527922545894359e-01,-1.159025328015100484e-02
-7.927295214126290901e-01,-5.814803013516118835e-01,-1.829222923017931046e-01
9.665372039339310550e-01,-7.616917012391051511e-02,-2.449573247204772652e-01
-7.781706926363270993e-01,6.261871524150099955e-01,-4.837378703678355679e-02
-2.449164853730794941e-02,9.085321574820347523e-01,-4.170964852081162078e-01
-8.374121547168650315e-01,-2.399145649275720438e-01,4.911027231324127107e-01
6.188674045062702439e-02,9.145745271561137590e-01,-3.996541825548279858e-01
7.818606625886932449e-01,-5.859829918766273904e-01,2.128798664216180192e-01
1.702904532781578661e-01,9.527704293823183734e-01,-2.514551061659955900e-01
9.628925923548961041e-01,2.669370181901767891e-01,-3.978044629972105062e-02
4.878709480706126811e-02,-9.097998263177046185e-01,4.121699836384999927e-01
-9.417617755090654796e-01,2.698664224713385185e-01,-2.006411528389271948e-01
-9.962538179990257925e-01,2.598013899361142215e-02,-8.248249814498105625e-02
-2.770102739988863361e-01,9.063656757538155473e-01,-3.190087301538803155e-01
8.643451234185479670e-01,4.324821951026203148e-01,-2.566450049032599212e-01
9.230507718955771601e-01,3.112332355921578753e-01,-2.260777423051976986e-01
-5.523193069737054595e-01,-7.490555447458259186e-01,3.658677001726440281e-01
7.759024340340331394e-01,5.449188140377785317e-01,-3.178661651823356804e-01
4.712702231217207327e-01,-8.360831276321665229e-01,2.808369286394113984e-01
8.254808838763403323e-01,5.142360093881535033e-01,-2.326857043380254064e-01
2.404095895604015931e-01,9.439599796436860535e-01,-2.261477085413224064e-01
6.082407564103721187e-01,7.666542637350706180e-01,-2.056317634466411637e-01
-7.503940350285165373e-01,-5.158498434834312141e-01,4.132889197301821693e-01
-8.538868716063515718e-01,-4.646818523897896513e-01,2.344098687297779537e-01
9.869912837752207180e-01,-4.646661187310766571e-03,-1.607066093586442257e-01
-5.349751128155866287e-01,-7.281540609823532462e-01,4.284778782421069243e-01
-6.738527893630867627e-02,9.480557749616740359e-01,-3.108849815357695445e-01
9.526629926314068575e-01,2.194218747027595062e-01,-2.104453928516817618e-01
-7.630895880591178626e-01,-5.575867727398453599e-01,3.267893380472043918e-01
-6.665542771035342096e-01,-6.226874080014134227e-01,4.098362936484105656e-01
-9.566590695764618513e-01,-1.977855347002944464e-01,2.137388754073928643e-01
9.075682301285785680e-01,-4.179020786499921813e-01,-4.096047266933382225e-02
-8.919164710940551410e-01,4.503266175320231879e-01,4.112111541889847816e-02
9.719888679182012159e-02,-9.450553355776953879e-01,3.121262390484985660e-01
-9.134432128474004875e-01,4.004198375030227908e-01,7.270110478576895241e-02
-2.359960158544404940e-01,9.636901367031628363e-01,-1.249287834002637820e-01
-1.146923994859624374e-01,9.590908312300088223e-01,-2.588250972194990895e-01
9.344515793254276614e-01,2.789052405411710511e-01,-2.213867943100615576e-01
-7.795835217434359254e-01,-5.415164049295595472e-01,3.146577757155653021e-01
-9.576083301665405667e-01,2.609474586491773995e-01,1.220356907637507593e-01
6.528121541682116447e-02,8.962705129867213349e-01,-4.386770229499399321e-01
9.243353571438126526e-01,1.959752442190250132e-01,-3.274108293674998227e-01
9.411170750721677969e-01,2.823141772082071177e-01,-1.860036460794812219e-01
-2.278175797251972834e-01,9.645613482159607344e-01,-1.331185783276007673e-01
-4.778834099745657982e-01,-8.511326962928411621e-01,2.172569441292027670e-01
1.819236505170855889e-01,-9.716364430401661645e-01,1.510841088228382367e-01
8.918477446733783509e-01,2.886978869275472204e-01,-3.482256888923872529e-01
-8.599738752285739363e-01,-3.732390584480654860e-01,3.480481851312411390e-01
9.163933359178276505e-02,-9.447317554938552409e-01,3.147763375801179153e-01
1.863905350200834588e-01,8.851627594714477354e-01,-4.263161475945043688e-01
-6.859106699766472914e-01,7.234509432562794551e-01,-7.839187147776621734e-02
7.009255516589375512e-01,-7.083353342775038364e-01,8.345313202984663836e-02
8.876536572869889730e-01,2.501976746455411571e-01,-3.866162287165354483e-01
-3.495820875266657940e-02,9.084332385998781234e-01,-4.165656906752426281e-01
6.250389350164583524e-01,6.073172607783697829e-01,-4.903999127998995289e-01
-3.029795671912278721e-01,8.957993649855792162e-01,-3.251874529499093058e-01
-8.986414479255178112e-01,-2.114709297564543455e-01,3.843482716733220839e-01
-1.967141408079110254e-01,9.048537234783271543e-01,-3.775490510034586467e-01
-3.343555910214565108e-01,8.762815381881331467e-01,-3.468962446947670974e-01
4.783182030689139275e-01,7.292288318153418158e-01,-4.893230093324419938e-01
9.413267747904342786e-02,-9.314508713755731417e-01,3.514801747528752962e-01
-8.725377505904287068e-01,4.881625708307620881e-01,1.936951817924596059e-02
8.633383678929292815e-01,2.819965588785092736e-01,-4.184791551614640004e-01
2.685331347638995614e-01,8.166979442223325503e-01,-5.107782527055055866e-01
4.683984554925763044e-01,7.144141099621624802e-01,-5.198224373563919976e-01
4.779907294561525632e-01,6.888621429771650817e-01,-5.449713850532730275e-01
9.551157761960794579e-01,-1.804213509616383604e-01,-2.349510378324344839e-01
9.001108118557886728e-01,-4.331696315032857458e-01,-4.652522674442996498e-02
-8.355599686065684484e-01,5.459839566614911321e-01,6.116418830045289995e-02
1.142631342798591382e-01,9.321475039567522769e-01,-3.435767265280630922e-01
2.120921056220298473e-01,8.912666477601925985e-01,-4.008250258193996607e-01
8.111907788198594593e-01,4.980345696760145602e-01,-3.064817902669861316e-01
-7.543923996433903323e-01,6.560759869755211637e-01,2.136367651840374512e-02
8.831710909537159315e-01,-4.533866812585627404e-01,-1.202054131932904224e-01
9.040420936868387436e-01,-3.595967237036522546e-01,-2.310802655873418765e-01
-8.486624785819282257e-01,-3.963323435176759890e-01,3.502751360416053172e-01
8.609923499233499422e-01,-4.801391931889310571e-01,-1.678050313231101709e-01
-7.664110766156289056e-01,6.414916001852836169e-01,-3.320524857002171704e-02
7.395566778068384250e-01,5.389791519824317367e-01,-4.031840696748955621e-01
-9.118298762098870913e-01,3.322512494283840212e-01,2.411957381554236113e-01
3.100748788996612881e-01,8.939457390106316792e-01,-3.235963306035715137e-01
4.198408225007559946e-01,7.352287045335906823e-01,-5.321394890362362018e-01
9.494109382568155509e-01,2.291647927797709761e-01,2.147146200623464007e-01
4.766473249879001894e-01,8.763395785350789335e-01,-6.954330071861269946e-02
-3.692049477778132638e-01,8.561625335662633729e-01,-3.614877904629411054e-01
-9.637537811371202912e-01,1.319492554424054886e-01,-2.318793723730041556e-01
9.068231994383978423e-01,-3.311531260683465150e-01,2.607859123025423886e-01
-4.840405605246039245e-01,-8.392370705517450125e-01,2.477617306582121648e-01
-9.334092417710169176e-01,2.707780967847736586e-01,-2.354281412195044221e-01
-7.030725058455293830e-01,-6.933865830412043740e-01,1.578103228009217485e-01
6.876419466039613848e-01,7.101726989276915258e-01,-1.510075857977769553e-01
-2.426241927402335297e-01,8.891112910319831641e-01,-3.880909857966169940e-01
-1.426604883790472400e-01,9.013939664199513979e-01,-4.088238035598701359e-01
-5.027199598024691962e-01,7.664691525986572218e-01,-3.997470201651291410e-01
8.863326755064729889e-01,4.628220909503653613e-01,-1.449484245754790665e-02
5.400776803870056542e-01,8.202750352038167270e-01,-1.883214426696238619e-01
-1.005453573338328051e-04,8.593126660234489123e-01,-5.114506153112965414e-01
-7.213367637254107789e-01,4.129303926346927223e-01,-5.560231687049644878e-01
5.990085809554398510e-01,-5.405632487857756630e-01,5.907453715467587685e-01
8.808528474901723415e-01,-2.306175319123388023e-02,4.728281047148123473e-01
-7.684837033221521008e-01,2.991356600760006201e-01,-5.656418076832421260e-01
1.664714357454085969e-01,-7.993666280040715444e-01,5.773216219008798777e-01
-5.486304058125865968e-01,-8.126579500364174979e-01,1.964477896554812919e-01
4.634063424268546338e-01,8.514620314284865321e-01,-2.454933213638200717e-01
-5.456427012955693545e-01,-8.202976945803212017e-01,1.714226787478368985e-01
8.609804095575580574e-01,-2.774957392745953585e-02,5.078805917781697987e-01
7.537227284376697423e-01,6.565085157916062952e-01,2.997694663532294440e-02
4.429696286473143729e-01,8.666423163028230681e-01,-2.295844151708432146e-01
-8.744382319897278100e-01,6.154251290978503958e-02,-4.812175158277470222e-01
8.290099361283154167e-01,5.504184225364249228e-01,9.890442827821128990e-02
-4.124840978932246549e-01,-8.800608423515846601e-01,2.352653453967070707e-01
-5.508131799093074488e-01,6.409798581119543481e-01,-5.345555745972311312e-01
-4.731954612483360578e-01,-8.520827165864967023e-01,2.236986802566129084e-01
4.217442556497129624e-01,8.738939135652421530e-01,-2.417461698974665008e-01
-4.063231606032980947e-01,-8.844175369513271878e-01,2.295802898558456373e-01
-9.447416878233059201e-01,-1.355335756986126849e-01,-2.984858340811498145e-01
5.399898087949846909e-02,8.519394529483677037e-01,-5.208486138735627380e-01
7.229299054279427761e-01,-3.728592580787405408e-01,5.816771660491041329e-01
-8.760310565270321703e-01,-4.511489165777840538e-01,-1.703943751149768759e-01
-1.805839509396392761e-01,-8.639227284842091459e-01,4.701350400378909722e-01
7.729895985625609423e-02,8.669044551017318634e-01,-4.924444501970859922e-01
1.948728489417647647e-02,8.353200707898286170e-01,-5.494184425946482264e-01
-8.914132322393455432e-01,-3.366922383913543149e-01,-3.033492805259674907e-01
-2.718889384367901840e-01,7.753809773020907681e-01,-5.699655649192938434e-01
-4.937598312661687361e-01,6.825803510313506184e-01,-5.387813038830530088e-01
6.183455419415808674e-01,-6.650299688910815687e-01,4.187886474556108962e-01
-8.526774293726219200e-01,-4.240099137700819587e-01,-3.052159800259234834e-01
4.202082059671537473e-01,8.833239260630061374e-01,-2.077592483681608981e-01
3.892075576711832574e-01,8.918679110685475697e-01,-2.304107338164992635e-01
-5.642009562898134822e-01,6.481924058789766407e-01,-5.113940612506989725e-01
-5.781128254481234796e-01,6.610469569508826693e-01,-4.783330239052758781e-01
9.542563527792382594e-01,8.402161318221267050e-02,2.869410770501926167e-01
-9.456873379705980076e-01,-1.342753512618447831e-01,-2.960499769390160241e-01
-8.985418129957524203e-01,-2.838906267995990884e-01,-3.347069200265168076e-01
6.136552540748100304e-01,-6.181134857556057627e-01,4.912870320631667065e-01
-2.868808167208504178e-01,8.959799493025810690e-01,-3.389975330962189393e-01
2.078899451677459209e-01,-9.030351427248560769e-01,3.759112949913187007e-01
1.844458387530485133e-01,-8.669871883116134770e-01,4.629394645849577716e-01
1.802387514457951256e-01,-8.794313378975463502e-01,4.405842875103385126e-01
-3.282233520284338901e-01,8.679098873253328073e-01,-3.728295303032563845e-01
-1.427262950049623946e-01,8.795550686614672653e-01,-4.538855427374594576e-01
-8.754895691277658765e-01,4.779412680246328815e-01,7.134534790359293999e-02
-6.595889984655912697e-01,-5.299301707871506562e-01,5.330256721703557909e-01
6.651654626408607385e-01,5.299538063898046047e-01,-5.260264921111170722e-01
-8.716055098697360615e-01,-1.882538502748125342e-01,4.526194019498342436e-01
7.509609082855838169e-01,3.979169387622121801e-01,-5.269912941149984542e-01
2.570005619350010373e-01,-8.665057097314269319e-01,4.279235517799058197e-01
-9.448200957969093983e-01,2.531231115861010683e-01,2.079511407982397586e-01
2.615166814352168356e-01,-8.656216331069664927e-01,4.269756592925875727e-01
-9.398203580635058341e-01,3.086792068931489275e-01,1.464747138628390566e-01
9.467843554604628009e-01,-2.594685665418317022e-01,-1.904611436278889069e-01
9.428073772419612864e-01,-2.581222522446181555e-01,-2.109197769634225672e-01
9.392034741139664300e-01,-2.733844588458725355e-01,-2.077444869877547173e-01
-6.492125490119902143e-01,7.369110522365910354e-01,-1.883750707947164649e-01
-9.101166548153398761e-01,-1.054580248235444107e-01,4.007072243272543632e-01
3.376558291838197556e-01,-8.582893919904249769e-01,3.864296321646332744e-01
-2.990660368512675360e-01,8.632482389165593295e-01,-4.066472471436824998e-01
2.425921298787588054e-01,-8.630539107917185593e-01,4.430428936209311330e-01
-6.408593113649295736e-01,7.669525011462074993e-01,-3.291206499818609410e-02
7.593740809065074870e-02,9.614459454065582555e-01,-2.643013509495616975e-01
-9.095685716160933909e-01,4.134668610192567817e-01,4.159529260796353961e-02
-6.545980267883644288e-01,-6.797923738496283175e-01,3.307321450670723806e-01
7.107269137352374422e-01,6.088040221373167693e-01,-3.524555528315732600e-01
9.721181431811507512e-01,5.695432214500797258e-02,-2.274698241240674934e-01
8.554425046055981197e-01,4.025279479488484413e-01,-3.258671085491606223e-01
9.301257420570610002e-01,2.294957586824387386e-01,-2.867015882578496933e-01
8.484817140044600414e-01,-5.117621222542574344e-01,-1.348269677248292164e-01
-9.146823583148372405e-01,3.667960099261820539e-01,1.697553253651847560e-01
7.934066473050759294e-01,5.245203904365209890e-01,-3.088434102072413201e-01
-3.261078126148799217e-01,9.341245710817227543e-01,-1.451377974647750646e-01
8.438920262005484840e-01,-4.204448785040132974e-01,3.332751899780090898e-01
-4.606646188243335160e-01,7.576700704714152135e-01,-4.623031183923294596e-01
-9.138881341703342098e-02,-8.639046483729928561e-01,4.952947034864820797e-01
-1.404001616131069219e-01,-8.599060267450924222e-01,4.907641182752482401e-01
6.938336671370518571e-01,7.071935172107909340e-01,-1.359123672157233620e-01
-8.597890081456780464e-01,-5.081381937986152453e-01,-5.058099914940350494e-02
8.885598658107551895e-01,4.539159564979707295e-01,6.649563374316300179e-02
-1.005495237466122183e-01,-8.584843108427619995e-01,5.028861514410170042e-01
-4.799773071042677253e-01,6.622129203266464703e-01,-5.754092741843755965e-01
8.638074296178505085e-01,3.305512935168972155e-01,3.802269939014170652e-01
-4.290647836883890731e-01,-8.841410047427283869e-01,1.849272698412942062e-01
-9.159752137215821932e-01,-2.452144454282845776e-01,-3.175835065002599045e-01
-3.764997752345254356e-01,7.394637260458216677e-01,-5.580692762648576943e-01
8.608567817557812862e-01,9.762918495269230779e-02,4.993937760430660622e-01
4.672701344939746981e-01,8.770634104743546544e-01,-1.114378545067895021e-01
8.840047137104650732e-01,1.538430675150444793e-01,4.414385310722661049e-01
3.457532548828602947e-01,-7.544421578726415722e-01,5.579173031573586572e-01
-8.716331748389583023e-01,-2.922166898119361034e-01,-3.935289248778453541e-01
-5.438400939318740468e-01,-8.363404490510958356e-01,6.908404673426343789e-02
-5.627336354127570051e-01,-8.109984369170190055e-01,1.600387168571844876e-01
-5.614020695759071033e-01,-8.155043598346162215e-01,1.406426513068527173e-01
-9.016232416893124046e-01,-1.912186692838685476e-01,-3.879574081815711506e-01
8.659828375267605294e-01,3.966378656010804971e-01,3.045523414464570422e-01
4.330947627608116579e-01,-6.343150176072228641e-01,6.403697251643809540e-01
8.970064090457404715e-01,2.406896065291813380e-01,3.707398217614256697e-01
-7.739682234019658047e-01,-6.283782273990773382e-01,-7.819202321719385951e-02
-5.720875795876548819e-01,-8.140154456177441933e-01,1.004721631960000944e-01
8.648550201583371511e-01,4.106713682353351769e-01,2.887469851247627672e-01
5.031210565406073476e-01,-7.376197114889248008e-01,4.503180694669694506e-01
7.492331424858902356e-01,-5.308358327874289628e-01,3.960593602347940445e-01
4.843790725316484691e-01,8.631170080763181929e-01,-1.428493768371600081e-01
6.443971094343476924e-01,-6.121696886516978520e-01,4.582582652268704093e-01
6.812136882927605219e-01,-5.688509297962986988e-01,4.608215821252952260e-01
-6.239498267731270476e-01,6.145639866240331095e-01,-4.826983737434382138e-01
8.784065763462527432e-01,1.853643999893744287e-01,-4.405019022072823032e-01
9.697238121299275315e-01,-1.644463721106209086e-01,-1.805356443693491575e-01
-7.086443075478709996e-01,-6.084104063636122106e-01,3.572954279142998568e-01
2.206656575161122791e-01,-9.479101092016926078e-01,2.297239483950618555e-01
3.329761842823462659e-01,-9.297944291971724784e-01,1.568731338842735967e-01
-7.439789038646612562e-01,-5.490744265699544213e-01,3.808052844843579643e-01
-4.443149496270224624e-02,9.673122722623701542e-01,-2.496653964529120528e-01
-2.521770056713212305e-01,9.575156924082796062e-01,-1.398944480761811771e-01
1.738123783330808303e-01,9.174346399417951936e-01,-3.579147085173594034e-01
9.356156217457101132e-01,-3.057425055374721756e-01,-1.764792584216549332e-01
5.826897528834371620e-01,-7.300889245780944892e-01,3.569913361596334656e-01
-5.386843159088177124e-01,7.848733418143842844e-01,-3.062565021399052956e-01
3.764211996879643363e-01,9.251853228678480479e-01,-4.836526414059540840e-02
8.095528727327367946e-01,-4.066684855310813695e-01,4.233732267468383048e-01
9.446129766807354056e-01,-7.981872274547996415e-03,3.280893384451151196e-01
9.550890249416834621e-01,1.111764162460859018e-01,2.746720934252717128e-01
-9.419723859267399302e-01,-1.835639171258533764e-01,-2.810557106356276758e-01
1.482732779504448428e-01,9.683159957051026279e-01,-2.009456829779278919e-01
8.659132504936717378e-01,-3.127277791224593595e-01,3.903787632346540915e-01
-9.601913707739218040e-01,1.800328895699587067e-02,-2.787622877615050232e-01
9.742215746688059896e-01,1.175442994107989414e-01,1.925504119077813547e-01
5.797667378088464663e-01,-4.631966577486620884e-01,6.703129015474468266e-01
-5.897133964870190370e-01,7.776415963889969918e-01,-2.179716898345198106e-01
-9.217826434122454726e-01,-9.082881652648493176e-02,3.769176095545700433e-01
-6.783165807547705262e-01,7.265074363518880807e-01,-1.098797579109282579e-01
9.413100362537587529e-01,1.640035391857662395e-01,2.950224648776603176e-01
-7.693004938980082530e-01,5.073913664209778185e-01,-3.882405843928908862e-01
-8.559234013522819540e-01,5.041878112593624062e-01,1.148467761629985845e-01
9.523149869315122862e-01,-1.141568421062442995e-01,-2.829565003069616780e-01
8.520873180268355718e-01,-4.277041268688894227e-01,3.016892147842795691e-01
3.427375583163158046e-01,9.357855736900265731e-01,-8.268207903166166495e-02
7.822793715899030165e-01,6.194416579777893839e-01,6.581046380807352436e-02
-2.887825400764025829e-01,9.162733539386349602e-01,-2.775748284860608539e-01
3.889561321960215839e-02,9.834823149135610842e-01,-1.767757549115096805e-01
9.256265677089829946e-01,1.452543702912529322e-01,-3.494518923436801816e-01
-3.996310543514639546e-01,-7.467188000710170970e-01,5.317010946184308473e-01
1.837992146430626750e-01,8.263256336217318365e-01,-5.323568313793265450e-01
2.285667613761278860e-01,-8.854351295097000474e-01,4.046750140843500265e-01
2.365874554622567905e-01,7.885507959060067407e-01,-5.676389857945784989e-01
-4.068329046873837562e-01,-8.992869112362835704e-01,1.605304922521904598e-01
3.902376072251508843e-01,9.071248976011340170e-01,-1.576040293245100643e-01
-4.273213930475900924e-01,7.315662281758100738e-01,-5.312318522420180766e-01
-8.878673866388991920e-01,-8.167944922206725467e-02,-4.527913110007648068e-01
5.172100827951818802e-01,8.523582756291895324e-01,-7.732464174786511657e-02
8.821904523393629960e-01,9.401631128165881257e-02,4.614118973479772179e-01
-5.159440587023097491e-01,6.869533331863932890e-01,-5.117585820617879255e-01
7.671323198153940925e-01,5.501170891154321119e-01,3.299684714602527658e-01
5.642158164117506702e-01,-6.604719893797756924e-01,4.954162530191588143e-01
5.855539478414624188e-01,-6.441375867510658049e-01,4.921517484493894146e-01
3.364692287850499230e-01,9.304946640855616957e-01,-1.448037920397511613e-01
-5.917107404925627812e-01,6.449753848595350947e-01,-4.836167413469449894e-01
-5.611216970743722054e-01,7.371535353851756955e-01,-3.764931690502671957e-01
2.817790482012287323e-01,-8.183053202618960631e-01,5.009760182143304652e-01
-8.170343217181889051e-01,1.984701565090165321e-01,-5.413543332326670177e-01
8.643037412285023979e-01,1.318002407368545903e-01,4.853944163668563183e-01
2.855999086875895543e-01,9.527840333550441354e-01,-1.031274839280706540e-01
7.268293070727802618e-01,-4.373128977575262422e-01,5.296004039226344107e-01
7.386224102361877986e-01,-3.824061380131194565e-01,5.551598695031689790e-01
-7.105067740114262564e-01,4.784449194999057520e-01,-5.160141307063256244e-01
7.688580382038734395e-01,-3.899204484188422692e-01,5.067734809499606641e-01
-6.985922615123676405e-01,5.277048561577110108e-01,-4.832146903216056333e-01
-3.573096359585269943e-01,-9.220920874420496238e-01,1.485799661056239618e-01
-4.794022208870429846e-01,-8.767906705496226749e-01,3.757167344840481316e-02
-1.988723022826573705e-01,9.262041682462170966e-01,-3.203055511665831578e-01
6.180584826534745169e-01,7.843697043595478924e-01,5.261063488497595697e-02
3.901903055207790461e-01,-8.540567853206987303e-01,3.440036815577340867e-01
5.361821684050654957e-01,-7.530844121617793485e-01,3.812775241781097835e-01
3.032319231599280296e-01,-8.814379439976720576e-01,3.621015764366241618e-01
-4.223470470406063826e-01,8.377078902027454976e-01,-3.462202514991641333e-01
5.906996923950035283e-01,-6.551157457512000182e-01,4.710596916244239596e-01
-5.886452723363453376e-01,6.646261646797684275e-01,-4.601834466591895878e-01
6.681235093051794971e-01,-5.898467366924303734e-01,4.535325826520322789e-01
9.206942606469928903e-01,5.731242424130595509e-02,3.860535771616056544e-01
-2.985028137307960683e-01,-9.485975886036696059e-01,1.051602828547971019e-01
-8.560085391754291839e-01,-3.882631699435687422e-01,-3.413225625769841232e-01
4.745068229228053824e-01,8.799635646872204786e-01,-2.252553712268402786e-02
7.864804335467107110e-01,-3.896867168296319628e-01,4.791584188707531666e-01
-9.086111620680369372e-01,-1.400221135364144720e-01,-3.934711728782263052e-01
-3.413837240823422992e-01,-9.389915482777522193e-01,4.185720003322033339e-02
-5.996890217384446276e-01,6.602236468818557524e-01,-4.521922304777140633e-01
-8.730002669549722372e-01,-1.599145548914722714e-01,-4.607579288850160992e-01
7.796672436994311894e-01,-2.816315604761438496e-01,5.592876301563478592e-01
-3.222173555072995188e-01,8.404017070838850634e-01,-4.357762574307763037e-01
4.234030192828596162e-01,-7.978911332046600968e-01,4.290683195197963484e-01
9.747677957997822329e-01,-1.062854473306275825e-02,-2.229681105191762269e-01
-4.267200192477851872e-01,-8.115566174857358206e-01,3.991063539813428651e-01
-6.940078462723670016e-01,-5.715238387342655990e-01,4.378511288906764554e-01
-3.318916584530769431e-01,8.357780564667666168e-01,-4.374048095047656792e-01
3.734621658825310608e-01,-8.230123786045326906e-01,4.279913963131010690e-01
6.755548911903072051e-01,-7.174103586355756734e-01,1.701410188967577841e-01
1.091804492375033353e-01,-8.853415360208434226e-01,4.519402550122644802e-01
-4.855085233189616878e-02,9.159812521762571436e-01,-3.982727211339767703e-01
9.913898524706534765e-01,-1.039388025499772966e-01,7.964223592223337866e-02
2.492342753580570613e-01,-9.094561227105912860e-01,3.328240328626554945e-01
1.199578358334093403e-01,-8.371804340597387428e-01,5.336094437411242897e-01
-7.870502728470524234e-01,-6.159305187758540301e-01,-3.437243156786756737e-02
1.600075868098835841e-01,-8.597455013391963607e-01,4.850105618337515745e-01
-1.244221669951454806e-01,8.815359410989582756e-01,-4.554267327584165526e-01
6.497898764516264469e-01,-6.996674166011931373e-01,2.970498655236061269e-01
1.647562790647222608e-01,9.413952232777526019e-01,-2.943304301267163914e-01
9.403935790292761165e-01,-3.239532391973519165e-01,1.035094939319677748e-01
6.822222282138674584e-03,-9.745503390902258145e-01,2.240649322456758075e-01
1.969229575014170286e-01,9.572394642991768343e-01,-2.119291315442975443e-01
9.235856393186411273e-01,-3.778415379374319150e-01,-6.500260805116302165e-02
-9.409586112457898333e-01,-3.353686536534878915e-01,4.609509810209312664e-02
6.609358405505704193e-01,7.280237375426947821e-01,-1.820583759404568736e-01
-9.656803491985122001e-01,1.657252534694616530e-01,-1.999915086555479060e-01
-5.386972276554018446e-01,7.779851023374180219e-01,-3.233333843843246846e-01
-6.361139861301201570e-02,9.388392503602601691e-01,-3.384293899020608953e-01
4.589563257320900536e-01,7.966163916143550461e-01,-3.933972746242966889e-01
5.685647568936141871e-01,7.093023065501794511e-01,-4.166825591995667044e-01
6.886709731941320634e-01,6.057629653448444174e-01,-3.984764993026163049e-01
-6.789241597452940098e-03,-9.315929011388168757e-01,3.634399162809364148e-01
2.199785341430309793e-01,9.369269582748529501e-01,-2.716198066675463152e-01
-9.600365658392998602e-01,-1.533870838895007027e-01,2.340986859154890465e-01
9.808224285188191782e-01,-2.388734174535970742e-02,-1.934341195828349069e-01
2.083562153318838650e-01,-9.675834810281342957e-01,1.427231402893436030e-01
9.500727291506447791e-01,2.080088800018948803e-01,-2.325814162064608337e-01
1.282699448352769556e-01,9.140165569241545107e-01,-3.848643331363256759e-01
-4.752275936479780083e-01,-7.282918964386025928e-01,4.937100847839913653e-01
-7.195461124268625053e-01,6.939652641557199075e-01,-2.579930690291347417e-02
-3.639649313970482192e-01,-7.878530323287337156e-01,4.968069324833954692e-01
-7.718605752312243107e-01,-4.700163805895509195e-01,4.281540077836732960e-01
7.396441363596496510e-01,4.918794537920691545e-01,-4.593268492979737938e-01
-9.417945171197542598e-01,-1.988648752123794994e-01,-2.710642892930265613e-01
-8.642263348497718489e-01,-4.199097261267042414e-01,-2.771076759245877930e-01
-3.303619817571851747e-01,8.597149432980795147e-01,-3.895525346849192383e-01
-3.723581034666580830e-02,9.621570857849248704e-01,-2.699393204068055718e-01
9.586224706479582469e-01,-1.444356749696765890e-02,2.843138092438793896e-01
-1.937841566759760659e-01,-9.104796314629781673e-01,3.653416774916601883e-01
2.263887310523567675e-01,9.030132371405107383e-01,-3.651235900370166099e-01
7.958732009916142935e-01,-5.953617308075686010e-01,-1.101374479147654850e-01
7.878568270205166257e-01,-5.982193335425765035e-01,1.463394994286895678e-01
8.226733691932457404e-01,5.269875461754411905e-01,-2.132900696146467212e-01
8.639406599346632909e-01,-4.976056753761211038e-01,7.742821155840322322e-02
7.790956362741958685e-01,-6.211404918776006756e-01,8.482027404198824727e-02
-8.969625661797432370e-01,3.176510358539864631e-01,-3.074995516958339281e-01
-9.830224355689097804e-01,-1.072111425202057905e-01,-1.489048759701322444e-01
5.921714685252950083e-01,-6.074390570364950337e-01,5.294815802756591694e-01
6.113561415795111254e-01,-5.575236293894278994e-01,5.616146996166078154e-01
-2.081688261730346712e-01,8.684053743103259393e-01,-4.500420487895366861e-01
9.194067243252689314e-01,3.667763605020633588e-01,1.420083682123681745e-01
4.269347061420423195e-01,7.526522385056035880e-01,-5.012398273919500546e-01
-2.179017918585869976e-02,9.407050272713737282e-01,-3.385250947232898988e-01
-6.825891499372744864e-01,-5.573084502952005970e-01,4.727360189550517400e-01
-5.041451536259313748e-01,-8.524592110929838373e-01,1.383869845694082057e-01
7.821709871225397404e-01,6.135789962336002379e-01,1.083021804245845876e-01
-3.954572569388287717e-01,8.254366856186560186e-01,-4.028248204484238815e-01
9.137759493426615975e-01,3.438381626534544599e-01,2.163072636459858755e-01
9.534148518531693206e-01,6.302509311093364153e-02,2.950050133542774788e-01
2.147868374380965673e-01,-9.558115144675966013e-01,2.007260901689170152e-01
8.841718720318753055e-01,9.551549118885301060e-02,4.572930041566362069e-01
-7.322258088493394101e-01,-6.576065739348520012e-01,1.771975134492491388e-01
-4.428351358297879514e-01,8.601869975991416339e-01,-2.529335320513820262e-01
-5.735005638482874035e-01,8.122113721808671416e-01,-1.068166193331787917e-01
8.552039101761833573e-01,-5.074061572868263648e-01,1.056658107752123377e-01
-9.051950495816781794e-01,-4.076724825882165892e-01,1.201044093827674519e-01
9.923423535622881431e-02,-9.815339639893089219e-01,1.635348405346659650e-01
-6.715897952026099738e-01,-6.388097460952066875e-01,3.753521749950223252e-01
9.875975719679992437e-01,-6.452781913697118454e-02,-1.431334915396769714e-01
-8.764325509301272854e-01,-4.483017920438240322e-01,1.757597420355573592e-01
1.254896448323092883e-01,-8.753325390825619223e-01,4.669532043611394623e-01
1.551715820365757448e-01,8.744710511729547608e-01,-4.595891217040865007e-01
9.971785571368305678e-01,-2.857596888115439965e-02,6.941425782223790975e-02
-9.022479935191961564e-01,3.782790394487089425e-01,2.070109332966418303e-01
1.657631675747994748e-01,-9.701187805620788973e-01,1.771782263042329386e-01
-7.983044582832689029e-01,-4.960434399679128359e-01,3.415419411285474660e-01
-7.267575514204849263e-01,3.718421268189927020e-01,-5.775438461069682949e-01
9.642052267556702194e-01,-2.273133464290141292e-01,1.365171169937659246e-01
-9.157517357799302982e-01,-4.011209798400126036e-01,-2.237672782675891731e-02
8.062585739190326617e-01,5.580417227623405418e-01,-1.963072786182076535e-01
8.143352529623666403e-01,5.510606872183908544e-01,1.821818179322876596e-01
9.393092350843532667e-01,-2.276620046697850341e-01,-2.566479544336598417e-01
8.324700137569189806e-01,3.877620868035773216e-01,-3.957704388067532220e-01
-1.679195856603752923e-01,8.661529912293189915e-01,-4.707249818483728587e-01
-9.630593009169191587e-01,-1.471836876905395775e-01,-2.255077493019443935e-01
-3.617172860818579361e-01,8.729684185219370729e-01,-3.272411117400797487e-01
-7.534082589448476419e-01,-5.476434555189912956e-01,3.639541742869729091e-01
5.950008418411797256e-02,-8.715563353380647582e-01,4.866716493840231306e-01
-9.739340527087652077e-01,1.622402798025144866e-01,-1.585261889527468104e-01
-6.922290117008446375e-02,8.816437355035442458e-01,-4.668110041558073964e-01
-8.274180727259843326e-01,5.508669700039587891e-01,1.092012558768228753e-01
3.993860051623653873e-01,-8.351056345243582646e-01,3.782715929938649246e-01
9.626297394815047648e-01,2.845050565472329041e-02,2.693223967548206144e-01
-3.594303688764343557e-02,9.664345560592727535e-01,-2.543862161238493735e-01
-6.382793571523722731e-01,-7.498248608772600798e-01,1.742473536199388162e-01
6.292977079689869857e-01,7.577653701061572988e-01,-1.725573487651511362e-01
-9.635754824161847643e-02,-9.021102149231214895e-01,4.206095374907985462e-01
-6.125192698795819263e-02,-8.431468215131708854e-01,5.341831510001966432e-01
-6.916494096917663592e-01,5.865392059170776440e-01,-4.214176716693252556e-01
9.369290991402451363e-02,-9.461314556117962349e-01,3.099304879061532403e-01
8.252844929571613308e-01,-2.527723805339562313e-01,5.049867615330503323e-01
3.294422872139172731e-01,9.252140878661195833e-01,-1.882728631782264461e-01
-7.800469795229760805e-01,-6.234667335709180858e-01,5.306544890502330747e-02
-6.977777829662461240e-02,-9.814954185221275162e-01,1.783193906339431145e-01
-9.774221973673716812e-01,1.283350000175345895e-01,1.678570101724632113e-01
2.915746426955349579e-01,-9.015374276894736472e-01,3.197100158143593718e-01
5.028872389787625297e-01,7.136620389339788373e-01,-4.876381025483069176e-01
-4.372178218049253551e-01,-7.331833508629960194e-01,5.208481067580694734e-01
7.619952590856968744e-01,-6.400740080652527197e-01,9.832847670031519272e-02
-8.104705349057440555e-01,-5.610134422955754818e-01,1.685272370071565495e-01
9.771081050347075747e-01,-1.154160582057815465e-01,-1.787145337786563704e-01
6.966580367004283625e-01,5.613545153202287308e-01,-4.467087284017358662e-01
5.511607452089949399e-01,7.086795260206377733e-01,-4.404488192058522711e-01
-1.975840650910111185e-01,9.508104758559974279e-01,-2.385790775080723347e-01
3.558814017526887308e-01,8.874089131579634415e-01,-2.930082741738588847e-01
4.799527705708425684e-01,8.416959086014723646e-01,-2.473728672771412507e-01
7.578723867345197318e-01,-5.888812354845720520e-01,2.807994585455723113e-01
9.976166372814344596e-01,-6.685951473738628581e-02,-1.705433400529305504e-02
3.385066860771459019e-01,-8.200173325790487411e-01,4.615027602853640776e-01
-1.201676547464484157e-01,8.965898665468258200e-01,-4.262468134288907584e-01
-6.234474146487193336e-01,6.202727134982302104e-01,-4.759990357735720545e-01
3.315860771653077882e-02,-8.707198292075628565e-01,4.906602549209111430e-01
-6.901797465191473746e-01,-6.634888809349664962e-01,2.888501728758893772e-01
9.055439991859077775e-01,4.078966797652239795e-01,-1.166634654675541977e-01
9.753034135902590718e-01,1.591950445768626210e-01,-1.531018916322035850e-01
-7.167512455449357445e-01,-5.638734465321043610e-01,4.102613658459557389e-01
-8.806156971717675752e-01,4.505677127968296114e-01,1.466449115370709322e-01
9.749161388637936909e-01,-2.224114830192455150e-01,-8.464892444216392739e-03
