-9.443490659804486542e-01,-1.124027143197203205e-01,3.091447418207423636e-01
7.853347525837767185e-01,-6.053833546934718202e-01,1.294616554978965661e-01
1.945554057691659955e-01,-8.588544033883942497e-01,4.738325736653827280e-01
9.022375983070765049e-01,-4.240852701952816939e-01,7.822403597663078745e-02
8.199531148913560274e-01,-5.588046458812359063e-01,1.241541667504928309e-01
-8.284063732170676708e-01,5.461002148213178753e-01,-1.245690017036945180e-01
-9.268293413914688861e-01,-2.656593855958350181e-01,2.653534676251649849e-01
-9.752175226097280492e-01,5.781737141126071927e-02,2.135601441234691311e-01
5.125662671162815043e-01,6.622340000015036754e-01,-5.465546185483104447e-01
-8.814146642477747040e-01,4.658085012011328185e-01,-7.829833879295881871e-02
-9.032279626177718290e-01,4.260466301029523506e-01,-5.160926780402080166e-02
-9.168287931447313133e-01,3.136605715615284340e-01,-2.470668126407726817e-01
-7.065934701944658336e-01,6.216311863179059261e-01,-3.380833271185306743e-01
8.665180324149734936e-01,-4.821309799443790900e-01,1.292138447595910233e-01
4.618881736973591279e-01,7.584507280299835896e-01,-4.597953981384612088e-01
-8.590038047000561061e-01,4.945152443377173190e-01,-1.325410752500354450e-01
9.953262232044588487e-01,-3.086806510178857071e-02,-9.150339861677056486e-02
9.938381929183016661e-01,6.884040533601233636e-02,-8.687142735133532301e-02
9.997172104241404123e-01,5.964513356720881412e-03,-2.302007302752151485e-02
9.863738351305921803e-01,8.891575095458889577e-02,-1.384219874223345526e-01
8.503013522715240358e-01,3.921877427010407313e-01,-3.509649338613187730e-01
7.848071602838737615e-01,5.494046980916488243e-01,-2.867615714875100807e-01
7.579249567906705121e-01,-5.792616797159819697e-01,3.000094436621611460e-01
-1.262545353126879599e-01,8.707525238982960492e-01,-4.752366088988986270e-01
-8.059774099397697400e-01,-5.258094236279136080e-01,2.718912736570660571e-01
-8.360106886509026392e-02,-8.679258284662286771e-01,4.896076159189367005e-01
3.922466962267286417e-01,8.187998783471628350e-01,-4.191769179211656815e-01
-9.943818590612848451e-01,-5.763289011593631522e-02,8.878720823805302809e-02
7.080937815158968585e-01,-6.297454982612309404e-01,3.194116528842231295e-01
7.310389364699781956e-01,-5.935619142295389672e-01,3.365506311701235709e-01
-9.862892665635950573e-01,1.455888695765756025e-01,-7.770047436702463839e-02
-6.925308373182033073e-01,6.490242424081477113e-01,-3.149104192145412706e-01
-7.190854818373610957e-01,6.177367237521551591e-01,-3.183039584087572482e-01
1.418269818080059308e-01,-8.568386496814786035e-01,4.956940948238658939e-01
8.695839204069192308e-01,4.558169665785410940e-01,-1.898807477046314807e-01
-9.881514949523583224e-01,-1.079650683588725402e-01,1.090878867596368346e-01
-2.314554810666472340e-01,-8.420857414177572720e-01,4.871549695785858947e-01
7.154129888786396885e-01,-6.133595643185016932e-01,3.346256119945828500e-01
-2.299592644589682211e-01,8.474679306366066367e-01,-4.784525506588900301e-01
7.087603958055557207e-01,6.599955642863406524e-01,-2.491275907239237086e-01
7.637028062043790810e-02,8.746029800124259790e-01,-4.787872258021717564e-01
-6.748903759170349348e-02,8.699959156570901131e-01,-4.884181984170194446e-01
9.794962764775461128e-01,-1.738536557209605649e-01,1.017936675784904682e-01
7.900973364498489193e-01,5.550819145976064739e-01,-2.600581992968299949e-01
-1.766023365618284435e-01,-8.776734058499783275e-01,4.455345187351952285e-01
8.210391666546426048e-01,5.466613776597257779e-01,-1.644871575358409499e-01
9.048156101036414212e-01,3.896315419808005776e-01,-1.717439175238486271e-01
7.077932350012892948e-02,-8.639940550069662439e-01,4.985023172237854072e-01
-7.194098924452592136e-01,6.722422388216144906e-01,-1.747563417905164396e-01
-8.788740291248638148e-02,8.708790329533488972e-01,-4.835757586682135623e-01
-3.879531703349677896e-01,8.403954307177015082e-01,-3.784545648500708959e-01
7.155310025323716183e-02,-8.640975165197611885e-01,4.982124404192764811e-01
9.219191929354145776e-01,-3.425006616901590806e-01,1.809925369707742204e-01
2.799356724814312525e-01,8.694640677581056964e-01,-4.070236530594960045e-01
6.129390995666560427e-01,6.761454070681300887e-01,-4.088190904582240659e-01
-8.655985499927407734e-01,-4.926036995057319623e-01,8.989296682016360840e-02
-8.191492336057075718e-01,5.625227031134796274e-01,-1.120836364733318463e-01
9.532191732786298166e-01,-1.996652974055042606e-01,2.269514853575037017e-01
-9.903286832286796182e-01,6.305651946434834287e-02,1.235838764871534795e-01
-9.330098583574716331e-01,2.547865394897816382e-01,-2.541189160660665136e-01
-7.778035665208389293e-01,-5.685576975455897131e-01,2.678875817747450871e-01
4.468369960765661980e-02,8.825100138894222956e-01,-4.681660414577975549e-01
7.100338418998862755e-01,6.158969580385484921e-01,-3.413544791499736331e-01
2.633500068344179698e-02,8.715358383285460864e-01,-4.896240907553074395e-01
1.469229976708821828e-01,8.940977259631849305e-01,-4.230873304447480554e-01
-8.569555321569651829e-01,2.558898512239775602e-01,-4.473785868212102890e-01
8.772913067092084072e-01,-4.632534231888122966e-01,1.255238187608106737e-01
-1.839947878148506799e-01,8.649277176594550864e-01,-4.669539177278356767e-01
1.073033795622018172e-01,-8.675533564039983325e-01,4.856306812040268039e-01
-9.377450502694706369e-01,2.365912291354760055e-01,-2.542809685982664325e-01
-1.619739509442863767e-01,8.612919614737528651e-01,-4.816021141110089498e-01
2.085400506420150291e-01,8.525276687090757033e-01,-4.792782295949756799e-01
9.612783657948499316e-01,2.755152947618757509e-01,5.935133280673675696e-03
-9.745584315785472684e-01,-1.513375595249466798e-01,1.653263636453522201e-01
8.402870746333295227e-01,5.407498527277376787e-01,-3.882304700936501513e-02
-4.798306900805217046e-01,-6.832103640507111164e-01,5.504417383434373479e-01
-8.593373095240528503e-01,-4.672891640896523757e-01,2.077985216125372570e-01
-9.652605009089861021e-02,8.608442326372768294e-01,-4.996297917348275774e-01
2.538687263628654489e-01,-8.386402360982658788e-01,4.819058250031237889e-01
-3.627822869640448533e-01,-8.256267178660597894e-01,4.321221297397938033e-01
5.057096304090732408e-01,-7.889660855592068867e-01,3.489846494459332149e-01
9.184785771884498851e-02,-8.528748534023449235e-01,5.139732050081865511e-01
-9.331550753270386744e-01,1.901656464683126602e-01,-3.050551299268337013e-01
-9.888356591886629521e-02,8.777539200625060767e-01,-4.687964336533212983e-01
-5.679522911242146366e-02,8.739627646225011093e-01,-4.826628098408475287e-01
1.496659824149596807e-01,-8.699900399674750373e-01,4.698057301323133039e-01
-5.073922676695120648e-01,-7.489996440579141934e-01,4.260899199820478156e-01
9.467498740541288038e-01,1.264185638333171491e-01,-2.961131923721282422e-01
-7.879706831266091172e-01,5.926038293299520365e-01,-1.671014781396686077e-01
7.452196254196159497e-01,5.144696792055164503e-01,-4.242271314609901700e-01
-1.842335591164187825e-01,8.855717531072875293e-01,-4.264043454208486517e-01
9.669393880680624553e-01,-2.549970963264813206e-01,2.168102309476381464e-03
-9.973387500760521052e-01,3.165762097532681674e-02,6.567505333778381194e-02
-4.312294403304299806e-01,-7.625186292524349652e-01,4.822929709577901680e-01
-7.194624063254994040e-01,6.700308873556584111e-01,-1.828454425839237396e-01
-9.845799030464419399e-01,-1.258957817710521232e-01,1.214605559402496121e-01
3.943557640341601167e-01,8.879743168460716429e-01,-2.366118002019048094e-01
-5.983473485955417281e-01,7.841045587083277368e-01,-1.648044035865055823e-01
8.126392076356546701e-01,3.348383990449385061e-01,-4.769704023713818297e-01
8.873793097278529496e-01,-4.594945656373861098e-01,-3.771875947892414788e-02
-6.877986110242299000e-01,-6.763015490058454926e-01,2.637219852144193077e-01
-9.964966238786497899e-01,3.092702347793227849e-02,-7.770455467505224534e-02
-9.793718911399448279e-01,1.600272502059222057e-01,-1.233773805707474303e-01
8.406793430155600211e-01,-5.103769902492262256e-01,1.810347205678167759e-01
-3.702403462593201883e-02,-9.520897103170561371e-01,3.035694391212694909e-01
7.806852157408541437e-01,6.062114003715552979e-01,-1.517838330759047616e-01
-1.480860270607781137e-01,9.328205953558170727e-01,-3.285061117686753906e-01
-7.141309948580146783e-01,-6.368955864980310189e-01,2.904839652759365620e-01
-1.336674872961419180e-01,9.219596672602775600e-01,-3.634877917967175853e-01
6.853061537936223635e-01,6.816724222746687323e-01,-2.562775532167769210e-01
9.880845774435802475e-01,-1.510044866608150904e-01,2.977436525679694884e-02
-2.178324882818823138e-01,8.806263696731948531e-01,-4.207685873317221770e-01
8.086710985199889734e-01,4.824067944447635869e-01,-3.366522524683325801e-01
2.618160908380248730e-01,8.628920018661657698e-01,-4.322843134948294863e-01
2.216144468057108449e-03,9.022964735696024086e-01,-4.311103831822618027e-01
3.490786766294102367e-02,-8.868257404114341380e-01,4.607836226678834746e-01
-8.767695868344007604e-01,-3.539153416701464328e-01,3.256056242338846163e-01
-6.381422293476295138e-02,-8.767613350707342823e-01,4.766731650473057247e-01
-9.275225065370674704e-01,3.008208540192397473e-01,-2.218305967497063158e-01
2.064082726140305524e-01,8.756351134202956521e-01,-4.366449050909880225e-01
1.796594843731951496e-01,8.824990995179323727e-01,-4.346467635043381184e-01
-8.776050811668472118e-01,-4.734313765336769508e-01,7.531303488480145525e-02
8.562168648231347490e-01,5.114934329176334948e-01,-7.257512297320879713e-02
-8.854665099506471293e-01,2.614871702346810989e-01,-3.841529897820391004e-01
-8.335966687335787384e-01,-5.452655065569738113e-01,8.832961697781241406e-02
-7.603955040072295501e-01,-6.365664094674833295e-01,1.287706636748739975e-01
-8.788995787880607979e-01,2.312984403596379246e-01,-4.171768952055810997e-01
9.233131219560275493e-02,8.699381313477998479e-01,-4.844404776805258939e-01
1.546574426513515066e-01,8.704016026593878186e-01,-4.674207157588470829e-01
1.945567490233941210e-01,-8.084381383940933974e-01,5.554956775703485672e-01
8.484039067603109663e-01,-2.697381785829285339e-01,4.554691273935103091e-01
-1.439153774885975900e-01,-8.634423685502761181e-01,4.834828231846542979e-01
7.620898573127408149e-01,-3.333194468930877341e-01,5.550830529785001355e-01
4.656292941944619734e-01,-8.459166864883070902e-01,2.600275368275646315e-01
1.751567536045871287e-01,-8.680039624386709507e-01,4.646388197917478702e-01
8.113274673529508041e-01,5.826903806119886342e-01,4.711327902940253692e-02
9.961697310208221801e-01,-4.580244975856759271e-02,7.448491521117972525e-02
5.133598166347520531e-01,-7.705813647430266311e-01,3.777116082085753557e-01
8.460612694608541373e-01,4.619640888662631673e-01,-2.660253914878264458e-01
6.139969073706940117e-01,-7.755508669103596819e-01,1.467264481060346903e-01
-9.543612113160443444e-01,2.978969574637641005e-01,2.126219812731008560e-02
-8.258639229810785798e-01,-5.542220069501809787e-01,1.038592688709907008e-01
-2.218984645620335761e-01,-9.039947237120672385e-01,3.654512428844032268e-01
9.159713382646623714e-01,-3.890002140821604559e-01,9.836331085154148557e-02
-3.879924908839383901e-01,-8.474718809064357705e-01,3.622888876167542072e-01
9.965745222213050480e-01,-4.259478682622466067e-02,-7.088656991705734323e-02
8.943883710596770564e-01,3.313205058570878325e-01,-3.004932014402673657e-01
-6.101712171478337332e-01,7.835623988520332706e-01,-1.171368979851275804e-01
8.590985204870333902e-01,-5.115899461859837460e-01,1.501529415004972286e-02
6.548762248027421018e-01,6.954385732356517247e-01,-2.958079124095052137e-01
-6.308661222403370017e-01,7.740892035767014123e-01,-5.285679441120471472e-02
9.050187913429759146e-01,3.656787950124846809e-01,-2.173016479328130912e-01
5.587334321112919638e-02,9.274579637848254787e-01,-3.697294888570786808e-01
5.201233676484918744e-01,8.242724302408988013e-01,-2.237110707380269292e-01
-3.851558985488339748e-01,-8.597320899229269342e-01,3.354335513477990083e-01
8.777381421480593415e-01,4.582883458121504439e-01,1.398125384621707601e-01
-9.495059797094530518e-01,2.910826947104793172e-01,-1.170865463496021525e-01
-5.416249420378175250e-01,-8.119629461126760539e-01,2.176203030568482355e-01
1.462772926578312371e-01,9.649739455286482359e-01,-2.177802518677223742e-01
9.334513986839986233e-01,3.097229367573866576e-01,1.809425012020850210e-01
8.439255930515183746e-01,-4.206671707085449241e-01,3.329094845160030514e-01
9.316342048728890601e-01,3.607583506529609685e-01,4.371636701528300306e-02
-8.618931866421770671e-01,3.040732155972600825e-01,-4.058073611655357849e-01
-2.467081789036686679e-01,-9.419391873464744158e-01,2.277842000734442152e-01
-6.185512060003354184e-01,-5.711989776536687824e-01,5.395610563068226062e-01
1.396215757655688283e-01,-8.735925393208868739e-01,4.661994110073759967e-01
-9.873196519545520689e-01,1.193507070418197008e-01,-1.046676339321751803e-01
9.841403594531391574e-01,-1.294221752320599550e-01,1.213163363016216273e-01
-7.435173661219066643e-01,-6.073479316657807159e-01,2.798399831625936196e-01
7.454959749118771350e-01,6.082496817248592702e-01,-2.725216983504201718e-01
2.737131356427165430e-01,-9.005599797394526762e-01,3.377467131865362626e-01
9.758765999380545342e-01,1.701267947403809488e-01,-1.368273927424863701e-01
-3.329593776849230080e-01,-8.358035013659229628e-01,4.365438808597967291e-01
-9.952865954131429049e-01,-7.628639307650410262e-02,5.987469601001930986e-02
5.005679510583506131e-01,-8.146335746198218875e-01,2.929229685008944428e-01
3.988756135497762978e-01,8.227984279485885954e-01,-4.048468746089327608e-01
-5.283500377948878723e-01,8.012019401145387132e-01,-2.809300423928342005e-01
5.101318857303770438e-01,-8.081772307039374326e-01,2.943043032863847386e-01
7.174924993477449497e-01,6.667634959694959118e-01,-2.015712127816423616e-01
-5.396120271678730429e-01,7.964146571500880789e-01,-2.730248230697826517e-01
9.700396901135660555e-01,1.702092882167181298e-01,-1.733545436645226867e-01
7.379796434766491275e-01,-6.337015328310924289e-01,2.319664051141924199e-01
6.725158047515389370e-01,-7.198769022783411131e-01,1.717548774432035297e-01
-3.563184839796608161e-01,8.887146587865057956e-01,-2.884846499077909909e-01
-4.085871031981529455e-01,8.663392083786761733e-01,-2.872506834212072424e-01
-9.943992800525622844e-01,5.219247459483710577e-02,9.190221665777577320e-02
9.660481735842193496e-01,-2.568692963450762146e-01,2.773248834452712516e-02
-9.166125894812610087e-02,-8.863962031681273945e-01,4.537620352312127792e-01
3.579689656557566435e-01,-8.859504947105778516e-01,2.948727531485912934e-01
-1.981316851668527002e-01,-9.470421976638294659e-01,2.526952931437528860e-01
9.868763811951473119e-01,1.468411549506170033e-01,-6.717650967368869741e-02
-8.771927084282672427e-01,-4.585229350782193958e-01,1.424418136908400800e-01
8.244908761509409101e-02,-9.712878840799619162e-01,2.231636040910541796e-01
-9.972812269416582165e-01,3.768390867633308189e-02,-6.332517206146875965e-02
9.865591427871618357e-01,-1.033535960885204746e-01,1.265665515001159203e-01
-6.512224931822218066e-01,-6.926088195935086178e-01,3.101649357919392114e-01
4.320299771283907242e-02,-9.542362582073141697e-01,2.959166512907448476e-01
-9.168912061339055952e-02,-9.602933652778881113e-01,2.634952708577743552e-01
-2.505137227217057450e-01,9.160973021736721345e-01,-3.130632646578518363e-01
5.686486019157540456e-02,-9.611745338839219333e-01,2.700183384298521228e-01
4.445722808853604935e-01,-8.599113739936419254e-01,2.508145050525488196e-01
-2.829200435032656058e-01,-9.417865787870418615e-01,1.816433015575011911e-01
7.850436992496367949e-01,6.160194462194547027e-01,-6.501101558907022848e-02
1.648472861248544141e-01,9.545494617294945083e-01,-2.483157211479020965e-01
-9.779387341753286167e-01,-1.337185835849606652e-01,1.604841817862052433e-01
-9.892925007705496432e-01,1.057364667242937512e-01,1.005989439497981669e-01
9.192590105662110656e-01,3.682692116579457942e-01,-1.390706987027314490e-01
-7.534355558116574425e-01,6.419964605018843029e-01,-1.420401631294170020e-01
9.862598894744484257e-01,-1.026216912286073285e-01,1.294612641033177636e-01
9.632318626622106139e-01,2.643811266034549190e-01,4.782257467113424504e-02
5.982180341439349291e-01,7.937879103676905856e-01,-1.097084179954346955e-01
3.933820842149532981e-01,9.114653431734084377e-01,-1.203389546758660555e-01
-8.502440075098723904e-01,-5.258676891483566873e-01,-2.341583232173714141e-02
-9.047991496070586503e-01,3.673317144613776897e-01,-2.154203110693335144e-01
9.378368924892716008e-01,-2.549517398264626866e-01,2.355028098463497754e-01
7.111537764653546034e-01,7.020811885404679709e-01,-3.663756155461734415e-02
8.815148155073957437e-01,-4.115031838894811500e-01,2.315097399458217187e-01
6.402964049606343355e-01,-7.374538896146067835e-01,2.149006153708608036e-01
9.931230367968959527e-01,8.392977019307490405e-02,8.162369422323881296e-02
-6.841823908884979710e-01,-7.281185163526314730e-01,4.168791362662765260e-02
9.783357453117196290e-01,-1.795121101692899457e-01,1.031240599856840939e-01
8.494294354152571724e-01,5.227772333966048679e-01,-7.192773103823821290e-02
2.050219680112959630e-01,9.652332271206049974e-01,-1.621444106194158685e-01
-8.908801493829648921e-01,-4.498501490731837138e-01,6.298732264686651705e-02
-2.012783067419191829e-01,-9.537709594642691524e-01,2.231770600167356511e-01
-9.380413257321810194e-01,-3.171374731112043266e-01,1.396506153486354318e-01
2.244940298576691695e-01,-9.194557929550716269e-01,3.228056309292394732e-01
2.641054723132614801e-01,-9.088705074395198036e-01,3.228044302682644418e-01
-2.440563176652554012e-01,-9.540165527009333291e-01,1.740371540226488822e-01
-7.249755077373066792e-01,-6.847933482604066091e-01,7.394987058363119981e-02
-2.456556489228335083e-01,9.174567813788800930e-01,-3.129318719053837405e-01
-7.955008713542079946e-01,4.920937509740693772e-01,-3.535846488847705360e-01
-8.930487028981207720e-01,-4.259192323711974426e-01,1.451096886783021234e-01
9.591041212098271318e-01,2.429070779923336865e-01,-1.453115141327465665e-01
9.550660612129643345e-01,-1.560690887407806537e-01,2.519747174991499028e-01
-9.337494085950625022e-01,-3.298660788737392546e-01,1.389259225516791818e-01
-7.085898652035834688e-01,7.005001352397782766e-01,-8.485259842703599120e-02
-7.433591973412801979e-01,6.570082163035856349e-01,-1.255281141326851091e-01
8.016260256161783504e-01,-4.797086136560277381e-01,3.567567252891277185e-01
7.646776634934333572e-01,6.141603326610826086e-01,-1.951285646435494125e-01
-8.992082168590186386e-01,3.548660373058630801e-01,-2.559192808290499110e-01
1.118242675377372451e-02,8.913265070361026110e-01,-4.532240187663459929e-01
-4.189614097785516744e-01,8.066841529027037883e-01,-4.168117255692502798e-01
2.232180910037935562e-01,-8.567757603791237297e-01,4.648752308688822166e-01
-7.609586406961342808e-01,3.820480550852115575e-01,-5.243865280072501633e-01
-5.752828414045333405e-01,6.352431807501484062e-01,-5.152822078201039213e-01
-5.462862275720509198e-01,-7.783793257820029732e-01,3.093492892512472170e-01
8.231347039482165284e-01,-2.047761210454494274e-01,5.296376113963785492e-01
6.854890934299090466e-01,-4.640694899833114895e-01,5.610206870118699118e-01
-5.761441120343784306e-01,5.577164249555039977e-01,-5.975034322102001916e-01
-8.787933891142871712e-01,-4.250228451285329445e-01,-2.169741006845563869e-01
8.820532786021505478e-01,-3.109268268432608395e-01,3.539866128208492002e-01
9.089900577828576855e-01,3.516647180474760104e-01,2.237610353312354250e-01
-8.399262724144204162e-01,3.072683100985068583e-01,-4.473366098557378656e-01
-7.934249719917278731e-02,-9.610349914061341314e-01,2.647952292455643120e-01
-2.852085391510298940e-01,-8.015827990384783996e-01,5.254722689933063462e-01
8.717612892031157967e-01,3.599529719285884943e-01,-3.323644274688525302e-01
5.135419212853554738e-01,-7.827304906294529907e-01,3.515788305935411140e-01
-7.528570339328348737e-01,6.384320184435394729e-01,-1.600338847993209301e-01
-8.181262019349718750e-01,5.688403857565005328e-01,-8.420292892681087438e-02
7.152358590600099708e-01,-6.720387053815318756e-01,1.918375468561978325e-01
9.144117881729307840e-01,2.888491706569923378e-01,-2.835793332758061447e-01
-7.706221956501032588e-01,6.312203265168095934e-01,-8.776292476567983114e-02
2.854568688024538073e-02,8.547918966418242004e-01,-5.181852537423348171e-01
5.237999178295513758e-01,-8.437094225110526313e-01,1.174225551068505541e-01
2.970986190479653621e-01,-8.790761972267109314e-01,3.727699693231959488e-01
9.177685777726379834e-01,1.554661527081781514e-01,-3.654190922971963240e-01
9.661688273466155774e-01,-2.401232884403283752e-01,-9.412015412369835465e-02
3.970773964968927761e-01,8.201172562865082227e-01,-4.119917804184193844e-01
-9.464634767362071210e-01,-1.792836190021521170e-02,3.223126758971573969e-01
-9.498779801139263235e-01,2.138225157538361509e-01,2.280608573416044449e-01
9.300733952009595518e-01,1.520996158400273468e-01,-3.344087116100236123e-01
9.406201848001503052e-01,3.115471619242090595e-01,-1.348036863127328178e-01
-7.790682429944884024e-01,6.060743945133829635e-01,-1.603948286969281434e-01
1.761559623373865902e-01,9.292824113804708519e-01,-3.246587082335643526e-01
9.548480679731192744e-01,-2.037108652354856220e-01,2.162569084977661871e-01
8.851595493345236765e-01,4.591002017600235297e-01,-7.562788484288464341e-02
-8.424821900182861700e-01,-3.881608991077316051e-01,3.735704430303204426e-01
4.847557771346377442e-01,7.117520265139281044e-01,-5.083511476213168345e-01
9.699827144548394120e-01,3.420518897873655456e-02,-2.407561810333235242e-01
-8.908509730174439811e-01,-3.008029046791643735e-01,3.404440576812156061e-01
6.199799300557308213e-01,-7.487132031586560821e-01,2.346346644125635872e-01
-7.275107805801364069e-01,-6.536599423306224121e-01,2.084628118682274323e-01
-7.382535375233910679e-01,-6.659183903412525529e-01,1.073983786633403298e-01
-3.061736007529738401e-01,-9.220363612237306716e-01,2.368684757059512647e-01
-6.452007225028935089e-01,-7.601577075954694118e-01,7.665694531446570759e-02
3.522599738639348721e-01,-8.877629874980649261e-01,2.962934168048461658e-01
-9.573575950727117867e-01,1.162668885932411078e-01,-2.644776848307631156e-01
1.518185204800331922e-01,9.716179985001097696e-01,-1.814100378421621140e-01
-8.937327321960075732e-01,-4.334497925879581270e-01,1.155987919786167356e-01
-6.560186980115269018e-01,7.452327446760432794e-01,-1.194471603759271888e-01
8.820133183294588397e-01,-3.383048624550188954e-01,3.280279352871449672e-01
7.427592140160103051e-01,6.344329969670717828e-01,-2.140175748710791970e-01
8.593515556850180870e-01,4.898985825208339584e-01,-1.466774781137750450e-01
8.137927404784222052e-01,5.528118550844466350e-01,-1.792775178953355808e-01
-1.402436651204439777e-01,8.464638411321662170e-01,-5.136445074653905873e-01
-8.208841309597245117e-02,8.577693224025794150e-01,-5.074379587500373878e-01
1.604336527838110538e-01,-8.361855711961402315e-01,5.244566079074874931e-01
-8.878958458471009063e-01,-4.580318795911682006e-01,4.298562789634315789e-02
-8.475091426053461552e-01,3.519559227274259294e-01,-3.973100573323523621e-01
-9.138108539558102705e-02,8.608478996821359308e-01,-5.005900426943994397e-01
-9.571290241026242374e-01,-2.685463268215428911e-01,-1.085674977652852646e-01
-7.689287673055229810e-02,-8.683818233840570056e-01,4.898984530739819987e-01
7.618875028571857611e-01,-4.373366894243995162e-01,4.777698745979576112e-01
6.752660499658778015e-01,7.101334772624774416e-01,-1.993143402632713557e-01
-7.770950821311020107e-01,4.494253354544102685e-01,-4.406133238785983619e-01
8.680038105017701122e-01,-3.345296432174502121e-01,3.669595383188896109e-01
-2.954786669651970343e-01,7.711989764094091537e-01,-5.638656720829438029e-01
4.016915183477241524e-01,8.416295047873471047e-01,-3.609760390370875260e-01
-2.700838651616122577e-01,-8.708725364469758201e-01,4.106528108290199430e-01
1.797714344910383288e-01,8.829762750342378119e-01,-4.336301754579545142e-01
-3.428723064541127075e-01,-8.643873400351855807e-01,3.677949263567042437e-01
-2.212512225070641658e-01,8.683115536302463688e-01,-4.439402463973698421e-01
3.506589746027111154e-01,8.666624635651482000e-01,-3.548724528302576453e-01
8.193871410643925879e-01,5.603718575836623694e-01,-1.207811834954304747e-01
9.301596711004929130e-01,3.498787047849108434e-01,1.113008454426833854e-01
-4.145407199183694380e-01,-8.418433997345724507e-01,3.456236129851325556e-01
7.709877154962193613e-01,6.208574875439287766e-01,-1.418235619160689853e-01
5.987394009926174654e-01,7.802042788220809877e-01,-1.810867554701841020e-01
9.347682945451649683e-01,-2.749688632818912404e-01,2.249452371991644828e-01
-4.452273834732208835e-01,7.522425639056382618e-01,-4.856991888548519154e-01
-8.253491699804531567e-01,-5.627659342470641146e-01,4.575205857233045209e-02
-6.150962680637621638e-01,-7.582801370477944003e-01,2.160273472799461858e-01
4.009896839339443519e-01,-7.644679964102593095e-01,5.047731726657422868e-01
-4.874977790642745501e-01,-8.366235052582678966e-01,2.498139825085232690e-01
-1.810148827029426366e-01,8.758752304663652843e-01,-4.472987736351752286e-01
-3.571422789673955323e-01,7.948581714385584140e-01,-4.905607810163042370e-01
-5.123783431018252843e-01,-8.251915197474400943e-01,2.377548932348997890e-01
3.869992320878814507e-01,8.532467011423827685e-01,-3.495735421238732599e-01
3.880104810873453713e-01,-7.274123090864892394e-01,5.659674894866564276e-01
-9.155343965774995763e-01,1.820202546076489236e-01,-3.586995896234625447e-01
7.256174388975494827e-01,6.854605230191904708e-01,-6.019305400142891532e-02
-2.644076446526971158e-01,9.000115932572556599e-01,-3.465079067665691182e-01
5.877522968659021352e-01,7.947023721705047672e-01,-1.516422671797972299e-01
-5.703158684126887756e-01,-8.029542821726394219e-01,1.732172941057044113e-01
1.888577614714261055e-01,-9.023975182063339595e-01,3.873131356758393040e-01
9.161461008759921310e-01,-3.264079439085474932e-01,2.326675224501926209e-01
-2.428927821108070872e-01,8.935553350485283541e-01,-3.775737803460195718e-01
8.193380732050896675e-01,5.716446776779917638e-01,4.367475562605849931e-02
8.758353184736720198e-01,3.976368991270872733e-01,2.734911175280037021e-01
3.729060275803784408e-01,8.631231908405895270e-01,-3.405281956422714917e-01
-8.759991673744816909e-01,-1.770616873240989098e-02,-4.819875001989516461e-01
-1.303127813423184955e-01,7.727272623500163196e-01,-6.212174796638277874e-01
-1.910808111934083897e-01,7.435835452921021327e-01,-6.407586400232908597e-01
9.279293576269438681e-02,-7.886767450408989077e-01,6.077651379474094950e-01
-5.314249641468020702e-01,-8.205754558890163697e-01,2.103412196268314716e-01
-7.522499737220501581e-01,1.778867682816849538e-01,-6.344101785954201489e-01
6.820932355894503141e-02,9.198442732261680188e-01,-3.863081686848647833e-01
4.295700296550826747e-01,-6.291496237119135193e-01,6.477965271636526579e-01
2.101988169236551282e-02,8.439963546435796937e-01,-5.359368600143004091e-01
8.076084478940205313e-01,-2.986354248234092679e-01,5.085130066485544775e-01
2.130741680217059508e-01,-8.875101400251643735e-01,4.085647442870847246e-01
5.121252846957336652e-02,9.660344590772440565e-01,-2.532877825776239655e-01
-3.383883407395416043e-01,-8.129260435459372269e-01,4.739668538793495589e-01
9.452244741975742715e-01,2.865237330357406353e-02,-3.251610906642922183e-01
5.571284888457714857e-01,-8.021239594192441924e-01,2.149534848333981563e-01
2.107267437645324593e-01,7.893800976464380170e-01,-5.766049782148059411e-01
5.676900641625843846e-01,-8.101094708546061618e-01,1.464603573761544819e-01
-9.804184451042260440e-01,-1.946041567264980565e-01,-3.014788026015045169e-02
7.179899467244245104e-01,-6.663353209487783424e-01,2.012154975610644658e-01
-3.575546970500880217e-01,-9.037542645982190592e-01,2.353356493138086813e-01
-6.623535372408174693e-01,6.777582863791381529e-01,-3.192671247544773827e-01
7.828314287056717946e-01,6.068313746111394513e-01,-1.375886514876559497e-01
7.007797969734409493e-01,6.890504609384021650e-01,-1.847082522099060542e-01
9.471308991847972036e-01,-2.849307345581472695e-01,1.475043603204733988e-01
-1.866483983552602033e-01,-9.211551835808394761e-01,3.415194037731476007e-01
-2.005110186942327677e-01,-9.280626460281413692e-01,3.138392206679176399e-01
-3.349091466961090502e-01,9.001108381241158529e-01,-2.786329889851266728e-01
2.875221909030787823e-02,-9.468752109897824454e-01,3.203133539371064709e-01
-9.865679939700334744e-01,1.380389166358784170e-01,8.734329263278980959e-02
-9.046835404627720512e-02,-9.591583659123941175e-01,2.680125109326487176e-01
6.852519844336779631e-01,-7.240091928239444918e-01,7.899624381023895303e-02
3.943872018520628298e-01,-9.101740564538678413e-01,1.266567091535682477e-01
1.101766656508544467e-01,8.891718133233978971e-01,-4.441110094753792370e-01
1.120766395479542155e-01,9.590687369535725315e-01,-2.600499657102788853e-01
-5.221543421575368660e-01,-7.526811162396244148e-01,4.010311461997720373e-01
-3.440442318878831895e-01,8.831197099244045834e-01,-3.189563362714587513e-01
8.575692448966036885e-01,-5.143066326868011018e-01,-7.979835952769059187e-03
-2.967926096093262966e-01,-9.205004753449315125e-01,2.541515724347209182e-01
-5.006944905241025867e-02,9.489274352037027072e-01,-3.114960240345148734e-01
-1.850472115357048031e-01,9.220712883691968287e-01,-3.399147961887353242e-01
3.512412959183959238e-01,9.013617303408858472e-01,-2.533309754421081972e-01
-8.889938869604836480e-01,-4.062727356488343156e-01,2.112636580562383959e-01
9.055983823582161030e-01,3.739323143631449464e-01,-2.001654169560872776e-01
-8.424808710877230711e-01,5.383736797108564787e-01,-1.948750486499898835e-02
7.880879263677966762e-01,5.167711330841168182e-01,-3.344622793743182165e-01
8.913722370189189892e-01,-4.429818043060577692e-01,-9.603466106379304756e-02
8.298184535730966926e-01,-5.574126199133344617e-01,2.631549488242144672e-02
-2.356815572848644236e-01,-9.296346480227521969e-01,2.832554055113414293e-01
-6.404709408558091621e-02,9.601420213193737618e-01,-2.720758508871008452e-01
7.552133264482253638e-01,5.763926635764544670e-01,-3.121287057132784426e-01
7.188047376176193159e-01,-6.836926860388907734e-01,1.260319810024105036e-01
-4.128075038900170801e-01,-7.925909123644747645e-01,4.487645377804969637e-01
-2.883357403245301320e-01,-9.268601528511620780e-01,2.404012435663041569e-01
8.911345544707827138e-01,-4.493149839073785068e-01,-6.320799842165476801e-02
-2.773458340972740910e-01,9.510040882111198135e-01,-1.366400838503256943e-01
-8.565492425233234286e-01,5.131175542464001538e-01,5.507967553384332526e-02
-1.612939271236968342e-01,-9.030644925239084131e-01,3.980688274853375064e-01
1.219924315805374776e-01,9.171119249217468683e-01,-3.795043659872651687e-01
-8.409745490487005037e-01,5.410405505793608461e-01,6.077045426593000177e-03
7.121333101420993517e-01,-6.941032538789221329e-01,1.052939767543671218e-01
9.466066759446891687e-01,8.189703734620988607e-02,-3.118151316579419463e-01
-9.417951022367722080e-01,-8.387913242225582267e-02,3.255553356142663612e-01
-2.232025051140692773e-01,-8.699258681173844820e-01,4.397836123493219507e-01
7.780689259131198243e-01,-6.254265221379083917e-01,5.874020714029125345e-02
8.532971452583604233e-02,-9.089495221203627295e-01,4.080803916584371804e-01
9.211714714691753292e-01,-3.666246106825700735e-01,-1.304971838514845384e-01
1.953201131743592389e-01,8.844336283148855893e-01,-4.238245043592008265e-01
8.776205650941047987e-01,-4.723112357024218944e-01,-8.187942570118178498e-02
9.050213568804430508e-01,-4.223962017669221081e-01,-5.017760778633513497e-02
3.802344605805069722e-01,-8.841350359132095216e-01,2.715271501301455559e-01
-8.072393937117235962e-01,5.876874332057346884e-01,5.466298648979870528e-02
8.511215576281248030e-01,3.328554941334122552e-01,-4.059548178872577351e-01
-4.514293769939439066e-02,-8.770993207115520551e-01,4.781829114295100824e-01
6.336179381647091269e-01,-7.515718304273154571e-01,1.834886703424427057e-01
3.092840325935605761e-01,-8.909030427350862480e-01,3.326186339158264671e-01
3.896668738315952618e-01,-8.609455394856835309e-01,3.270053600142008299e-01
-5.061104167993545344e-01,-6.801579449845971403e-01,5.303182213365038589e-01
-8.414335745478930262e-01,-3.199831017580321291e-01,4.354312278797468627e-01
8.295489413305643378e-01,3.198190103293787612e-01,-4.577819945883376263e-01
4.125078102722186668e-01,-8.986715803630014321e-01,1.490862069820172719e-01
2.953005957745158394e-01,-9.264387056043532631e-01,2.334713748906848685e-01
-6.017615394308176158e-02,-9.666440809887455465e-01,2.489539137793218282e-01
9.257027262977607363e-01,1.054564939943738178e-01,-3.632538924764711630e-01
-9.343684824118463350e-01,-2.453035715660425442e-01,2.584215487383486609e-01
-8.282842995077611681e-01,-4.269152053111633371e-01,3.628891382544601196e-01
1.677588902269279980e-01,9.563986060629039443e-01,-2.390787758684649600e-01
-8.512527855600002802e-01,-4.056170404019903142e-01,3.329316921109650163e-01
9.077085510969475912e-01,1.080181448513469755e-01,-4.054593279829108443e-01
1.096284803622587789e-01,-9.551405908980400428e-01,2.751146086859158069e-01
8.148791793782563797e-01,4.510620943938316585e-01,-3.640259743711556917e-01
3.442881654515007050e-01,-9.325289465119221965e-01,1.088826113178982258e-01
3.334313762038980111e-01,-8.848906190130896299e-01,3.252569903098250781e-01
-4.009821690965810759e-01,-9.092758040937342079e-01,1.114935520839390459e-01
4.239430925777937231e-01,-8.530890247045032071e-01,3.041568184083596749e-01
9.506567937688454872e-01,-7.370651520426101111e-02,3.013619253946699938e-01
7.206414138375796252e-01,6.861095559419571055e-01,-9.964752835522142083e-02
-8.170781626081117244e-01,-5.732753426436612010e-01,6.114456399177948392e-02
-4.474743319438984068e-01,6.986118053243340897e-01,-5.583083983900264391e-01
7.723899532433198267e-01,6.261158238303408119e-01,-1.067367569211094824e-01
-1.461850700410893267e-01,9.151694323002689258e-01,-3.756259249310215931e-01
1.995848325457908468e-01,-8.972202426776297868e-01,3.939057384034457820e-01
9.200904127005402611e-01,-2.647054257921547249e-01,2.887294062140940976e-01
8.854318960907171521e-01,-3.404259043675310625e-01,3.164183323082687127e-01
9.622614773138034039e-01,-7.386806675401852429e-02,2.619090643560862408e-01
-2.644745117850628158e-01,-9.040595068184674732e-01,3.357523503226775285e-01
3.677194801345495812e-01,-8.366604559405749209e-01,4.059330799465423745e-01
7.459957607430540705e-01,-3.757712652684632726e-01,5.498056758091265372e-01
8.990001294949734323e-01,4.103165263469510382e-01,1.530983846243751112e-01
-9.208723476761258020e-01,-2.852515423418782725e-01,-2.657549188200284407e-01
-7.086469203499942138e-01,-7.040963664320912807e-01,4.547360834149295067e-02
8.738906285994675338e-01,4.583400715933753644e-01,1.619862587314335467e-01
-8.088215058199250684e-01,1.763852185833185704e-01,-5.609777414376652116e-01
-3.725792979978157504e-01,7.244750209250527817e-01,-5.799315569609050369e-01
4.075836732577502453e-01,-7.155155799465713340e-01,5.673737781634264898e-01
-2.632911964892846179e-01,7.799770353842242487e-01,-5.677266684985631251e-01
-7.732167427611680299e-01,-6.327546968381905224e-01,-4.192090579912357423e-02
-2.004336499277022954e-01,-8.720844959902667171e-01,4.464246675868863146e-01
3.774736165263615773e-01,-7.324155300595480700e-01,5.666402387353904890e-01
6.858328304445647783e-01,7.254029398042867172e-01,-5.851413169222702271e-02
-1.686568779382070782e-01,-8.688956717328969459e-01,4.653763736675664564e-01
-3.965474932136190400e-01,7.242419187848965212e-01,-5.641132232989811701e-01
9.404405179070000065e-01,1.278423796447715755e-01,3.150046955929002301e-01
-4.063181843961123363e-01,7.219623855498236153e-01,-5.600677163346005072e-01
4.409449518734479545e-01,-7.149922388327740741e-01,5.425436828737572048e-01
-4.864068166575565844e-01,7.149816233378581964e-01,-5.022048257416720229e-01
5.423323520773231099e-01,8.225438803767515239e-01,-1.711642040411329169e-01
6.746233022238291577e-01,-3.951806885911787193e-01,6.234706275849873913e-01
-8.677744111748308953e-01,-4.840588995692698959e-01,-1.124924577825679728e-01
2.004345310704503946e-01,8.703825114459474710e-01,-4.497335683753370672e-01
-4.060376013289692110e-01,6.441430783878507871e-01,-6.482385061626935174e-01
7.040550581107045680e-01,-3.903325266970462670e-01,5.932512062786150508e-01
6.076557369159787392e-01,-4.375166846304251456e-01,6.628224921222121147e-01
4.126991637729517937e-01,8.827406001955760972e-01,-2.246072861406338828e-01
8.707749525246428757e-01,-5.035610786745471981e-03,4.916560023834862792e-01
9.261693322131874240e-01,1.233761308371068705e-01,3.563547367546043287e-01
-9.667363049356434423e-01,-8.735884805141147513e-02,-2.403941521470716880e-01
4.086585412226620972e-01,8.804120249797952047e-01,-2.405677928500452867e-01
4.637340256900034929e-01,-7.231588361192385905e-01,5.118515909519197882e-01
4.271295060528162990e-01,-7.261127296394671582e-01,5.388141506257972946e-01
9.285575970807230517e-01,1.797030856932604892e-01,3.247885310413439197e-01
9.425913605479580015e-01,1.529115309079322749e-01,2.968831263910803320e-01
-5.704897433244723315e-01,-8.089931572016135775e-01,1.416740073638878827e-01
5.479811086448780344e-01,8.250524022780918454e-01,-1.378594866647916695e-01
4.361316708034087553e-01,8.840888682534112641e-01,-1.678571975002251526e-01
-9.304435303964971871e-01,-2.169982946407952029e-01,-2.952737320966585810e-01
8.040936997937693231e-01,-5.941102055249790626e-01,2.159596358199018101e-02
-7.484819916514831029e-01,6.605515255565714838e-01,-5.870596441857688086e-02
-8.253788315836521061e-01,5.626012259109703928e-01,-4.721911664864636426e-02
-8.247211114393794285e-01,5.641688064540699710e-01,-3.935284196071413970e-02
7.886759987977456365e-01,-6.111772825878736271e-01,6.672704226084530399e-02
7.172792602723260247e-01,-6.857164418211227908e-01,1.237070094997180375e-01
5.193498632627628897e-01,6.494436390550257787e-01,-5.554265741031073622e-01
-2.071548549584950882e-01,8.740685724038349536e-01,-4.394212065923159272e-01
1.985491384421833316e-01,-8.715843827863514193e-01,4.482397832709648089e-01
6.637229571023082683e-03,8.508120417023422588e-01,-5.254282223842884347e-01
3.485299920774188875e-02,-8.549795299354150391e-01,5.174893929711428253e-01
-8.982581303128837069e-01,4.353863601670085459e-01,5.975825221110851043e-02
6.391378941606170594e-01,5.351243935555908271e-01,-5.523989823213769634e-01
-8.994251751896417124e-01,4.284548241992747197e-01,8.637602592994614303e-02
6.944938109330773823e-01,4.985162750626500605e-01,-5.188061970267040524e-01
-6.479220257264847183e-01,-5.425916683351464931e-01,5.345945473270101722e-01
-6.400451146706449546e-01,-5.506887055217480897e-01,5.358023896895406368e-01
-6.797490379241329927e-01,-4.870865299110766489e-01,5.483502145713096132e-01
9.459974272496010084e-01,-1.779719573077059580e-01,-2.709517485627285782e-01
1.085362164488045122e-01,8.332955819143881282e-01,-5.420685961028729460e-01
-8.721081480692964849e-01,4.866557393179822832e-01,5.092709946590217446e-02
8.732312731374900494e-01,-4.842713224247659487e-01,-5.429944651326232968e-02
-8.536049466783731665e-01,5.206202409673552634e-01,1.769631886310132213e-02
9.542453152491360280e-01,-6.147441704038700272e-02,-2.926376161306362134e-01
5.461613006000559656e-01,-8.372964329902121694e-01,2.534791961330667975e-02
8.188066152356605620e-01,4.903276024087574458e-01,-2.985541310422625827e-01
-2.417116032914792267e-01,9.490362005402790402e-01,-2.022518007295212861e-01
1.558158552493443816e-01,-9.576325526349561690e-01,2.422009772622174539e-01
-5.968968360629673953e-01,-7.528834911439888922e-01,2.772735397777046362e-01
-3.162716351935693226e-02,-9.788426911363253824e-01,2.021551595599683504e-01
-3.314905153414809957e-01,-9.065595413797619129e-01,2.612734892252851493e-01
-8.984935362236103895e-01,-3.192924759306531302e-01,3.012667923593055908e-01
7.911683997311541594e-01,5.103902753412810078e-01,-3.369782338725990645e-01
5.325680183955503605e-02,-9.775137530483754000e-01,2.040357215271436930e-01
9.405550810077514257e-01,-3.040277345002833642e-01,-1.514043468501718170e-01
-8.728392677563500124e-01,-4.558934532497790904e-01,-1.741056344480282070e-01
9.551502319600501112e-01,-2.875690486929984371e-02,2.947220297314073756e-01
-6.993124503740750786e-01,4.055138558403332261e-01,-5.886600117838074464e-01
-6.504588672412526806e-01,4.327292375841284011e-01,-6.242184465129858584e-01
4.211376188879272647e-02,-8.467775321567210245e-01,5.302775142264164465e-01
2.375725863108762437e-01,8.680327623220198685e-01,-4.359798043134165968e-01
-3.237070889344048075e-01,-8.534113090484916064e-01,4.085374623724895571e-01
-7.226843481160170057e-01,3.817724172356979917e-01,-5.761745867583363268e-01
9.475221925426003944e-01,9.631360942574687667e-02,3.048366501565191178e-01
-5.152048338007350070e-01,-8.477303129161968265e-01,1.261637657624566644e-01
-3.976631644001856203e-01,7.522606562330252933e-01,-5.253264820690931591e-01
4.507082164595451745e-01,8.788143210086817314e-01,-1.566763951777855601e-01
8.891473555649634930e-01,6.020779777273868594e-02,4.536430327682652308e-01
-5.738772032961247938e-01,-8.189411663048988821e-01,-5.671579939912125721e-04
3.482993171477358763e-01,-7.790328282573822927e-01,5.213400408291354315e-01
-5.461176830266183391e-01,-8.350369408189828313e-01,6.684896224559117028e-02
-8.761070628357657819e-01,-3.436018841107373045e-02,-4.808906236366469744e-01
4.938201711187470422e-01,8.587707932445036718e-01,-1.365809769567394028e-01
-3.102484011424732624e-01,7.601234073313248851e-01,-5.709276094353432640e-01
4.228090746378270620e-02,8.431205972310781283e-01,-5.360596826741864662e-01
-2.430100114842179138e-01,7.377464210347834950e-01,-6.298224770273034290e-01
5.512697167025218947e-01,8.198475143081400685e-01,-1.547635381137472954e-01
-4.233087132932259467e-01,-8.740487110283460259e-01,2.384294109369067827e-01
-8.857044014779545948e-01,-1.715359901012105392e-01,-4.313967052523411949e-01
-5.251867140277376445e-01,-8.291684675740809141e-01,1.914642728803410687e-01
2.578232087403438122e-01,8.762996443521796630e-01,-4.069718987142437738e-01
-2.179613847823175243e-01,7.721280265701919721e-01,-5.969180390376852552e-01
-4.265176091878358222e-01,-8.634587104747630804e-01,2.692986898556168907e-01
-9.540413470948165831e-01,-2.513126970130959148e-02,-2.986193686228468258e-01
-9.162573340985525894e-01,-3.473901373953686700e-01,-1.994808014597907186e-01
3.948797256014489054e-01,-8.221028866928926648e-01,4.101424703686965545e-01
-9.425978682151283650e-01,-2.040788824410030566e-01,-2.643124449925252639e-01
-9.258646030729870136e-01,-2.595205826704974905e-01,-2.746339453652184570e-01
9.268919213114263922e-01,2.213550876630191455e-01,3.031060728083646572e-01
-2.236958331893066365e-01,-8.046719962866697440e-01,5.499665013487345933e-01
-6.811042480916117414e-01,-6.377721089635494112e-01,3.596439075804658270e-01
-1.213512876245212285e-01,9.613353648562543707e-01,-2.472006902671657902e-01
-8.824236813020892578e-01,4.590948203565155539e-01,1.027637708489115426e-01
-9.395437892143124747e-01,2.978472699922086186e-01,1.689510932400259957e-01
-1.565031229801905344e-01,9.572563103266291673e-01,-2.432429420092099281e-01
8.072885072295763464e-01,-5.835516143388188581e-01,-8.804986937866988994e-02
8.995909352809022819e-01,-4.121973208964444524e-01,-1.443243493185573101e-01
7.287079471520899743e-01,-6.841297590489204827e-01,3.084153921341716009e-02
-7.618925013817217096e-01,-5.453493006586223046e-01,3.494480742677726348e-01
-9.547508121145557025e-01,-1.606271584045690926e-01,-2.502994261868562442e-01
9.618258977274822819e-01,1.269496438718694664e-01,2.424350023852337166e-01
5.496309278270846699e-01,-7.666499996099859215e-01,3.318939910181361030e-01
-8.911700017338880508e-01,-3.984050945528301302e-01,-2.170009415739304059e-01
-5.786533639751139102e-01,-8.147600702737105571e-01,-3.641857009634878739e-02
-4.920373032619939080e-01,-8.697260732714664488e-01,3.841678891396672207e-02
4.620169639954321283e-01,8.861280702425269329e-01,-3.629556596471123636e-02
6.635775244976276355e-01,-6.337509626852595446e-01,3.975230638303984820e-01
-8.817289407309485405e-01,-3.970004155328940021e-01,-2.548425889528455057e-01
6.386097777739154768e-01,7.590477969792330804e-01,-1.265859140367651126e-01
-5.671341083392322791e-01,-8.028810073263672464e-01,1.836872103137881240e-01
-8.547063177635052522e-01,-4.275327421315126553e-01,-2.944365207997463041e-01
9.423198164265644827e-01,-1.162470910301694749e-01,-3.138789215554769196e-01
2.740236479258732483e-01,8.157932876867336480e-01,-5.093057550653311560e-01
9.395101547553171839e-01,-2.340877919973962940e-01,-2.500471450535352580e-01
-4.858070642300671427e-01,-8.734218920711691592e-01,3.355137545589242237e-02
9.182721230572652438e-01,3.355097365426358280e-01,2.102606113873776439e-01
8.521268423611996212e-01,3.009258355503866555e-01,-4.281629199566829858e-01
-3.799920156769285851e-01,-8.175366420098327813e-01,4.327122681333077092e-01
-9.026798143061558477e-01,-3.987024869718627795e-01,-1.618810666095805983e-01
4.873644583313249679e-01,-8.180274179195844431e-01,3.054619915590670587e-01
-7.706488867640837181e-02,-9.819017880812889176e-01,1.730025476577161381e-01
9.211960578903218844e-01,-2.608724810611486866e-01,2.886925207765717594e-01
7.547182907452065770e-01,-5.930119537337493751e-01,2.806013619772991796e-01
-4.257649467547651168e-01,-8.354693357243840879e-01,3.474409290500597991e-01
-2.527939122743528833e-01,8.976518182690036429e-01,-3.609936994954046630e-01
4.529272332277400892e-01,-8.436631423001772490e-01,2.882523611782832340e-01
-8.979035746061970746e-01,4.249405495031822189e-01,1.148681857493495384e-01
4.824391112562118056e-01,-8.239378507464757417e-01,2.972859264035124793e-01
-4.487734849016274397e-01,7.419542265513509038e-01,-4.981026851481886730e-01
4.478370168841071530e-01,-7.356417106457981969e-01,5.082059423761863259e-01
8.963919477076071063e-01,7.720244510167952046e-02,4.364874093891879525e-01
5.524149790527985715e-01,8.335568079053652379e-01,-4.553999639233234469e-03
2.524621802727492481e-01,-8.098969742154743523e-01,5.294617443107190180e-01
-5.657542208205255108e-01,-8.245250941442633374e-01,8.973892697915021588e-03
9.028390060425149910e-01,1.251326271182624517e-01,4.113679068651875381e-01
-2.972933839653893462e-01,-9.537418109390171095e-01,4.464528997746708416e-02
-9.083627705486254644e-01,-1.473604481468872573e-01,-3.913591386478330048e-01
-9.218997609580792396e-01,-1.776749015049021163e-01,-3.442854340814602843e-01
5.233946661943776890e-01,-7.237590100930502146e-01,4.497009214004392130e-01
9.181998866727323350e-01,1.824013594734517352e-01,3.516229687839205198e-01
9.329941821202240027e-01,1.164570881011496861e-01,3.405284169651855430e-01
-8.430601487556798057e-01,5.780187037675936501e-02,-5.347041512472102687e-01
7.498839436033525319e-01,6.045559773300288597e-01,2.686747874297432670e-01
-5.382622925380476930e-01,-8.427195615419450503e-01,-9.871424731864208296e-03
5.047756813909812790e-01,-7.140616840671324406e-01,4.850952719038614802e-01
-7.877116429854367219e-01,-5.078709949466944096e-01,-3.486795376804302515e-01
-7.808376281316747880e-01,-5.385198163499048674e-01,-3.166843947720904273e-01
8.191073868804185087e-01,4.455190275229561903e-01,3.613528536941858493e-01
-8.026749507454199462e-01,-4.975044398011962410e-01,-3.289411130034301523e-01
8.660317715030337871e-01,3.294757897719832185e-01,3.760780167750369940e-01
-5.321533348248469464e-01,7.239846775788510991e-01,-4.389293962197581833e-01
-4.062569339439802141e-01,7.960863402092708263e-01,-4.485552837216897348e-01
8.792508899986865023e-01,-2.386525382306243226e-01,4.122654950788362527e-01
2.502231317885304507e-01,-9.045643735356124759e-01,3.451835431304115520e-01
-9.156106464506820197e-01,6.727657924457627892e-02,-3.963975352992403778e-01
-9.358986355140946900e-01,-3.287953492061231747e-02,-3.507316356222519582e-01
-8.551082781895751328e-01,3.175086910587082700e-01,-4.098512701869373998e-01
8.716842464463556706e-01,-2.508664141833724104e-01,4.209900435069997560e-01
-9.084859542924533793e-01,-1.546000595795052890e-01,-3.882680677461686769e-01
9.036102315868697055e-01,1.695661226177844760e-01,3.933648172268255361e-01
-9.023486568579756062e-01,-2.280844553975112654e-01,-3.657107910256794936e-01
-5.655208209790546503e-01,-8.232766754693495725e-01,-4.900731238612519858e-02
-5.101925272172576076e-01,7.142522657760228544e-01,-4.791109328803565548e-01
3.267005184314752397e-01,9.420703166336401591e-01,-7.596242343684139753e-02
3.986554158495496658e-01,-7.921628796275383966e-01,4.621166860805058785e-01
-8.375451167126022334e-01,-4.360788490688419228e-01,-3.291707989261314360e-01
5.769847409149433393e-01,8.105196816557398432e-01,1.007296103436999407e-01
-5.342393537112289925e-01,7.379246610492691261e-01,-4.123778698736507708e-01
9.218523892268182252e-01,1.299336117316818862e-01,3.651101601149541742e-01
5.351705191117377414e-01,8.443185681205598314e-01,2.680803984853922378e-02
-7.752000425521203830e-01,-5.672982638188934779e-01,-2.779164872677760689e-01
9.216948229822660155e-01,-3.789030423494472166e-01,8.313325319041843520e-02
-9.592254877935412205e-01,2.715762805204982033e-01,-7.831211544770534660e-02
-5.330622168553688089e-01,-6.788495753992676018e-01,5.049830956987313435e-01
-5.219938138009140305e-01,7.849623161975163299e-01,-3.337013942185548809e-01
-2.231850059082875481e-01,8.625686668219236797e-01,-4.540525830284052322e-01
9.789174442304879875e-01,-2.042487365480607497e-01,-1.758123934864420359e-03
-9.561009529588132549e-01,2.893212536594184647e-01,-4.652074733053576661e-02
-9.843407534711269280e-01,4.440954753448287523e-02,1.705903665031426319e-01
-7.408089983802153000e-01,6.523666153472793550e-01,-1.600619476928768214e-01
5.918738968059884531e-01,-7.792209767321299774e-01,2.061551835397777699e-01
-7.021965839491847161e-01,-6.748202823779914095e-01,2.270188185622139254e-01
-9.530170537028656019e-01,2.740936353072413456e-01,-1.289619107937315379e-01
-8.090138573205166717e-01,2.907706930669806122e-01,-5.108316579037819327e-01
1.148039155276029677e-01,9.221786969109773136e-01,-3.693325221844168671e-01
-8.552799718801645801e-01,1.791101698832521794e-01,-4.862259934897119051e-01
8.784778518895801636e-01,-4.360487071482306853e-01,1.952900118639594174e-01
-9.948232270245056519e-01,-5.068983514218661918e-02,8.807546528861939783e-02
7.324240256484018108e-01,-6.519426391367983964e-01,1.962800089880161469e-01
-8.083431996338455994e-01,-5.803991674742300377e-01,9.858031244085919964e-02
-8.311552213817817725e-01,5.392427340494315713e-01,-1.356402290793385645e-01
7.128977828639063707e-01,-6.845607953675575397e-01,1.521619815639355666e-01
-7.639586717809518923e-01,-4.331841365457014259e-01,4.782453885358842194e-01
1.728329305773360358e-01,9.204484720237998685e-01,-3.505757955950494775e-01
2.511182473403396065e-01,-8.500475327296866945e-01,4.629890041382064281e-01
7.392708417282820577e-01,6.460254376881782168e-01,-1.900782902652351503e-01
9.944754857600723863e-01,-4.233881978332939416e-02,9.605171816070103008e-02
8.322406098480198411e-01,-5.531233843553343688e-01,3.781651754322545855e-02
3.879560112169884722e-01,-8.798549018272300293e-01,2.744913206117802762e-01
3.431948914318170840e-01,-8.804142973103826764e-01,3.272429244255229408e-01
1.827012810057837278e-01,-9.193087690230508091e-01,3.485564934356676359e-01
-8.317033992951032850e-01,5.546886695790984589e-01,-2.428858665174940534e-02
6.781929193973306180e-01,-7.321417879711423771e-01,6.342528191300837725e-02
2.954761427842430566e-01,9.153909141762470725e-01,-2.734105398277836274e-01
-5.212104875842090701e-01,-8.060187309951558632e-01,2.804878480740111701e-01
-9.332832766909247013e-01,3.322432830834727291e-01,1.363698144567426218e-01
-3.084156174245565873e-01,-9.067400683521981142e-01,2.875799982148977141e-01
7.013188999391709588e-01,-7.087127617401244306e-01,7.666825897851517468e-02
-2.927113899402121744e-01,9.064185061398967180e-01,-3.045086762743996478e-01
9.177640363684723690e-01,1.725851411194985752e-01,-3.576640079927140281e-01
-2.582984311055493976e-01,9.108189206550971750e-01,-3.220105809831333987e-01
5.170923427596307333e-03,9.399153788743653815e-01,-3.413683378791362855e-01
5.372077646072026536e-02,-9.292182888368093474e-01,3.656055933210670128e-01
5.016970903843299689e-01,8.348766715014189765e-01,-2.264530257749036712e-01
4.057621802867594218e-01,8.820823974034561754e-01,-2.393484849333840370e-01
9.242808155544097737e-01,-3.581684163208781468e-01,-1.319862096897603254e-01
6.232019928532116504e-01,-7.792770150629232395e-01,6.592882448827702691e-02
-6.579822708136532361e-01,-7.468558593319516437e-01,9.625828107981374004e-02
-6.476889193406166756e-01,7.569516274363013997e-01,-8.673694417558824865e-02
5.751889917346654224e-01,-8.077622132277993972e-01,1.291426756288805155e-01
-9.407494273455574429e-01,-9.994580012239473454e-02,3.240391210747554651e-01
-9.592259722066709404e-01,-1.090591911322482815e-01,2.607520413606508880e-01
-8.332518508235338406e-02,-9.599425258535206895e-01,2.675205797484643266e-01
-9.174735279143633182e-01,-3.677801709485312709e-01,1.515917921044573902e-01
-9.282908122049420285e-01,-3.255393567799422239e-01,1.797228287201998731e-01
8.187869884429190837e-01,5.592840316971188219e-01,-1.295732975778234597e-01
5.709676832429021465e-01,7.799736067414153595e-01,-2.561973408898324256e-01
-9.540264227658586949e-01,-1.858848484018756908e-01,-2.351178593794835403e-01
-9.333518151678658059e-01,-2.783419048472635104e-01,-2.266719504677345287e-01
8.944301975402069171e-01,-3.200455295348850204e-01,3.123547354418074185e-01
-3.775760998374900757e-01,-8.609979869131306751e-01,3.407620215972523292e-01
2.906118940606989831e-01,-9.051489671161165873e-01,3.102419609902576925e-01
6.856947862754806389e-01,-7.261535250809943998e-01,5.023662097582475700e-02
-1.281517437407383164e-01,9.337717220911894156e-01,-3.341369503647609873e-01
-2.736760047480605307e-01,7.792830994870008077e-01,-5.637546410266374153e-01
-2.364651187839042767e-01,-8.717918984764687629e-01,4.290257956688713903e-01
9.339511750518438848e-01,-1.048172310444324268e-01,3.416848704514997004e-01
-3.345198496221502005e-01,-9.218567597220761467e-01,1.956440256268721367e-01
-5.681290402809990869e-01,-8.153914717110266608e-01,1.112031539584959344e-01
-8.981976855191512454e-01,4.130245403525399928e-01,1.505046404421236661e-01
-5.366483457015209790e-01,-8.437415735043539700e-01,-1.042641818735946108e-02
-1.089795297937849322e-01,9.067554814152325449e-01,-4.073302824605058992e-01
9.830242194106936227e-01,-1.216523947023577246e-01,-1.373465649922787635e-01
9.548622440055185567e-01,-1.950879134483498867e-01,-2.240062521429142806e-01
-8.494486882875660338e-01,-3.505410497269346171e-01,3.944082889885457965e-01
2.043968757830272320e-01,9.540568073716246822e-01,-2.190833756312888514e-01
-8.289645152394018446e-01,5.375807683546244276e-01,1.543526804728539426e-01
-9.808120551329374548e-02,9.752487708098533936e-01,-1.981663749452186596e-01
-5.868947831074387000e-01,-6.930890629726613739e-01,4.185475652168469396e-01
9.253528921528157702e-02,8.807476224515492502e-01,-4.644575823428735983e-01
-8.600061028703150923e-01,4.234606353551969571e-01,-2.847289822451972152e-01
4.121257404286716164e-01,-8.409451717483341637e-01,3.506616491566821314e-01
-6.018062364937459829e-01,-7.835585389568415771e-01,1.544838818293128857e-01
7.993698432295859302e-01,4.693939744150125715e-01,-3.750695275785352334e-01
-8.319962655860618783e-01,5.400464262254364156e-01,1.270120922273995367e-01
1.249161774520496024e-02,9.749445747281223484e-01,-2.220969060890054525e-01
8.234528239740273037e-01,5.422689006089270736e-01,1.669427630105154714e-01
-7.341244158235183948e-01,-6.001001283814149101e-01,3.177124139979221051e-01
3.654470418659382935e-01,9.177224141217361630e-01,-1.556728306738453527e-01
3.958261040180196394e-02,-8.815227820501182476e-01,4.704793318312707751e-01
-2.327679032900804856e-01,-8.841742790651641037e-01,4.050369704576819441e-01
-7.975805472845027833e-01,-4.502760568452360834e-01,4.013935017227592827e-01
-9.178610652329259600e-02,-9.489751870343285933e-01,3.016975390062963114e-01
8.753911256564786969e-01,-3.712922117177265280e-01,3.095682003042979358e-01
4.808003537864833921e-01,8.709628781200832170e-01,-1.012654172734859387e-01
9.544565103629278902e-01,-1.155476655367342481e-01,2.750663680183985660e-01
-6.024480033555217051e-02,9.768580835770713788e-01,-2.052287713325323948e-01
-9.229018069867784835e-01,3.535977131424892228e-01,-1.523840933986904955e-01
7.158230667536782388e-01,6.906975071437697622e-01,-1.026366928965530556e-01
6.542560402415776855e-01,-4.615683945878933936e-01,5.990856791185764640e-01
8.466749905471032678e-01,3.778318275115298830e-01,-3.746792901954421051e-01
-9.560383100912123178e-01,6.723301481263486978e-02,-2.854303266248050530e-01
-5.871441781373333280e-01,-8.025080480813312489e-01,1.060308768431504622e-01
8.274661639559101056e-01,-5.485875634053672956e-01,-1.197974656871044347e-01
-1.812649290801265078e-01,9.399920637855333494e-01,-2.890639124930509118e-01
2.397868347082411089e-01,-9.256288429387002914e-01,2.927687125028314297e-01
-7.086332663614076655e-01,6.993082977049263071e-01,-9.384454468428374274e-02
-6.421445505106307960e-01,4.000447002462683699e-01,-6.539224832152303879e-01
9.190585703987295130e-01,3.229101486048696623e-01,2.259654400668925922e-01
-8.440244624537643903e-01,3.823125589591541695e-01,-3.761114383287718632e-01
-8.199605401116143444e-01,-5.614257659605720319e-01,-1.116504454780838651e-01
5.662183564947563807e-01,-7.044811777598822822e-01,4.279054135558772454e-01
-6.634235467203142278e-02,9.644431607331380718e-01,-2.558282269251082597e-01
-7.458929732041116312e-01,6.071845523199423944e-01,-2.738075819782230247e-01
6.120180214101877958e-01,6.072621466626594300e-01,-5.066227656746365993e-01
-9.540241216569009808e-01,2.383169289435633498e-01,-1.817773821895541375e-01
3.317784897228538976e-01,-8.708634468782846527e-01,3.626567118481267560e-01
-4.533442706564233537e-01,8.250673662642038497e-01,-3.372577847713014720e-01
-9.633717789941956822e-01,-1.802602057061980789e-01,1.985474091402798513e-01
7.266417060836516395e-02,8.807608043866022030e-01,-4.679533350303894390e-01
-6.586648304360411821e-01,-6.118315320898224385e-01,4.379758183818849293e-01
8.495576880025809685e-02,-9.085579303132629292e-01,4.090293444392922306e-01
3.018834134648049616e-01,-9.001527857754358930e-01,3.139926224221835649e-01
8.679113932919935159e-01,-4.749027723606641938e-01,-1.455924798817100074e-01
5.998659728932139723e-01,-6.733813241838184638e-01,4.321092533206445929e-01
2.140113871975800885e-01,-7.345911470719845848e-01,6.438749667390660791e-01
-9.661188635223643129e-01,-2.074937079710348076e-01,-1.534949598478269894e-01
-5.125645642284610837e-01,-7.347431965964892342e-01,4.443309606053360561e-01
-9.335693420042090462e-01,3.174372800804712291e-01,-1.663786551362297916e-01
8.094368808025580453e-01,-5.806474133925906278e-01,8.752438127241823906e-02
9.867913809749020437e-01,1.150543131584081114e-01,1.140406745739998701e-01
-8.470707734911482323e-01,3.790442749720028259e-01,-3.725540797093174206e-01
-4.927074785619100367e-02,8.634682548439565064e-01,-5.019910021926922150e-01
-9.389195282379439456e-02,-8.658429739461116492e-01,4.914267449611260941e-01
-2.970366944107046270e-01,-8.996019297931971970e-01,3.201336753387826195e-01
-8.137335570180315170e-02,9.570057312638123870e-01,-2.784212766834522346e-01
8.362352571609830143e-01,3.736251647818341626e-01,-4.013911196360128164e-01
-7.554540772358798728e-01,-6.066663313090084886e-01,2.474774730026018388e-01
