0 1 2 5 9 14 15 17 18 19 21 22 23 24 26 27 29 30 32 33 35 36 37 38 39 42 43 44 45 46 47 48 49 50 51 52 53 54 55 56 57 58 59 60 61 62 63 64 65 66 67 68 69 70 71 72 73 74 75 76 77 78 80 82 84 85 86 87 88 89 90 91 92 93 94 95 97 98 99 100 101 102 103 104 105 107 108 109 110 111 112 113 114 115 116 117 118 119 120 121 122 123 124 125 126 127 128 129 130 131 132 133 135 136 137 138 140 141 142 143 144 145 146 147 148 149 150 151 152 153 154 155 156 157 158 159 161 162 163 164 165 168 169 170 171 173 174 175 176 177 178 179 180 181 182 183 184 185 186 187 188 189 190 191 192 193 194 195 196 197 198 199 200 201 202 206 207 208 209 210 212 213 214 216 217 218 219 220 221 223 224 226 227 228 229 230 232 233 234 235 236 237 238 239 241 242 244 246 247 248 249 250 251 253 254 255 256 258 259 260 263 267 268 270 275 278 279 280 
0.8297485336570212 1.5929344616411245 1.1030110137440277 1.4329907840675737 1.1026502306285444 0.2546956645550469 0.6727271059515518 3 1 70 42 
0.8488285259328218 1.5801985337379123 1.1510038945046264 1.431622038365789 1.1489232416795248 0.2473660048572533 0.7266779919187717 49 0 4 20 
0.8364998173366436 1.5575689709645253 1.217429482313651 1.4318578499236023 0.9454326516937103 0.18271741720762422 0.8357626017845687 86 89 46 54 
0.8569400907895516 1.6086306485127326 1.0705416828184329 1.4322136479351193 1.1680342478151453 0.28115861745678394 0.6353186580998281 4 0 40 
0.8820337302383223 1.5981211876798544 1.1156216188919181 1.4303663050628934 1.2115533765254614 0.27444152667814115 0.688047504427987 3 1 
0.8619540652406488 1.5237612081791103 1.345586155817544 1.4297645036294715 1.0740297440771955 0.15502140560866656 0.9948621964402999 27 55 77 57 
0.8754865262144625 1.5161172538398195 1.3839694653637888 1.42843423735673 1.220518174693244 0.16671001425007786 1.070641515897911 22 19 
0.8801984385889307 1.5280672214819977 1.3375216095208835 1.4275168788727879 1.2419091564754077 0.19497854815345772 0.9799545805752317 28 19 
0.8697593185804532 1.5085310587314271 1.4184073367041317 1.428834597380416 1.23681122070301 0.14158471015749868 1.227710924339493 281 9 
0.882463406419273 1.5116719210819012 1.4140766569407894 1.4283560657169674 1.1835511480079524 0.12440436154469547 1.2641902201051238 26 8 10 60 
0.8808716930653375 1.5112182116592037 1.4153017449678675 1.4283732928695452 1.220943639361151 0.12774220168625852 1.3242256916673254 45 9 
0.8149537592274871 1.65456553136176 0.920549396798251 1.434252024215455 1.128720096058097 0.34688178610653375 0.4251555409687494 16 44 41 
0.7668459590711858 1.674417030441337 0.8451295034820151 1.4354350359155954 1.0617818600291107 0.3745969420066404 0.31499565179176925 41 63 13 
0.747410357681784 1.6830857436683264 0.814082249411319 1.4354925459461518 1.0329274476258248 0.38796544039945 0.2671537626954144 39 12 
0.8552044837860674 1.5511439248672234 1.2413427742222596 1.4313737547163925 0.827245793926657 0.16045525962991386 0.9069748772609583 75 93 118 86 
0.8185105814214422 1.57642214998991 1.1497198222019578 1.4329996977706252 0.9677768961778397 0.2100385053300956 0.7477251902957123 46 89 92 70 
0.8431569850729961 1.6425874076343336 0.9662587947861803 1.4326550153530615 1.1642723046552481 0.33533826917362963 0.4788135631793383 278 11 
0.8489001992488684 1.5391510462797733 1.2825439966800194 1.4304553359624759 1.0988141777632916 0.18272626633372666 0.9070862552812533 48 23 27 57 
0.9879790471613078 1.5255133084189436 1.327967542720398 1.4276546434063142 1.0011081394930008 0.09979755416340527 1.3788120779862474 74 279 105 53 
0.865480428780655 1.5207379571506807 1.3575531993383327 1.4290756225614631 1.1837291244948993 0.17121157509617269 1.015311762695585 27 7 6 55 
0.8715456955008422 1.56824042034566 1.2010073098250433 1.4303055175731654 1.1918375267105594 0.2397321709969314 0.7821368979051458 50 1 25 
1.023255486763484 1.523253368043942 1.292350949612587 1.4287103269610046 0.9867137866175921 0.10904150692503319 1.4847964952751795 105 279 81 107 
0.8683273044951239 1.5124146564196594 1.3959010534553078 1.4290340885469255 1.1622473790555377 0.14477192746387973 1.1086638895210381 6 281 58 55 
0.8526904580214943 1.5467974704396252 1.2583549731134467 1.4304811492658056 1.1678477559304674 0.20690565162768393 0.8725726015441907 50 25 28 17 
0.9030691715837849 1.5229468842605125 1.3619066992617563 1.428700572510885 0.9891609417531408 0.11796077011133568 1.1227343928002154 51 29 102 56 
0.8759152776963881 1.5626507284512696 1.2230487067037468 1.430296863919009 1.2278875906803939 0.23263685975533577 0.8347596323829798 20 23 
0.8832542326163454 1.5128200358678356 1.406615440303929 1.4284019179482352 1.1416318432074528 0.12363168140163797 1.2042441114541353 280 58 281 9 
0.8610064963300258 1.5273650508198755 1.3305735347386347 1.4295695366166856 1.1424573179801174 0.1764653104121677 0.9608163661916724 17 28 19 5 
0.8717138159389507 1.5345691417980527 1.3096798138647436 1.4285075245258219 1.2084861842157664 0.20096923231911945 0.9273968659315452 23 7 27 
0.910564191412104 1.5202883897479924 1.3789738581038877 1.4281581480613041 1.0330562877833709 0.11229395103916348 1.1803094771903593 58 280 59 24 
0.7608113852611887 1.6455314045198257 0.9217526095963519 1.4364486170566473 0.9468905076659265 0.3006732014412155 0.45593104378218424 36 37 87 65 
1.0094830406534827 1.5264046904757513 1.323146247955596 1.4272094530965822 1.1385674494521376 0.12626572936561484 1.5631143564108747 33 277 
0.8042736661403482 1.5955573068755684 1.0846873670247996 1.4340743971333771 0.9915167035376508 0.24039867668661802 0.657734548543463 42 70 92 91 
0.999398975688143 1.5248535134398085 1.3154579632323942 1.4276471572425304 1.0920179046744674 0.11421961621114074 1.5073992561113385 31 81 279 52 
0.9185182000988322 1.5191507188309201 1.3881728137877976 1.4273063035927864 1.2090308002312689 0.12327318531264154 1.4293254121709449 276 52 45 
0.7475095619376394 1.6750907611753518 0.828008380643444 1.436065233726769 0.7086443085122917 0.3165234269643704 0.36713160210335183 171 137 138 141 
0.769083924954068 1.6534226690281109 0.9022878031844547 1.436052692792742 1.021345392396336 0.32834154328820525 0.41280615897128176 44 30 63 41 
0.7766746992450589 1.6320196029751965 0.9662352889205235 1.435896297583852 0.9826226610100279 0.28712319649257434 0.5106412194896963 44 38 67 30 
0.7943326250139697 1.6183982444987617 1.0123511086775212 1.434993949659896 1.0203222424101746 0.274975432465828 0.5647720535976181 37 278 42 91 
0.7349961067242181 1.6761517057391613 0.8276751639440764 1.4364472075474009 0.9570903520790244 0.3578814178263478 0.30504152896044545 84 83 13 63 
0.8379212016274925 1.617261682850018 1.0353723649005444 1.4332174269211229 1.12769015561733 0.29105260383041004 0.5788104949837778 278 3 42 
0.7902188001686021 1.66427932709194 0.8826478278255804 1.4350351551253786 1.0905452617064941 0.3590102141832249 0.37018132916829866 11 36 12 
0.8141258400575107 1.604711552986446 1.0609587211171152 1.4340142277393344 1.059701552015226 0.26393885854997784 0.6187999435151741 38 40 0 32 
0.9645551639816908 1.526473562703091 1.3294589582468888 1.4282287025432483 0.9148978817661977 0.10181447892826044 1.2569989975365121 131 94 59 53 
0.7892989162766914 1.641281406120881 0.94444835026552 1.435372163065374 1.0567764156417498 0.3152296414562177 0.46789608113430686 278 37 36 11 
0.916615744121441 1.5189333280195614 1.3903508870155594 1.427443195475441 1.1667281806543686 0.11481047158032877 1.3643034616335927 60 10 34 62 
0.8325346550885032 1.5625049130799542 1.199326587915868 1.4320296917824153 1.0103388973614744 0.19982336241925516 0.8000166329526859 15 49 48 2 
0.7596015119551889 1.648076501274532 0.9122108026317323 1.4364846153399733 0.7740428416682683 0.27844389886599186 0.4822665428530726 85 114 108 141 
0.8463945598595768 1.548696648514163 1.2501363502980827 1.4311807228146454 1.0539574563533405 0.19036108562383466 0.8535769080326912 46 50 17 54 
0.8335767325350968 1.5687674087569332 1.178858220881299 1.4319879690839037 1.0794176466461192 0.22161360929444746 0.7637379233663256 1 50 46 70 
0.8500168949886883 1.555398938912731 1.2297757027744995 1.4311523594255382 1.1240114433544084 0.2134136166962241 0.8184041202753742 48 49 20 23 
0.8788796148879741 1.519058372070955 1.3726789541941973 1.4290585859392453 1.0523775027398845 0.13079886228414103 1.0861926417648813 24 77 55 58 
0.9627718776304068 1.5243038451465374 1.3505198578173803 1.426951565825965 1.15228705381889 0.11582877589101176 1.4673820371140724 62 34 277 33 
0.9774263044130879 1.5258016590447427 1.330127708795055 1.4278918106581389 0.9575406139138116 0.09902448452148795 1.3163979213433392 43 78 18 69 
0.8494182439337087 1.54393624179226 1.2672851918742858 1.430921906437655 0.9869426367268705 0.17191591628554012 0.8883442809932236 57 97 2 48 
0.8642743340760626 1.5173459542532146 1.3716269007914892 1.4293607359206562 1.118517481690872 0.14893533776953924 1.050641571140774 51 5 19 22 
0.8951512604543548 1.526626446208135 1.343065920987874 1.4292928912219516 0.9467573308732627 0.12609794797917584 1.0669126573878196 77 24 66 73 
0.85226335016515 1.534432504694521 1.301636342293181 1.4303616249378794 1.030103352078917 0.1626950969513534 0.9411190939884695 17 5 72 54 
0.8829618186170209 1.5150434393741479 1.3941462947704146 1.4286396552708283 1.0974247590530366 0.12588494642639492 1.1443591448145851 26 29 51 22 
0.9397497511483556 1.5244467974310094 1.356053388843097 1.4280098426197714 0.9722563008727043 0.10440721534854884 1.2179266152412864 102 29 78 43 
0.9157489891463627 1.5188153933135637 1.3915362191326426 1.4275127938531802 1.1227933692089342 0.11030845365603512 1.3010268554331461 9 45 74 280 
0.9794100451319258 1.5282341518443694 1.2667278698815851 1.429892829975416 0.7646902378345309 0.11548318619994424 1.2817544495753412 163 103 130 162 
0.9583799766105328 1.5241603236424908 1.3554180351297225 1.4270445733948063 1.1064716627029987 0.10667016498541412 1.4035777898453028 74 45 52 279 
0.7498591399945875 1.6656525426482387 0.8613039999262502 1.4364369039156317 0.9889648447793122 0.3430126675821241 0.357719587171931 65 39 12 36 
0.9447778029104718 1.5316136080483778 1.2921281700724205 1.4293955469003343 0.7793554745088833 0.11670879827712233 1.1846577558182867 129 103 163 116 
0.7457187085857333 1.6591810515146925 0.8781166934711362 1.4367537229228877 0.9126710679476236 0.3155943702588531 0.4006261158416094 30 85 84 63 
0.9147600517873119 1.5288673413127034 1.3304992334083987 1.4291263391666074 0.8888834827373946 0.11870811799524326 1.10506817707763 128 56 102 129 
0.7725323043338396 1.6243531465774355 0.9880744846768941 1.4359389909849474 0.9122117071163254 0.26443905670921064 0.5518442531866694 87 37 91 117 
0.854721028461048 1.5595615076414846 1.206795312805587 1.4317032423259644 0.7335692738150262 0.16907882079513886 0.8914206815660966 118 93 182 144 
1.0014155492537462 1.5250567914411493 1.299848781942675 1.4286176331387321 0.9010754368143297 0.10202807038826496 1.3570544471187422 131 53 105 132 
0.8180027431077086 1.5824715298982903 1.1297328117554701 1.4330842704686608 1.0343430821415294 0.23032782965899348 0.7104712892780356 15 32 0 49 
0.8113072839425365 1.584884990159223 1.1203987111384761 1.4335465447715923 0.8656743617858009 0.20667720345430501 0.7327122742664338 89 95 113 92 
0.8631317881996291 1.5328243830769297 1.311927137313081 1.4302586233705068 0.9657699343975505 0.14722668306284678 0.9761466566088562 73 97 57 77 
0.8805779272533446 1.5334284456588816 1.3114976790906192 1.429981358460611 0.9058303880138258 0.1360670402989827 1.012763658121537 72 56 128 75 
0.9542392366588062 1.524037587910486 1.3602143208366528 1.427248444497143 1.060957556953767 0.10193715839293797 1.3392701485886804 18 78 60 62 
0.8705036205749644 1.5405007833721536 1.2825899761947892 1.4306733522658104 0.8660219657542884 0.14757911234283277 0.959672255644049 14 97 73 120 
0.7253374884829651 1.682319625083366 0.807777940314116 1.436153563743286 0.8473073248137742 0.34858504525295164 0.29198213049426164 83 84 138 106 
0.8747859839764605 1.5241785921533406 1.3496662798693815 1.4295842846652174 1.0082865378344201 0.1381299455122097 1.0301090831428978 5 51 56 72 
0.9479490845869464 1.523976161514009 1.3601597500280709 1.4275714266584203 1.0161438399420866 0.10139000108671714 1.2772714024211713 59 280 74 53 
1.055054208217177 1.5193128174293915 1.266921325988072 1.4306701983627492 0.9716405174805364 0.12726533180434363 1.5828898155479592 107 81 
1.042544066683612 1.517170622331986 1.2399186518337808 1.4313022574231467 0.7895869207801032 0.12464206782100817 1.4464603186257898 165 132 104 197 
1.027613283923959 1.5226731265627924 1.2873959438280884 1.4289938875921548 1.0307791169096392 0.11870013660643244 1.548214533825747 79 21 33 
0.7908346690433816 1.6043628260031015 1.0539596458872873 1.4348192321437072 0.8865440156963569 0.23371459461264601 0.6436122617173843 117 91 92 113 
0.7236497965507384 1.6852851692664859 0.7995934177133097 1.4360549521133645 0.9208664807448095 0.3708642880940561 0.25830322239138914 76 39 
0.7341551421072188 1.6714285262883444 0.8403028251225538 1.4366526412236624 0.8801208380808252 0.33188099425775297 0.3451402932798754 65 110 76 39 
0.7469345677150148 1.6528394795595813 0.8969247758969066 1.4367701069850645 0.8399371734394281 0.29400366895514535 0.44265540809817794 87 47 110 65 
0.8422121200013073 1.5534305739873053 1.2332845592619255 1.4316933755320151 0.8848315789696037 0.16977868088479317 0.8711500992027714 97 14 124 2 
0.7593797248728683 1.6384795211440393 0.9423165393207292 1.4364628210108132 0.8754117881182608 0.2784944178069623 0.49779340013328843 67 114 85 30 
1.081530211154754 1.5076498795267002 1.2210307229431987 1.4332577018933355 0.7735247194143933 0.1493866242753876 1.5554130807938575 96 167 197 104 
0.823070233142893 1.5713490718237555 1.1678206412288807 1.4327327324350076 0.9051912163929545 0.19423931398740718 0.7841844041036894 71 15 2 124 
0.8015305185471923 1.6308349122008061 0.9587688743323788 1.4355984985789902 0.602969726104851 0.2579386703612494 0.5921484848673229 183 152 206 168 
0.7874451780319455 1.6100423450598769 1.0353135158578572 1.4350697380169044 0.9508332569968424 0.2518087400255679 0.6049745754921513 38 32 82 67 
0.8057160141470332 1.5898486252742174 1.1032789263109604 1.433900322619273 0.9266297663681383 0.22133265190783113 0.6957490807082168 15 71 82 32 
0.8674453098451168 1.5492039642764879 1.246246455213329 1.4311088941078496 0.7714413032300115 0.15450999846547525 0.9438289717013025 99 68 14 120 
0.9477705436222584 1.5281428652745306 1.3224341361865004 1.4286791650996142 0.8735687343184426 0.10749293923139334 1.1999139135743202 103 129 102 43 
0.8193945826359085 1.580073373217394 1.136865839574614 1.4331287782009974 0.807573961948028 0.19595055715009002 0.7684924080093182 154 151 71 124 
1.091813182771862 1.5072423958666445 1.2255980528523827 1.4338195157742488 0.8139495062598532 0.154397110006752 1.6082150843840421 88 134 
0.8564957716895366 1.5412153620238507 1.2795032842018892 1.4309393544649465 0.9245946148632866 0.15782194357013024 0.923451257246964 72 75 86 54 
0.9108655528772481 1.535142924664604 1.2947337818524696 1.4297159181068089 0.794172833310786 0.12582005986138312 1.0897729909529843 129 116 158 128 
0.8792551399719895 1.5476673635436216 1.2474919211922373 1.4309265384005332 0.7166023043002768 0.15184317930357305 0.9819448466798361 190 182 93 158 
1.0402505360971155 1.520169025158571 1.269177997628629 1.429872599826711 0.8863510279447806 0.11298675323810534 1.4637255306935268 105 107 104 132 
0.7921433438081087 1.6541976655108925 0.8803278976848613 1.4360844537019515 0.4744163350042341 0.30176441996806946 0.5199268299964965 233 209 125 179 
0.9273881794530782 1.5261828149121046 1.344348286780055 1.42856035441342 0.9298291696170202 0.11033884863703548 1.160706950522316 59 94 66 24 
0.9642757354731838 1.5288869492498562 1.2968509907607504 1.429083170622527 0.8189678642069889 0.10916794216469392 1.2400977249736034 131 61 64 94 
1.061558364030783 1.514662503922229 1.2437900548782572 1.4314465741017834 0.8296665389134271 0.1284221294504191 1.509811301888787 134 88 80 100 
1.015345176543694 1.5240154861552107 1.29806224044318 1.4285327701893227 0.9433381014613398 0.10348390662272121 1.419927205460826 100 69 18 21 
0.7188350530559054 1.6918968641840568 0.7795537291724821 1.4351741757914815 0.8107071513699294 0.36479807212337895 0.24317306458415583 76 140 
1.0495849266451036 1.51922997476317 1.2667785762201345 1.4302297404015316 0.9283939690811296 0.11898134842644001 1.5264449584983406 21 79 134 100 
0.7744088720048097 1.6427234059121476 0.9277974494194293 1.436161218334681 0.7142965814147229 0.26798911282519494 0.5194900209729671 127 47 143 168 
0.751343211789281 1.6954393735564048 0.7634352335962237 1.4344769358930327 0.5804211836749245 0.35256503289939994 0.29157675971186214 169 207 176 111 
0.7370410171214268 1.6661283317624842 0.8559306075725324 1.4367093810731886 0.8070158854233904 0.3113543592392166 0.3858856211740824 141 138 84 85 
0.7585570224766329 1.683399182870944 0.7990783082309215 1.435429797180841 0.6138711122366767 0.3293783351951117 0.347880698827628 109 137 171 208 
0.822821899644943 1.5895564330486058 1.1008948403189514 1.4334690822542553 0.7130858789957671 0.20419678738313585 0.7525048780550412 187 145 151 154 
0.7985254487919506 1.5993787213879078 1.0708489705225608 1.4344166470723485 0.8265733910232349 0.22014048961623073 0.6807906641058328 71 151 115 82 
0.7683639989392939 1.6332841417852928 0.9593034767536428 1.4361535129065057 0.8105054919250532 0.26214748734701976 0.5370961772523186 47 87 117 143 
0.7884240373617145 1.6137709187068834 1.0228044044201936 1.4352193700361529 0.7885574970620034 0.23479146964044767 0.6278824505047943 113 149 143 117 
0.9232659818439276 1.5358854036096576 1.279431664514121 1.4298521136858247 0.74021289126012 0.12651112753952357 1.1299577297849706 122 98 64 119 
0.7784221230915059 1.618845247053284 1.0061907523748428 1.435638216802724 0.8479297287834947 0.24725850552126588 0.5908468231150986 114 67 82 115 
0.8425170899440744 1.5630521156969566 1.1966954913821866 1.4320300187713828 0.7892611788718845 0.17416405798145507 0.8551113285079945 68 154 124 14 
0.9370555733334057 1.5359406564358924 1.2584656913965435 1.4302610121664663 0.6860013345581761 0.13141522389950147 1.171544444093665 192 153 116 163 
0.8836691503674631 1.5401457351165322 1.281420452130251 1.4304423580126773 0.8099059660426935 0.1410004006067294 0.9970786343968896 158 93 75 128 
0.8216379268575669 1.610993030232982 1.0199499455222942 1.4346480829576076 0.5845073397660716 0.23756484137688516 0.6831753472502331 152 183 186 133 
0.9073196071574001 1.5401628126818083 1.266398466994808 1.4303373095099496 0.701093814653899 0.13851892706289398 1.075550702382764 158 116 153 190 
0.9741878533832362 1.5297963900688532 1.2338091555451527 1.431064333233339 0.6696360405690912 0.13291398141407262 1.2706863801316013 163 162 191 192 
0.8296484731545868 1.5666448843000305 1.1848800384885103 1.4324270211691625 0.8461180430471468 0.18245150318714978 0.8196994666414122 86 118 95 89 
0.8040226467643681 1.6392096324739498 0.9264146595879155 1.435870836352488 0.5111265657811159 0.2790602092494595 0.574881131051908 101 206 152 234 
0.8577159320623222 1.5845519135485722 1.0960540872775892 1.433270565046733 0.5094823963353416 0.22423260380558985 0.8128654392653522 242 136 189 180 
0.7699413415691567 1.656806487077465 0.882428445723142 1.4363340460987069 0.6793972459517885 0.28682158597024715 0.4633856074253173 171 141 108 181 
0.8969073007540818 1.5342699553997161 1.3054764012707525 1.4297766524760755 0.8490393503826712 0.12900643173422438 1.05068832805555 73 66 98 120 
0.93114631389255 1.530548209180816 1.3134090956446178 1.4291434646307728 0.833488556795497 0.11561790897843632 1.144362574172401 94 64 98 66 
1.0028375355039185 1.5247703972910667 1.2688106506508328 1.4297931388386749 0.8048009876695756 0.11140621631900983 1.3392723580650894 132 165 61 131 
0.98463177945713 1.5265721274874355 1.3005712039377777 1.4287893171908228 0.8595486983209133 0.10413357874397176 1.2972260443484187 43 69 130 103 
1.0233717658629518 1.522044091165013 1.2688999728942885 1.4297929734015333 0.8454045034851791 0.1104085185995054 1.4001442374791597 130 69 100 80 
0.8341738203882775 1.604880638773563 1.03384371797913 1.4343274949788072 0.5288646740876973 0.23961150336716888 0.7211116586775039 189 136 210 121 
1.071455880980363 1.5135860472545308 1.2435721853590165 1.4319489667685208 0.8696662088859167 0.13498800308784534 1.5699725780261393 96 104 107 
1.039017951078382 1.5142603308766975 1.2031850750829098 1.4333204779535613 0.6924700557590115 0.14408751925741523 1.4354099954033914 165 197 196 164 
0.8470442993206807 1.598744258485216 1.0460706508128619 1.4341124027440975 0.47183583494267806 0.2452790558556021 0.760436258678996 235 133 126 221 
0.7411446508553879 1.687450884822688 0.7907629895572781 1.4352684518461765 0.6772590255090181 0.33777161464374067 0.3094474589269681 140 35 111 176 
0.7288372344002166 1.6781020909662228 0.81958244229201 1.4361508148039908 0.7758257891975873 0.3303008632631176 0.32869738803153414 110 35 140 76 
0.7166981160975311 1.697273051028039 0.7631272269560407 1.4340647438025536 0.7067494841591835 0.3690852114083246 0.22445809380007406 140 176 
0.7213824057024392 1.689200861682354 0.786939725368108 1.4352927976244598 0.7433936934725446 0.3499372854760662 0.27371906136591706 106 138 137 139 
0.7532282047857408 1.6620772486527045 0.8683663201914945 1.4365171620533772 0.7401965412435212 0.2965623142567415 0.4254487570211213 127 35 110 47 
1.0691007777621968 1.4899167354074836 1.0896395382518735 1.440943755703252 0.3170416372717216 0.2683912864585625 1.2119384292568367 263 238 258 271 
0.7807065593069189 1.6280876308361476 0.9754717924353595 1.4357635704421206 0.7512080011345612 0.2507385713453396 0.5740457614633816 114 115 148 108 
0.8450682279283709 1.571052614314431 1.1634783357940284 1.4322696582739989 0.6954708972456498 0.18460647890479676 0.8400576000773357 187 154 68 170 
0.8152770282972079 1.6032555595447608 1.0528936723519975 1.4343075687933997 0.6761926161307035 0.22085744822592962 0.6998300465658669 183 149 112 186 
0.8048660710921475 1.6447257941616578 0.9021973520458064 1.4359348973326787 0.29533523516702054 0.32895435137609985 0.640769307795086 268 254 256 257 
0.9687096827120252 1.53251660394864 1.1889760451379638 1.432744669313979 0.4883588999100338 0.18422918889355844 1.1546958451782572 260 220 194 236 
0.793933101757293 1.622600362143632 0.9912284240208232 1.4353805835444122 0.6949114153193722 0.24313787320836958 0.6099868201611091 183 168 143 149 
0.8005398932720534 1.608608455929205 1.0385805246781667 1.4347689987504477 0.7318300658517718 0.22615723678489513 0.6638350805313867 151 145 148 115 
0.991712037148348 1.530985655971954 1.094215686340748 1.4371517360268022 0.3008901348079075 0.27285368455761194 1.0489832721984127 214 251 269 275 
0.8087714909697231 1.5944607660546697 1.0868585973484444 1.4339580593092154 0.7691774417555487 0.21045295174711995 0.7167753994713171 112 149 113 95 
0.8134575100362667 1.624919556593788 0.9727129599634965 1.4353268968292563 0.5477621881104059 0.25767435347728385 0.62933295382314 90 121 210 125 
0.9220696340528881 1.5396760375424547 1.25081898757653 1.4305718345318659 0.6464817574044073 0.14316117979103068 1.1169108056323214 119 156 193 122 
0.8325123508656458 1.5757020235779593 1.1502179563459431 1.432658501039866 0.7511130675321629 0.18869284757951788 0.8039415429075815 95 118 144 112 
0.8731936236925641 1.561695449472162 1.1837988974310427 1.4318164205342334 0.5849633676866408 0.1858054133186666 0.9160931781893443 178 216 180 170 
0.9434430999592399 1.5371666554688896 1.2276345228355288 1.4311830688599694 0.589734149559782 0.152933249824318 1.1608000728825714 220 153 192 194 
1.0848553403636292 1.4840739863369306 1.103530624755687 1.4410082577616448 0.48906126559680524 0.2145645595028206 1.4299547849719536 199 224 243 241 
0.8955860510976204 1.5400985281295736 1.2761003756262101 1.4303144675251822 0.7552046355781865 0.13794659646663776 1.035701320573414 99 120 98 122 
1.0204686698758214 1.5145011892951163 1.1503622303293128 1.4356760572460177 0.4660890145346328 0.19621577087032815 1.2626987121797937 236 194 223 237 
1.1243675038977146 1.4543073337136234 1.0534097713610138 1.4461654733052447 0.3904791295244543 0.2683080559170764 1.4316733234593788 241 243 222 
1.0484147112875788 1.505719285871795 1.155306691415742 1.436382581420273 0.5919667967648536 0.17339307768026946 1.431773870097685 224 199 164 196 
0.9945101717265791 1.5256272399991535 1.2330707974867998 1.431214784961417 0.7093046499160607 0.1271625299251303 1.3265283926885183 164 123 61 165 
0.9582471569938997 1.5316982418924743 1.2656391063259176 1.4299890085813796 0.7252590845377991 0.1222023003174704 1.2263298872787405 61 123 119 64 
1.0150597063097846 1.5193461019581835 1.1961582115531393 1.433260376907973 0.6516384596287023 0.1457878757073251 1.3765604184017064 162 135 161 191 
1.019365392652979 1.5210049299899537 1.236305241347386 1.4312539160296571 0.7493884821709553 0.1242843022797708 1.3847752693436794 130 80 135 162 
1.1311032950732 1.476097219324234 1.1429042958554745 1.4403205343784802 0.6223134664695489 0.20719550694980904 1.5936614615036477 201 203 
1.107055259317518 1.4965218002719272 1.19464050943625 1.4358560876363151 0.7180187297214355 0.17483950895532718 1.596163960892822 88 201 
0.7881217336896761 1.6368030343992122 0.9439103229275875 1.435870366469294 0.6580430533305734 0.26136431950905326 0.5556970257557593 108 148 90 181 
0.759888060516807 1.691495263945272 0.7721311149062468 1.4347828507753788 0.5189576852850052 0.34876470606031695 0.3304453602284519 109 208 230 200 
0.8581730359722388 1.5663778812021634 1.175220932779839 1.4319790144511448 0.6402423394967804 0.18359143948480847 0.8772963463831547 144 182 155 188 
0.7650043549639994 1.6703168147242635 0.8394210597035484 1.4360717303053347 0.6463703166032341 0.3073476035813082 0.4057851184497786 35 127 177 111 
0.7307526780163438 1.7062272855079648 0.7365536696089191 1.4330626821514023 0.6050546657607925 0.38106735865164176 0.20771870442224702 176 207 
0.9200281807100372 1.549978139816047 1.1791583326709723 1.4322575859297146 0.4695456721382817 0.20313318572078387 1.0009496069634225 216 198 239 255 
0.7748697667715457 1.6733890104252467 0.824374520452747 1.4357820562517538 0.49533017703463955 0.3235075523719052 0.42602825663586247 233 230 208 209 
0.7414474639058951 1.698642227207044 0.7636190891883268 1.4341991873683657 0.30185052686550945 0.38489529254045635 0.3959367006109305 202 195 250 226 
0.735622488264339 1.6980267775117066 0.7599751899878463 1.4342779400386507 0.6435948684694431 0.35951894414270896 0.2553370080424634 109 172 139 137 
0.7770897301552354 1.6645901414641664 0.8535964359364877 1.4361010561985255 0.5879186542489547 0.30207785946568266 0.4440059352386194 209 208 171 181 
0.8811393656606176 1.5533349437868367 1.2173661252454848 1.431332357257856 0.6234982855001663 0.16844362280172517 0.9681319050348334 155 182 190 217 
0.7961203599880804 1.650307030652095 0.8911705006662551 1.4360145355663376 0.4161435151510751 0.3069496646706331 0.5585841327218247 234 254 227 101 
0.8653607502020375 1.5724302959461127 1.1420750303016676 1.43250536437165 0.5468686623688623 0.2044573101292482 0.8645979407855511 126 188 155 212 
0.7831814225195869 1.6507353351883047 0.8981587180146157 1.4361799762490568 0.6224348745348868 0.28096975308810296 0.5004047420471777 177 127 168 206 
0.8671125129007424 1.556359320817735 1.2140618080570116 1.4314597857002909 0.6784694665839743 0.16711227191405212 0.9290109382191256 68 99 178 170 
0.8083836795451949 1.6169476637188274 1.0056126438393023 1.4350079427488396 0.6396642765355214 0.23877429786755971 0.6462038737309452 90 148 145 121 
0.8631012835362638 1.6027628478997833 1.001459560210188 1.4353032306328308 0.3112733750210461 0.2953406599697071 0.7929018660120624 185 259 249 253 
0.8466228480317763 1.6085743047681669 1.0022789653231097 1.4348905177893925 0.37266889925705826 0.27914511128683245 0.7489043979801261 184 256 235 221 
0.8290821653388857 1.597372044539284 1.0678208229525858 1.4338758758736576 0.6209107279177858 0.21873137999967446 0.7364574857269537 121 145 187 189 
0.8361737274692777 1.5841320477769207 1.115613731165472 1.4330394380111815 0.6576155479076132 0.2011260964433017 0.7887705360175643 186 112 144 188 
0.8499340121247632 1.5783948308618583 1.1298866820916869 1.4327008829364325 0.6024230868556181 0.20115466932884868 0.8259629489638594 187 170 180 189 
0.8428634350081162 1.591104690471724 1.0826444707562755 1.4335072462073666 0.565609165446632 0.2197696685638235 0.7739832227587281 188 126 133 186 
0.8919722663713969 1.5463469778288848 1.2444451847852604 1.4308641844975523 0.6620914576680019 0.15261618509873365 1.0214324641578676 178 99 122 193 
0.9981017193445587 1.5236387977813557 1.1960809323380512 1.4329384442932707 0.6110850333040924 0.1505563396237379 1.3196692455033783 199 218 123 164 
0.9557169769164038 1.5339735087115034 1.230850712809935 1.4310897426218747 0.629900654445066 0.14147225426044877 1.2156123030381194 156 119 123 218 
0.9088581259519369 1.5445518991931024 1.235221742405934 1.4309778902961234 0.6069164195598297 0.15735261377754917 1.0626084004833731 220 217 190 153 
0.975543341823933 1.5300097605893561 1.1945742356413707 1.4326236094730112 0.5294283208260193 0.16977301885214977 1.208959953276889 218 159 147 156 
0.7198330706293351 1.7146012208027335 0.7278706530489168 1.4326138518197964 0.26634550143579194 0.4128992240835868 0.34074772353701477 219 175 272 262 
1.0695476808726527 1.5012292272768768 1.167096735958689 1.4363190480821968 0.6346349113889864 0.17228367703790431 1.490444727580854 161 135 201 203 
1.062721163829489 1.5100474551034069 1.212264756217921 1.4332522749401915 0.7330688903694405 0.1454742177583182 1.496031557555142 88 201 135 80 
0.9264309206829425 1.5446126606130677 1.20243887302279 1.4317852986045256 0.5096500675068624 0.18396112905772263 1.0530971697653697 220 260 173 217 
1.03536117878134 1.5094636107972217 1.1521801991568754 1.436112985758405 0.5499041669751206 0.1774173713014097 1.3738495055590718 157 223 191 161 
0.7496800368122194 1.7035485367894756 0.7386636958225555 1.4336436020259828 0.4829841603357306 0.3737557117292288 0.27670427359437566 169 248 225 207 
1.0918521539147703 1.4976495592729768 1.1822079029956811 1.4359731872236214 0.6765182161318277 0.17323655782648067 1.546419432755247 167 166 196 197 
0.7359818464960369 1.6985484476627393 0.7705844177554599 1.4340393359508739 0.24642767823930078 0.39329608069024047 0.43764061151166567 267 273 272 175 
1.1123025033555463 1.4784213361915939 1.1259531183399332 1.4407521559594318 0.5781459424286475 0.2090068536090187 1.545210672553157 224 196 166 
0.7331816657082261 1.7170115630756024 0.7059484728560947 1.4321375292184761 0.504888557429658 0.3993036095337728 0.1954757333991352 207 225 
0.9500102013869743 1.5601768927497879 1.0185195089287866 1.4385073454716257 0.22560823574645697 0.3208598789209964 0.9432247847377999 270 275 266 
0.79446671585868 1.6447597591258762 0.9130742198124984 1.4360319460989794 0.566900115602841 0.2783937973784375 0.5373853772341898 209 181 90 125 
0.7437281080300228 1.7060287706006938 0.7338051857173106 1.433359491596574 0.5442230742016398 0.37617090475157466 0.23999343358582662 172 109 200 204 
0.7693124059368315 1.6782905365095424 0.8110927978819631 1.4356307320780464 0.5536358505919876 0.3247026793203326 0.3870339116160995 169 111 177 174 
0.7855471147862545 1.6590443432104474 0.8678703720035771 1.4361094362926856 0.5312259131557218 0.3002307072526608 0.4818907471671487 177 206 101 174 
0.8239017270630078 1.619221377646304 0.9856363959378517 1.4350688877132542 0.49149905327074245 0.2607853315553781 0.6675342144084315 235 234 152 133 
0.8558674608802838 1.61602267506667 0.9427004425376915 1.4366728935148283 0.22048456636808186 0.3378629012572677 0.7866076556386704 249 253 
0.8850525841085629 1.5660348056394475 1.1487049800628175 1.4325328340213368 0.48958982893994496 0.21176092312558997 0.9053334647169706 180 216 255 242 
0.8999164940672838 1.569736635800686 1.104737707156206 1.4337220167689773 0.38894129459702487 0.24737342333859633 0.8973758640406826 242 255 228 259 
0.9461353017795817 1.547944848247654 1.1287443084790632 1.4342524761065607 0.3651666114386615 0.24443808931306968 0.997096800176839 239 150 228 255 
1.1401855202427311 1.451056479034241 1.0705656744921508 1.4460284261579104 0.475539720787636 0.2549495564848395 1.534942361694975 243 224 
0.8929994307732284 1.5565854412113853 1.186181616439306 1.431846189455147 0.5285826220068097 0.191874900966542 0.9569975913579261 212 155 217 173 
0.8999298707826533 1.5498701969290387 1.214350730193271 1.4313777568834591 0.5677381525091671 0.1736480755440363 1.0091762119440153 216 178 193 198 
0.9841348652013655 1.527438405037809 1.1951052043897334 1.4327360422607265 0.5704782772608932 0.15850605720707667 1.2639492580712666 192 191 223 194 
0.7279611217817231 1.7142727963725877 0.7202489722387079 1.4326089786581626 0.32299183995773845 0.4065599810801899 0.3010525573013766 229 250 195 247 
0.9332635346436499 1.5408063559685263 1.2176552202266333 1.43144628797883 0.5494960819583734 0.16720542600378635 1.1064773106965502 147 198 193 156 
0.8626616533329923 1.592447727415419 1.0537730131313532 1.4341370970412013 0.4122514362420156 0.25542037437082094 0.8015605932711534 185 136 242 259 
1.1214695372984957 1.455146009888147 1.0501787326686443 1.4461342186484036 0.3470284809780686 0.2807691585649471 1.3802235323285181 240 237 160 
1.025797715098867 1.5125676287773004 1.1506544684451638 1.4358542024334067 0.5082161602402658 0.1849400241265344 1.3177248241828017 199 241 159 218 
1.095378126859424 1.4812318102989581 1.110744257024686 1.4409808204249213 0.532407019812276 0.21060234150418816 1.4870634388474853 161 203 215 157 
0.7370434452647798 1.71597691610945 0.7070039475146517 1.4322416075974322 0.44575555401206646 0.39862802434389677 0.22873812129326918 229 204 200 
0.7608187431346013 1.6829203532644543 0.8024289850666142 1.4352900348625455 0.33943587504016753 0.357865986214073 0.4500883842025699 246 227 267 175 
0.7794763874138668 1.6663099285992908 0.8462762809307027 1.4358590797995028 0.3778589441119423 0.3318651608358324 0.5040988555513513 244 226 233 179 
0.9319553502327385 1.5592841028496973 1.0911192740030098 1.4349867805702963 0.32429547664426606 0.26872601831047804 0.9450918669751515 270 213 214 275 
0.7329525063731893 1.7147625110310587 0.7140136862463545 1.4324798387886435 0.38331139309082446 0.40140185580085463 0.2641232472803548 225 248 219 245 
0.7620420475105107 1.6877133053598805 0.7834933663777927 1.435043493284569 0.45907520915729655 0.348285203067963 0.37005487001570087 169 174 246 248 
0.7548916140144 1.681747680319663 0.8147054004896939 1.4350029324501699 0.2285961393742164 0.37840920384778093 0.5295309969481036 268 273 267 
0.8183694328730071 1.630024942581434 0.9473849831744524 1.4355514942559493 0.39431645963634304 0.29139932490174025 0.6533909583794706 254 234 235 256 
0.7785996892178542 1.6693114048425053 0.8359651208786942 1.4358699842254072 0.43710874246285863 0.3258162937403667 0.4649860516878499 227 246 174 101 
0.8114478090621402 1.634286832238532 0.938276398363928 1.4356981594147191 0.4538802780352015 0.28324741052557 0.613323216133727 125 210 232 179 
0.8341088709450065 1.613853141197504 0.9963274822750311 1.4348772793890567 0.4332456190837826 0.267718138206789 0.7072646348081351 210 136 185 232 
1.0166726339763936 1.516008149901437 1.1473895802079568 1.4357156066321937 0.42386017980852686 0.21111143555985948 1.2083348482651153 159 258 238 147 
1.0741878251447339 1.4878001023136176 1.0979039134585744 1.4407480397397794 0.4035654882479882 0.23374487988271997 1.3210807293361475 222 258 159 241 
1.0128270192160076 1.5178572074628247 1.1396057257233516 1.4359533439464327 0.38240877339409807 0.22909141028314417 1.1545725330102425 251 260 236 142 
0.9567123348314304 1.5398226302180826 1.1585768771040448 1.4334991842010136 0.4067945398097734 0.22168772885734822 1.049032017181928 260 251 214 173 
1.1201554671540748 1.4555078566329007 1.0477925875507779 1.446205799813376 0.3016354470622189 0.29735717782009435 1.3244842114186532 271 258 222 
1.077949866670453 1.48636869459196 1.0998598472539145 1.4408551740980182 0.4467078391572733 0.22212338929882638 1.3753098265860024 237 223 157 160 
0.8760240757880218 1.5776153397728763 1.1047754244493984 1.4332798848618362 0.45101009361167815 0.23296941870438267 0.8536696848571848 221 126 212 213 
1.1305834396625933 1.4527938116115733 1.060048056351949 1.4461632558556654 0.4326264352043363 0.2600400929704903 1.4825641199174142 215 160 157 
0.779636160470387 1.6642925557784967 0.8537471853825414 1.4357362063916035 0.31832106636040786 0.3414352319215357 0.5439139256294925 268 267 227 254 
0.716047514667646 1.729954510231713 0.6783340627287128 1.430716949311522 0.3427808117145178 0.4284222990196043 0.2184119775981062 229 247 
0.7627507832794095 1.6847789789795387 0.7933283246278562 1.4352064326092837 0.39933045919142884 0.3512864114434511 0.4099963200658457 250 230 233 226 
0.7080506855008076 1.7302068564102704 0.6843156400452427 1.4305966369014689 0.2867824599551492 0.4349357900020561 0.24929415291980087 219 262 265 245 
0.7484096445223338 1.7010923050306797 0.7477559925243694 1.4339421510384733 0.42193217278286355 0.37444030946647533 0.3152927892453422 250 229 200 230 
0.8855783425005396 1.5949312536081997 0.9920188675599084 1.4363386222455978 0.2520685338157378 0.31593877102290413 0.8393519386678674 266 211 184 270 
0.7461567122117733 1.6994344932314518 0.7556439574273263 1.4341450989801208 0.3611396512514517 0.37828916209032826 0.3550590859139624 246 175 219 248 
1.0044821421661776 1.5225990500618802 1.1214087374983175 1.4363950707379693 0.3413829215149636 0.24989361784264388 1.1016677258472485 263 150 239 238 
0.7844016764509294 1.6613925134967067 0.8581239297761117 1.4356897113829945 0.20832191090514557 0.3671304919480072 0.6299720800023176 268 257 
0.839307415722342 1.6217089706577739 0.950643488073606 1.4358455857567933 0.2732873208666135 0.3200373042198581 0.7402285385570136 256 184 211 257 
0.7995341077180278 1.6473276987148977 0.8989103355951368 1.435922893327163 0.35605759060832715 0.3160114848030925 0.5986581112871294 179 232 146 244 
0.9111861186919438 1.558465610622153 1.145842182908653 1.4329719245373165 0.4290576502091358 0.2244817557954146 0.9491792343018184 213 212 173 214 
0.827389083485855 1.626024445734263 0.9517428161662547 1.43556208724528 0.3329606178382685 0.3039068183495684 0.6955591519009968 232 185 253 146 
0.8110913964607441 1.6423182417832471 0.9023719170419126 1.4361247789312426 0.23707668595989126 0.3449481557011652 0.6852344941088047 253 252 146 
1.0722528196973824 1.4885702770832219 1.0958195479489183 1.440771310992938 0.3597280201219436 0.24943888694865274 1.2661634044360364 237 240 142 236 
0.8831456201415623 1.5853681298376523 1.0538532096253026 1.4346140692581737 0.3497861083390523 0.2710985588841523 0.8452469920300117 221 213 270 184 
0.9636130703316024 1.5351547025266121 1.17829608409211 1.4330271520934859 0.44778263198959123 0.20152117975994258 1.1013079853511836 147 238 239 198 
1.0240796196726052 1.5172519556740984 1.0182445391748693 1.442085259300761 0.20822086451537442 0.32966938669137197 1.050523225777657 269 275 
0.6949067295045485 1.7318833761255756 0.6924415243296744 1.4304505134527752 0.2334479548109282 0.4416455552951975 0.2847153067380082 247 195 264 
1.0594275903696502 1.4949020537850153 1.07288129123633 1.4411975852744725 0.2776177057471765 0.2886936820553917 1.1589830182125143 269 251 142 274 
0.6732436872171541 1.7487385213608213 0.6565867043489616 1.4280409621689192 0.2076129930494932 0.46866158930897434 0.22995371840147338 265 262 
0.6888494193597253 1.7462232979606924 0.6486485255297209 1.4282439496674866 0.2530579403786182 0.46253640681907787 0.20088453980440263 247 264 
0.9224203157141461 1.5797225677194509 0.9716733540921244 1.4387642208372327 0.19690718750752628 0.34113134051654603 0.8874998348757692 249 205 
0.7578716585891148 1.6819652417513442 0.8097346697684631 1.4351972140820104 0.2813149198404816 0.3674055646042718 0.49006729575423025 231 202 226 244 
0.7815587453262354 1.6627391102538323 0.8571414234836052 1.4356551632633363 0.26096370286837156 0.3536225409666075 0.585389948340163 244 146 252 231 
1.0445309000578245 1.5039323281013517 1.0498115693850523 1.4416622271931825 0.2416922605488151 0.30905491695207216 1.1039794820796374 150 263 261 
0.9109750419948452 1.5758690176771843 1.0430360012790494 1.4358750633306208 0.28623614063967934 0.2929695220425557 0.892490341055585 228 205 249 259 
1.1167003679109604 1.4568968860834026 1.0413081488776887 1.4464297696774266 0.257307488856095 0.3179200882376566 1.2710474512828815 142 240 274 
0.7101746552910639 1.7158770290836618 0.7353958669417121 1.4325088115985727 0.21614133282093392 0.41882203301296345 0.38400586985320745 195 202 
0.7304178611611692 1.6988858876722912 0.7761921529861642 1.4335849626207233 0.19865359025223175 0.40202165586823935 0.4781644806164136 231 202 
1.1094967330045424 1.4607718715063747 1.0300636280336994 1.4467265950714165 0.22104194169910674 0.3365311313708323 1.220963748596789 271 263 
0.9747033125592883 1.5426905831554503 1.0604199314372247 1.4377486425383845 0.2619103703121495 0.2969054782200405 0.9967957437498044 205 228 150 261 
0.9264462083723287 1.520561713460229 1.3949019155271658 1.4266419318476455 1.2479072315583164 0.13465194266526828 1.4912638799229612 34 277 
0.9710801148334377 1.5255449764304159 1.3547483129980322 1.4265254531195537 1.1973725004471527 0.12866024798736878 1.5273851331264467 31 52 276 
0.81177960170062 1.6289324513774552 0.9888142299444049 1.4342299467331951 1.0931905521394834 0.30324807982318747 0.5227473421242428 16 40 38 44 
0.9944702658732407 1.525195086787311 1.3211739581851338 1.4276007075460118 1.045834415645356 0.10482977598406715 1.4437786129271508 62 33 21 18 
0.9139169485772268 1.5191485737142807 1.3876954052382213 1.4277572366441846 1.077868800319951 0.10956027254804585 1.2397435993315464 26 60 78 29 
0.8695483619509601 1.5098508793458363 1.409648313395242 1.4288500651355098 1.2027698912618607 0.14222002353598093 1.1697299794401508 22 8 26 
