20 21 24 41 42 43 44 45 46 47 48 49 51 55 56 57 58 59 60 61 62 63 64 65 66 67 68 69 70 72 73 74 75 76 77 78 79 80 81 82 83 84 85 86 87 88 89 90 91 92 93 94 95 96 97 98 99 101 102 103 104 105 106 107 108 109 110 111 112 113 114 115 117 118 119 120 121 122 123 124 125 126 127 128 129 130 131 132 133 134 135 136 137 138 139 140 141 142 143 144 145 146 147 148 149 150 151 152 153 154 155 156 157 159 160 162 163 164 165 166 167 168 169 170 171 172 173 174 175 176 177 178 179 180 181 182 183 184 185 186 187 188 189 190 191 192 193 194 195 196 197 198 199 201 202 203 204 205 206 207 208 209 210 211 212 213 214 215 217 218 219 221 222 223 224 225 226 227 228 229 230 231 232 233 234 235 236 243 244 245 246 247 248 249 250 251 252 253 254 255 256 257 258 259 260 261 263 264 265 266 267 268 269 270 271 272 273 275 280 281 283 284 288 290 291 292 293 294 295 296 298 303 305 306 307 309 
-0.42457230529060425 3.270630280657013 0.8336282132498898 -0.6596858679272982 -0.8814629225751496 2.9422223254304476 1.1437759938994283 17 56 
-0.21378191818459996 3.0166137370735235 0.8356672218434413 -0.6797458655653823 -0.6544390575905971 2.7351241237860684 1.2441770292365693 18 57 
-0.10989197573724477 2.901678761767467 0.8323479122214624 -0.6868405824669829 -0.46957530198162956 2.6531756923995946 1.3385372834039686 3 41 
-0.0732499125838821 2.8675603095045035 0.8328020675866543 -0.6879636180379511 -0.39754113178712347 2.5841854044949306 1.353614489986418 43 2 19 
0.04752997218070146 2.7931811624456166 0.8285759007441148 -0.6938677796792615 -0.09530684765209346 2.5172646988618457 1.4239459346002459 8 20 5 
0.01269977803213972 2.8126034048010182 0.830639807269951 -0.69402581076357 -0.18167289109380658 2.5595247173304356 1.4204893204179994 21 4 
0.16695779049304238 2.759458347176327 0.8185140135468592 -0.693156698322967 0.19723054219266045 2.4422239846321308 1.4054356515067394 10 45 7 
0.1298450066569039 2.7663006045661502 0.8227662614125264 -0.6939096248508356 0.0974752746654563 2.4545748615770613 1.4159507843700871 6 46 8 
0.08937951524611565 2.777136941388568 0.826053402173191 -0.6940001655235605 -0.0009084282027907384 2.479309558723298 1.4220846824032414 44 4 7 
0.2422489576001527 2.7570425806075636 0.8060656298241451 -0.6907566875513274 0.3905736253763087 2.4592489516085716 1.3740352036027925 24 10 
0.201441531360239 2.7563225192017224 0.8134432070663938 -0.6919701898146513 0.29848211903212796 2.445623633031614 1.3910385601951207 47 6 9 
0.3939005721266074 2.812388721961101 0.7840884848564833 -0.6887049147442075 0.6692050183832017 2.4657932791228756 1.2713786836313508 48 22 
0.624065672282825 2.9590439328415963 0.754737264047939 -0.6903939987797866 0.949309062117164 2.5576627535634273 1.1653440353677393 51 25 
1.5570859729084001 3.6699125594327917 0.8019581770355725 -0.695329870823273 1.865794393496719 3.260753946445777 1.222245880591993 14 55 
1.600897122110471 3.705014335740093 0.8030354780389751 -0.6907560638534689 1.9283390861022576 3.332392349907148 1.239984305197701 13 33 70 
-0.8155237009175035 3.667078929576949 0.8672021825882432 -0.6154549594989033 -1.1945980400138663 3.2419175101096083 1.0843518434029598 38 101 16 
-0.9082335376298841 3.743343245970129 0.8802506149307207 -0.6055879537897321 -1.2719699815722219 3.3159139727928433 1.0937110062162108 102 34 15 
-0.3508290812422656 3.177979376848252 0.8352416251745618 -0.6634410760306068 -0.8226673518167297 2.8601009066410152 1.1541206387680254 40 72 0 
-0.16810056110978458 2.9565984423972305 0.8324913480636471 -0.6808997004905899 -0.5893796602240629 2.655486049085014 1.2609723303795937 59 1 41 
-0.029972265288290275 2.8348293913271165 0.8318722027445975 -0.6905136293844552 -0.31621547147292073 2.5173518017016114 1.3643127676892468 21 42 3 
0.04335569642104311 2.7919489837250078 0.8272190741353249 -0.6935541793188396 -0.13229668607216022 2.4118448604690577 1.373025159914439 4 44 61 21 
0.007695001873665527 2.809088484751531 0.8283522836904715 -0.692681047550662 -0.2266421692579429 2.4602575137571474 1.3712975173456363 20 62 19 5 
0.3360302490745239 2.7892194171110747 0.797150203107002 -0.6889737637146988 0.5828911744248879 2.418383140579804 1.2914342449486735 11 49 23 
0.28750437862327183 2.771101235049586 0.8035854463076848 -0.6894913345109936 0.48758902711720753 2.3768592889099387 1.3109534445206306 67 24 22 
0.24017971669361807 2.758512773710701 0.8077433219766481 -0.6907887413541617 0.3870661133945826 2.349753714621225 1.3292282312377102 23 65 47 9 
0.5397111671323253 2.9072910322436245 0.7713739248173789 -0.6901199533990273 0.8690204894070042 2.495451441931357 1.1786289056198445 68 26 12 
0.4654433170582891 2.8581214029157525 0.7805924373917357 -0.688557352428776 0.7801376359461016 2.430029662294092 1.1939433104000443 69 48 25 
1.0828915152834155 3.308359914823853 0.7681803615963926 -0.695637469255348 1.3997564106641147 2.8137222180616863 1.089641847036175 28 31 89 
0.984258483659822 3.2382665858887796 0.7667849427193242 -0.6947320668581396 1.31610692313932 2.748139079022531 1.0843337923462382 90 29 27 
0.8853973496568212 3.1666862810381136 0.7674161764234725 -0.6938643714999533 1.2301392272239773 2.682947572239077 1.0842961268360043 52 28 86 
1.266321406209094 3.4395594020594262 0.7789695191153722 -0.6970500249312145 1.579673037678944 2.935312487139365 1.1012112667512182 32 91 31 
1.1758942352613264 3.3735685527203976 0.771320258581757 -0.6959666524693445 1.4873803149034 2.875848758424915 1.0955292613681868 92 27 30 
1.3490401497316507 3.5010134740418137 0.7879085352467645 -0.6973377983125373 1.6714374520983846 2.996144598146663 1.1092790060120477 54 95 30 
1.632066740064306 3.7362130224399763 0.8073456986938318 -0.6874678247566093 1.9842633951447237 3.4030936446961153 1.2536230953743397 71 14 
-0.991482940774204 3.8074412431329376 0.8950072428220271 -0.5950139126106335 -1.3518667733811058 3.390938989833071 1.1097695145132982 16 98 35 
-1.0680769294324048 3.8617648049016124 0.9088596939013242 -0.5836907706010163 -1.4310640059395066 3.4699915035495543 1.134125848622436 34 99 36 
-1.124585492033586 3.9024032347919224 0.916441057497716 -0.5775470159936281 -1.5011742471704523 3.544472001545734 1.158820443594632 100 35 
-0.595946460532356 3.4657193601122884 0.8550720894675662 -0.6408230477537029 -1.0594590821300727 3.0876513638039382 1.0705995853019001 39 103 38 
-0.7032374435868455 3.5684649497448624 0.8585772787795691 -0.6275782758519806 -1.1256750526213744 3.167895491418548 1.076780363840138 37 104 15 
-0.5090402793803214 3.3662430737093096 0.8423611831575781 -0.6493676592191255 -0.9902413073940133 3.000572026577904 1.0702957275902694 56 105 37 
-0.2773688603479151 3.0838389455796014 0.8336746224257507 -0.6702025562317923 -0.7633600011778963 2.774249214210693 1.1640172231669699 57 73 17 
-0.11790360506556628 2.897903825013067 0.8269585750936693 -0.6843354252941313 -0.5192597319233712 2.5773145962492405 1.2751473413270888 18 2 43 58 
-0.034281872420525834 2.834540907668904 0.8297296572865476 -0.6900996048793631 -0.3585795189486682 2.434368657138105 1.2933578905969711 62 74 43 19 
-0.07981518963484847 2.866575135941999 0.8290177305449152 -0.6869765294389242 -0.44281971213429366 2.503109984513436 1.286068909253916 75 41 3 42 
0.08577549159050074 2.7760996370024005 0.8249983859671483 -0.6939234396261291 -0.03274158598094358 2.3735711019212493 1.3706413911112434 46 60 20 8 
0.1643661156227778 2.7585160639144752 0.8180578562797092 -0.6931977719215805 0.1767573807104833 2.3336126110807047 1.3557302053010463 6 47 63 46 
0.1267558608296607 2.765103873011452 0.8219123739641404 -0.693883140757412 0.07095312693696967 2.347207626576132 1.3648623397109216 64 44 7 45 
0.19926593096759324 2.7560827056605213 0.8136412525038281 -0.6920693624760454 0.28314900822840716 2.3348422083473706 1.3440596619325316 66 45 10 24 
0.3916406189310789 2.811557552878607 0.7860056958728033 -0.6879420864835762 0.6870469686535905 2.3737401452685543 1.211830663316794 11 26 85 49 
0.333026484112974 2.7864864561627702 0.7969613132871968 -0.6885205380995827 0.5897444132787751 2.323021886000188 1.2286783961106593 83 67 22 48 
0.7044230838661334 3.021221163782665 0.7585918668794923 -0.6899024956931548 1.0607345851109342 2.5493455393092423 1.090926290983309 51 52 88 
0.6238415510383021 2.953963891861293 0.7527912678562533 -0.6879636696532447 0.9759592358408133 2.485434359260051 1.0986979722407821 50 114 68 12 
0.7905416166616793 3.093408253313248 0.7659979711023545 -0.6921636049206529 1.1444159534567515 2.615981737645407 1.0867625375386836 29 87 50 
1.4899973083073292 3.608179343154636 0.7972264980903615 -0.694828609550391 1.8475889704039365 3.1262825278739017 1.1319872166450125 93 54 55 
1.42488910400468 3.5583649046648866 0.7941558843120227 -0.6968210574795952 1.761357860451785 3.0584137978893833 1.1188592904658965 94 32 53 
1.560426438667789 3.6609032446502967 0.7938659550728017 -0.6916839893536156 1.927787901675084 3.199733585732409 1.1476157131570255 13 70 97 53 
-0.4326484705348722 3.2656707697424308 0.8218621399881155 -0.6554086033925861 -0.9232408468228821 2.913611733807902 1.0753332718662696 72 118 39 0 
-0.2250998765818317 3.0111741483344328 0.824515508165318 -0.6752645617085439 -0.699551196942114 2.685297421675226 1.174004823233879 1 59 106 40 
-0.12054919465373422 2.905017501824715 0.8310446275480537 -0.6842337003261431 -0.5603473381212483 2.515428219605896 1.1902288669109027 75 107 59 41 
-0.1756646317593158 2.957501933531595 0.8275683449005706 -0.6793338833442044 -0.6326719165903326 2.5986021744375383 1.1827331905786909 18 58 108 57 
0.08378306419396025 2.777578452468786 0.8254576097787156 -0.694303118791798 -0.06329900997501019 2.281296248290299 1.2933910062093577 64 76 61 44 
0.0413805401207568 2.7939131553258347 0.8279831823704039 -0.6937990336859031 -0.16726452730759628 2.3214977464271307 1.2965255087395502 77 62 20 60 
0.005136544815257378 2.8114162699016143 0.8292667366341849 -0.6925218738359522 -0.2662393843986708 2.37321337447633 1.2968510779175413 21 61 78 42 
0.16225228595848432 2.7599342804681246 0.818947752267139 -0.6936625208492085 0.15559464382810057 2.238552321823717 1.2802055531143282 66 82 64 45 
0.12468436987607454 2.766277702660135 0.8223425030133381 -0.6942825637758065 0.0448677636772568 2.253361243079037 1.287943905272769 63 79 60 46 
0.23674187690504042 2.7609834794278165 0.8107647350132844 -0.6911546618378224 0.37894561643660707 2.2531482965164233 1.258872568724539 24 67 80 66 
0.19678476264777572 2.758158314768786 0.8154557776185402 -0.6926113204236508 0.26759623522259524 2.2385715525551806 1.2708553069764477 47 65 81 63 
0.2827350340143759 2.770051679563609 0.8046843567399923 -0.6895381538147802 0.4869972484869736 2.281861853615683 1.2445616540036475 84 65 23 49 
0.5402086582984537 2.900783481422038 0.7663136352565514 -0.6880393181419187 0.8876100603564288 2.4209027608758658 1.107939821095126 115 69 25 51 
0.46270320804032816 2.8544593996585212 0.7798283299235118 -0.687774411770075 0.7942365993901338 2.357383355771626 1.118899088199277 26 68 111 85 
1.59842599622409 3.6978823802019845 0.7989522611355526 -0.6902561410850521 1.9992380874201854 3.275934090290228 1.162913811396834 71 96 55 14 
1.631015580655907 3.732315023605939 0.8045235779608987 -0.6877049012253933 2.0607071807610042 3.354239194078268 1.1766896380735 116 70 33 
-0.358892299710989 3.178856794978729 0.827492148084814 -0.6610311075092404 -0.8600001882676476 2.826369995910599 1.0803193336585388 73 117 56 17 
-0.28110174494517043 3.0885998437868234 0.8343918243699127 -0.6695782109799344 -0.797695575943224 2.7378015221146557 1.083901394843172 106 119 72 40 
-0.034371035968435784 2.8404507611439778 0.8351002547784632 -0.6907684823715999 -0.3938636707692478 2.3663161816078953 1.1998674812538963 78 109 75 42 
-0.0811464307870103 2.8731112710971005 0.833755595312505 -0.6874472830289408 -0.48094287962794424 2.4374682783486232 1.1962495783255613 58 43 74 110 
0.08470413883974365 2.7832331428586863 0.832012352395586 -0.6950716359547484 -0.08984166275902436 2.2080437743002297 1.1941782883429575 79 120 77 60 
0.04260711648682093 2.799415912688883 0.8344202935711577 -0.6945012613152094 -0.1971517441403736 2.249880184851926 1.1981902609459572 78 61 76 121 
0.005739055178785993 2.8171414850785172 0.8353796109836139 -0.6931755919970954 -0.29897496054328687 2.3032566462479585 1.2004635221661015 62 77 122 74 
0.12493903955063361 2.7720703973396748 0.8289982055063239 -0.6950797084133027 0.021881250359967817 2.1787574910264613 1.1889964218900548 82 124 76 64 
0.23374739661870694 2.7667352007361052 0.8182579924503802 -0.6921759613475315 0.3688214418163208 2.175708103684244 1.1663841476951302 81 65 84 125 
0.19500411024912825 2.7641672671675046 0.8226698338708456 -0.6935711716756643 0.2528479172165884 2.1618322452405474 1.1753406276703333 80 126 82 66 
0.161695974945841 2.765891394770894 0.8258393916414319 -0.6945263841725229 0.13651475056333898 2.16288675892056 1.1825408915625197 63 81 123 79 
0.32897195620073355 2.790827699216329 0.8041657705747868 -0.6894472969345635 0.591292790635645 2.245901235684976 1.143730892514444 85 113 84 49 
0.2783337427352007 2.7750002347718183 0.8122073883202162 -0.6905782620240302 0.48223593317038893 2.204353387166327 1.1557904970655322 67 83 127 80 
0.3875164826538164 2.815773837078685 0.7938478171049733 -0.6885785831047108 0.695367587287185 2.2981002485598396 1.1312438315591116 112 83 48 69 
0.8852268929070496 3.161138978361376 0.7617866757971243 -0.6917459771007766 1.2583053138702862 2.6354747644180474 1.010827307826056 29 90 128 87 
0.7885729980773866 3.090378274393397 0.7647698795070951 -0.691471628665637 1.169731095983793 2.56936501245468 1.0111153707681413 86 129 88 52 
0.6986077809868626 3.024741211973075 0.7692773113399202 -0.691728324504991 1.0809623399165722 2.5026645512089396 1.0129712624203016 87 130 114 50 
1.081134934063044 3.3018066358825284 0.7628007958463571 -0.6933831929861619 1.4354802613205366 2.765266541722238 1.017175700632893 92 131 90 27 
0.983534651254247 3.232268669503374 0.7612017335903136 -0.6924792219958068 1.3468220622116416 2.7007778441090413 1.0128202081613926 132 86 28 89 
1.2630859279730897 3.432009974744273 0.7732032124811227 -0.6949077794685498 1.6179963631850327 2.8907306733151534 1.0255957818458974 95 133 92 30 
1.1728725896511525 3.3667003956694144 0.7663488677043748 -0.6939880239869527 1.5257288013666335 2.8285637862129644 1.0219621037267268 91 134 89 31 
1.4856228060904737 3.6020726157318093 0.7941864416187517 -0.6941408352064543 1.8891980432516742 3.0859843720188955 1.0429546691934366 97 135 94 53 
1.4212638448229553 3.5504659179889018 0.7880769237959236 -0.6951097018210524 1.8015930386112582 3.01796213330973 1.0350875369856354 136 95 54 93 
1.3458461320725885 3.4928650921355255 0.7812910790884485 -0.6951257938724982 1.7106032790604868 2.9533160055827534 1.0294592395481534 137 91 32 94 
1.5883391118129506 3.694804817979203 0.8046960195620572 -0.6922519999202377 2.048531510023992 3.236225782679556 1.063938721332134 70 116 138 97 
1.5485971682363349 3.6566701019933148 0.8003145640770346 -0.6931253404880561 1.9722193054172696 3.15872923061067 1.0528796076219225 139 93 55 96 
-0.9872177387910961 3.810537266800552 0.9060233255778238 -0.5972762049254043 -1.3826616237118128 3.3738138214205486 1.0324493364037726 102 159 99 34 
-1.0647246174760372 3.8635571127534747 0.9159976584013384 -0.5852994329114306 -1.462621095137903 3.444648844600261 1.0451684229461733 160 100 35 98 
-1.120059611559625 3.903452710435023 0.923351095057557 -0.5792424959210376 -1.5386224196084854 3.515513279120986 1.0581553820822465 161 36 99 
-0.8074690806495878 3.6731421421512036 0.8899393421679628 -0.619603499963921 -1.224523752237705 3.228299972364792 1.013022640778539 15 104 162 102 
-0.9021594330100727 3.748197597012526 0.8973398436462016 -0.6088841181466487 -1.302361805014677 3.302018975429239 1.0215978979990683 98 16 101 163 
-0.5878922093822977 3.469816346931162 0.876714705544214 -0.644293413645779 -1.080639057854508 3.0715823989012154 0.9999230972013822 105 164 104 37 
-0.693867217872136 3.5739680119251074 0.8834378293013921 -0.6319556404063192 -1.1507923385283245 3.1518022263768426 1.0057531654012453 103 165 101 38 
-0.5003115593778005 3.373000702215073 0.8716132642396751 -0.6528928306898097 -1.012848378673932 2.9874505426967186 0.9966300149453065 118 166 103 39 
-0.22404945360402279 3.024871533768704 0.8415406043754241 -0.6760489159205884 -0.7332598954344156 2.6478759618251675 1.0860110259674722 108 140 73 57 
-0.11744413462254383 2.919222336326298 0.8534868725169412 -0.6855851441235322 -0.5903190243034196 2.4735260784015702 1.0886020142758497 110 141 108 58 
-0.1735501763404712 2.9720463428627255 0.8479647339594402 -0.6805406187933162 -0.6646230759617046 2.5588916441473923 1.0874245415432058 106 59 107 142 
-0.029346715932172696 2.8521895366680177 0.8590083023636541 -0.6920394377237091 -0.4201481224765716 2.3206500496883455 1.088769790310089 144 110 74 122 
-0.07691475324251713 2.8859080152272005 0.857342941219521 -0.6887205937723404 -0.5090194470066521 2.3935740010330937 1.0892502197629303 145 107 75 109 
0.45691815585506995 2.865659477113647 0.8038287733048642 -0.6899334627398843 0.7997843770526569 2.3052117277488837 1.0273667710830765 69 115 154 112 
0.3829949003860935 2.827589464657267 0.8185085857311889 -0.6905607943980141 0.6970526366693688 2.2454028958743786 1.0345239409307982 155 113 85 111 
0.3250315700673365 2.8029240613909283 0.829499388510207 -0.6912715187072691 0.5889805539746249 2.1930471069435797 1.0420907381179976 152 127 83 112 
0.6160094014906786 2.9660867558412787 0.7782498120059369 -0.6909980060949464 0.9904885894843696 2.435740600366648 1.0165185930965663 115 51 88 156 
0.5344780885037624 2.9125315536655267 0.7898121500311435 -0.6906696605360962 0.8971133110255346 2.369303601859334 1.0211920656694167 157 111 68 114 
1.6251136135202533 3.7314976482586992 0.8075658812137805 -0.689909945822187 2.115478882078897 3.3171598427193025 1.0745063311752554 71 158 96 
-0.35146606215674187 3.194474580232005 0.873486000503594 -0.6637099909233968 -0.8825560877537708 2.8104973133742353 0.993807653117071 119 176 118 72 
-0.4217153843754538 3.280665651997462 0.8722416025064879 -0.659148043871548 -0.9469436444995634 2.900080864497004 0.9953581806525884 117 177 105 56 
-0.2754572460694993 3.102633844076634 0.8766047874286773 -0.6710061425174081 -0.8185604076224168 2.7201341250147726 0.9908011714036542 73 140 179 117 
0.08907977531479179 2.794315059837901 0.8556401776042512 -0.696158240084669 -0.11055231438793515 2.1583903944793725 1.078025978711747 124 146 121 76 
0.0477371306672343 2.810225386578473 0.8580772154017736 -0.6955822002557346 -0.2200413061511079 2.201523153008488 1.082681706077095 77 120 147 122 
0.010757019625567028 2.8282960596840394 0.8591818322109727 -0.6943109176707044 -0.32360890384468544 2.2561619836164537 1.0866098840459641 109 78 121 143 
0.16340186827325764 2.7777846684545406 0.8499011445300119 -0.6957066242415191 0.12122762931175673 2.1113310117489807 1.0677900159643814 82 126 148 124 
0.1280794681994946 2.783580534887005 0.8527840556667379 -0.6961838207820606 0.0037678346667386047 2.127956660734136 1.0731055487172942 149 120 79 123 
0.23205213178924217 2.7789807385263257 0.8431464626332063 -0.6936896292549571 0.3594072382302881 2.1231793500520255 1.0564843009030345 127 150 126 80 
0.1948878655244666 2.7762791969022307 0.8470567601220207 -0.6948871965521783 0.24047017677399374 2.1096577538844263 1.0624980943590223 123 81 125 151 
0.2748661034477706 2.787165582369895 0.8376225153545934 -0.6922996739749961 0.4760749092010066 2.1515408515248633 1.04972416227936 153 125 84 113 
0.8718026260682399 3.174852353029336 0.819610067826511 -0.6968845125023657 1.2711656537802438 2.6120129894450477 0.927043092956553 86 132 167 129 
0.7762433185287184 3.104360731088809 0.8244243416512793 -0.6960337682647187 1.1806139255723511 2.545775185642534 0.9256011865453632 87 128 168 130 
0.6881320220298354 3.039434915964031 0.830716558014761 -0.6955924608575758 1.0890697590328586 2.4783527008050603 0.9248973090212973 129 169 156 88 
1.0645447894301021 3.3134519085894034 0.816490845429367 -0.699260575118859 1.4526525315327476 2.7410360151467312 0.9322329954195923 134 170 132 89 
0.9684699244427007 3.2450644083204025 0.8169617332450929 -0.6980871443125952 1.3616239602814062 2.677024444596463 0.9293978566991187 171 128 90 131 
1.244802763367481 3.440732853854408 0.8232569039335389 -0.7005240775330649 1.636889659729481 2.867206074298745 0.9354024568137522 137 172 134 91 
1.155239700548763 3.3773174990374986 0.8187126937750177 -0.6999970075185422 1.5444497005087923 2.8042826552152036 0.934469443466884 133 173 131 92 
1.464280128864642 3.604679204730642 0.8423264909292699 -0.6979895450916959 1.9094202759714587 3.0657987696823836 0.9413498399105211 139 197 136 93 
1.4008949627595526 3.554752231363367 0.8358467550464297 -0.6995230211861653 1.820741172731633 2.996876362238539 0.9380790652732107 174 137 94 135 
1.3266935384672052 3.4991573483264675 0.8292686177715436 -0.7000822262589205 1.729354957431071 2.9309531872073133 0.93616874376801 95 136 175 133 
1.5651062010882326 3.6943195079142175 0.8518321534470832 -0.6952397514172464 2.0723551016996233 3.2164605607610515 0.9520869578439348 158 198 139 96 
1.524757890476282 3.656407190179521 0.848195501840959 -0.6964713576732356 1.9938885440344127 3.1387653293503215 0.9461377205775303 138 199 135 97 
-0.22099112497118664 3.039077001519908 0.8815891961488794 -0.6767275601446583 -0.7527636894754824 2.6299182165045085 0.9864110515586575 106 142 178 119 
-0.11504990088837395 2.929347543441859 0.8887713667379398 -0.685981308243923 -0.6075357723293829 2.455577588604316 0.9767207601947084 107 145 180 142 
-0.17051034880039914 2.9837329134017563 0.8861275172107651 -0.6809704139513821 -0.6829300632921719 2.5410890148493137 0.9815160467029229 108 141 181 140 
0.013854423705624635 2.8345617400840304 0.8903013975335851 -0.6946623304544625 -0.3389206822731229 2.2358075214399484 0.961971547847374 144 122 147 182 
-0.026322657399127106 2.859062156655856 0.8907956586070523 -0.6924130363806889 -0.4359745299520682 2.3013322157124865 0.9669852744828481 183 145 109 143 
-0.0745021361398126 2.8942822029666484 0.8906415974723574 -0.6890543524207448 -0.5254153572612404 2.3750865191503943 0.9718292753007187 184 141 110 144 
0.09249229916598843 2.8004844672190927 0.8873079133325953 -0.6966281897286204 -0.12413561571675896 2.1357706944488286 0.9515656587281132 147 120 149 185 
0.051336979653887505 2.8161434297002423 0.8892142941565534 -0.6959899565844344 -0.23460640440960245 2.180021546180543 0.9566150423898285 186 143 121 146 
0.16523899547763848 2.7848012579868935 0.8835103273070471 -0.696235603310433 0.11062866310035112 2.0874128559332323 0.9427602760601217 187 149 123 151 
0.1307678682549457 2.7901998668242283 0.8853425458126699 -0.6966859437752356 -0.00847199307701334 2.1044648158198944 0.9469661780216116 146 124 148 188 
0.23182616557756286 2.786666797119479 0.8797149392918485 -0.6943484161967244 0.3519936566548839 2.099137624314424 0.9360503305904837 153 189 151 125 
0.19557770418616452 2.783605053041235 0.8818872949978648 -0.6954518612136102 0.23148602886027253 2.085607002313894 0.9392128680584855 190 148 126 150 
0.3234038685729325 2.8120747016732164 0.8718415930593083 -0.6922023415638481 0.5847154034777899 2.1683376734625157 0.93030121551558 113 155 191 153 
0.2734999476395548 2.79531909721934 0.8766741846010823 -0.6931046599271616 0.4701910321999429 2.127306439560766 0.9331569758809194 192 150 127 152 
0.451950933367667 2.87723514040909 0.8561426127856506 -0.69155268084174 0.7992203757119511 2.279069745730647 0.9260958007313539 157 193 155 111 
0.380318897725626 2.837951236165065 0.8650417817216235 -0.6917797362374641 0.6944506810046738 2.2198402488578397 0.9279247495701476 152 112 154 194 
0.6076794591093537 2.9804506637192087 0.8383895277287189 -0.6940157334167192 0.995531934572852 2.41038711412435 0.9248203870925201 130 195 157 114 
0.5282211679211782 2.9259780857246223 0.8469865017784444 -0.6929272621393702 0.89921997673957 2.343293201473866 0.9250455161741538 196 154 115 156 
1.6033320883602826 3.7321212749788493 0.8519401615674218 -0.6929388369861539 2.1424483743191596 3.2983129945478553 0.9574285338833439 200 138 116 
-0.9774281490503068 3.804114193832276 1.0392251055582185 -0.5939164137958541 -1.3904247780964776 3.378566896788712 0.9435481545862433 163 238 160 98 
-1.0563726258532822 3.858535300358948 1.038588001567985 -0.5816261895904777 -1.4702064855976824 3.447577683437525 0.9452163298318332 239 161 99 159 
-1.1121381915112374 3.8988434660973774 1.038247635447851 -0.5756014585401676 -1.5472225934117376 3.5179625352905055 0.9443366573739598 216 100 160 
-0.7998213590687818 3.6655337838561834 1.0426771898751794 -0.6164714242184153 -1.2309692992229648 3.2340120537180597 0.9348926365411234 163 101 165 240 
-0.8932254783916527 3.7412487665419305 1.0411309934535784 -0.6056817793042172 -1.3098619909335376 3.3077771121455433 0.9399203176140688 241 159 102 162 
-0.579117506414397 3.458488493771862 1.0385042648269398 -0.6427322891397935 -1.0837082837418541 3.07560136919387 0.922733973476217 166 220 165 103 
-0.6858536973105949 3.564404955371927 1.0428575258045893 -0.6296396751207847 -1.1552824442645124 3.156568230336323 0.9289740667197715 242 162 104 164 
-0.49274671791660335 3.3630543899165364 1.0279080968677816 -0.6514953505080339 -1.0160939783566358 2.9917025643426807 0.9161489714164979 105 177 219 164 
0.8664123990543467 3.1693134524262834 0.9667376459718731 -0.6979661558438189 1.26978697094884 2.6126474029063123 0.8406283760647585 171 226 168 128 
0.7704003257945727 3.0975494025659858 0.9628612984725641 -0.6970267228278048 1.1786077127363166 2.546588857851129 0.8375965290241534 227 169 129 167 
0.6839565124877144 3.033137171233169 0.9591056872297025 -0.6966004072938994 1.0861960762997047 2.479173710769273 0.8340811821462359 168 225 195 130 
1.0591074918113648 3.3096180380992077 0.9711257068006351 -0.7011242381673359 1.4516380006147853 2.740758823058524 0.8443853041330027 228 171 131 173 
0.9630583341158853 3.2405150914055376 0.9692974080497746 -0.6994906423204557 1.3605098233722868 2.677175997393803 0.8430550191903672 229 167 132 170 
1.2393327048965623 3.4364634284027145 0.9731484072847143 -0.7029898391136072 1.6346218287111651 2.866975982055118 0.8418544570858089 173 133 175 230 
1.1501180557262352 3.3738164460433597 0.9726374313766812 -0.7023374654768604 1.5430745290166779 2.803861803028146 0.8437793187591816 231 170 134 172 
1.392804906735245 3.546862970814327 0.9713516737559442 -0.7012756338749996 1.8170475593889983 2.9975192304369043 0.8374487616431741 197 233 175 136 
1.3198635304839699 3.4930543651836135 0.9726419769843448 -0.7023058642199765 1.726072907672303 2.9311230831476767 0.8394534856761966 234 172 137 174 
-0.34851189551201156 3.191219765946934 1.0066639030334665 -0.6630405105888039 -0.887226077694958 2.815575434186646 0.9015468752035101 179 217 177 117 
-0.41792015495670265 3.275898741830989 1.0187544445776073 -0.6583687996298699 -0.951052773218771 2.9047260592704798 0.9093427085100244 176 218 166 118 
-0.21992012879589223 3.036772074011729 0.9814019477030417 -0.675730823283083 -0.7570931195160936 2.6356184057680303 0.8827289776693528 181 221 179 140 
-0.27175174800948343 3.0980595200131296 0.9913694286019294 -0.6702831605732259 -0.8231726828088708 2.7254791023164113 0.892566695207945 178 222 176 119 
-0.11372335600727652 2.9256188501672766 0.9636626906551269 -0.6851798169340787 -0.6117962664949163 2.4627391968039936 0.8620861775784188 141 184 223 181 
-0.16879678557528935 2.979882885302302 0.9726700784512625 -0.6800285412785654 -0.6871558985536331 2.547551952389332 0.8723419209967092 224 178 142 180 
0.014969328735865896 2.831163256665292 0.9471432974721744 -0.6941503294395129 -0.34330843968971597 2.2435058934276815 0.8343792319723045 183 143 186 201 
-0.02502920857029237 2.8553832839364324 0.9514469091076155 -0.6917890244426065 -0.44025666730951757 2.309114416466305 0.8425284061569133 184 144 182 202 
-0.07386445480081329 2.8910065638720788 0.9575180914648711 -0.6882797640604983 -0.5296889502016175 2.3827128052117184 0.8519314342464135 183 203 180 145 
0.09417043292562575 2.7973039415879137 0.9406104807227241 -0.6964049547855258 -0.12884229614231432 2.1428167486358847 0.8223655302922209 188 204 186 146 
0.052928765022549444 2.812740942014964 0.9437375316078475 -0.6956338072101467 -0.23914879520264531 2.1874625921622535 0.8276566337564722 205 182 147 185 
0.16643876550936104 2.781943184438327 0.9365346035402075 -0.6960746606218186 0.10559822840879143 2.0936902942991567 0.8153267443618896 206 188 148 190 
0.13221023674810845 2.78725090718082 0.9382315159658314 -0.6965321634438837 -0.013403300980122986 2.111109666935589 0.8182618169362919 207 185 149 187 
0.23241978137628136 2.7836088618459804 0.9354028682979925 -0.6940938830631842 0.3468887749103671 2.1046379469256804 0.8131995530578338 150 192 208 190 
0.19627774767823097 2.7807062115425354 0.9356553353831779 -0.6952494828559305 0.22639219971282487 2.091520946795508 0.8135673872905452 151 189 209 187 
0.3243062348274911 2.8086692258743815 0.9377293151525559 -0.691940833276576 0.5794592138079391 2.172338259543585 0.8160263463864479 152 194 210 192 
0.27375529885661576 2.7919752224208088 0.9360628342643476 -0.6928438178803873 0.46506419308504454 2.1321750731020637 0.8141117168844952 191 211 189 153 
0.45148290346292985 2.8727006551839973 0.9445171389716088 -0.6916390841205979 0.7941718588726244 2.281084350958652 0.8221888142370393 196 212 194 154 
0.38090205334974836 2.8341733636715074 0.9404833838654786 -0.6916586013497816 0.6891470626659101 2.222795184306125 0.818771720194535 213 191 155 193 
0.605800963696066 2.975317091247596 0.9546686748282085 -0.6948152569249327 0.9919052033234328 2.4114048991873087 0.8301775497953908 156 169 214 196 
0.5272463673253345 2.921148750167911 0.9496921910845769 -0.6933490536180462 0.8948358440842455 2.34471991125466 0.8260570868640488 215 193 157 195 
1.4549425487993213 3.5951800649606556 0.9701957081444669 -0.6993309012043563 1.905885899444733 3.066891839187497 0.8363423392261202 199 232 174 135 
1.5502734140708996 3.6794518595039047 0.9672466351385478 -0.6952178193788884 2.0686550798318644 3.216952303406388 0.8364628639805016 138 200 235 199 
1.5109794594046344 3.642752701359093 0.9688177638541479 -0.6972103055140448 1.9904079428198398 3.1398590454351205 0.8361376968669074 236 197 139 198 
1.5875378495703232 3.7173455855060054 0.9628054914954933 -0.6922318699484614 2.1384351700332513 3.29797121967845 0.8363630299797571 237 198 158 
0.012341348502674468 2.820235522405207 0.98162287363517 -0.6932170549971521 -0.33662318003150926 2.278827635622397 0.712062925630461 182 205 249 202 
-0.027413111198762163 2.8437852901695715 0.9866322813182776 -0.6908080523672545 -0.43304734854569665 2.3434465697176723 0.7230827509407746 245 203 183 201 
-0.07715576789459334 2.8788244547983557 0.9950353896144849 -0.6871406409134824 -0.5220239854730342 2.4158885036376003 0.7369052568186508 246 223 184 202 
0.09246839429160722 2.7859150468624243 0.9758568376065024 -0.695508078204293 -0.12426065816414272 2.1792963917100425 0.6987647566486923 205 185 207 247 
0.050805207620278806 2.801617227973976 0.9783280005645262 -0.6947073651448274 -0.23334024613134186 2.223538321410669 0.7041524223412402 248 201 186 204 
0.16570629006676105 2.7697814326479517 0.9740342057823557 -0.6952242660417782 0.106653229650524 2.1297306021230713 0.693720118365005 250 207 187 209 
0.13093264588795067 2.775531281734221 0.9744676022596088 -0.6956736460427692 -0.01044618012735512 2.147647710738022 0.6952751345444481 251 204 188 206 
0.23263869582946253 2.770058016251183 0.9766094691839032 -0.6931131811705313 0.3444772144857993 2.138719094919344 0.6960617437382233 211 252 209 189 
0.19579637955587237 2.7680171149661916 0.9746246709680167 -0.6943769563720945 0.22559483872245295 2.126716969558723 0.6937937026969831 208 253 206 190 
0.326581959568355 2.7917642255785418 0.9880930689088815 -0.6906164931630944 0.5738954461171364 2.2042022444325324 0.707021542171281 213 254 211 191 
0.27456508917926636 2.777039773364378 0.9807096851548962 -0.6917007453177009 0.4611493526010936 2.1651197275190843 0.7005941668828823 255 208 192 210 
0.4557481061936364 2.848697226300314 1.0124600217695217 -0.6899047992128418 0.7847864679180429 2.3107447578747733 0.7231183058005581 213 193 215 256 
0.38398031117230635 2.8141739061791395 0.9986039985535224 -0.6901838751786313 0.6815937640185448 2.2535021388075904 0.7147380188050221 257 210 194 212 
0.6134668128223421 2.9430961966916525 1.0430146632159247 -0.6923153350847792 0.9795107202068716 2.439191618375724 0.7392861737883669 225 258 215 195 
0.5326492615740381 2.892639592654893 1.0280255257508748 -0.6912984898959852 0.8839053861259613 2.373582911596234 0.7312806372696382 214 259 212 196 
-1.1098739375300364 3.8997999177041103 1.0336360649644787 -0.5771093824808666 -1.5256121897445893 3.5485120573834346 0.8465678457219374 239 161 
-0.3597996575664708 3.165317805303931 1.0761650055885734 -0.6575168892758365 -0.8718189824850896 2.843141003073416 0.8112979536579189 222 262 218 176 
-0.4321886245462582 3.2470574594172925 1.0947301894835084 -0.6508417060756991 -0.9342624912465112 2.9295459032085476 0.8260539734391182 177 217 286 219 
-0.5093814368025098 3.3320607761417667 1.1079023625228515 -0.6420453726256664 -0.9986516681461047 3.014671689760522 0.8393197073778801 287 220 166 218 
-0.5873482319524913 3.44477712816899 1.0746115154137186 -0.6363748429480384 -1.0666059065701938 3.0990770420301845 0.8500455099483201 242 164 219 
-0.22637548600267607 3.017330421161613 1.035385733372395 -0.6728548744748001 -0.7455193817965614 2.665539792567343 0.7826865210869891 224 260 222 178 
-0.27850183345756097 3.0738493601383534 1.0515427534922392 -0.6665702604518872 -0.809690524384602 2.7545853595435377 0.7969848597774336 221 261 217 179 
-0.11659805535770303 2.9108657468544545 1.0045708717101365 -0.683815063299433 -0.6032673253633984 2.494717021288671 0.7521853872275226 203 243 224 180 
-0.17316994138789252 2.962700939632327 1.019910785342523 -0.6780017241220747 -0.6772681012365389 2.5784929229084006 0.7674942338853881 244 221 181 223 
0.6919454887805749 2.9969568736040193 1.0548927959875531 -0.6933727305958293 1.0725641218414617 2.505695283158339 0.7467443134321808 214 169 227 273 
0.8788203336502632 3.1323430406726778 1.0700191069082852 -0.6928613983502125 1.2550586273562607 2.636902456887219 0.7585614267109102 229 274 227 167 
0.7797244741840812 3.059883951721539 1.0630367380789008 -0.6928138363011067 1.164383921629327 2.5720162582340333 0.7532770085792455 168 226 275 225 
1.075831636705282 3.2786559372387405 1.0672862548061983 -0.6950561378664947 1.4336051503204148 2.763522519216193 0.7614353738713577 170 231 276 229 
0.9779110233523267 3.2063114035507483 1.0700818659104032 -0.6936343151464127 1.3443596234722883 2.7004279005656593 0.761365066969776 171 228 277 226 
1.2571619563285334 3.4117368633386502 1.0558927123408408 -0.6976477313416402 1.612265377131438 2.8902822251900764 0.7534429017639805 278 231 172 234 
1.168012589753722 3.346193713153698 1.0625478808960924 -0.696546851932732 1.5229246654380688 2.826794580540666 0.7584274011198777 279 228 173 230 
1.466786304427524 3.576835969922969 1.0301960919267519 -0.6956111897366937 1.8788252717804115 3.0889389401850753 0.7372162558486626 197 236 280 233 
1.407199345940089 3.526716761244781 1.038613431126222 -0.6969334665266476 1.7911372377169048 3.0202755979289497 0.7421912293667596 281 234 174 232 
1.336407100362188 3.47062258624279 1.0481523142836133 -0.6975236073159428 1.7016618956235514 2.9543809762687667 0.7476703683053454 282 230 175 233 
1.5581176959525878 3.6642910441994734 1.0155426508062477 -0.6923296315752702 2.03830163667376 3.237800593118892 0.7270273730521374 237 283 236 198 
1.5194338602864865 3.6252265379087545 1.0221357675741982 -0.69402746098441 1.9619895885740317 3.161189699877389 0.7323318268629913 235 284 232 199 
1.5959074680723855 3.7049936319910244 1.008900453614359 -0.6896986645236143 2.1052638566364887 3.3189480719603557 0.7208088734164884 200 285 235 
-0.9776200460808965 3.804606227058464 1.038620525342566 -0.5940999426442904 -1.3732768336075805 3.407913274933131 0.8594200362018257 241 239 159 
-1.0554867242115042 3.8602468972588673 1.0343707543881133 -0.5828679733678084 -1.451598474143191 3.4772464810066444 0.8546345948199984 238 216 160 
-0.8009726162282523 3.6637731081632934 1.0474797263896518 -0.6153920272687993 -1.2143432862783157 3.259259788164587 0.8624268342603667 162 242 241 
-0.8939803474354787 3.7405724434480243 1.0434441619178978 -0.6051433313056795 -1.2930240404584705 3.3344585612428563 0.8629725550483113 240 238 163 
-0.6877224004782642 3.560159153410081 1.0530088908699997 -0.6276062891712056 -1.1386941412834797 3.1815758315929465 0.8575217707425342 165 220 240 
-0.11945170581209877 2.8946542774328563 1.0265464422023391 -0.682061663981215 -0.5816188098419101 2.5495364947363965 0.6542970459209421 246 288 244 223 
-0.1753446410137123 2.9470919086385163 1.0389840797013374 -0.6761135015187153 -0.6533980641874825 2.631493587873514 0.674744457032108 243 289 260 224 
-0.03201645211132662 2.828331706076691 1.0115134436564204 -0.6890543166918706 -0.414482046219661 2.4023951149888996 0.6163625426794519 249 266 246 202 
-0.08192249902092961 2.8637295845883166 1.0191847317173393 -0.6853977296455573 -0.5020040229951436 2.4727013969530747 0.6341712837412004 203 245 290 243 
0.08815475783561325 2.77006640506532 1.0019125878496689 -0.6939081172559503 -0.11183574462062035 2.2414089203422085 0.5883604536768875 204 251 263 248 
0.04575951027447249 2.786255117701179 1.0040517013773569 -0.6930430629369914 -0.21859311671938023 2.285042030280029 0.5939303411734442 264 249 205 247 
0.006876961775944661 2.8052926636219557 1.0069978150894883 -0.6915077956434732 -0.3197521893475087 2.3393715846447223 0.6028531157186912 248 265 245 201 
0.16345674237393448 2.7525457253422814 1.0015943323043277 -0.6937326435345358 0.11346039994564558 2.191721381370944 0.5850930045895955 253 267 251 206 
0.12754240426470728 2.7590610102448787 1.0011285984011518 -0.6941447649712746 -0.0005935859051261292 2.2100003882659776 0.58536671019517 247 207 250 268 
0.23269907588097816 2.7510462422652635 1.0064541315558722 -0.6914383104362104 0.3448904893314913 2.199003422612291 0.5918519886630116 208 255 269 253 
0.19445004542119806 2.749986468285246 1.0032039628915737 -0.6928602488966713 0.22909731645072196 2.187977328688201 0.5870454002080765 250 209 252 270 
0.3294284189268715 2.7701963953210784 1.0212137723876966 -0.6884833922301501 0.567809257890588 2.262326757840667 0.6101209539779354 257 271 255 210 
0.2757265196043341 2.7568722661630964 1.0119100724513432 -0.6898069496871072 0.45854046563130063 2.224464186767733 0.5996076419821681 272 252 211 254 
0.4597918271551009 2.8230375012929776 1.048809327873042 -0.6871078596088558 0.7706191081676222 2.3653603547753415 0.6355258177363355 259 295 257 212 
0.38720679870105223 2.7905594191559344 1.033425110750181 -0.6877999282255283 0.6714961725722673 2.3099825923901762 0.6224810172806983 254 213 256 296 
0.6179903145203934 2.915075025844853 1.079050258810182 -0.6884887150133956 0.9578623470366241 2.4912169053048574 0.6592692912165949 273 297 259 214 
0.5363927660328955 2.8651449430779103 1.0644897084112228 -0.6880299684352815 0.8658219946892647 2.4267563424931273 0.6477679963310121 298 256 215 258 
-0.22790364398935378 3.001820064210647 1.052028394985993 -0.6707393712940342 -0.7180605406145024 2.7166704040150482 0.6944201302172505 301 261 221 244 
-0.2791494345856193 3.0574620818084672 1.0668673450976933 -0.6646936408634256 -0.7777396330553503 2.803931067082377 0.7130235000899626 260 302 262 222 
-0.35217632936446747 3.166189499126937 1.06788104078565 -0.660655679002687 -0.8353407134803725 2.8914551834168005 0.73202942198551 217 261 286 
0.0839331308033624 2.756163174388675 1.0164454054882497 -0.6923869520895285 -0.09278356590468063 2.324029474313686 0.49706483306233407 293 264 247 268 
0.04056504218878632 2.7722185773334376 1.0189758284703392 -0.6913338493955099 -0.19610568204264017 2.366863525996964 0.5032407568125727 305 265 248 263 
0.0012408544831271973 2.791147286437396 1.0220683463347517 -0.6896012697420018 -0.29363039488136533 2.419939107568963 0.513428999410712 306 266 249 264 
-0.03634073872369824 2.8132537098114527 1.0262498473010315 -0.6870613312307283 -0.38492620698301266 2.4811021998272578 0.5289643349282951 265 303 290 245 
0.16159635186773252 2.7386831411428707 1.0155916024330052 -0.6924045322150408 0.12487463294794302 2.2748541217114 0.49514409119953406 270 291 268 250 
0.12442621179722138 2.7452484217261564 1.015317185202945 -0.6927650803637501 0.014844967867363872 2.2930724833508203 0.4943427230631606 292 263 251 267 
0.23331622043590897 2.736923606035721 1.0203404297994731 -0.6898460359301418 0.34693266041150506 2.281519932229946 0.5062246058631334 272 307 270 252 
0.19357014393536534 2.736028625229067 1.0170947077746648 -0.6914758701493366 0.23604939714355724 2.270947899750045 0.49894176738458335 294 267 253 269 
0.33175447789853085 2.757846035520222 1.0332275061937755 -0.6867151595414704 0.5599098186740097 2.343193162684619 0.5312028027696543 296 308 272 254 
0.27723315209574184 2.743178305211053 1.025208905684556 -0.6880461630721788 0.455642870771714 2.3065005094711335 0.5169419844102485 309 269 255 271 
0.6963281006384925 2.9678145922219024 1.0904049417340516 -0.6886841001606043 1.0481384858508265 2.5561934071972345 0.6703210193478287 275 312 258 225 
0.8808526129338794 3.1221938189554295 1.0824598635151799 -0.6903350336402609 1.2270950997035706 2.6832140614971847 0.6885389309577385 277 275 226 
0.7873790383220175 3.030608115716333 1.1005505968438696 -0.6870918990168221 1.1375597554910057 2.620526848307514 0.6801922521497237 274 313 273 227 
1.0718797976418455 3.2794328568913844 1.0637531581599204 -0.6961839556488281 1.4003178906776905 2.8079772377905305 0.692037911630794 228 279 277 
0.9758532166787446 3.2040094826753194 1.0710868666683426 -0.6935199486263762 1.3145603800977692 2.745706698739241 0.6925010262487155 274 229 276 
1.252956576903156 3.414800299515945 1.049997813092444 -0.6995793772261184 1.5731173248924986 2.9360923922235247 0.6794666950910591 279 230 282 
1.1630715751043352 3.3491290832690566 1.0562236922176065 -0.6986165848245794 1.4863786790028404 2.8709621949299073 0.6876727556275211 276 231 278 
1.4651953537465419 3.5772496092805377 1.0285061942998257 -0.696002662026432 1.83022867616475 3.130486760479426 0.6525138479158348 281 232 284 314 
1.4066856704617905 3.52645957988811 1.0385132768588956 -0.6969176160081494 1.7462945757606783 3.0645962005144933 0.661266479352954 315 282 233 280 
1.3332719914632993 3.472848230312219 1.0438331010378152 -0.6989086126964696 1.6603107779391422 3.0008104021757322 0.6701353250956329 234 281 278 
1.5553251162615858 3.6666582086719917 1.0109747211683466 -0.6937513742556631 1.9847251266216617 3.277697871867401 0.6336216989498304 235 285 300 284 
1.516279722779594 3.6261816368558493 1.0186605024165918 -0.6950745294542949 1.910783848221958 3.2010391001156786 0.643501471216755 283 316 280 236 
1.5926726170534071 3.7095931757328895 1.0022556890564451 -0.6921606314441051 2.0491518647962774 3.3606068234084665 0.6230328171703843 299 283 237 
-0.4227446277325458 3.2504875302815757 1.0830311546317437 -0.6553008401449528 -0.8972094936784802 2.9723036506431617 0.7553052118020163 262 287 218 
-0.49901917707217947 3.340145763187735 1.092999330382318 -0.6487053842018909 -0.9627592442071168 3.0527670533951734 0.7772713321266029 286 219 
-0.12165595298091766 2.880626144383769 1.0384965451994972 -0.6806504821275254 -0.5462873638620737 2.6220541998890066 0.5740930020574789 290 317 289 243 
-0.17125557447348783 2.945523179399792 1.0370616802885282 -0.6771119918010267 -0.6167712259050877 2.7007407779940387 0.6008990658944637 301 244 288 
-0.08590324211172447 2.849555859338916 1.0328693934790263 -0.6835458945824265 -0.4692750369811106 2.548822861573348 0.5496131693039276 266 304 288 246 
0.1614812580327427 2.7368545837313096 1.0166769108951053 -0.6920420327596866 0.1394381833733207 2.3735048729908295 0.42838067550328174 267 294 322 292 
0.12414469849975783 2.743589649313013 1.0162507141174153 -0.692374230570224 0.034157583291999166 2.3913657567603464 0.4265841040182475 323 293 268 291 
0.08373566509890472 2.754572306009493 1.0172593160157437 -0.6919694668882068 -0.06823646114658607 2.4213619255490486 0.4291065059042027 292 318 305 263 
0.1934513740820109 2.7337020216843118 1.0185477279597248 -0.6910907157564273 0.24553512782571174 2.3701740285790587 0.4339241951143238 270 307 325 291 
0.45971286183145493 2.811657194220521 1.0577698993765705 -0.685400214937926 0.7512249322398266 2.441706708083947 0.5650439538168831 298 310 296 256 
0.38819771858166796 2.7795824113625565 1.0431312984668006 -0.6861681414463235 0.6584696595400069 2.388800323896384 0.5479209031251391 311 271 257 295 
0.6125588515577639 2.916386006699596 1.0756437420584908 -0.6898698234972237 0.9262023224058293 2.5624772838687457 0.5974747738353855 312 298 258 
0.5362212085108904 2.8522990804386157 1.0743668005263474 -0.6863294530713285 0.8392562199191023 2.5000230562222985 0.581402586962203 259 297 327 295 
1.5925832840100738 3.709040558338153 1.0026496695269365 -0.6921568179125661 1.97425390514453 3.4130796315985905 0.5523626396779407 300 285 
1.5538606781794442 3.66581753800706 1.0108075502289717 -0.6940403661531664 1.913196110764978 3.3327075508299933 0.5639569657979105 316 283 299 
-0.2192208798676878 3.002782275749997 1.04489525727783 -0.6737294300170557 -0.6762526602093991 2.7837349752436413 0.6252240400126517 289 302 260 
-0.2656855725024985 3.0663628376890846 1.0533443410671022 -0.6723267944234874 -0.7279860176158689 2.867407244384701 0.648229877912131 261 301 
-0.03436823057622048 2.8095608185480017 1.027639932545836 -0.6872598250838444 -0.34594750261969387 2.5735025147231974 0.4647627553319644 321 304 266 306 
-0.081128891288847 2.8538704720947337 1.0287961303560131 -0.6852354124314229 -0.4246946143977641 2.6388231645078357 0.487093901120454 317 290 303 
0.04047859490366418 2.7705760056019124 1.019752463652016 -0.6909134489559131 -0.16662617702931662 2.4630304690472853 0.43595426282615507 319 306 264 293 
0.0015150235340221979 2.7886705360242967 1.0232265626057406 -0.6892113960706197 -0.2598556540647816 2.514660786773652 0.44765327912153136 305 320 303 265 
0.23409019344339643 2.7325359304494885 1.0232503516988718 -0.6891472464171845 0.3494182427134427 2.381008015804855 0.44344365274695297 309 324 294 269 
0.3336470449379125 2.7568280604083437 1.0345860518026795 -0.6864334820759307 0.547249424604703 2.4410529137924772 0.47451471649256516 309 271 311 
0.27886505817692614 2.7371696833873256 1.0295358281365392 -0.6872029256718766 0.4499927642115451 2.4053102231459014 0.45692930597076215 326 307 272 308 
0.455726235073531 2.8183463271485354 1.0530283544601944 -0.6874751167882054 0.7264682140899865 2.537015050461845 0.5173242507220308 327 311 295 
0.3871373235631733 2.7842394193128195 1.0402956921294142 -0.6872106218640782 0.6419959320828534 2.4839129303284473 0.4963018265866839 308 296 310 
0.6862922693678815 2.976311353979478 1.080170045556332 -0.6931284143041887 1.0146567541220366 2.6261577852750246 0.6136981874969372 273 313 297 
0.7782480526144211 3.0428116120259867 1.0895343059405624 -0.6933901978324116 1.0981041255435333 2.6881189422853398 0.6270044894989603 312 275 
1.4635460895085728 3.576330846857384 1.0284385745652518 -0.6961258861652153 1.7635869308566243 3.189315697628287 0.5899324326520876 280 316 315 
1.4059100531571542 3.5265084956602917 1.0382915311889593 -0.6971100856477788 1.6878408474055184 3.1296302117903183 0.6023256040355848 281 314 
1.5129718726014352 3.625519092177762 1.0176086276634313 -0.695921782313796 1.8418825578009488 3.2562312376733025 0.5773147175774593 284 300 314 
-0.11346561758258905 2.890461212462073 1.0310140610354077 -0.6850719669654805 -0.49754291798923767 2.7055752078388102 0.5149914597608732 288 304 
0.08494459061018975 2.756464202182366 1.0161610541333206 -0.6921581275212622 -0.03912077288137157 2.5263873194766164 0.3865743843756676 293 323 319 
0.04245208742917452 2.7736365646490473 1.01799245719518 -0.69135022699638 -0.13033633604406758 2.566793596258147 0.3939162984847737 320 305 318 
0.00472708574148492 2.7910022294114047 1.0214623188935068 -0.6898351410153892 -0.2205241483547946 2.619638996944424 0.4075873773748297 321 306 319 
-0.028657220531675378 2.8153960641377074 1.0245118156468256 -0.689637339334972 -0.29924488172680425 2.674866777004313 0.4261268335237535 303 320 
0.1617575982612906 2.73863094389076 1.0158229306548434 -0.6922212664959593 0.15590070752944463 2.481365083200204 0.38711746778027933 325 323 291 
0.12469974493631297 2.74473118975125 1.015618772131372 -0.6924353682200698 0.05534382486356884 2.499394553277006 0.38417810003324465 322 318 292 
0.23472585236170318 2.7334627726769405 1.0230113052887546 -0.6892933207068427 0.3517957461854938 2.491329576382638 0.40641875113515086 326 325 307 
0.19344629096007665 2.736639965932068 1.0172206989371344 -0.691521388741873 0.25753384923213357 2.478190435220225 0.39489258135732186 324 322 294 
0.2796681914846317 2.7345631450539285 1.031259454000551 -0.6870586392360809 0.438879464656198 2.5136860114892565 0.4219904579921919 309 324 
0.5321782260425223 2.858064206505907 1.0711058201017178 -0.6891102964202357 0.8020587587334399 2.5913411694560207 0.5370268048617338 310 298 
