20 21 22 23 25 26 38 39 40 41 43 47 48 49 50 51 52 53 54 55 56 57 58 59 60 61 62 63 64 65 66 67 68 69 70 71 72 73 74 75 76 79 80 81 82 83 84 85 86 87 88 89 90 91 92 93 94 95 96 97 98 99 100 101 102 103 104 105 107 108 110 111 112 113 114 115 116 117 118 119 120 121 122 123 124 125 126 127 128 129 130 131 132 133 134 135 136 137 138 139 140 141 142 143 145 146 147 148 149 150 151 152 153 154 155 156 157 158 159 160 161 162 163 164 165 166 167 168 169 170 171 172 173 175 176 177 178 179 180 181 182 183 184 185 186 187 188 189 190 191 192 193 194 195 196 197 198 199 200 201 202 203 204 205 207 208 210 211 212 213 214 215 216 217 218 219 220 221 222 223 224 225 226 227 228 229 230 231 232 233 234 235 236 237 238 239 240 241 243 244 245 246 247 248 249 250 251 252 253 254 255 256 257 258 259 260 261 262 263 264 265 266 267 268 269 270 271 274 275 276 277 278 279 280 281 282 283 284 285 286 287 288 289 290 291 292 293 294 295 296 297 298 299 300 301 302 303 304 305 306 307 308 309 310 311 312 313 314 315 318 319 320 321 322 323 324 325 326 327 328 329 330 331 332 333 334 335 336 337 338 339 340 341 342 343 344 345 346 347 348 349 350 351 352 353 354 355 356 359 360 361 362 363 364 365 366 367 368 369 370 371 372 373 374 375 376 377 378 379 380 381 382 383 384 385 386 387 388 389 390 391 392 395 396 397 398 399 400 401 402 403 404 405 406 407 408 409 410 411 412 413 414 415 416 417 418 419 420 421 422 423 425 426 427 428 429 430 431 432 433 434 435 436 437 438 439 440 441 442 443 444 445 446 447 448 449 450 451 452 453 454 458 459 460 461 462 463 464 465 466 467 468 469 475 476 477 478 479 480 481 482 483 486 487 488 489 490 491 492 493 499 501 502 503 504 505 506 507 511 512 525 
-0.14466518600245282 0.2709625617596201 0.8232534609820055 -0.8599558777327759 0.045627904984777416 0.95770730695115 1.3252119480738596 20 18 
-0.2473892477743073 0.22437498978252243 0.8231645125323324 -0.9284167201837621 0.13424848287063182 0.9941778251612154 1.2823495553962099 2 20 
-0.4348533704401358 0.3278709260258055 0.8867992487302687 -0.9294220525688073 0.1803915682287382 0.9592637655899232 1.272773521581047 3 22 1 
-0.6567573268895626 0.7177925333601718 1.156394281336321 -0.8731048049480419 0.19863634916459993 0.9135626225121259 1.2328488745129929 24 23 2 
-0.7127999228230071 0.8648456856117596 1.2373493992724565 -0.8828296587525035 0.11409232149171289 0.7699582840213485 0.9398451944991969 5 52 6 
-0.7690988192912485 0.788524283075687 1.0991284323406807 -0.8949844752076782 0.08222889329347584 0.7353437677058567 0.8578521370154325 8 53 4 
-0.6863333835326593 0.8945417859771967 1.2942358918307313 -0.8757321777229329 0.14394786951289998 0.7992607973331172 1.0186020125419757 54 7 4 
-0.6421871346769467 0.972031251750339 1.375840144677963 -0.8674905695517474 0.17088062661793535 0.8313291093526658 1.0951372177911103 6 26 24 
-0.8115353708138622 0.693140591861584 0.9743339202277782 -0.9038237286025534 0.05422048360335456 0.6903664491300097 0.7763169998263196 58 5 9 
-0.8376624559578759 0.5639677285386304 0.8358294571155667 -0.9060198120950335 0.03603969932000674 0.6374461539848797 0.6965114925602567 27 56 8 
0.05544949348883425 -0.44701177857765756 -0.2954744313188726 -0.8949934548273603 0.4297743175706686 0.17684077519518124 0.20893026978353804 11 65 12 
0.20644290253847328 -0.4927515915546813 -0.33539311697492863 -0.8893310216752647 0.5132686057420252 0.14111834581952754 0.19793098635685571 66 10 35 
-0.10548926118793414 -0.38698949262512355 -0.23524048761422653 -0.8983305572106698 0.3465797010340692 0.21772333668079102 0.22517228396023933 67 13 10 
-0.2769093678929316 -0.3050212486766202 -0.14988671396355013 -0.9016515021494889 0.2665815982619299 0.26445573325879396 0.25030937897139716 12 64 32 
0.06361937758549036 -0.12363434101264437 0.18498117220172583 -0.9087809269191355 0.9890993615066015 -0.09332358931488548 0.08654111448399635 41 16 15 
0.1985427945208225 -0.04601348963965262 0.39419582261096964 -0.8224024975326663 0.9610780734887607 -0.12198270972760974 0.028353500512074185 42 14 
0.15992935678878234 -0.36440771502209734 0.031349586928429894 -0.8571900715849073 0.9690189286551762 -0.06041841214714124 0.14059924439737564 14 40 37 
0.21124869511450364 -0.12697926945469515 0.41062387408107204 -0.8108671889051531 0.8520606684435921 -0.29618263638936265 0.050175713051321166 43 44 
-0.13041795732477912 0.2809636928238509 0.8152296647480526 -0.8553789857505679 0.0038072337415768786 0.8964076937517659 1.3793393446810676 21 19 0 
-0.14579155251423956 0.2429820056902421 0.8552155944701038 -0.852423575385514 -0.05568084065196452 0.8294305520053816 1.427644869201496 18 47 45 
-0.27945102685555917 0.30339877256584386 0.769044483620701 -0.9223427492201518 0.11040730735113592 0.9318147605816591 1.3625908507536182 0 1 22 21 
-0.24696422546058902 0.3009375080839241 0.7762921123645028 -0.9052420692158845 0.06908773786740885 0.8611894702161499 1.4358152221431093 48 47 18 20 
-0.3984101562059875 0.376150172855234 0.7730649249894034 -0.9418008406882515 0.16761246542175143 0.8889387842503423 1.3629285447505861 2 23 48 20 
-0.6523026389894316 0.7275604196696619 1.1076543079369612 -0.8780469015963066 0.19543177511527712 0.8363688649975413 1.3227080412771097 49 22 3 25 
-0.655429062770445 0.8966191781416644 1.3246602015590998 -0.8596237210163169 0.19193975285036682 0.8696209610846759 1.1690774623126603 25 3 7 
-0.6574406622196807 0.8974898457093398 1.305271739948065 -0.8604002879471565 0.19259826384212386 0.7892650191292325 1.2576173230124714 26 50 23 24 
-0.6407871699372382 0.9708560363889004 1.3823645695665598 -0.8669542043715716 0.17481310309916634 0.7505816780540103 1.1807791409303479 54 51 25 7 
-0.8409275604053903 0.43030676636722637 0.6895564449253228 -0.9066602190106572 0.03032953106150339 0.5823063914752256 0.6161604452548953 9 28 57 
-0.8198434020015943 0.2950065929286829 0.5279705386397475 -0.9090951532765221 0.036174799259588136 0.5293352538985058 0.5363586560076131 29 59 27 
-0.7645555199793432 0.15859415454794995 0.3691909898603438 -0.9070730113953294 0.05651950176720148 0.47580456023222495 0.46010511090103934 30 60 28 
-0.6796876241956943 0.029073132952944256 0.21861795924874025 -0.9041930970538457 0.09361048464159367 0.41856484430027185 0.3906544683065344 61 29 31 
-0.5642352414431322 -0.09958985694167669 0.07594477971001733 -0.9038740172156335 0.14134621101391118 0.36405580771570467 0.331847940660723 62 30 32 
-0.43428818685596804 -0.20815331418392555 -0.04220183466870728 -0.9040906802657007 0.1978672333830017 0.3133053378569563 0.28623114998179994 63 31 13 
0.4625800988351561 -0.548088558377298 -0.3787653148722433 -0.8729433542997513 0.6822789482943978 0.06373843750899551 0.20056186348660374 35 34 68 
0.545896637260795 -0.5638962939633324 -0.38293932038246026 -0.8617705122787741 0.7634178574406579 0.027374974119874947 0.2012186213705772 36 69 33 
0.35026796146077677 -0.5237616824923771 -0.3666536993332808 -0.8822250575851711 0.5986785629120859 0.10366915876305363 0.19598779499004249 70 11 33 
0.55088812633828 -0.5693277284935795 -0.3738183878395628 -0.8566856307086707 0.8417701708646352 -0.0033852664732144325 0.1927998640672009 37 38 34 
0.556591670519418 -0.5720895036814303 -0.3676189935613677 -0.8514660503999056 0.9130514207606006 -0.032267052832669306 0.17507925562319893 16 39 36 
0.5536713946304349 -0.5682279628776846 -0.37732445811103105 -0.8575930851450624 0.8610146222304107 -0.09882472667361347 0.26363300761825187 71 69 36 39 
0.5549467768539699 -0.5605421628657997 -0.37914475694701033 -0.8547524329497824 0.9326031719937111 -0.13084717488120456 0.24378838824287508 40 72 38 37 
0.1383535072920589 -0.3531939806997642 0.07179968740851092 -0.8661385910398987 0.9868395704498175 -0.16349355432026208 0.20550933907641517 39 16 41 74 
0.09694266345543637 -0.26687926058425376 0.2995622064667417 -0.8847327623351228 0.9990979199099916 -0.19440610858894142 0.14268843742490955 75 40 14 42 
0.20801476709042238 -0.19811051748669178 0.4633462759455013 -0.8197073688374972 0.9593836782766342 -0.21076005176031454 0.07336528582869817 15 43 41 
0.21018973834482974 -0.1341349689341567 0.41333143336901 -0.8110161828163667 0.9361585039888207 -0.3134828800252407 0.11587711302856352 76 75 42 17 
0.21163064690111377 -0.19698370319060332 0.45488989520275724 -0.8047020858288186 0.8152471146994713 -0.39236255134098075 0.07861926146566456 77 76 17 
-0.15124895142318115 0.2271872752569375 0.8706494881671721 -0.8506607783498338 -0.12809704847896075 0.7715511359039959 1.4584483351944195 19 79 46 
-0.21075515152496313 0.2020787512546454 0.8814528574459671 -0.8612104291527735 -0.20162421360938612 0.7308954014815072 1.4698272347723895 45 107 78 
-0.2176237713585586 0.25331170843394185 0.8299577252862833 -0.8813920023185126 0.010995175569905629 0.7863448415266066 1.498570090473519 80 79 19 21 
-0.3801222522028659 0.3580021504971211 0.7781422865807436 -0.9358147335205551 0.13540928522906792 0.8107078171491316 1.45086205654135 22 49 80 21 
-0.63669442956889 0.6789503841903568 1.0439574797907396 -0.8894409793949779 0.1740942714671604 0.7511766358573558 1.4152338063207295 50 81 48 23 
-0.658683678661608 0.886225865401078 1.2686334489276208 -0.8615310225054194 0.17682374225832248 0.7006535143324317 1.3476939965574755 82 49 25 51 
-0.640347816494958 0.9707366958531 1.3850991994571502 -0.8666045626639962 0.1622427231045407 0.6616515790636207 1.2668549692257352 26 55 83 50 
-0.7122101738944586 0.8651428475410565 1.240019516721104 -0.8829427212077414 0.12439530829353923 0.68912716102535 1.0108749063544813 54 4 53 84 
-0.7661562003755582 0.7767802564392889 1.10992056781157 -0.8924995466630913 0.0984365480561823 0.6563038814303532 0.9243586441318553 58 85 52 5 
-0.6838228026292436 0.9033472456684188 1.2978928883582466 -0.8757500594811419 0.15070997131454378 0.7185147300490538 1.0972872999403918 26 6 52 55 
-0.682617201068028 0.9089058054085133 1.2974703827244158 -0.8760465252517439 0.14104779648760452 0.6302669699586763 1.17700250575136 84 86 51 54 
-0.8339596096340814 0.5576870576705852 0.8456218510914303 -0.9032791625760603 0.061157206848297715 0.5754845498015415 0.7538302266308701 58 9 57 88 
-0.8401827216790062 0.43126682126399707 0.6946423012378272 -0.9060237077131357 0.05665099704311438 0.5289770080435214 0.6709679954234721 59 89 56 27 
-0.8073012563686548 0.6797600040392013 0.9856061458248929 -0.9001443173852175 0.07617166436729611 0.6179811643725537 0.8385699311508938 90 53 8 56 
-0.8187342234747974 0.2941214991689206 0.5339540887454949 -0.9077291568724852 0.06455120474410761 0.4794588243895469 0.5909225903209008 28 60 91 57 
-0.765422443498117 0.16040052623940962 0.3743873619028625 -0.9065191913175225 0.08575758898489617 0.4281981433737827 0.5161653317628603 61 121 59 29 
-0.6814530919187872 0.03161564570081818 0.2202028872107177 -0.9044790882569619 0.12027103294749367 0.3747833520679153 0.44944765891265154 60 30 62 125 
-0.5644205443164345 -0.09887091016016931 0.0747091696477549 -0.9041980084560841 0.16654325182604407 0.3211366932130414 0.392335312366271 31 63 126 61 
-0.43307579851235406 -0.20875064653624795 -0.04324798170335456 -0.9039744111973864 0.22355425918233013 0.26721554330594344 0.34789332158275893 94 62 32 64 
-0.27475206930403806 -0.3063238002971434 -0.15063299783001158 -0.9014664137928113 0.29080748454002553 0.21426213935500343 0.31435767053188346 67 92 63 13 
0.0590488318126149 -0.45051380463437285 -0.2935631157150366 -0.8943702837195316 0.44687343699638626 0.11456842128871188 0.27820588374525196 95 67 10 66 
0.21131845604981353 -0.49661821935364464 -0.3337258871634893 -0.8888219211947623 0.5303080997491163 0.06852819085724171 0.27166706991900946 11 70 96 65 
-0.10251278158974603 -0.3894290517930137 -0.2343376739515566 -0.8977362842547945 0.36616717498434864 0.16316123425504747 0.2914604309469045 65 93 64 12 
0.4705476330176376 -0.5531542409387676 -0.37618310756957996 -0.8718997094241518 0.6982484562170876 -0.023208968719358923 0.27449252727015905 97 70 33 69 
0.5504735982383123 -0.5679756447665097 -0.38084888891715585 -0.8611707984841972 0.7813410452196834 -0.06422809734841689 0.27326679088710687 38 73 68 34 
0.35500029479121276 -0.5306939725900124 -0.36109610633844125 -0.8810547775982747 0.6142890263724551 0.022436717521144074 0.271777087488461 98 66 35 68 
0.552760218854747 -0.5713119974350733 -0.3752488600809195 -0.857627618257076 0.8654742108838096 -0.20426483358066208 0.33076251632840825 72 101 73 38 
0.5379933055801792 -0.5531193454478291 -0.3725724149681254 -0.854775885076249 0.9368020846791352 -0.2407820386892859 0.30964550352614095 39 74 102 71 
0.5513266170000207 -0.5725306985127074 -0.3772524072401472 -0.860202189998434 0.785220066819133 -0.16550151246611544 0.3404276179791633 100 97 69 71 
0.12041042352235062 -0.2651388839392805 0.07345526751453552 -0.8755116782951934 0.9871081133411965 -0.27870121736022213 0.2656384428283375 40 75 103 72 
0.11335708948752954 -0.17005828861617853 0.27550490465245997 -0.8714470324979218 0.9887613117020158 -0.3075197324400425 0.1940412293814052 104 74 41 43 
0.21507396675265214 -0.20731915386420238 0.4651776012457385 -0.8021662814166088 0.8995337560191035 -0.4206675443193226 0.15228118150974226 105 104 43 44 
0.22140641998655788 -0.17651350583215197 0.44696184268272965 -0.8019778193751071 0.7765658641414532 -0.49225398442159535 0.09647521897468317 106 105 44 
-0.09650955414302279 0.20723176794732315 0.9031610034227043 -0.8404946150540098 -0.26456729986669325 0.7059925559571535 1.47495123125769 46 108 
-0.19424152424637595 0.23015280961288592 0.859617564681837 -0.8639835122450791 -0.06330260374725186 0.7123966912149261 1.549177565984424 110 107 45 47 
-0.3754512621655894 0.3013533852234947 0.8253252995275037 -0.9233220416527208 0.08252405444021962 0.7269733791618455 1.5314870134819258 81 110 47 48 
-0.6065761836686756 0.6212762458317854 0.9686983902748774 -0.9041998895767255 0.13113590381679732 0.66000504904726 1.5061277318183428 112 80 49 82 
-0.6585513979214026 0.885694070564308 1.2593508797553525 -0.8629932820117848 0.14149376918149234 0.6046833011523218 1.436501972316537 50 83 113 81 
-0.6414531563657655 0.9689923456404468 1.386345408186802 -0.8667625668961081 0.13027564501245228 0.5655462857831115 1.3493730020080383 51 86 114 82 
-0.7128630651559839 0.8660358466298762 1.2384172861703653 -0.8835092092304819 0.11823415650088129 0.6033425767523068 1.0832011019275332 52 85 87 55 
-0.7657613602014035 0.7764583070386751 1.113246371220617 -0.8925251216500132 0.09641636975783549 0.5753060266555325 0.9902664363317439 53 90 115 84 
-0.6790831900994697 0.9183704003891437 1.2928157832322666 -0.8759465546906536 0.11275981280473485 0.5372912232399458 1.252812839999293 87 118 83 55 
-0.7081470968154032 0.8809108372382102 1.2275105742318004 -0.8833365968757069 0.09467622999782122 0.5159171794157155 1.152054174396167 115 116 86 84 
-0.8329943188324841 0.5789244976836683 0.8418050210994884 -0.9032780824131412 0.06639851872480207 0.5083155348009519 0.8108327530388366 56 89 120 90 
-0.8420443595872087 0.46028093323950026 0.6849633848337496 -0.9072082561818378 0.06372990525590785 0.468117506106328 0.7251584962763011 91 124 88 57 
-0.8057965080839911 0.6862088227273335 0.9862465571801673 -0.899567778262996 0.0781799524285835 0.543585926551911 0.8994803067595913 85 58 88 119 
-0.822888049627669 0.32891578778148567 0.5177985584915827 -0.9090845860760777 0.07238765478405493 0.42286036090152634 0.6434015452944742 59 121 122 89 
-0.26533766863290703 -0.2784584019748807 -0.1868142849356621 -0.9027696367437391 0.29637160492098713 0.1534860524117867 0.370554641373427 129 94 64 93 
-0.08852807649608133 -0.3659997993045544 -0.2655388510477865 -0.8983039613268311 0.3702248354179757 0.09724439619895991 0.3499606784232634 92 67 95 130 
-0.4281500389278236 -0.17651443059457506 -0.0827857874801422 -0.9056402052852006 0.2299476271806758 0.2108680537032307 0.4020952435117836 131 126 63 92 
0.07420290872074953 -0.43320023964178467 -0.3166003219207036 -0.8945837386817946 0.4496177876089952 0.04195456755741749 0.339101769498532 65 96 132 93 
0.2258529366241782 -0.48626512674591965 -0.3486144387868077 -0.8890587952839607 0.532528479030846 -0.012142072635770005 0.335466702370527 98 133 95 66 
0.4752558569554863 -0.5571821999841543 -0.3739586598937601 -0.8709982227142776 0.7010971522634528 -0.11876774791168883 0.341139307493646 99 98 68 73 
0.3652756131791034 -0.5288366659244631 -0.36590936661988843 -0.8807285845069096 0.6165051833660828 -0.0660799202556384 0.3374791765883297 134 96 70 97 
0.48270251476940335 -0.5540668630000282 -0.37665019738711086 -0.8700259689256976 0.687363860320422 -0.2198517216386231 0.3991110353007747 135 134 97 100 
0.5512379795629898 -0.5753129526177484 -0.37468695129431184 -0.8590841069023447 0.7713009459388456 -0.2743796278600159 0.4006989272539292 136 99 73 101 
0.5520711471402685 -0.5756737340072784 -0.3727142708105922 -0.8572673769194664 0.8517872304967237 -0.31895158089808456 0.3922930743308087 139 100 71 102 
0.5035369737629094 -0.5435489466190239 -0.3528916416056449 -0.8528413539965382 0.9224121486411385 -0.36087689814013457 0.3697984284093715 103 140 101 72 
0.08562199034874278 -0.3257736247477054 0.15372358119150262 -0.8880567499413056 0.9662047644672006 -0.40275843777564413 0.3183758413230107 104 141 102 74 
0.10876513604863595 -0.2560635588119498 0.3399011997196465 -0.8639880430148342 0.9574887859459131 -0.4268180098693328 0.23787543828587865 103 75 76 142 
0.23299090959577287 -0.1766510162108874 0.45809803636774343 -0.7962724694955406 0.8524142176774162 -0.5294806198127919 0.1777089965955889 143 142 76 77 
0.20421879447119237 -0.19997030916614597 0.4433336807689359 -0.8016714720781702 0.7355027765175571 -0.5913702174412777 0.10284153681838751 144 143 77 
-0.2117135419485658 0.20109467989742155 0.8850781754129496 -0.8589162580468636 -0.15020084723183483 0.6416560969953183 1.587742642500269 79 111 108 46 
-0.1037141032519515 0.20743892042000459 0.9008752583385251 -0.8417600676260253 -0.24196177786710124 0.6109009326110055 1.5916099809120166 78 107 175 109 
-0.19113241925255622 0.24765053686627023 0.8534517224248175 -0.8592213979349033 -0.3266817329571088 0.6206104457768048 1.5655528655268514 173 108 
-0.3226604663980173 0.28156686723358765 0.8341695724162203 -0.8994878922459482 0.007765869526936482 0.6391707274926289 1.6021052725323024 112 111 79 80 
-0.2780836686990538 0.24320347488229474 0.8595635381286801 -0.8761215361339434 -0.08558379272775299 0.5441887670815395 1.6625280881908762 110 145 176 107 
-0.5779349802333263 0.5960930506248475 0.92001711570541 -0.914258513350612 0.06513104374693704 0.564868982598069 1.5888382575223523 110 81 113 145 
-0.6580436269460203 0.8901317729135518 1.2536932077974967 -0.865783198827494 0.08549168452216052 0.5061344944779267 1.5181388911222184 146 112 82 114 
-0.644242229379045 0.9630742326369673 1.3886329854486927 -0.8660826769211775 0.07882448530313198 0.468858667546559 1.4238991400748784 118 147 113 83 
-0.7547331264160465 0.8115869856037402 1.1043423618160952 -0.891954430459331 0.07735424808980304 0.49379825311343617 1.0528265125925245 119 117 87 85 
-0.7023767347049596 0.8941522017411555 1.2201804923915869 -0.8841644388014444 0.05301902040376891 0.4287521600277947 1.2131842962473707 117 148 118 87 
-0.7368091741886266 0.8507483916502502 1.0997432587345717 -0.8925573426561907 0.04091194027091359 0.411987817530237 1.108615249807062 151 149 116 115 
-0.6779035001646767 0.9217095954015401 1.2894991979390809 -0.8764578154910114 0.06583652698342764 0.44496083500208294 1.3202075156109805 150 114 86 116 
-0.79208129273385 0.7374357180884507 0.97203491429611 -0.898014472086604 0.06306542547819927 0.46793284855268963 0.9571311634789488 120 151 115 90 
-0.8189275453291633 0.6471458690316102 0.8213472766326648 -0.9011299895788084 0.05486597627864856 0.43891381732565177 0.864398526301395 152 119 88 124 
-0.7717647806150706 0.19939354984348723 0.3525526980372233 -0.9085528832497578 0.09348745279514073 0.3742948241871814 0.5680182007802953 91 60 125 123 
-0.8128503509158816 0.4179028898924664 0.47598804876283396 -0.9063630760400962 0.0645892642156232 0.3639055103017055 0.6905116429355461 154 124 91 123 
-0.7625798964288578 0.2937991813238403 0.3010107031755779 -0.905890299643256 0.08604399016825634 0.3179228280341734 0.6133839321858909 122 121 127 155 
-0.8303303362561342 0.5397600118538841 0.653270977434469 -0.9052129716376551 0.0546753694502157 0.40449168181558187 0.7751794432933237 122 156 120 89 
-0.6868272032571263 0.0701210865533629 0.18976864929372056 -0.9072006633064753 0.12720188310499425 0.32211710481232936 0.5018312690983929 126 127 121 61 
-0.5647193971629173 -0.06385306814139416 0.03686703635944317 -0.9066749151354618 0.1730890258490868 0.26767576367065204 0.4457015543357018 125 62 94 128 
-0.6746361279912895 0.16160566206402543 0.12715193418119805 -0.9051164055303675 0.11954268445706029 0.2661394557628808 0.5463950669130945 128 157 123 125 
-0.5446778732341132 0.0193073497457552 -0.03324696802945943 -0.9042221638349476 0.16516078057750663 0.21055360352604569 0.49030861969121514 131 158 127 126 
-0.23399975770140746 -0.2165129603287774 -0.24645872821509618 -0.9001070475253196 0.2867449075970337 0.08833908823258324 0.41787062260868674 159 131 92 130 
-0.053699866769119774 -0.31664214472006774 -0.3139019671939752 -0.8959443500674541 0.35947996881070376 0.026349829503598786 0.39925622650910336 93 132 160 129 
-0.4007496575715368 -0.10351411343103073 -0.1510559041502089 -0.9024801523347775 0.2213786283458039 0.15069957428396763 0.44759488791461743 129 161 128 94 
0.10757554574864206 -0.3960595667796152 -0.3517828934473189 -0.8923238348867074 0.43783175090750187 -0.035473852111704895 0.3903871470552914 162 130 95 133 
0.25428085180489274 -0.46174733455380235 -0.3715776463306793 -0.8875585394820694 0.5201717561634392 -0.09654710836534641 0.3887627529077948 96 134 138 132 
0.38567857803296685 -0.5164446815591585 -0.3775468287410802 -0.8794467641881721 0.6035649391630431 -0.15834541630824336 0.39289640864854036 98 99 137 133 
0.49384824962802226 -0.5473334561925143 -0.3797767144259599 -0.8682903081848972 0.654783836631822 -0.3221190985123532 0.44604823165561774 166 137 99 136 
0.5526022424481704 -0.5742201381010217 -0.3745075058252178 -0.8582380551128267 0.7365857884266668 -0.3864288977470812 0.4506174946708967 139 167 135 100 
0.4082509358389425 -0.5044224484169937 -0.38508776936676714 -0.8772428356753735 0.5742378763839158 -0.2511509032740453 0.4372675244819356 164 138 134 135 
0.2855663522084207 -0.43930556437319557 -0.387063552446865 -0.8853852772259655 0.49316196269570434 -0.1814117947589073 0.43109801973901574 133 137 163 162 
0.552459617091727 -0.5746557541451303 -0.3736083265340525 -0.8577543507243751 0.8165220706144266 -0.4395520759194026 0.44472182690902934 168 136 101 140 
0.4801459649646668 -0.5174012751720718 -0.3484818702069898 -0.8579626057113474 0.886434877356123 -0.48809076955691405 0.4208573931828715 141 169 139 102 
0.12142829955609742 -0.20541619942067263 0.1415958537218833 -0.8829817231340955 0.9239356870613781 -0.5307612022399506 0.36082602252212725 142 170 140 103 
0.16342285623429478 -0.16791780531779044 0.342170615397175 -0.8399102395606416 0.9082496917172026 -0.5464540835970428 0.270403548550739 171 141 104 105 
0.21717276684375575 -0.20086214754044213 0.457346069590237 -0.795825264103714 0.7968290186010228 -0.6356366448892351 0.19114112509496034 172 171 105 106 
0.14854174138620482 -0.2876914730798905 0.44120991051971803 -0.7908130840678618 0.6888715515276539 -0.6892611097997678 0.09966193957084925 206 172 106 
-0.5738951810068661 0.5931334872544903 0.9059199012032866 -0.9220728479115904 -0.020792810893448817 0.4645245275669835 1.6567072543155512 112 146 177 111 
-0.6718015612172167 0.877525498835628 1.266613710016409 -0.8667510706852306 0.008018932097867311 0.40508358074970124 1.584380831544554 147 178 145 113 
-0.6567628741293144 0.9433712184655811 1.396757412619919 -0.8638561549920343 0.006914648815505893 0.3730073228807885 1.4843171878067358 146 114 150 179 
-0.7033475727116524 0.8930445286731844 1.2235268350020714 -0.8840602096051031 -0.0068156003270800495 0.34276940279273954 1.2636488802519854 180 150 116 149 
-0.7270088163910312 0.8656804735635799 1.1043297608398013 -0.8923799482452693 -0.012607103165870465 0.33121140489228684 1.1544509742830211 117 153 181 148 
-0.6847565599419746 0.9117486208260972 1.2873453085187616 -0.8763807446350096 9.033102174556794e-05 0.35469605315450875 1.3752951610590325 118 148 182 147 
-0.7673628494206107 0.7947947421944981 0.9622181490440654 -0.897261650172442 0.03161533450866402 0.3920344538335513 1.0084299357281448 152 153 117 119 
-0.790268589375098 0.721596135512141 0.8052087266248473 -0.899173977325925 0.027991369341714492 0.3691390449053732 0.9115474954736018 120 156 183 151 
-0.7474459442957447 0.8265013180002679 0.9637634316043325 -0.8963607761639414 -0.01492918230805985 0.3180869453975248 1.0498278765565048 183 184 149 151 
-0.7829197117552031 0.5144737310654103 0.43947771166341065 -0.903056908395226 0.04341309085568515 0.3042600129848366 0.7306948313310202 122 155 186 156 
-0.7325354315759263 0.39490101221328444 0.2562718372042834 -0.9028409202548808 0.06592688323642666 0.26090574155785906 0.6511831989547662 123 157 187 154 
-0.8007197218358403 0.6264660547668344 0.6251757230813498 -0.9027172039163616 0.03132148596747131 0.3404005028530431 0.818516363444858 154 188 152 124 
-0.6421322864466233 0.259411129214981 0.07356144646532072 -0.9027084902245104 0.09963798938048404 0.2097956789634441 0.5825347734198992 193 155 127 158 
-0.5058931763896026 0.10894881914112997 -0.09251709560323862 -0.9014282277950392 0.14499493187109055 0.15309573281377623 0.5259639648480282 161 191 157 128 
-0.18881512679372883 -0.15070139976115224 -0.2954336669538789 -0.8968701249290573 0.26403211271524113 0.0227245361750072 0.45521222281315543 194 161 129 160 
-0.009632468241230244 -0.266592336602706 -0.3516859179968702 -0.8934676375827826 0.3351346850171131 -0.04514895519100752 0.43822648447718493 159 130 162 195 
-0.35594168446586427 -0.025185417545298648 -0.20862235435461113 -0.8987310469351993 0.20018266974805127 0.09008743341069295 0.48375602303385445 159 192 158 131 
0.1468995677151037 -0.36080612389028766 -0.3773662232864061 -0.889677916732696 0.4120560058477511 -0.11353740962526866 0.4310304340323875 138 165 160 132 
0.3082195105513843 -0.42989320037732165 -0.39269773538656627 -0.8841125438648124 0.45118686062106816 -0.263629361846674 0.461672160051652 138 164 196 165 
0.4170556400691 -0.5090095353127091 -0.38468344813455563 -0.8765355502513519 0.5286126723063589 -0.3409701917732304 0.4691697489560691 166 197 163 137 
0.1829964642609786 -0.3354172501719426 -0.391027740224364 -0.8876656001036269 0.3731234300188447 -0.18868039583979518 0.4600100923070177 198 195 162 163 
0.48971030159844914 -0.560479448849942 -0.3757264909067841 -0.8677560558719507 0.6039107366220506 -0.4208236844376926 0.47939242543399474 200 164 135 167 
0.5440335349955233 -0.5980939925127091 -0.3672629029254213 -0.8569958940101459 0.6806640227255129 -0.4959594049609207 0.48651963528537806 136 168 201 166 
0.5427291091698359 -0.6030180520088569 -0.36582911641458765 -0.8563268148370302 0.7578583286728171 -0.5601389299502879 0.4838117393914424 169 202 167 139 
0.44267869159723283 -0.5270451948748772 -0.33363488874082914 -0.8623856795532744 0.8276086563631444 -0.6163710203214772 0.4594437792108839 170 203 168 140 
0.11638991331184954 -0.20971154273962797 0.1683932638966608 -0.8787478777963098 0.8629129076182451 -0.6567037473742345 0.39124030500646895 141 171 204 169 
0.16942119056061838 -0.18822209065114043 0.36927878703442835 -0.825830947346679 0.8459073143520737 -0.6615092566079791 0.29101835848118984 170 142 143 205 
0.15515725235427627 -0.28290180882923815 0.44595959387966044 -0.7907121733397692 0.735237251227459 -0.7349274649828829 0.19628857694510163 207 205 143 144 
-0.19692873245468967 0.17093490896723132 0.9089585874685329 -0.8349548818962426 -0.3618071600362234 0.5327784389131547 1.6299706090708146 175 208 174 109 
-0.2244902495731106 0.20643072087001166 0.8795470413345322 -0.8431450341453919 -0.4391797899576823 0.5728508819055226 1.588211733556133 173 209 
-0.12185858614298137 0.15205944249733072 0.9370583969820526 -0.8298024650664076 -0.2724370155146039 0.4937650794459295 1.6738165731305645 176 210 173 108 
-0.2376612396703095 0.25455297160836304 0.8617317542809466 -0.8645459115903956 -0.18692092127786533 0.4364506585439594 1.71500959152039 177 211 175 111 
-0.5833571874792532 0.6169020584531725 0.9085764904392232 -0.9294420271728643 -0.12265143414294888 0.35908418824112126 1.705989290652242 176 145 178 212 
-0.708142019533828 0.846531603179032 1.2953600382737294 -0.8651392789692064 -0.09113552689097854 0.30285101416201665 1.629061614569458 146 179 213 177 
-0.7047569978217387 0.8969763164852327 1.4293872765693634 -0.8642882021390668 -0.08613548610804977 0.27819828438504907 1.524931460393659 182 214 178 147 
-0.7208211663871238 0.8771201809577911 1.2357025725285433 -0.8857406491336031 -0.08528301217605279 0.2591478337286927 1.298907885950024 216 182 148 181 
-0.7331272800349417 0.8611353390641756 1.112080879529947 -0.8934700132513056 -0.08188998344225056 0.25421673889089347 1.1866546144976813 180 149 184 219 
-0.7154289996729576 0.8814179242080518 1.28853307410188 -0.8790174570780344 -0.08578304917796932 0.26603383380560264 1.4130491725573513 215 179 150 180 
-0.7608463643617004 0.7727219972317086 0.8012577205999398 -0.8977512255222022 -0.012778469293045575 0.30105130152918014 0.9492192485054738 188 185 153 152 
-0.7394520109007034 0.8374885862714091 0.9714224344086773 -0.8960460173352898 -0.07491898367230698 0.2482916876054976 1.0785746829516105 185 217 181 153 
-0.7386343984926247 0.8023309726315183 0.8057123047122847 -0.8966828486426189 -0.0657364343458713 0.23684697081787712 0.9750862873338484 189 218 184 183 
-0.7406749543649108 0.598836158820928 0.41705452508019736 -0.9007054168982211 0.0100422145425068 0.2456747859028332 0.7626207387627044 190 188 154 187 
-0.6867158542047647 0.4885816052134533 0.22601642130803662 -0.9005577243931777 0.03454537751918497 0.20539892916619773 0.6804682060424203 155 193 220 186 
-0.7638366305968172 0.6955084938164796 0.6104741167691019 -0.9009651317209243 -0.005185688195930608 0.27735284547579686 0.8531635809777057 189 183 156 186 
-0.7269903210823127 0.746288318667546 0.6071185003382468 -0.8995621780026825 -0.052611694547887264 0.2181660012199233 0.8768059116854923 223 185 188 190 
-0.6918697761778023 0.6690344731067432 0.40804419275152415 -0.8988670511772896 -0.03316156103745984 0.19108012250770195 0.7842808732976493 189 186 220 221 
-0.4512228197778592 0.19728953974774455 -0.13624646664613063 -0.8992881286774406 0.11415913230435687 0.09769926608774171 0.5522577540413053 224 193 158 192 
-0.299053292443781 0.050129432432423224 -0.2501120646679905 -0.8958519939729631 0.1682073772688177 0.031842341608106346 0.509856300328717 225 191 161 194 
-0.591770316401546 0.3552088604245812 0.03432690222910642 -0.9007639672942415 0.06901152720988393 0.15546734180032956 0.609745109070224 226 187 157 191 
-0.13620078183957335 -0.08901568249547415 -0.32906762752091884 -0.8943579830332558 0.2301817122606693 -0.040030161056468165 0.4817172381531008 230 192 159 195 
0.03598120699759406 -0.2231523638482367 -0.3755912427565975 -0.8917487223336932 0.2990544004270228 -0.11372597967774783 0.4658017016603082 160 165 199 194 
0.3248371585147661 -0.4274483129249725 -0.39412826601565826 -0.8832760333964227 0.39446105850677243 -0.3399084989022136 0.4794840462099814 233 198 163 197 
0.41736020225043174 -0.5215698636240741 -0.38336026593080974 -0.877011986470915 0.46757153464807033 -0.42424622331135864 0.4873859367994433 200 234 196 164 
0.21523514735082622 -0.31680901992565996 -0.3967993580494157 -0.8858494772207504 0.3210845261753674 -0.2578975629434159 0.47687412805109286 196 235 199 165 
0.08091319632090989 -0.18554435621108936 -0.3880904901048284 -0.8903354464451871 0.25162459556799627 -0.17677786045357338 0.4818884954727918 232 230 195 198 
0.4757866256321019 -0.5819447925373853 -0.37254395108415167 -0.8685051261718426 0.536817152877532 -0.5117971954394935 0.4976672907479258 236 197 166 201 
0.523684275039651 -0.6300803912971784 -0.3613751277524566 -0.8564252710507435 0.6058548892398253 -0.5971070724230603 0.5058456330857197 167 202 237 200 
0.5251685268657224 -0.6360549021691483 -0.3593128651132288 -0.854229233104633 0.6770022636882679 -0.6735957392866357 0.5057041927495526 238 201 168 203 
0.4216709349123915 -0.5340831317535822 -0.32907294504921014 -0.8662559619559109 0.7463887574981397 -0.7389107010272368 0.4828157440371962 204 239 202 169 
0.10153521072989502 -0.23142158709145275 0.18229401999948727 -0.8754161591353581 0.7850666762867584 -0.7759205009285103 0.4095918624389096 205 240 203 170 
0.1370688692965169 -0.25967064131353823 0.3936355369157838 -0.8104633213608488 0.7738357989346331 -0.7687846612384037 0.30215008945791605 172 241 204 171 
0.14841118595675995 -0.28483565696225815 0.43454291013372137 -0.7905040849455315 0.636705324477917 -0.7799418605307349 0.09572569272641585 144 272 207 
0.152137137386927 -0.28195619131373484 0.4358217860095055 -0.7906343175810804 0.6668996543354273 -0.8243684003225014 0.19809702907973964 271 241 172 206 
-0.21213086780017182 0.1531078202014682 0.9166739426115619 -0.8307014263503668 -0.4330445220612442 0.4449719149732928 1.662184416753236 173 210 244 209 
-0.23180667293715376 0.17300528566017626 0.8995924709619235 -0.8342673143348185 -0.49230413837131515 0.5075227134098711 1.6143395582599664 208 242 174 
-0.18789170133976058 0.140791365164624 0.9302909202757185 -0.8278948234257933 -0.3657083601626002 0.387910447437023 1.7105710140492387 211 243 208 175 
-0.25302121713226805 0.25919002628837207 0.861189023709284 -0.8647350820022758 -0.29803921786488263 0.32491236214048763 1.7496414739729673 212 245 210 176 
-0.602953933021561 0.647368736188427 0.9271344830439738 -0.9325582597428831 -0.24072896534540666 0.2538919785539752 1.7322202860012532 177 213 246 211 
-0.7393816895497464 0.8260216124875339 1.3196470015910646 -0.8624376854907678 -0.20802975962633458 0.20747445813993337 1.6491722563589093 214 247 212 178 
-0.7367735520740198 0.8746487913892963 1.4550187521698428 -0.8660501727730516 -0.1950774562826368 0.19117219847503453 1.5436298902620178 213 179 215 248 
-0.7237096844136469 0.8746648269572208 1.2916969396972107 -0.8792375775474416 -0.18753888007836728 0.1840810553770123 1.431021626939645 249 214 182 216 
-0.7247418787024028 0.8744062591907005 1.2407252115881513 -0.8859608649467591 -0.1796675860763583 0.18156309019307912 1.316105829320174 180 219 250 215 
-0.7298805672055698 0.8470046878910071 0.9786703923309467 -0.8951348137812717 -0.1477290624454942 0.18380033599700074 1.0935025354475956 251 219 184 218 
-0.7189494484467944 0.8224802464701086 0.8129141174765716 -0.8951992640189725 -0.12953678840252403 0.17824573201928007 0.9885789495151962 223 252 217 185 
-0.7310325379368361 0.8636064252633368 1.1168165108796848 -0.8932661385846887 -0.1656472948106137 0.18307826458569038 1.2028410136374488 253 216 181 217 
-0.6290112193125201 0.572165694905509 0.21054017101872902 -0.8985657452323567 -0.006189940872398764 0.1538700961563273 0.7001696341081113 226 222 190 187 
-0.643940229237783 0.721473958667618 0.4103485889323232 -0.8966821512841049 -0.08431767997446922 0.1422604164124897 0.7949103112161339 223 190 222 254 
-0.5693303658557669 0.6375622714955712 0.20939685201987102 -0.8963494260711066 -0.054460711535088746 0.10784606782580666 0.7095995909953974 255 221 220 229 
-0.692485725230742 0.7825481930319342 0.6111009250062933 -0.8976405988024386 -0.10879173052838434 0.16517529746205212 0.8887421192403339 256 218 189 221 
-0.38344845345716627 0.28068844583467384 -0.16290706231044152 -0.8975217646805059 0.07435596904342975 0.046527330903311875 0.5687458132059626 227 226 191 225 
-0.23254641755581945 0.12104242252184425 -0.27533273846155565 -0.893515492489537 0.1271190806545657 -0.021677353434418276 0.5256042207365418 192 230 228 224 
-0.5270796080700682 0.44400986458508496 0.011436626607571703 -0.89910448626155 0.029321369206138044 0.10523274938399371 0.6275310977249183 229 220 193 224 
-0.3108782544898567 0.35284898390361463 -0.17123100699414653 -0.8959626325112696 0.027498349765069832 0.0015734826577582781 0.5753334489277739 228 257 229 224 
-0.16225281404595854 0.1837096018805315 -0.28391885099001385 -0.8915348212991134 0.07831624850240712 -0.0685686354057615 0.5312094458537941 231 258 227 225 
-0.45816392630734337 0.5168195047077223 0.005596967265691971 -0.8975010790516338 -0.01739909196398926 0.06074420627923536 0.6354562320133678 227 259 222 226 
-0.07863234920470676 -0.032671441520578826 -0.34838837223211644 -0.8922996590743913 0.18639332506533132 -0.09755556154531217 0.49731874037019186 225 194 199 231 
-0.018206292117330936 0.01822166563516493 -0.35442695221911474 -0.8903962123608435 0.13400925164574634 -0.14774145679093081 0.502198141789345 230 232 260 228 
0.12686977547621786 -0.14946821462880489 -0.39118234566357235 -0.8886929503574537 0.19434105748893743 -0.23166854878694154 0.4863891903326901 235 261 231 199 
0.3472634533209867 -0.417725963326882 -0.3928358775557959 -0.8809913934778713 0.3243630776783373 -0.40734374539499896 0.4835090053204396 196 234 262 235 
0.42946734170472356 -0.520486394173247 -0.38188365587546214 -0.8753990470188614 0.3921734277614267 -0.4979819968634289 0.49102103984418666 236 263 233 197 
0.24906541944140762 -0.2966003801813418 -0.39686981553107076 -0.883376892175635 0.2575158638469572 -0.3186073067473158 0.4810610117061801 264 232 198 233 
0.48059450057299047 -0.5861019152557795 -0.37112350424331136 -0.8670481295940893 0.45518530555065706 -0.5918689364855876 0.5002388058238492 267 234 200 237 
0.5223338387164499 -0.6416854460404846 -0.3604652558052005 -0.8554395460841572 0.5155612745723035 -0.6851554687800647 0.5076240841529647 201 238 265 236 
0.5217563874433068 -0.6480142832971043 -0.35902352867014187 -0.8533452076158646 0.5786618491952058 -0.772442405881343 0.5082468248784207 239 266 237 202 
0.4197469617496518 -0.5376450177411617 -0.3304987874804348 -0.8675426959187511 0.64485676615328 -0.8481576043424157 0.48829632072021467 240 268 238 203 
0.1310600799745844 -0.19401761238364956 0.16522594677589206 -0.885369192191391 0.6890924907868581 -0.8847738974517042 0.4136255461615942 204 241 269 239 
0.14240282817327315 -0.2641428474854999 0.397748972748365 -0.8035924382356582 0.6903905445977137 -0.8668282911051588 0.30398512833203706 270 240 205 207 
-0.2261949138396464 0.17592504249923718 0.9019540941002258 -0.8328811510204814 -0.5612444475622771 0.45129017127983184 1.6101802258872522 244 273 209 
-0.20467896503062052 0.15372019850912697 0.9212452951816565 -0.8287265472587723 -0.48262730692266825 0.3002287427184092 1.7096017365544702 210 245 274 244 
-0.21560671852612537 0.15973113429020006 0.9141600244287242 -0.8300892719388654 -0.527619874513874 0.3712998292233799 1.6585599169413532 243 275 242 208 
-0.2551301340621495 0.27180709721215585 0.8566025043743514 -0.8693858550169136 -0.4295086397552677 0.2283350361100171 1.74917522557705 211 246 276 243 
-0.5922662010579258 0.6840047852218062 0.9459825150797466 -0.931592910666372 -0.37622813571810126 0.1605689396696449 1.7274535716156236 212 247 277 245 
-0.711963584496555 0.8541911610848616 1.356562897737119 -0.8574370376291488 -0.33686639705253063 0.125778005049886 1.642461419190654 213 248 278 246 
-0.7335985919862903 0.8782444331541007 1.466638695114759 -0.866351460971266 -0.31374765377643 0.11698199166481599 1.5391992437066215 249 279 247 214 
-0.7050092577784668 0.8864800635075899 1.3058837838870614 -0.8771107614949963 -0.2979237978106207 0.1148987586424075 1.428197327576707 250 280 248 215 
-0.6945607940015054 0.8925171139754804 1.246207526547965 -0.88405106777819 -0.28287827581617186 0.11625802211556815 1.3142338959006827 216 253 281 249 
-0.658357727928393 0.8958659383352824 0.9944984522172241 -0.8921135153135021 -0.23088197055115964 0.1276898963450679 1.094168965761295 282 253 217 252 
-0.6345018386281926 0.8841370808560409 0.830169444360968 -0.8925628693325006 -0.20260331031772572 0.127417734509301 0.9897108748183623 251 218 256 283 
-0.6782001224816829 0.8975266567575726 1.128814334671927 -0.8904233764955665 -0.2595951856870764 0.12202382839916301 1.2022649647626011 250 219 251 284 
-0.5442261643469127 0.800305631892602 0.42496421126735245 -0.8941707487738056 -0.14321122822291807 0.09988338698417105 0.7952444649018605 255 287 256 221 
-0.4674888015432573 0.7193530366662961 0.22295622435014006 -0.8937769973822496 -0.10897943322383627 0.06852865694687935 0.7090204459504477 259 288 254 222 
-0.5983883218790798 0.8543887255446071 0.6262958705413378 -0.8951033245808883 -0.17360069140658893 0.11908212713922461 0.8897127508937831 289 252 223 254 
-0.21679855440245213 0.4268759156293189 -0.16150643168119813 -0.8938854922746916 -0.024591679797667753 -0.03590703323920314 0.5722717800481891 258 293 259 227 
-0.07927116642293813 0.24538748576202904 -0.2761684126826977 -0.8893713753816695 0.024186830506956306 -0.10751685347027695 0.5267855322308319 260 294 257 228 
-0.3572408455895807 0.5976170258624098 0.017210929037063727 -0.8952848176613984 -0.06948000577617794 0.023323119489274163 0.6337157157990141 257 295 255 229 
0.04927642324186126 0.06773303312623873 -0.34718808906569465 -0.8882699086408343 0.076284442784774 -0.18903563352941966 0.49643914559725594 261 299 258 231 
0.17514329762219383 -0.11427115544002987 -0.3852145598990281 -0.8869716042073335 0.1310600879356683 -0.27680084878742695 0.4792729319739617 232 264 300 260 
0.3652662783229497 -0.4067861175278519 -0.3893937804405732 -0.8793846022023426 0.2451999125367211 -0.4635919052190395 0.47340846156540634 303 264 233 263 
0.43664151522202976 -0.5169209947480211 -0.38027831017146335 -0.8745576609973733 0.30494445230624967 -0.5598471443698438 0.47939102036609926 267 304 262 234 
0.28063371321308556 -0.2762491410273153 -0.3920154851875923 -0.8814066708183068 0.1868704096131955 -0.3689497684584197 0.47244406010933926 262 305 261 235 
0.5199626567092931 -0.6492622868949326 -0.36063133008454107 -0.8548475661667652 0.4137787025992294 -0.7577345345236475 0.49202676765501674 309 267 237 266 
0.5205317555897383 -0.6519306489584715 -0.35915499323624006 -0.8528724285687251 0.46902814926049086 -0.8519911432895011 0.49161776567085314 265 238 268 310 
0.4815076714414957 -0.5871604128797777 -0.3705113776111245 -0.8664365057898262 0.3608550889132364 -0.658846365629067 0.48664880468095434 236 265 311 263 
0.4356386205961554 -0.5426237591767301 -0.33296237465716844 -0.865116841658619 0.5282388370834592 -0.935812212855808 0.4739150673084678 269 312 266 239 
0.14246138704371897 -0.18362382153375786 0.14870693191650844 -0.8925130870387472 0.5762558453188059 -0.9759541853645481 0.4014839242725027 270 313 268 240 
0.1403681413167222 -0.2748608716596553 0.40255523010230077 -0.7965178331398275 0.592392921094673 -0.9519468709335782 0.2947115865888814 241 271 314 269 
0.14516367741756744 -0.2863995706887435 0.42727532354552145 -0.7891130687443506 0.584920919425919 -0.9007428249610461 0.19329305394694504 272 315 270 207 
0.1414706739837305 -0.2874090151525096 0.42457715897679504 -0.7893925640606265 0.5711145061576464 -0.8530398568557009 0.0927242985573824 316 271 206 
-0.24452721158296872 0.16986142381106703 0.8946851451637096 -0.8335262466370703 -0.6316035741501147 0.41808495908378196 1.5772331447166608 242 275 317 
-0.24156373202176748 0.14583211480068442 0.9079619643826765 -0.8285529220794551 -0.6087649196959029 0.2412008682823793 1.6668672413792007 276 318 275 243 
-0.24325683923412178 0.15108246430505323 0.9042226869112165 -0.8301123536789269 -0.6265886285913276 0.32581863647248627 1.6193010557844782 273 244 274 319 
-0.26192077288222604 0.2696758203817318 0.8528952786113767 -0.8711316475439611 -0.5740430625403818 0.1587459829076116 1.7059493111952064 277 320 274 245 
-0.4532419034094775 0.754700179939468 0.9840907056964541 -0.9362010778063506 -0.5236356407510412 0.08971655311482582 1.684965141523587 321 276 246 278 
-0.6743459423610807 0.8705086769906017 1.3628885437007516 -0.8582029352410245 -0.473589064515624 0.06089685901176872 1.6058324154445938 277 247 279 322 
-0.7302862331498943 0.8804945581607408 1.4659906880607418 -0.8671528743032723 -0.4385871952286012 0.05786269709785055 1.5101844141774117 280 323 278 248 
-0.694517978437049 0.8935451480112219 1.3145782680258442 -0.8784105266621409 -0.41308699966994833 0.06046687903000206 1.403499229446309 281 324 279 249 
-0.6813336677602247 0.9011014338021747 1.2461456261646944 -0.8864397594151878 -0.3900702743325587 0.06586573140367342 1.2924031389760515 250 284 325 280 
-0.6232925875613138 0.9176287014294765 1.0055163383146102 -0.8962046514669213 -0.3193518791453024 0.08374365276918874 1.0791453697688054 285 284 251 283 
-0.5815461421251541 0.9152067058709205 0.8470206150579869 -0.8959085120908759 -0.2812000446446616 0.08703597293231764 0.9768420789223384 252 289 286 282 
-0.6560774455932316 0.9122255322232596 1.1369177306306304 -0.8941193483090399 -0.35838580219056293 0.07477932112917043 1.1837990177891426 253 282 328 281 
-0.5943932962482688 0.9291284086419461 1.0124774910176348 -0.8987246287217189 -0.4081951713804956 0.054054624124679956 1.0478333515798384 329 328 282 286 
-0.5392410237417433 0.9315188724801462 0.861796198885203 -0.8983263962284166 -0.36058894443741657 0.059328278590382005 0.949355041804572 292 330 285 283 
-0.4483041263878695 0.8554377934942059 0.4519860606803822 -0.895562424661283 -0.20618702236744846 0.06614848556689405 0.7843452498001542 289 254 288 290 
-0.3590068617422016 0.7825756694765715 0.2536101770731464 -0.8943027176753949 -0.16713948523224484 0.03737851839284738 0.6981146488641499 295 291 287 255 
-0.5217656307212316 0.8986548430412735 0.6497631909143456 -0.8974328950937004 -0.2437673897579199 0.08204357188402195 0.8781519607124934 287 292 283 256 
-0.3708599277914848 0.8858102969803759 0.48310847525733425 -0.8982117680182374 -0.2706077715072062 0.04253027884663692 0.7621233656328175 287 291 332 292 
-0.2697933715268993 0.8183139670386443 0.2907151852699119 -0.8966123141756366 -0.22727716100991577 0.01536688326825898 0.6770144958128721 288 298 333 290 
-0.46121785279490674 0.922426540907351 0.6744442590105856 -0.9000773889968934 -0.31513846252709926 0.05633416878338242 0.8537095564983751 334 286 289 290 
-0.10227342768415996 0.4957673605381869 -0.12866931124271888 -0.8935378328976497 -0.08013382403163838 -0.06504220254429617 0.559900649740605 296 295 257 294 
0.03010519034739932 0.31055341999196706 -0.24531004614423033 -0.8890077012169851 -0.033236604338621495 -0.13742108747579537 0.5127806451075646 293 258 299 297 
-0.24274092411857318 0.6659567964135492 0.0503940339731705 -0.8952332315843663 -0.12521520006315992 -0.0061916313181651795 0.6223831386963568 298 288 259 293 
-0.008450181622987132 0.5393636085472969 -0.08452700102490004 -0.8956070325301522 -0.1373868662985955 -0.08491762911051745 0.538746860877239 337 298 293 297 
0.11675297545214045 0.35370535571827316 -0.20360806483214303 -0.8913030381318294 -0.09260701810196656 -0.15743892635269321 0.489763614377453 294 301 338 296 
-0.14748852840252646 0.7066704809147649 0.09285710454207438 -0.8973335987627716 -0.18277821109658965 -0.026852192876458764 0.6017888436988765 339 291 295 296 
0.14699645138338394 0.12648912716733848 -0.3189518742173329 -0.8876222903174013 0.015095479860511362 -0.22073110463089052 0.4804464067597949 301 294 260 300 
0.2561632071138223 -0.06473584693258763 -0.3613167849944565 -0.8862768296620244 0.06395981959511074 -0.3115864530019513 0.46095407207423295 261 305 302 299 
0.2241115070982143 0.16620258052328044 -0.28218430371324565 -0.8899561303237188 -0.04838312740615751 -0.2418667017325748 0.45473241205735004 343 297 299 302 
0.3184020704671748 -0.030419683467992262 -0.3322954594309613 -0.8888596948511165 -0.005322865015777575 -0.3346806490537545 0.43200336454547683 308 344 301 300 
0.4117004356959383 -0.37728726720711814 -0.3744401263251091 -0.8779961874580425 0.1616521094739255 -0.5072601920547685 0.44956438714576236 262 304 306 305 
0.4650523659722636 -0.4974224455206495 -0.37065515907809343 -0.8734148219014515 0.21073728988193838 -0.6088797793067489 0.45230161116569717 311 307 303 263 
0.344624888426836 -0.2371940744194819 -0.3725755753099115 -0.880345048525478 0.11258762907567929 -0.4076563151566164 0.4515557046494182 300 264 303 308 
0.447909648139854 -0.3525660853521396 -0.35964795449708226 -0.8817787945101557 0.07526267914096033 -0.5375198418399895 0.41201602238335205 346 308 303 307 
0.4918991264553707 -0.47686572910505637 -0.3606006152001322 -0.8772388270908131 0.11440021708530537 -0.6433557322952766 0.41037103064259467 351 347 306 304 
0.3915704110647367 -0.20723463875260914 -0.3515497992342671 -0.8836073014372804 0.03576571552875182 -0.43371481062060224 0.41865520249703697 306 348 302 305 
0.5273043026992569 -0.6414062290736708 -0.35732871414371414 -0.8543099906608368 0.30575416564782393 -0.8144773209641903 0.459763887016002 349 311 265 310 
0.5345092248203585 -0.6341658932334461 -0.3528719900457989 -0.8536435148582209 0.35392641866012675 -0.9119182662819582 0.45724440647610126 312 350 309 266 
0.49871326476646105 -0.5757083765424308 -0.36442908823530945 -0.8655329735321753 0.2586163291154173 -0.7120845972954439 0.45672200696707804 309 351 304 267 
0.4769155383240159 -0.537291272431172 -0.32827427573233353 -0.8628515459498378 0.4044707672739781 -0.9988220947664964 0.43916073369331143 313 353 310 268 
0.13988821938389034 -0.1856793787713721 0.13628987019218444 -0.8952245017353601 0.45364869041006683 -1.0421180794202085 0.3721431144180956 314 354 312 269 
0.10079560004818083 -0.30159002055115386 0.39806171727352035 -0.7924193736005705 0.48291867488772844 -1.0170602434493476 0.2738898226004879 270 315 355 313 
0.0991833122995301 -0.3096523187737203 0.4100536925843194 -0.7886084286353366 0.48796232340409057 -0.9602561540736261 0.17955118824870447 316 356 314 271 
0.0955984550106798 -0.3110479628451834 0.4088240126530713 -0.7886928746642976 0.48417773217839233 -0.905965605499977 0.08704279376857861 357 315 272 
-0.25915293106996873 0.16091167554749516 0.8895422323993507 -0.8333192167368588 -0.6885905070615688 0.41305612015032983 1.5259614425313308 319 273 
-0.2709401946619051 0.1389057524710828 0.8948735396628041 -0.8270728598678501 -0.725694611551083 0.22026202609380585 1.5892875707571503 320 359 319 274 
-0.2655531354415772 0.14350880753796688 0.8943470678187438 -0.829545732444659 -0.7124188463641689 0.31554907958442036 1.5541779631735488 275 318 358 317 
-0.27340296803168185 0.2551633020503018 0.8494606859251277 -0.8674616172934931 -0.7152906402695882 0.12630139140702218 1.623829354108398 321 360 318 276 
-0.41396239497006904 0.7300062233672957 0.9613710587789603 -0.9405052154163429 -0.6721376292035796 0.04912949231672224 1.6085894113530221 277 322 361 320 
-0.6495231455091667 0.8715984851768557 1.3423613085384343 -0.8614661745576616 -0.6140886884377775 0.017200031820128654 1.5408435908979046 323 362 321 278 
-0.7320034543755833 0.8799809924202172 1.4455180830360452 -0.8676133198308402 -0.5667386054882656 0.016517983704571818 1.4559065280646324 324 326 322 279 
-0.687687403226593 0.8971050401012276 1.3108081843313928 -0.8804286882667985 -0.5299155380792239 0.022743072523789386 1.356828044187815 327 323 280 325 
-0.6696364822131927 0.9068971911499851 1.2402096158256348 -0.8889644623251686 -0.49702215014913165 0.03194242556882767 1.251427394265092 281 328 363 324 
-0.7589997812597897 0.8788352759010172 1.3883218526654766 -0.8696900580655749 -0.6903318014189186 -0.0036639022022900824 1.381134982951954 367 362 323 327 
-0.7098897079518017 0.8939522259783824 1.285628596504897 -0.8809213322702177 -0.6413539491283968 0.004003321185640071 1.2915118243652393 326 324 363 366 
-0.637767139096422 0.9201654207687585 1.1398022537570356 -0.8965668519739923 -0.45693352392736686 0.04327109435310375 1.1477976702644956 331 325 284 285 
-0.5767097105653824 0.932516242041877 1.0120085172368292 -0.8993097739501132 -0.49392240393105097 0.03956632946159092 1.0018521275978691 330 370 331 285 
-0.5032796553411143 0.9387493991711621 0.8735524470011315 -0.8997009155001238 -0.4386408028386206 0.04520133060145469 0.9088367688978896 334 368 329 286 
-0.6384772472325284 0.9192795176649357 1.1300283428327955 -0.8957707168011344 -0.5496331980413136 0.02855721682872996 1.0964690394570527 328 329 365 363 
-0.29870872103188134 0.9004524150035218 0.5181426967908903 -0.9003586113986575 -0.33606862913963886 0.029730827602687936 0.7296782835542323 334 290 333 335 
-0.18705931694411396 0.8362057855456633 0.33491983657548385 -0.8986163492067952 -0.28797099425251604 0.0035278412426100253 0.6467076607699487 339 336 332 291 
-0.40580706793512217 0.9337923148343616 0.7004330305373797 -0.9019280979878261 -0.3865577993970278 0.042768079426487145 0.8177675935987909 330 292 332 369 
-0.21100903555238584 0.9021956487870189 0.5685545162942219 -0.9039191915858811 -0.39848635849660496 0.02862635002069933 0.6876649301220573 373 369 332 336 
-0.09278765063492943 0.8387512805760827 0.3954956725676327 -0.9020625063165497 -0.34618419012211454 0.0025735670228946668 0.6077982117288906 342 374 335 333 
0.0744110812308418 0.5651787592868873 -0.030404902785724185 -0.8973216092363282 -0.19473424869198275 -0.09492370229821216 0.5092870394164246 296 338 340 339 
0.18957764373162433 0.38226871919472566 -0.15323670242691273 -0.8936884995493588 -0.1515622515001465 -0.1669952511319424 0.45851828094121583 343 341 337 297 
-0.06084910526858421 0.7284701757734494 0.14475731444528503 -0.8989065973173306 -0.24056734148327083 -0.0377090589160497 0.5725879245146187 333 298 337 342 
0.16107450885915803 0.5775311823612945 0.042101750152745386 -0.9001415693527813 -0.2506122604505355 -0.09427865092894443 0.47226340405240036 341 375 342 337 
0.26402614797222174 0.40049688268415873 -0.08613751795551998 -0.8968278882147002 -0.20884762358141346 -0.16512394584917928 0.4197314569139047 345 376 340 338 
0.03343935451692642 0.7344265088916619 0.2143487505556079 -0.9018263159882784 -0.29673655222855716 -0.03808014455676507 0.5354094228257033 377 336 339 340 
0.28416996564821917 0.19371749430435645 -0.2400787004623876 -0.8923074764608024 -0.11092411052167608 -0.25150118892883333 0.42050559470637916 345 338 301 344 
0.3621780905727841 -0.005754528055297517 -0.3015481096191044 -0.8909722328417762 -0.07378620284724226 -0.34505252557605376 0.39349123221701954 302 348 378 343 
0.34453409603933405 0.21402250572882178 -0.18445657294290813 -0.8950363362764295 -0.17128779445612052 -0.24869750857896308 0.37846002817790975 343 378 379 341 
0.4618103828811584 -0.3333468163082701 -0.34936078474017057 -0.8840248515769549 -0.01062102053501476 -0.5519782578363169 0.36188639559978636 381 348 306 347 
0.4938214484641898 -0.4620761079007462 -0.35784667785843827 -0.8789313383141157 0.020497978434315518 -0.659448700382618 0.3558090532166263 352 382 346 307 
0.41870331480725587 -0.18374945252018315 -0.33208587987817134 -0.8861181231258957 -0.04082805407344147 -0.4458986443471122 0.37451832343967784 383 344 308 346 
0.5463016485799691 -0.6193355509159398 -0.34918532731580093 -0.8581770504125871 0.19556623675233142 -0.8524328754462533 0.41204501686337197 350 385 351 309 
0.5577778679812108 -0.6026634996984443 -0.3394964832342875 -0.8597859416769417 0.2362390551578376 -0.9501329990288658 0.40650890356690145 310 353 386 349 
0.5209151942848642 -0.5572323549878586 -0.35635265145301775 -0.8693499044326178 0.15457344184453645 -0.7490501954735562 0.41157289598636926 352 307 311 349 
0.5144514708947665 -0.5426703247314058 -0.35807598921091577 -0.8712460906451006 0.053935162298029124 -0.7659354481707923 0.353950339262012 351 385 387 347 
0.5286372746612688 -0.5174491598545818 -0.30975884885519755 -0.8677417676396847 0.2784437929984779 -1.0375300778586303 0.38442591002597776 389 350 312 354 
0.14424048981464774 -0.18870790948907815 0.13649858064624587 -0.8910603155122084 0.32828036934776056 -1.0798435336542636 0.32025245563974397 355 391 353 313 
0.08804139916979317 -0.31404720296723576 0.4025414899831293 -0.7869129644263276 0.37171625138372255 -1.0562966436385821 0.2391598687663341 314 356 392 354 
0.09367273247699195 -0.31142652290000816 0.402893036642426 -0.7873141741101095 0.38398033278361166 -1.0054751359871075 0.16471071653173877 355 315 357 392 
0.09269091413367464 -0.31148762435795263 0.40122582188998196 -0.7870567407456597 0.37677707912227976 -0.951852217350034 0.08521545837636546 393 356 316 
-0.2768238172053737 0.13424240656766767 0.8940737034086391 -0.8250974707888228 -0.7746581744183219 0.3361123915291502 1.4748192768505868 319 359 
-0.28938125217428107 0.1359323408580191 0.8844101494594769 -0.8252507234791331 -0.8220114110825033 0.23856338847052685 1.4878216585132744 360 394 358 318 
-0.28431756492044524 0.22270621424139095 0.8510629899262862 -0.8554593429878542 -0.8418078552401078 0.13309959705824423 1.513927778815056 359 320 361 395 
-0.35550127392655284 0.6729165747312177 0.9300232407377944 -0.942330149456407 -0.8090271637061937 0.04163734083057438 1.5103237824446443 321 362 396 360 
-0.6556694317172133 0.8665187892474018 1.2843379744963883 -0.8682466872469045 -0.7484749693322026 -0.0009383794839269189 1.4556426528403381 397 361 322 326 
-0.6826046755705547 0.9045091361698282 1.2195905244948197 -0.8884671148039134 -0.5976624888412061 0.015761381508082286 1.1940231346411174 364 327 325 331 
-0.6468444775772594 0.9112954757960545 1.223260010560559 -0.8943979761851165 -0.6872917860772114 0.016906682651943013 1.123625156925289 365 398 366 363 
-0.5949206874211596 0.9262325709686327 1.142664282692317 -0.9020056442212162 -0.632563892506766 0.03004485120610413 1.0326370454177694 399 364 331 370 
-0.6882571039173319 0.8971714872546726 1.2855269039020742 -0.8841489391388121 -0.7407505529119628 0.004569055819147337 1.2129528160437697 367 327 364 400 
-0.7384637756768818 0.8835374697091835 1.3633850800037224 -0.8735028591140841 -0.8009446226158359 -0.0018723877045483575 1.2926241275737187 397 326 366 401 
-0.43796100738344995 0.9432973162454217 0.9019060734922452 -0.9045353325409178 -0.512264127780557 0.04511339513093184 0.8572636884657854 371 370 330 369 
-0.3298979671929253 0.9364490619373216 0.7416604691794288 -0.9056273069754587 -0.4544080873301756 0.04207020621384997 0.7714091348265997 335 372 368 334 
-0.5216867692816696 0.9389498716722314 1.0311243294627246 -0.9053507547401777 -0.5727194738831507 0.040336996527330346 0.9440689584548666 329 368 402 365 
-0.4077890525548006 0.9405478536888096 0.9089678236960866 -0.9062944180393407 -0.5771761576075387 0.05884207660190766 0.7969421049993595 403 402 368 372 
-0.2835601524547736 0.9292656796616972 0.7661131560943186 -0.9077710247801497 -0.5148477920049152 0.05425186412939219 0.7166846189270059 373 404 371 369 
-0.15055166879811485 0.891619197275949 0.6078145792281765 -0.9070284253758008 -0.4551930599290488 0.03955412657540252 0.6377531198691624 405 372 335 374 
-0.02452959998575867 0.826755450965465 0.4480288833200082 -0.9054280937315091 -0.40021255471056116 0.012997697513151007 0.5614811460004703 377 406 373 336 
0.22762031057089652 0.5749668844251269 0.11425461433062446 -0.9031516478489586 -0.3029425608821796 -0.08263195434044451 0.42853361513785115 407 377 340 376 
0.32341385601194034 0.4062663691138899 -0.016039039662114556 -0.9002921346985485 -0.26262985724068383 -0.1516460454685081 0.37421195394256235 341 379 408 375 
0.10390548411532918 0.7246223862260441 0.2795160204804553 -0.904851430889256 -0.34924663129404326 -0.02746537312154027 0.4913009895243397 409 374 342 375 
0.4060607381612895 0.015372020599396942 -0.2607847484792965 -0.8932654578837487 -0.13907224697790063 -0.34190806985273464 0.3467506292987771 345 344 383 380 
0.3957109135055231 0.22492694667185 -0.12346164319471611 -0.8983324646122506 -0.22780348952706525 -0.2331822264027854 0.32962801851257395 380 414 376 345 
0.44541708543490083 0.03090657715615417 -0.2139697784777983 -0.8961222988895752 -0.19918897253241358 -0.3244489558216227 0.29360420309490365 384 415 379 378 
0.4728744754854366 -0.31381671955391555 -0.3374427911810005 -0.8861281621801991 -0.09054018084213566 -0.5474285665730837 0.3031287811767638 416 383 346 382 
0.4885629005050556 -0.4475798212581579 -0.3589936188375532 -0.8801348586780494 -0.06712230629079582 -0.6536161827714542 0.2921471773602843 387 417 381 347 
0.4457372651564632 -0.16103085718545654 -0.30636536889347027 -0.8888815987848852 -0.11272107932043887 -0.4423299782382809 0.3220398991023248 384 378 348 381 
0.47255290079052853 -0.14171081923915937 -0.2749870527373467 -0.8922400497439639 -0.17740098499461254 -0.42240375555663773 0.26400609620172877 416 418 380 383 
0.5321098478518431 -0.6038209759378329 -0.3532421697036227 -0.859568184966682 0.08735863873861834 -0.8691418069059837 0.35092611053801237 388 352 349 386 
0.5387667258095771 -0.5939954512019404 -0.3440704325102244 -0.8591617470693372 0.11822762892261962 -0.9655796493438484 0.3400825012602206 350 389 390 385 
0.49745535372118815 -0.5315759434132996 -0.36894716992187604 -0.872996458642201 -0.040986281140094165 -0.7588334565083499 0.2866254687222673 352 388 419 382 
0.5039365434017965 -0.5902523809047633 -0.37304591802234477 -0.8634743785737887 -0.016486869377061494 -0.8604819592159305 0.2786477273753688 420 387 385 390 
0.5185559614465336 -0.5145651479349094 -0.3124063284138213 -0.8679044001118695 0.1531027717274843 -1.05217390857945 0.30993068697658077 391 421 386 353 
0.5084790688940671 -0.5847436263260164 -0.36633455219986705 -0.8633108221174902 0.0031327840503871576 -0.9538183626686496 0.2604902109019766 422 388 386 421 
0.14116381304736528 -0.19517326282819178 0.13708923747601887 -0.8847824244115803 0.2101568170703555 -1.0862979309505798 0.24150865514628847 354 392 423 389 
-0.05452299515844454 -0.3517080464984826 0.3660758834598009 -0.792877576333661 0.28915804001693907 -1.0526713292413938 0.17661404874351316 393 391 355 356 
-0.05994860926027448 -0.35608391355981256 0.36530245600606676 -0.7906568237757683 0.2599826243416115 -0.9919933326405818 0.08297511635871391 424 392 357 
-0.2907217937368098 -0.0011826207526947183 0.9615190070990888 -0.7925228430864533 -0.8660910615260179 0.31188799359820746 1.3729435229202618 427 359 
-0.34975421702720544 0.1710559575298319 0.8039325317439675 -0.8422094359600486 -0.9441189164736659 0.15843482783107907 1.3993331672799332 425 427 360 396 
-0.34087693663445856 0.6113289690135052 0.887479464855441 -0.9356267194487277 -0.9247076045259348 0.05774089054364507 1.4026045994047562 395 361 397 428 
-0.6317666764318222 0.8654253712643426 1.266499675859463 -0.8746142647184866 -0.8673242211854177 0.005740730819032766 1.3572484163137764 362 367 429 396 
-0.6678291255170833 0.9167895981223219 1.1895371030648647 -0.8938326208906027 -0.7642912793090633 0.03391672992902024 1.043433776535333 399 432 400 364 
-0.6035119135088429 0.928628020518419 1.1219429305668633 -0.9008720590875833 -0.7040118016523057 0.046397538262196225 0.9596479817335619 365 402 433 398 
-0.726448495719685 0.9049990339162998 1.2456439488473996 -0.8839727665765118 -0.8260669383207185 0.022780458067097803 1.124060837521493 398 431 401 366 
-0.7619493446107424 0.8987587769975841 1.2823387273335454 -0.87757205390511 -0.8946383751733782 0.019522112310843318 1.1936114789738124 367 400 430 429 
-0.5096524429987537 0.9391778097745375 1.023320374276606 -0.9057383978813813 -0.6411568006325736 0.0555767787852219 0.877579796419258 434 399 370 371 
-0.36603428080461814 0.9305579227675697 0.928321799155661 -0.9096802053843556 -0.6312036688399965 0.08510569500991691 0.7307818860855853 404 435 434 371 
-0.23148519445989835 0.9119277451867527 0.7993211766805816 -0.9107795871047282 -0.5665427990664127 0.07863475207187279 0.6562687883153727 405 436 403 372 
-0.09079829920115211 0.8688899480698441 0.65379936862933 -0.910704928117578 -0.5050278475036138 0.06239306609773118 0.582167634540452 373 406 438 404 
0.03830237083596473 0.8014180939725728 0.5060696703927995 -0.9092208530994548 -0.44826870514836337 0.03495083568600315 0.5094963707597209 374 409 413 405 
0.2828404683982969 0.5593042383031313 0.1898242336746206 -0.9062092217796628 -0.34952124664968476 -0.06001250061565212 0.37926532375892774 410 409 375 408 
0.3737876540058846 0.40004601887224145 0.05929153788654741 -0.9042965620083183 -0.30986076738779933 -0.12713395761795024 0.32380295858019603 376 414 411 407 
0.16440923696672263 0.7011896392735278 0.34820835845227976 -0.9079334378343246 -0.3960319072230771 -0.00574171392744908 0.4415372721580839 412 406 377 407 
0.3184899801022124 0.5373293382455626 0.25409536987713766 -0.908040446870684 -0.3881826079541679 -0.02660475028728359 0.3261643873617702 407 411 441 412 
0.40682637963000406 0.38608600257999837 0.12499943480767897 -0.9071752163402474 -0.3485858716988008 -0.0921002482900117 0.27008398528875543 444 442 410 408 
0.20416889415751766 0.6726806325982689 0.40442213642173036 -0.9096861011830639 -0.43489991372189835 0.026899035665352306 0.3879994969487043 443 413 409 410 
0.08043265795807787 0.7720121330666302 0.5527656733699601 -0.9115316052960996 -0.487790378201779 0.06788238488407229 0.4541531705299201 440 438 406 412 
0.44079541080365764 0.22577397331895424 -0.05606893092221709 -0.9025550077471342 -0.2769069455393231 -0.20601476958758666 0.2764403387779041 444 408 379 415 
0.48351639469955304 0.03850232940158672 -0.15876623408157933 -0.9001760827347931 -0.2514776350052358 -0.29385716904664516 0.2361717417607203 380 418 445 414 
0.48617935281105207 -0.29578109367034267 -0.32141122436789665 -0.8887474823340146 -0.16144389101071277 -0.5240390314767933 0.23936081577880852 447 384 381 417 
0.48755371709455997 -0.4336409887062683 -0.3576904046752713 -0.8817397552055058 -0.14576149371827682 -0.6265042133425177 0.22257274946263092 416 382 419 451 
0.5036889027372633 -0.12913309213173849 -0.23338573378046568 -0.8971459388650675 -0.23350862822971485 -0.3880195795233856 0.20187383074785661 447 448 415 384 
0.48541132253706853 -0.5212056506680341 -0.3784896820888853 -0.8745708413461322 -0.12782292042212545 -0.7283129719472032 0.21204727596618242 420 449 417 387 
0.4808881839226216 -0.5773010016824109 -0.39198599236315373 -0.8659056560056859 -0.11261083640188904 -0.8257980196786368 0.19803858902283344 422 450 419 388 
0.49353264125889434 -0.5176451160694007 -0.33619426108464573 -0.8694964270435047 0.029487392940048013 -1.0368739299416194 0.22427201133258434 423 452 390 389 
0.48091696974010695 -0.5747362648638074 -0.39057758975154305 -0.8660748417372318 -0.10279133384078805 -0.9133812376323652 0.17287302302429958 390 452 453 420 
0.19239730748286857 -0.2090771678525537 0.1618994202338111 -0.870941204259451 0.087411105404466 -1.0686603586891246 0.15494213465325735 424 454 421 391 
0.1310144618279005 -0.27116924825473476 0.27139885487795623 -0.8182353665253791 0.1385609980253616 -1.0139331148002346 0.05752813970030737 423 393 455 
-0.34668160797524034 0.15271700017265555 0.8080709222844777 -0.8416753737369677 -1.0251434015005372 0.18461745171104177 1.2930779022190064 459 426 395 428 
-0.49962115264532475 -0.1409375575860058 0.831171951404358 -0.7870001198046828 -0.9864331242845092 0.29865449502631497 1.2399084284512352 458 456 427 425 
-0.4706659703187654 -0.14192918286335593 0.8638873918421871 -0.7850398902993898 -0.9243918336150152 0.28640286104763596 1.3233485413880437 457 394 395 426 
-0.3277461011812352 0.567474716782947 0.8797661629136819 -0.9238462565019689 -1.0179512006828932 0.0861467601096257 1.292238776844292 396 429 460 425 
-0.6706725286543861 0.8791155759659125 1.216229810664213 -0.8788584153816562 -0.9651601710054224 0.032053374683164076 1.2500277694121427 461 428 397 401 
-0.7670501960730489 0.9084331029989019 1.2542908476433412 -0.881554222057843 -0.968247810610333 0.057301791670322774 1.0885026928535122 401 431 462 461 
-0.7369179560988057 0.9116577380531177 1.229112215275923 -0.885796482782408 -0.8952008965945174 0.056801032740290476 1.0279299225568943 432 463 430 400 
-0.6645120293211462 0.9206313843952666 1.1784295732466668 -0.8959015142258421 -0.8274485157797412 0.06531480787976453 0.9564415766386912 433 465 431 398 
-0.5909672600229642 0.9293920590404814 1.1200537132377162 -0.9031079414636909 -0.7629476530020916 0.07620080907773175 0.8803710405049835 399 434 466 432 
-0.48133883126264376 0.9350820798738898 1.0310247280965388 -0.9085520862398273 -0.6975170617092374 0.08374439013932707 0.8051478804735259 437 433 402 403 
-0.3321607911399297 0.9161187636228246 0.9466008940080366 -0.9122030447300645 -0.6733579396793666 0.12256049603125854 0.6618670206132716 436 467 437 403 
-0.1927793142475742 0.8904743622548104 0.8265744563386961 -0.9126403556448149 -0.608062546002114 0.11426412122107124 0.5930270384174139 435 404 438 468 
-0.4558163953973059 0.9269551686908029 1.0412230652512846 -0.9107937444295788 -0.7406304423266031 0.12324834476845282 0.7297894184777326 469 466 434 435 
-0.04955507508560775 0.8423873572030901 0.6906924666886588 -0.9128357551959756 -0.5456597040719148 0.09640896884290287 0.5235059489854947 439 436 405 413 
-0.04267769840853506 0.8363233331962188 0.6943149274583768 -0.9124182520435357 -0.5751592679538966 0.14075350808529044 0.46522617632866015 468 438 440 470 
0.08660943254767463 0.7651862466602158 0.5598788283085341 -0.911097737194824 -0.5166662522949836 0.11138571376873005 0.3983393878326723 443 471 439 413 
0.320385104424927 0.534963088493626 0.26929106403299535 -0.9070941601546202 -0.41594593036367744 0.016778659318365037 0.2715841399005855 442 472 443 410 
0.4100848039688549 0.38508847774038146 0.14485555333290795 -0.9067218779742549 -0.3760858575488838 -0.04745304156713433 0.2149789864005321 441 411 446 473 
0.20775510977610656 0.6675764084941425 0.41371057316768706 -0.9088947069969887 -0.463180824936103 0.06996024681373866 0.3332723854339358 441 474 440 412 
0.4718168388461217 0.21827934036219165 0.005112800759161809 -0.9057985523561025 -0.31666904645022365 -0.1683543285833145 0.22053372762431728 446 411 414 445 
0.5121494089147655 0.03742353553891536 -0.10552270421356 -0.9037056635351595 -0.2936347103956022 -0.25222278943035137 0.17620822224972923 448 475 444 415 
0.4763110483990932 0.21868190078221064 0.026191729230345105 -0.9054850520713839 -0.3445529722396297 -0.12136649698446607 0.16376811064229352 442 444 475 497 
0.509361364470087 -0.28276608788619245 -0.2932222008366597 -0.89321060369068 -0.2221398885162073 -0.48501985098516137 0.17222315736407945 451 476 418 416 
0.5286816231978763 -0.12584667781327455 -0.19205704965008774 -0.9014736234211671 -0.27893630761863897 -0.34166025855321236 0.13704585693841276 476 477 445 418 
0.49162591503873226 -0.5145454668295352 -0.3717447516722613 -0.8765711539002603 -0.20265672668785306 -0.6795200707898011 0.1329383189271614 450 478 451 419 
0.48000261923169707 -0.5755370968970227 -0.39308640569125763 -0.8664548561234117 -0.1947634083199603 -0.7721860451617425 0.11314174491480578 453 479 449 420 
0.5016211368557368 -0.423150875302768 -0.3423297720741072 -0.8851293806674414 -0.21305230331444378 -0.5822283738562517 0.14938332228398757 480 447 417 449 
0.4707649738743318 -0.5282679391072385 -0.3685116307195621 -0.8683352402508839 -0.08612364472244528 -0.9909713013760985 0.13464866564147093 421 454 481 422 
0.4784405663606517 -0.5754252867990242 -0.3931528839345129 -0.8654739660804613 -0.19106631650072411 -0.8542879431714301 0.08267697410073589 481 482 450 422 
0.2897968700310033 -0.24038070425338937 0.20835045119412404 -0.8707966864182042 -0.03866887374527495 -1.0322669087864171 0.07219691903336303 455 483 452 423 
0.22703399386109235 -0.2659630440343165 0.264262266358675 -0.8382806904018008 0.019809879667657335 -1.0064436899678373 0.0014637957838255777 454 424 484 
-0.3646404150742938 0.04634552740911481 0.7678622264865032 -0.8423250631385933 -0.9176212899622729 0.4004147705125043 1.156233596192582 485 457 426 
-0.31516445878589594 0.06167077392958289 0.8144959141472147 -0.8461361197466165 -0.874183691352388 0.40283759619145065 1.21097378609669 427 456 
-0.4679066995027764 -0.1321362178157787 0.8577408672442219 -0.7917383456714692 -1.047755196644871 0.31735909092951764 1.1532246417085639 486 485 426 459 
-0.31523190720530714 0.1635185266539974 0.827010251356136 -0.8591986662881074 -1.0943757241048113 0.21510914219583857 1.1894091500811432 425 460 487 458 
-0.32824904226653556 0.5513986810006378 0.884898804281215 -0.9127057488302491 -1.0912177191285257 0.12408276305190927 1.1804032126049921 428 461 488 459 
-0.6923930651197551 0.8893867698896766 1.1988500627887873 -0.8800152587063645 -1.0394197174561963 0.07282819692940416 1.1388000567447918 429 430 464 460 
-0.770099355891905 0.9153078426493414 1.2391691278520287 -0.8837299584397906 -1.0210054513897204 0.10736256092899445 0.982844032734363 430 463 489 464 
-0.7390968081761722 0.9162256166634827 1.2214023194304897 -0.8875335231384935 -0.9464722331907914 0.10393672720859858 0.9288683366652769 431 465 490 462 
-0.7138609817119158 0.8999464865636199 1.19202332773762 -0.879516759588437 -1.0918792127208898 0.12426988815569179 1.0287604993728219 491 488 461 462 
-0.6567469657100548 0.9220541517073646 1.1745572711251973 -0.8978947777074903 -0.8753068462657702 0.10935690268898138 0.8658052011258992 432 466 492 463 
-0.5771356401132514 0.9275410964888077 1.1227083018642372 -0.9052474092844068 -0.8078464969487932 0.11782052711613342 0.7978638988080369 437 493 465 433 
-0.32447499535371205 0.913861929959248 0.9435250227048401 -0.9121956520642845 -0.7025800383024355 0.1703976757850464 0.5927578276106225 469 435 468 494 
-0.18560224704884215 0.8862523186618401 0.8259948409069812 -0.9121746661683675 -0.6376448657646786 0.16033698565423582 0.5299591664171369 439 495 467 436 
-0.4476611615739633 0.925658265106073 1.0375312381002402 -0.9109953808720186 -0.7698962961134145 0.17287977037036123 0.6543147457453881 493 437 467 496 
-0.04209952609240828 0.8382739373748369 0.6903892846725369 -0.9132663090817581 -0.5899818720262389 0.1947347331052575 0.41295343882245933 495 439 471 
0.08662567385976082 0.7667477178519564 0.557507409361231 -0.9118174843241253 -0.5303094803137769 0.16543336446999857 0.3469430068635139 474 470 440 
0.3181634757826364 0.5390994241885427 0.27014341172429657 -0.9076518399955285 -0.4274533539271258 0.07034593290534477 0.22049758237502048 473 474 441 
0.4078817326623551 0.39061715545998926 0.1464727077163393 -0.9074251275936541 -0.3862347294556968 0.007319833095344881 0.1629872888361354 497 472 442 
0.20674080900613662 0.6700406187623422 0.41221275918845957 -0.909633800774295 -0.475929847502932 0.12321333177007691 0.28236792859831966 472 471 443 
0.5179990451469453 0.03948421496535156 -0.08456570840277239 -0.9037303946611802 -0.3228562582505814 -0.20088516176139107 0.11549967266154448 445 477 498 446 
0.5275165163790484 -0.2774710374994527 -0.26581884277201956 -0.8966702478331509 -0.2712618997142474 -0.433651443506312 0.10247314621845918 480 499 448 447 
0.5335680459693657 -0.12245464365977356 -0.17849433026418096 -0.9022137019760782 -0.31074248306212887 -0.28490132476586305 0.07077828669679191 475 448 499 500 
0.4967823851096432 -0.509148541516633 -0.36450095337965654 -0.877954508817877 -0.2627944482270344 -0.6181520391073074 0.0520685748989599 501 480 449 479 
0.4811971121957353 -0.5754586238629856 -0.3912588112053125 -0.8664794092828088 -0.259961107224651 -0.7064037374424893 0.027752624554575684 482 502 478 450 
0.5123718492570681 -0.4173776544730697 -0.327575935332998 -0.8874801045241065 -0.267076788068386 -0.5258100930316725 0.07419861690946414 451 478 503 476 
0.4699239367232417 -0.5484948474505625 -0.38428398366097744 -0.8653971200105463 -0.18134202928111576 -0.9269835019505253 0.04253187544506472 452 483 504 453 
0.4802220865525521 -0.5784473867720682 -0.3896680061593622 -0.8642809741736827 -0.2590052732783171 -0.7853665206016304 -0.00534209960162527 504 505 479 453 
0.23327126786237776 -0.19678601233891202 0.09664154713793335 -0.8712283273734089 -0.14458243595840684 -0.9763750455091762 -0.013361560920055832 484 507 481 454 
0.18604613038322015 -0.20018084431835184 0.1267884544348571 -0.8538086307397269 -0.08671935632247472 -0.969901503913007 -0.07199102584984833 455 508 483 
-0.3583475795140753 0.04422054573370331 0.7694388439920459 -0.8469414729348789 -0.9747465845875751 0.40602782718883146 1.0891088620668503 458 509 456 
-0.4685534855175205 -0.03501391441742661 0.7539474638730452 -0.7957419260410517 -1.1049823139243682 0.3443844122980531 1.0669694654140214 487 510 509 458 
-0.2975148048451796 0.2008806647252502 0.8148613791651618 -0.8804560047827893 -1.1510166584440071 0.25262833890018005 1.0867929852893994 486 459 488 511 
-0.34072025759829816 0.5607233027292612 0.8941467263714976 -0.9030352528152288 -1.1454980657415772 0.17050616413317451 1.069204664952222 460 464 512 487 
-0.77034495879521 0.9150021811819298 1.2388803066750882 -0.883612301388123 -1.0545083339957069 0.16566390893218477 0.8801750255989372 515 491 462 490 
-0.7343335739601915 0.9171991947870546 1.217565594562499 -0.8883665274062877 -0.9801610673938415 0.16084119497905822 0.8310290574589895 489 463 492 516 
-0.7238982769371594 0.8984381091053364 1.2065571624535405 -0.8771425243168595 -1.125013205565832 0.18250523601432767 0.9231098620043432 514 512 464 489 
-0.6482844967111869 0.9227079184761163 1.1701667831027374 -0.899210756567183 -0.9078589573743407 0.1638135475081236 0.7753008072705238 490 465 493 517 
-0.5699062268691635 0.9278560260445479 1.1191981723566664 -0.9061641905023645 -0.8384347103035987 0.16971670842082426 0.7152866310921203 469 518 492 466 
-0.3221209677693151 0.9174714282111115 0.9356490773069349 -0.9131920697172956 -0.7158765212447427 0.22908755454785423 0.527283616364505 496 467 495 
-0.18395861250493828 0.8884548595083089 0.8204906453021701 -0.9129447967024755 -0.6520069804127429 0.21768941990487803 0.47166338601679125 468 470 494 
-0.44427185418573634 0.9296139964736987 1.0286063742252878 -0.9118609647805097 -0.7842407465523098 0.2322365357710932 0.5820952923159777 494 518 469 
0.4743937584741301 0.22569530474995417 0.026751583913431427 -0.9064257135707959 -0.3541974264822637 -0.06554033895706587 0.11056869230416062 446 498 473 
0.5165071674167925 0.048018477564231034 -0.085503839469168 -0.9050060167420712 -0.332170786927356 -0.1395445777374577 0.057048132781887036 500 497 475 
0.5285100656372994 -0.27271155250794277 -0.2626315031301674 -0.8971981290790133 -0.3065586627960366 -0.3721662879733299 0.03048886107657689 476 503 519 477 
0.5324398717095803 -0.11391127392217243 -0.18176794671620017 -0.9038693921780224 -0.3225451671954235 -0.21769518462923457 0.0050734319996204764 519 498 477 
0.49632320662918694 -0.5007372081886226 -0.3643673111375774 -0.878522349516437 -0.3072544661912746 -0.5496742327365256 -0.028577771216931117 478 502 520 503 
0.47896922110861817 -0.569481299063153 -0.39472610164421323 -0.8669812042058737 -0.308381780611201 -0.6344744665185424 -0.05564660300411187 505 521 501 479 
0.511611601995517 -0.410985810565396 -0.3283464807538347 -0.8878575697893412 -0.30655442128100713 -0.46100166755402416 -0.0023904698422106373 499 480 501 522 
0.4766233622487754 -0.5725626441671071 -0.38915855448529635 -0.8628279298061202 -0.2526751971227901 -0.8549282865423599 -0.04653538445280693 506 482 481 507 
0.4787274982789018 -0.5750652081338329 -0.3911131658470038 -0.8643596234142137 -0.3090498174939652 -0.7121133771951755 -0.0890921079044484 502 482 506 523 
0.4774126106230228 -0.577781658518985 -0.39034032485127823 -0.8621556129266262 -0.3044690576005274 -0.7798181221388063 -0.13009119480816575 505 504 525 524 
0.25502897253012397 -0.21031148632867078 0.07741686922692008 -0.8679507967738117 -0.22599893827002662 -0.9069035611570451 -0.09822376242831293 508 525 504 483 
0.21523960570808087 -0.20392329815807334 0.10545575149119296 -0.8582745235977005 -0.1761269590987695 -0.915002114698183 -0.14994871050466438 527 507 484 
-0.3930310879960259 0.0649187500419994 0.7118676664892671 -0.8419775668127583 -1.0353054360048444 0.42164088165708824 1.0200311302029705 486 485 
-0.4521703897799644 0.06689520385267685 0.6844014701895433 -0.8062765170335304 -1.1545041738687645 0.3768008907069731 0.9808997928974972 486 511 528 
-0.3047312959192004 0.26993374858445895 0.7565977178319521 -0.8927361963341773 -1.1923748730692523 0.29512629797434964 0.9861382779327347 510 487 512 529 
-0.3621629487879119 0.5900241785889568 0.9196138876992677 -0.8936083911740712 -1.1807479280718023 0.2228985595716895 0.9613910132191394 488 491 513 511 
-0.3672725618726336 0.5819295910242649 0.9841404998414129 -0.8866688381417113 -1.1994610542633093 0.27993564489645223 0.8596359806241385 529 512 514 
-0.7251098114459303 0.8874185415431508 1.2281791154370807 -0.8753281564824367 -1.1421869499354134 0.2447949992550671 0.8229139701151407 491 515 513 
-0.7649810540852966 0.9099734793191211 1.2423413994485977 -0.882941306957435 -1.071421609802538 0.22961554984540367 0.7814442105575847 514 489 516 
-0.7220280927074569 0.9156551083745642 1.2130661184864853 -0.8889113733536325 -0.9980744499052765 0.2248779080475789 0.7369006602473236 515 490 517 
-0.6379755848732731 0.9238152071395411 1.1630541268299934 -0.9003049551106 -0.9266555382941681 0.22690441920250048 0.6883191863009333 516 492 518 
-0.5638518195800977 0.930687291100849 1.1111599438941426 -0.9068968536386933 -0.8558821569545547 0.23161819237388176 0.6356798332165814 493 496 517 
0.5272962696917587 -0.26565150680975375 -0.26744156011018033 -0.898639777278922 -0.32369913402946365 -0.3012930026088008 -0.04247774383723031 500 499 522 
0.4971039004489079 -0.49141101644088864 -0.3625408722896936 -0.8793685644954358 -0.33668152826294956 -0.4761559988619273 -0.10798241660974328 522 501 521 
0.4776586057176384 -0.5606754452911452 -0.39798770593453714 -0.8679278701090639 -0.3420853422936087 -0.5582351881424226 -0.13597378509877917 523 520 502 
0.5114789984308824 -0.4040612211605698 -0.32911861500871603 -0.8885172235096549 -0.33004341070973386 -0.3889139316742681 -0.07986018876685058 520 519 503 
0.4772078572036714 -0.5682580538896866 -0.3933695411426335 -0.8649934757410843 -0.3449482572097788 -0.6357762354818297 -0.1685586347066647 521 505 524 
0.47654249444439867 -0.5749166476404662 -0.39157733272717543 -0.8624780661084204 -0.3419229237243704 -0.7026335443466294 -0.20865245764732 526 523 506 
0.26692533986229666 -0.21816606960242738 0.052923089379558245 -0.8639705310393603 -0.2838690296975974 -0.8307727988566906 -0.17899131770535548 507 527 526 506 
0.27591245006434284 -0.23122672750260848 0.048184569467019954 -0.8593668755028194 -0.324038044781825 -0.7521655880721831 -0.25437944952891806 530 524 525 
0.22687122889357192 -0.20356861840719218 0.08572645416845627 -0.8593974549821765 -0.23981667318239624 -0.8483988287326838 -0.22454838164088295 508 530 525 
-0.43619995924781263 0.08338924793353612 0.6960308129112198 -0.8111866395786108 -1.1893972683318412 0.41133353528681144 0.8957712774103465 529 510 
-0.30376222541887027 0.29894003224208365 0.739278158055968 -0.8994448791038392 -1.2174863109395817 0.34171182203509093 0.8884502478108691 511 513 528 
0.23247611013436775 -0.21053829580022645 0.08540256153970072 -0.8573673002977338 -0.28627638977557646 -0.7764729453359179 -0.29158051852603517 526 527 
