3 16 20 21 22 23 25 27 28 29 30 31 32 36 37 38 39 40 41 42 43 44 45 46 47 48 51 52 53 54 55 56 57 58 59 60 63 64 65 66 67 68 69 70 71 72 73 74 75 76 77 80 81 82 83 84 85 86 87 88 89 90 91 92 95 96 97 98 99 100 101 102 103 104 106 107 108 109 110 111 112 113 114 115 116 117 118 120 121 122 123 124 125 126 127 128 129 130 131 134 135 136 137 138 139 140 143 144 145 146 147 148 149 150 151 152 153 154 155 156 157 158 159 160 161 162 163 164 165 166 169 170 171 172 173 174 175 176 179 180 181 182 183 184 185 186 187 188 189 190 191 192 193 194 197 198 199 200 201 202 203 204 205 206 207 208 209 210 211 212 215 216 217 218 219 220 221 222 223 224 225 226 227 228 229 230 233 234 235 236 237 238 239 240 241 242 243 244 245 246 247 248 251 252 253 254 255 256 257 258 259 260 261 262 263 264 265 266 269 270 271 272 273 274 275 276 277 278 279 280 281 282 283 286 287 288 289 290 291 292 293 296 297 298 299 300 301 302 303 304 305 306 308 310 311 312 313 314 315 316 317 318 319 321 323 324 325 330 331 333 334 336 338 339 340 348 
0.40671062672998703 0.8255088988153257 5.949677980454182 4.956221955507061 1.531035158799904 0.5410932553089158 1.1311481984573468 1 18 
0.39463428920863824 0.8392549559166506 5.9464549800401585 4.956601983581957 1.5068236314261556 0.5472709051794726 1.125181315738422 3 0 
-0.09051756361284552 0.443462223409326 5.768147816327303 4.913253388098952 1.489632455880162 0.6195998559124053 1.119401351470084 3 21 
0.16629592603378 0.35039613727765834 5.849924148038714 4.918410652892446 1.5264042568899376 0.604909341228 1.1303230141933918 1 2 20 18 
-1.2098953638562693 0.3501398912593511 5.169079547737441 4.859985198326586 1.398243060037914 0.7108894761214449 1.0842568965684949 22 5 
-0.5998770067203582 0.14661544315265534 5.500202184896527 4.876115932051188 1.4448141848988008 0.6929908799380221 1.1075330710083016 23 21 4 
-1.9177996865062257 -0.016384330092670846 4.494947783039781 4.8094234480230655 1.3540640148529592 0.7707828880507792 1.0591645051314968 25 22 
-3.044039793890509 -0.8941875483336882 1.290982569113938 4.657184181674622 1.2637253193391444 0.8365467586435726 0.9219470144383631 9 42 8 
-2.8510325493100965 -0.8673239104564139 2.436975633509661 4.697596788301747 1.2771758173092347 0.8312581439756608 0.9743974229283456 24 7 40 
-2.906889091406814 -0.9939897029484542 0.12278866521384914 4.617578041906975 1.2671301548134788 0.8346537374756922 0.8675625252178812 26 43 7 
-2.186388930855476 -0.5549573347932695 -1.8686335711286612 4.597189658078537 1.3336764636463716 0.7840286964516949 0.7675274936131791 11 27 
-1.647799742304102 -0.6247870091031474 -2.4317039492718417 4.58998289811153 1.3752867752163227 0.7696161020658044 0.727886375953261 28 45 10 
-1.1400322876003104 -0.24221706814719582 -3.0353010253391797 4.636061020154475 1.4360722386686557 0.7067457814226004 0.7003117575007174 29 28 
-0.5796264754206365 0.08834450486373854 -3.4988286703350764 4.697685586881041 1.4810058635074492 0.6378376449552227 0.6867460698045144 14 29 
-0.2084996929675517 -0.03326060600710488 -3.664627075669662 4.714202773550986 1.5184800346755187 0.6208988767868554 0.6726481300201583 16 31 13 
0.15813302819140446 0.17660896731841705 -3.8769723991726064 4.77013732388679 1.5440713680925204 0.5496808174359434 0.6719984207395147 17 16 
0.040644774322811356 -0.13855936280276035 -3.7582038572150336 4.730873293397835 1.5587971148900264 0.6059408427813742 0.660013287800954 15 33 32 14 
0.22172628839686576 0.1432232412168947 -3.8968084786481416 4.773518223011876 1.5743400279218822 0.5445639251448983 0.6633473080714885 33 15 
0.24277983323229 0.2927393518552157 5.8683159644712015 4.9185110342758795 1.5593331342828947 0.5949228684511901 1.1390835174108969 0 3 19 
0.08466423744367899 -0.1817631674837865 5.7353255763896565 4.892930179335418 1.5875476051449184 0.6668667590435139 1.1571680757702063 18 20 35 
0.02118379529011162 -0.11721828180740647 5.725666336508263 4.892727118796689 1.545612366553787 0.6719686933406288 1.1441813603642415 21 36 19 3 
-0.22979280789232165 0.008275118200868074 5.650544115279839 4.887586643434721 1.49710909416897 0.6798919224121815 1.1280043108974436 37 20 2 5 
-1.3128558059170663 -0.20344069948161897 4.97432217405386 4.831699849986806 1.3994511785019785 0.7578835330471829 1.093211490433592 6 38 23 4 
-0.7044060096777656 -0.4161042274440759 5.311565461006155 4.85368554596166 1.450772796319729 0.7504195781640649 1.1222040685615235 22 39 37 5 
-2.390202918859846 -0.928005209232568 3.414692473079876 4.7371547184841765 1.3065025181366399 0.8212552566895274 1.0243549136480556 41 25 8 
-1.8337978536271644 -1.0169677790532952 4.126216434191215 4.7756381462236215 1.3474407331094398 0.8129794432542307 1.070714109584342 6 24 53 38 
-2.523922471228087 -1.0766018139632643 -0.8817974220510865 4.585441289689175 1.287780108290817 0.8272122909178569 0.8127290173570411 44 9 27 
-2.0645446078036316 -1.131921756947157 -1.6065051773355865 4.569066112327184 1.321234756355591 0.8193734117257403 0.760747506459716 45 55 26 10 
-1.1609893997348635 -0.6821701267587238 -2.8287854229644687 4.599117168473792 1.4255747363488156 0.7577694698464517 0.6906357662101543 46 11 12 30 
-0.684476562112659 -0.28396458787793777 -3.32711158030099 4.655246083375932 1.481497016466339 0.6909162082272579 0.676380191369014 31 30 12 13 
-0.724043584003372 -0.7566423086281171 -3.1065794572426633 4.615378186471951 1.4783356857065408 0.7495514007696935 0.6591395763273731 47 58 28 29 
-0.31142463830888695 -0.40671644419180397 -3.5010987647314282 4.674364650775717 1.527989222880276 0.6788230000604029 0.6565600939901503 29 14 32 47 
-0.062151857225719094 -0.5178508199170702 -3.5941496258184906 4.692166313745533 1.5729526110785268 0.6690649921238143 0.6404984061938666 34 48 31 16 
0.12567279260824424 -0.19169919308147546 -3.783517564282199 4.736271521121838 1.594510177033476 0.5940568707208046 0.6499904759680274 34 16 17 
0.004196898942763012 -0.5662157123933967 -3.610698390688145 4.69659177438772 1.6126864498378297 0.6603930940719218 0.627720736176334 32 33 49 
0.07568425728908346 -0.7764009534092066 5.558267556545447 4.877887570647635 1.6064518686973708 0.7490422071874755 1.185514708401197 36 50 19 
-0.03368684837027868 -0.7016085832341747 5.541275917527958 4.8748874461442195 1.5583894622178125 0.7471970704272619 1.1676847259227172 37 51 35 20 
-0.30726063102046997 -0.575697992075049 5.464878560969626 4.866588374767078 1.5052805933996927 0.7469421306581401 1.1466928258849491 36 21 23 52 
-1.2189869599662606 -1.1229452477904942 4.654284324274585 4.809045470492697 1.394864911335254 0.8105721496406578 1.1110786028470336 25 54 39 22 
-0.6568658180927995 -1.2471436119230088 4.983210048138034 4.837238767281865 1.447356179328587 0.812346044446469 1.1455794741826135 65 52 23 38 
-2.5182181200450926 -1.5915957722206926 2.2557516363449697 4.684180166762392 1.2637129168510675 0.8604939643835556 0.9811812560526246 42 69 41 8 
-2.097155799154015 -1.6832594093066073 3.1287193603637613 4.724475079443785 1.2912926987112856 0.8590369308209833 1.0372605459653519 68 53 24 40 
-2.7023888326481327 -1.5529670037231447 1.2616685770670506 4.644798202788808 1.2508806497375522 0.8615233205692306 0.9227148703266664 7 43 70 40 
-2.592615740701927 -1.5968864815892632 0.24215898518684553 4.6065448760226815 1.2535946957312398 0.8607650767043528 0.863192630684568 9 44 71 42 
-2.24091772542049 -1.6767378551896983 -0.6618342099305891 4.573834956422812 1.2718822549890643 0.8588970625838435 0.8042202412022447 55 72 43 26 
-1.5534247394907081 -1.1801505904468474 -2.1725020858156503 4.56287753348791 1.3631834334515842 0.8144486835803166 0.7142067969792577 11 46 56 27 
-1.0833761069317613 -1.2326927576138538 -2.5617528135414007 4.568483584342679 1.412401403815347 0.8121928054885366 0.6722127420410662 57 45 28 58 
-0.3625373763116203 -0.8526396072033738 -3.287324903125983 4.637630819320431 1.530380752911234 0.7435672386618745 0.6337064384086553 48 59 30 31 
-0.11290549842985441 -0.9419531815510904 -3.390065402503518 4.660347055903843 1.5790911510983772 0.7395783388605625 0.6132089166995592 32 49 60 47 
-0.034689270974117954 -0.9884163826170759 -3.4117661354983637 4.667851051863839 1.6222424017804908 0.736644575423478 0.596378043382794 61 48 34 
0.1752903923992963 -1.5264540620996527 5.249237500038672 4.879969173168434 1.608432324179257 0.8341498024373432 1.2262385042762538 35 51 62 
0.05054507525546923 -1.464576599294569 5.231524763855475 4.873468169923603 1.5577681820369602 0.825234335155939 1.2025220331398936 52 63 50 36 
-0.2414679681443938 -1.3663007021981406 5.149046199380211 4.858092034443045 1.5029341089137875 0.8172859064837601 1.1756980105639894 37 39 64 51 
-1.5692464989382295 -1.7500432614652464 3.8243170381992684 4.764718464608439 1.330337171393365 0.8600499208749219 1.0892669164187867 41 66 54 25 
-1.0089844689780778 -1.8083696667048705 4.335165176331813 4.804334681552959 1.3770869579845946 0.8651534565327819 1.1354142055391614 53 67 65 38 
-1.812067050058285 -1.7064909277518214 -1.3614982362066352 4.553192239007801 1.3021294229297988 0.8588715888957202 0.748154019950217 27 56 73 44 
-1.3482061393904776 -1.7260419604198096 -1.8997242787956974 4.546890071918045 1.3414225582150965 0.8618136173586777 0.6966540558442619 57 74 55 45 
-0.9197215720626393 -1.7465676651604338 -2.2812934758746732 4.5551057979050755 1.3887419718358758 0.8668144453946669 0.6492279833000345 46 75 89 56 
-0.6773982599849832 -1.2891869598123444 -2.8315298651808805 4.5857814995811985 1.4660754217107912 0.8115974208836115 0.6353601388187762 59 75 46 30 
-0.3333059334306435 -1.3512796723916745 -3.023003731920032 4.612635393080007 1.5202487652107068 0.8121192349021226 0.6043916283314112 58 47 60 76 
-0.08378683809826303 -1.4087783824162616 -3.1443184772466646 4.64155707741862 1.5707530001237864 0.8138725194818861 0.5791015031848441 77 59 48 61 
0.00977599320436121 -1.4449845423043668 -3.178619901240036 4.653703174728244 1.6150943943987874 0.8160118521991051 0.5583881083197877 78 60 49 
0.36888334959348623 -2.0338084954816753 4.990875026483723 4.898528851940046 1.5919081627169445 0.9176598068238079 1.278033779399705 63 79 50 
0.20660072518309058 -1.994817937749197 4.9509176859215165 4.887373562630906 1.540279897995784 0.9010333753644305 1.2470517644088073 51 64 80 62 
-0.09479995104584624 -1.940028107683127 4.846108002522357 4.866486951983058 1.485415314605199 0.8858757421431035 1.213335002142085 65 81 63 52 
-0.49805114536335365 -1.874575512638225 4.661431927269097 4.839220870491338 1.4297825445392665 0.8737854176722027 1.1763891069628236 39 54 82 64 
-1.0416891014224419 -2.540031305879899 3.445049550437077 4.774517885519972 1.3009946295673271 0.9034206888221713 1.110862109819945 67 53 68 99 
-0.5879554758668437 -2.522367019856414 3.9355093174631843 4.8206708412535795 1.3460626876787192 0.914822622480567 1.1639085335898296 98 82 54 66 
-1.44994119233849 -2.5578953848594472 2.7985233354956667 4.727124744347097 1.2647458457128296 0.8955184397582068 1.0525827616149097 66 41 69 84 
-1.7500356999551177 -2.5541255924769044 2.042881674543527 4.681452805433079 1.239781429733415 0.8907583331225281 0.9901738931992368 40 70 83 68 
-1.8855363143849806 -2.537951690175729 1.2212775167208556 4.639375758950972 1.2279366620277443 0.88857945140456 0.925483535984115 69 42 71 85 
-1.840906623710957 -2.505772297315882 0.38868443374825784 4.601607650098917 1.2297374619383694 0.8886406222231812 0.8602796497020457 72 86 70 43 
-1.6248228578575792 -2.4592135281668828 -0.40486667830254136 4.572241581073917 1.244942069675191 0.8912038288261741 0.7963398053676417 73 87 71 44 
-1.31099763921264 -2.397447102008619 -1.0612379600352198 4.5554328651857 1.2715752274338183 0.8970153183314031 0.7351343354947508 74 88 72 55 
-0.9453547648057585 -2.3463285191715455 -1.5757881966860907 4.553450392581074 1.3078297568292412 0.9060248069419283 0.6774551141042834 89 100 73 56 
-0.548883586629616 -1.7690988630189304 -2.554174734768471 4.575537921579254 1.4411595002635693 0.8731608984726118 0.6067102726155389 76 90 57 58 
-0.23403729473547694 -1.7898254324260667 -2.760483077276434 4.605788452341022 1.494489538773609 0.8800623652357544 0.5703552724427438 91 75 59 77 
0.0009929623889686292 -1.8091686289312277 -2.902246927139006 4.637597682309415 1.5441306402384831 0.8870343330157245 0.5406869210679819 76 60 78 92 
0.10199127078121346 -1.828518680348514 -2.952154872483345 4.65304139724681 1.5874552173931613 0.8933670072417187 0.5166729696368242 93 77 61 
0.675639179394103 -2.506771843452091 4.700701866702714 4.934212311261203 1.553215630909877 0.990886671104236 1.3333282643850628 80 94 62 
0.4973610351826224 -2.505940699468689 4.629388945051577 4.919280814837119 1.5039664786500229 0.9691884850439546 1.296793353581561 63 81 95 79 
0.20699224965336388 -2.508629200122573 4.4890991235036335 4.893979731165052 1.4511960389681469 0.948129640434453 1.2563419357630505 82 96 80 64 
-0.15612909093140723 -2.5123932658113213 4.27324883978097 4.8615388039339384 1.397356708063327 0.9297541820767202 1.212186582917453 67 97 81 65 
-1.0635679958585735 -3.100840116443496 1.9153488997431847 4.704640262040922 1.2051580737529368 0.9176466579440148 1.0007891981699992 85 111 84 69 
-0.8219186578701929 -3.0862258404089054 2.5785125057202323 4.751908771756537 1.2277048853198897 0.9262193629526374 1.0692369964481943 83 110 99 68 
-1.187745435271074 -3.0843414428300133 1.1991201913164864 4.661670462393931 1.1940854168703738 0.9136681614560738 0.9304320934721648 112 83 70 86 
-1.179925608451387 -3.0346222851437314 0.4702101825054552 4.624606346643935 1.194771953311471 0.9143388157349119 0.8597131634443183 87 113 85 71 
-1.0377637873940382 -2.9564066566254477 -0.23788166947811287 4.595908680427571 1.2071727349558314 0.9196820066645355 0.7900616476798128 88 114 86 72 
-0.7962890007856303 -2.8705891710906517 -0.8410236311787923 4.58212949523901 1.2303223248520907 0.92968759547588 0.7224762385757887 73 100 115 87 
-0.5928305719272553 -2.3081495102521234 -1.9557066426986878 4.565430990810157 1.3521006677025003 0.9174703989685161 0.6236892889111493 57 90 101 74 
-0.2843121864048925 -2.2791413217655396 -2.2368140420192884 4.588211130987191 1.401243618909483 0.9302141831054879 0.575278151732559 91 102 89 75 
-0.02109604257096265 -2.2539179603306416 -2.4559694443278017 4.618378735489705 1.4511781880491041 0.942843544373913 0.5339551149492003 103 90 76 92 
0.18178117673014735 -2.23482687431538 -2.615272892923063 4.6490140393454 1.4977432443951786 0.9543295401067237 0.500480018563683 93 104 91 77 
0.2802382876051995 -2.232312203663978 -2.6830608298975926 4.665674383592997 1.5385519527020521 0.9641768242396149 0.47362034887257476 78 105 92 
0.9440041990989733 -2.818053626615882 4.458782804377678 4.969809715689809 1.4940878617691626 1.0509088407134084 1.3889366854564575 119 79 95 
0.7804766916032844 -2.847513709282991 4.363692706396602 4.95463556935771 1.4491799501164868 1.0258446029452466 1.347925743204347 96 120 94 80 
0.5257214936500216 -2.8938181112832506 4.191861759852344 4.928198532587766 1.400452363324585 1.000334515423456 1.3014863354907413 107 95 81 97 
0.21865373406947128 -2.943625326958191 3.950659491524571 4.893300464990114 1.3504920139246726 0.9766920010726363 1.2503898675771972 98 106 96 82 
-0.1334436910498432 -2.996789547959772 3.610265212878462 4.850327741784717 1.3027402562101271 0.9561028294432068 1.1946791407966966 97 67 99 108 
-0.49593090353889774 -3.046832286350184 3.1545753377234282 4.8019256316891825 1.2608385323513436 0.9391523330687324 1.134211805854372 66 84 109 98 
-0.5089012052221501 -2.789751932535383 -1.3248529647584257 4.5838559939627705 1.262733771322462 0.943799703650092 0.6578801293530273 88 74 101 116 
-0.2290230953645867 -2.7180814076835693 -1.695265654996217 4.597804679826051 1.3024207983455225 0.960833784427935 0.5976309520328994 100 89 102 117 
0.01572555833311683 -2.6557231204913796 -1.9767235562150791 4.619232683596307 1.3463044989158477 0.9790959711306889 0.543602273343812 103 118 101 90 
0.22347063139917767 -2.6000960213208115 -2.1990129490959367 4.644852124395518 1.3907952992324297 0.9966329772429339 0.4977432808303205 102 91 104 130 
0.3861537313461907 -2.554659732302619 -2.365473232021175 4.66982508797498 1.432516208766552 1.011927832431367 0.4609611639594878 105 131 103 92 
0.4749265761662211 -2.533397666277388 -2.448398315873852 4.6847955970051895 1.4698217168939909 1.0244079601190808 0.43194357558987645 132 104 93 
0.5976006103808711 -3.23459899022173 3.691948405609022 4.93038498642263 1.2916751936976274 1.0134855516230126 1.2882951358407613 136 107 97 108 
0.8445299996559477 -3.158274988670735 3.9483971404247447 4.965347576446176 1.3358551346223422 1.0410334770911727 1.345392695537176 106 135 120 96 
0.32094854073340423 -3.3113139614756077 3.3547900113592783 4.887269589191598 1.2495199812859 0.9884866624949188 1.225941104923025 98 109 122 106 
0.03774173715496814 -3.3801923999382475 2.9298073806978246 4.83933039320623 1.212431298977659 0.9671885957082234 1.1586702604917336 110 121 108 99 
-0.22232336513551357 -3.4327091330348574 2.412503143921241 4.790248513229421 1.1829832806945948 0.9505514494214338 1.0872512919289166 84 111 123 109 
-0.42297752847847686 -3.458340898557462 1.819770719427023 4.744213049967908 1.1627491150608562 0.9393538947900312 1.0128323450137149 112 124 110 83 
-0.5362192610783736 -3.448507191397171 1.1774251682415462 4.703072387616832 1.1523389971702358 0.9341463601232249 0.9367341553231544 85 113 125 111 
-0.5431311801556219 -3.400971385558627 0.5211093193794439 4.668245894799602 1.1519547893292776 0.9351731107552071 0.8601753905885227 86 114 126 112 
-0.44072715897335474 -3.320134803490015 -0.11737195638368195 4.6424531996767255 1.1617528765223564 0.942406080208049 0.7842797396781174 115 127 113 87 
-0.257607257790792 -3.223008599581482 -0.6727086580049768 4.630854353417737 1.1811225544623734 0.955532256540104 0.7101397489047783 88 116 128 114 
-0.04052631472627645 -3.123872835419421 -1.1266912970874539 4.633627123420774 1.2086186509328694 0.9736046187560484 0.6391478032997362 100 117 129 115 
0.171675280053996 -3.0316569858156037 -1.4833697588254602 4.646724790097904 1.2422147674866784 0.9950054763709026 0.5731159624882796 101 118 137 116 
0.3576253940709763 -2.9506026973727844 -1.7581222118737354 4.664978240269358 1.2791433639201757 1.0176252789421045 0.5140939097546092 138 117 102 130 
1.1974636817316102 -3.0332701015716963 4.260299277554567 5.005656901752402 1.4196906420193829 1.0976487071682592 1.4426778548738874 120 133 94 
1.0546735364445152 -3.0851191531227915 4.1432150751168715 4.991338353454202 1.3792126749314466 1.0697082312200774 1.3969609439014423 107 134 119 95 
0.5457218256696404 -3.590230869669346 2.7570402662594655 4.879333524633262 1.156748625473523 0.9872293127177417 1.1826938486855385 122 109 123 147 
0.7597913180650173 -3.5109845774475446 3.157568516537501 4.925072211647176 1.187880992522767 1.0116238060908198 1.2559912858222932 121 146 136 108 
0.3468294870196831 -3.654000981399886 2.2816279988766612 4.833676438173107 1.13175966861276 0.9678997419464052 1.1053058219940175 110 124 148 121 
0.18818151389895982 -3.691702392637586 1.7402905250581482 4.791783369725594 1.1142038095475697 0.9547657122501997 1.0250644186656257 123 111 125 149 
0.09419874746415074 -3.692727586759985 1.15269405934519 4.7549218738566905 1.1046752383217653 0.9486023097725511 0.9431809135856107 112 126 150 124 
0.08197067899080548 -3.6525716453208066 0.5519610280994776 4.724692335489818 1.103420289434662 0.9497776615797251 0.8607470606296855 127 151 125 113 
0.1520536612938289 -3.5743180667248606 -0.031455018004078565 4.703435948087397 1.11063081171499 0.9582617626042822 0.7789010067288344 126 114 128 152 
0.2826069969337604 -3.4718273942725597 -0.5474324271399962 4.693436883337208 1.1257835112830956 0.9735388828202298 0.6989556364584123 115 129 153 127 
0.4385478966941125 -3.362704698304718 -0.9746719556618612 4.694727538395818 1.1475578895772396 0.9943492562426303 0.6225249264129551 128 116 137 154 
0.5138736707737829 -2.8801166301244785 -1.9726488727626352 4.684619511339012 1.3164656627049158 1.0391309169855991 0.4641216219834715 131 139 118 103 
0.6350160553964028 -2.8239405544085723 -2.130542237550039 4.702172168534668 1.3517184125169466 1.0575897618270103 0.4242989822855035 140 130 104 132 
0.7009270417298463 -2.796893048324511 -2.2072769128238905 4.712078367792329 1.3839490004742558 1.072248627889754 0.39338630056688983 141 131 105 
1.4448404525671716 -3.185167769550995 4.095099655859543 5.041530569121823 1.3329886625458056 1.1300918256510804 1.4914058968357569 134 142 119 
1.3270650947562606 -3.2523687387302633 3.9580814190915343 5.02812803531413 1.2977165989063062 1.1004773665247023 1.4420899810561423 120 135 143 133 
1.1608434590059107 -3.3375895012347105 3.7492773278948768 5.002237559646086 1.260578675989453 1.0698236699959227 1.3863197566253473 136 144 134 107 
0.9699316342468471 -3.424238615412388 3.48704346091927 4.967122397979459 1.223245086474037 1.0396785830170934 1.3241226031487008 122 145 135 106 
0.5932228156744266 -3.2594899712833034 -1.3155692807743868 4.704251934099089 1.1741122291783208 1.0187727958169734 0.551526058196545 117 138 155 129 
0.7304189720931521 -3.169353651648673 -1.5793738224884017 4.717723586740206 1.2030369921465387 1.0444528579764105 0.48805887224688005 139 156 137 118 
0.8447237906672932 -3.094179172159065 -1.7798493505436759 4.731388599701595 1.2318481131291317 1.0688808432898185 0.43416745153795966 140 157 138 130 
0.9303527640047594 -3.0388779838583995 -1.91775399879338 4.742252777900889 1.2585349512300557 1.0899966505596477 0.3909662293878999 131 141 166 139 
0.9766924865453481 -3.013471522374748 -1.9809427115899332 4.747975496778574 1.282260819406606 1.1071441575652186 0.35711575354069086 167 140 132 
1.6797069014444908 -3.2882854415865506 3.956846248930123 5.074948141572514 1.2370470985516848 1.1480739198283039 1.5332050915879811 143 168 133 
1.5884654484446326 -3.3611153462319283 3.806264275728805 5.061146397784549 1.208170626638808 1.1182710437675318 1.4820599365078395 169 142 134 144 
1.4638046239962754 -3.447355243324809 3.591334976555326 5.034367218629802 1.1778406536598376 1.0867628773352334 1.4231091033571488 145 170 143 135 
1.3225837936039249 -3.533890669432203 3.3299483727334698 4.998751863962569 1.147773278788142 1.0551462616757317 1.3565722156732964 136 146 159 144 
1.1689139817847967 -3.621108633769965 3.0100428488517452 4.957372653143704 1.119673026976075 1.0252276592647303 1.2833716762674843 122 147 158 145 
1.0131734875328076 -3.7031947268891607 2.6286327505708584 4.9139322363791464 1.0950766813813106 0.9988697502445569 1.204715516892299 146 121 148 160 
0.8676462870588276 -3.772627337764377 2.182350634360538 4.872024455718154 1.0752031342228805 0.9777615505615246 1.1219415650550186 147 123 149 161 
0.7484986318911819 -3.8183359355475868 1.676592348823966 4.834686590679125 1.0609224321754709 0.9632904153937583 1.0363617198276087 124 150 162 148 
0.6733724265126543 -3.8278323450755676 1.1287888188621473 4.802907293406326 1.0527209577417627 0.956421610731977 0.9491781173005214 151 163 149 125 
0.6555089936852369 -3.7945318378334707 0.5694069373147655 4.777781528862299 1.0508620410782765 0.9576148045683005 0.8615155549922981 152 164 150 126 
0.6956159016837755 -3.720100758071597 0.0266113491368294 4.760144307464004 1.0554978416631013 0.9668214268383875 0.7745999064738699 127 153 165 151 
0.779507155890758 -3.6175551726735744 -0.45970924461992735 4.751318657683983 1.0661576328941176 0.9833710697407704 0.6898530063905104 152 128 154 171 
0.8841041187301453 -3.5055848800743585 -0.8657171698576299 4.750694084996372 1.0817457009299458 1.0057908192373926 0.6089177956685463 129 155 172 153 
0.9913788185793191 -3.3977648589286957 -1.1931801435691154 4.756018220246998 1.100730826223583 1.0319785735278282 0.533676882389326 137 156 173 154 
1.089267220709179 -3.3029232123033943 -1.4478633840674036 4.764265688222187 1.1210619851294084 1.0594562356824688 0.46621043512843857 157 174 155 138 
1.1723625055394336 -3.224862636135604 -1.6389495162937664 4.77252971843387 1.1404962325934505 1.0856887455169248 0.4084555052124016 166 175 156 139 
1.5429296908303847 -3.661128439533846 2.9024847065755837 4.979518598593889 1.0470982354920437 1.0293014936781542 1.3068074175535003 160 182 159 146 
1.6477567852010286 -3.5795673038048474 3.2129841544890447 5.02094411581448 1.0678291268982285 1.0600536173320876 1.3843506458483508 145 158 181 170 
1.4367914865304874 -3.7402098442386316 2.535629638707732 4.9375589232465 1.0292845443237997 1.0020123905951472 1.2235747222039968 161 183 158 147 
1.3363837232893863 -3.809544158366794 2.109842164981531 4.898396736484378 1.0149482767374538 0.9800294273554149 1.1362652540936962 162 184 160 148 
1.2503745484035784 -3.8578223642138187 1.628332126621276 4.864220724897767 1.0044448159891297 0.9648730139880545 1.0462713917648865 161 149 163 185 
1.1897897901171717 -3.871972555811688 1.10866231447 4.836148025054017 0.9979949514273343 0.9576202704762588 0.9548106402063848 186 162 150 164 
1.1638164332953849 -3.8440581091225496 0.578903147449241 4.814469788675743 0.9957760686643238 0.95878024469113 0.8630361461626028 187 163 151 165 
1.174400487848374 -3.7749135596363015 0.06504165801951994 4.799166938821111 0.9979024110851686 0.968277574333767 0.7721864963652479 152 171 188 164 
1.2363957467365039 -3.1679348406831873 -1.7689638554855878 4.778867711295883 1.156915275487644 1.1087536584315534 0.36120451370075707 140 167 176 157 
1.2758133068734616 -3.136933812667366 -1.8370490749086976 4.7824524851204275 1.1691410786280283 1.1282708380058963 0.32265447844560946 141 177 166 
1.89718940485934 -3.3494524608674725 3.844728205168587 5.102661965621602 1.1356534255937865 1.1525979094434928 1.56766596311599 142 169 178 
1.8318630762285362 -3.4200567606275354 3.6857330413966976 5.086562897546984 1.1138381862956201 1.123665189895678 1.5158373298836514 143 170 179 168 
1.7449965076606102 -3.4996571150908937 3.470188588683882 5.057670040246707 1.0905515093446212 1.092197703153247 1.4545179936068098 159 180 169 144 
1.2153597963728668 -3.675947310430291 -0.4005632061090854 4.790716052514741 1.0039780153426965 0.9853539680534185 0.6836563077582518 189 165 153 172 
1.27429362440259 -3.5658956889912625 -0.7916354086082459 4.788498680800615 1.013155317701483 1.0084304115655227 0.5990320606932378 154 173 190 171 
1.3401455041040895 -3.458013141576811 -1.1101408565704889 4.790699687305954 1.0242697757361965 1.0353186299489912 0.5201339841858797 155 174 191 172 
1.4042265978536654 -3.3613418364120515 -1.360369806391902 4.795011090538143 1.0357043757010087 1.0635057375501136 0.44898682992717576 175 192 173 156 
1.4618777715604143 -3.280379111620985 -1.5504753138294465 4.799635728406316 1.0456161172588458 1.090480326987372 0.38742160696895456 176 193 174 157 
1.5107556451462496 -3.2160701139347645 -1.6906866167920245 4.803611794415734 1.052162259499685 1.1144123847265426 0.3360724138242867 166 177 194 175 
1.5483360638894668 -3.1673461701626984 -1.791439601991066 4.806622425800613 1.0542742599474457 1.1350284076832624 0.2930914659814476 195 176 167 
2.095871503554733 -3.3733453934448034 3.757742382604783 5.121479119025832 1.0333259342449321 1.1455500349192793 1.5952013981396613 179 196 168 
2.0535228414895665 -3.4367727932207544 3.593764414709902 5.101587531276939 1.0177704847485898 1.1175179939737037 1.5423657838480942 180 197 178 169 
2.001692172453718 -3.5056748904880246 3.380109879296351 5.070266570152496 1.001230308772827 1.0865986748273548 1.479044679284679 181 198 179 170 
1.9450985949496808 -3.574907539657811 3.1280487949670395 5.032192184516557 0.9857379760461792 1.054711475060625 1.4059618482250675 159 182 199 180 
1.8848371817473313 -3.6467625216820845 2.8259416255813194 4.990552117915571 0.9723671517105854 1.0240696171291572 1.325008280090964 183 200 181 158 
1.8235757464853444 -3.7178190937965305 2.4699527908419054 4.948901906990691 0.9614287822974017 0.9968291296236871 1.2382760167206426 184 201 182 160 
1.7643270480056796 -3.7814100592597 2.058182719094296 4.910498918461304 0.9528173262799282 0.974854439752165 1.1476089736317754 161 185 202 183 
1.7099903763463615 -3.827180441670209 1.5926663541930577 4.877497137679273 0.9463458194813755 0.959680566252221 1.0544773265930074 186 203 184 162 
1.6650882646030285 -3.8423036911125132 1.0923853853914738 4.85105765871077 0.9418984133656558 0.9524003857682148 0.9600967684386774 185 163 187 204 
1.634935019312398 -3.8186746923434214 0.5840302924355968 4.831125686215509 0.939496060733478 0.9535174713701751 0.8655807022960174 188 205 186 164 
1.622583471477868 -3.7564187101371087 0.09155122882092843 4.817207970878204 0.9392139104614377 0.9629371256212522 0.7720631013538111 189 206 187 165 
1.628000895922474 -3.6644946187090244 -0.3591246607114886 4.809074911226418 0.9407440152093887 0.979887094740886 0.6808022848726861 188 171 190 207 
1.6482503817126883 -3.560547100087789 -0.7393262348524154 4.806217958779639 0.9434890766463038 1.0027861564934093 0.5932659402121951 191 208 189 172 
1.6786830040054246 -3.4565940571615177 -1.0521617287767533 4.807063001820688 0.9466797772156545 1.0294516380034948 0.511205398966906 173 192 209 190 
1.713702139353158 -3.361566867068459 -1.3016187319437302 4.810051303452456 0.949260603489742 1.0574036876680615 0.43664606121100324 174 193 210 191 
1.7492033192405732 -3.280127919840572 -1.4955557576786465 4.814032144704593 0.9501243828259945 1.0841687333873147 0.37149683356347746 194 211 192 175 
1.7824560221430596 -3.2112522575276166 -1.6485564507802364 4.818353855777136 0.9483126307999815 1.1079172459605764 0.31664696117754115 176 195 212 193 
1.8106716966628391 -3.151776515821863 -1.7754068428401866 4.823001378214897 0.943738613113505 1.1283098085868608 0.270814096272183 194 177 213 
2.2744083017747876 -3.3669337161897905 3.689720951121238 5.1296403683930505 0.9333911696342647 1.1282870726992011 1.6150030744744759 197 214 178 
2.2554372743426865 -3.4200374031860803 3.52438391350921 5.1063141257817675 0.9226768775933492 1.1007021526708054 1.5603088385386656 198 215 196 179 
2.2358398540266817 -3.4759872137324423 3.3150665612637686 5.073341223144153 0.9121997980386115 1.0705322735573546 1.4950883885469444 216 197 180 199 
2.2165059308260413 -3.532126872628892 3.0692855666093832 5.03468967963322 0.9036913739632702 1.0395787811417532 1.4198923288478174 200 217 198 181 
2.1969587036149627 -3.5905044679391325 2.7747907029329197 4.992409544413375 0.8975892524291577 1.0099479605528436 1.3367146844001105 182 201 218 199 
2.176994102425151 -3.6484751747712325 2.426639169384589 4.949484404462013 0.893460224791857 0.9836859047441473 1.247840212852446 200 183 202 219 
2.155869252828303 -3.7004711516094697 2.023772226286197 4.909427359009358 0.8905169326462746 0.9625454169957348 1.1552609204915059 184 203 220 201 
2.1310851418200345 -3.738235066510359 1.5679713939338331 4.875080600338691 0.8880651426473312 0.9479776835165401 1.0605194744133177 204 221 202 185 
2.1008053960433113 -3.750318530966316 1.0801732497673815 4.847839073034469 0.885661812161844 0.9410044915138138 0.9647987214524777 186 205 222 203 
2.066664623742748 -3.729108552699121 0.5863598435503615 4.827389036762718 0.8831561067355693 0.9420723566804645 0.8690786675264041 187 206 223 204 
2.0330365404313677 -3.674004397011712 0.10875125248380364 4.813070314462816 0.8805726966606627 0.9510765192414814 0.7742813295469065 188 207 224 205 
2.004999250952283 -3.591645898445732 -0.3324142419736465 4.804785342042955 0.877687738582388 0.9672986975393881 0.6814446386025217 206 189 208 225 
1.9887336829575404 -3.4975768447427034 -0.7060615287521821 4.802276560359958 0.8741782014765267 0.9892530742763188 0.5918798717239754 190 209 226 207 
1.984825348743094 -3.4022301594201965 -1.0168379107356458 4.804210201281736 0.8697225890986423 1.014846745208038 0.5073063879448818 210 227 208 191 
1.9903914699647256 -3.3136993039459406 -1.2683117547566456 4.808906709542848 0.8639163256119855 1.041693433846772 0.4298544339675285 192 211 228 209 
2.00188901122237 -3.2366721328773123 -1.4670344921169738 4.815025018266048 0.856602030920117 1.0674029252389148 0.36171265562556576 212 229 210 193 
2.015427074257351 -3.169363124637067 -1.6298870639219523 4.821945217639284 0.848069643748469 1.0902026493673018 0.30432892382451193 230 211 194 213 
2.026616126774915 -3.109475059707875 -1.7708913693123274 4.829874134300407 0.8393313968370018 1.1098097105572853 0.25702244353709325 231 212 195 
2.439697084838022 -3.336000052024998 3.6346273538811142 5.128249789796018 0.8364327750093756 1.100349090120721 1.6236762733941457 196 215 232 
2.4471152422263347 -3.3767868804191146 3.470113077267294 5.103174582797678 0.8304116244781856 1.073591002963745 1.5676564693650852 214 197 216 233 
2.4587420800614534 -3.4180837716391044 3.268340497958487 5.070398687446701 0.8256617412180582 1.0446032049712162 1.5011761517416264 217 234 215 198 
2.473957567501495 -3.4585868991926025 3.0308299644934817 5.031976549858861 0.8238470779294933 1.0152663471528154 1.4249094270023108 199 218 235 216 
2.492384107438005 -3.4997018780430813 2.7439131133549624 4.988782326886845 0.8247481761843326 0.9874845924376587 1.3408595638927023 219 236 217 200 
2.5119942436569964 -3.539501828442122 2.4013407928970434 4.9434341475333525 0.8271495767608728 0.9630425447257456 1.2513417742555557 201 220 237 218 
2.5284922763039615 -3.5739387412607195 2.0032404009390175 4.900024538456274 0.8296012073281399 0.9434737127864996 1.158441150490745 219 202 221 238 
2.5342323911128077 -3.59715532546757 1.5516769335016025 4.8619045793727285 0.8309252279934036 0.9300517307027837 1.0637609575974527 222 239 220 203 
2.520874704151271 -3.6004821251377517 1.0702902758687869 4.831048554567976 0.8303932799432615 0.9236527784218053 0.968418555503854 221 204 223 240 
2.4864015357871487 -3.578033670835507 0.5852933744997532 4.807407805566305 0.8277353006048289 0.9246320874121645 0.8731683250676878 224 241 222 205 
2.4361803957513954 -3.5289335293482926 0.11725581651950823 4.790716336067347 0.8229457923816157 0.932889064306262 0.7786108974764856 225 242 223 206 
2.379481643389486 -3.457836453980389 -0.3187310159622365 4.781886386796453 0.8158854829656272 0.94781815617212 0.6855218791437955 224 207 226 243 
2.3304308000676888 -3.3778543398595073 -0.6888460290609817 4.781372888168915 0.8065354002905485 0.9681069273976542 0.595092068515082 227 244 225 208 
2.2937788482869785 -3.29622763948775 -0.9998054704974513 4.786828263466888 0.7950714951656517 0.9918333110254884 0.5090604087993905 209 228 245 226 
2.2696179933538634 -3.2193065227666997 -1.2545904986706968 4.795672557495509 0.7817363081883726 1.0167749611523762 0.4297026749551074 229 246 227 210 
2.256024184039664 -3.1518130499214725 -1.4570090734634102 4.805898827182594 0.767192104469667 1.0406848914153648 0.3594763439190059 228 211 230 247 
2.248682422290595 -3.0928371595796196 -1.6220212829747265 4.816467959641496 0.7525958234145091 1.0618865580081804 0.30022774260443297 212 231 248 229 
2.243128926234758 -3.0404499460507135 -1.7639925690452765 4.827681488020772 0.7395151894683367 1.0802008770588283 0.25157801219673215 249 230 213 
2.5950339245877143 -3.2856962996148233 3.5917177399399214 5.120862677486049 0.7442878516248304 1.0623251881424651 1.6195615768316671 214 233 250 
2.6276622109140364 -3.313222744088073 3.430223094818286 5.095616385653397 0.7426537837651299 1.0366642405467297 1.562835957015453 234 251 232 215 
2.6680722431841586 -3.3385712554256135 3.2384518977679253 5.064442059266721 0.7435299342979111 1.0095343740681884 1.4962646462705163 252 233 216 235 
2.714744797359349 -3.3617714963949226 3.0112127384470693 5.027474478386993 0.7481441607881614 0.9825986192490206 1.4203216528100704 253 234 217 236 
2.768078383894949 -3.3834639048919417 2.732335258408454 4.984396577688226 0.7556093287700566 0.9574353667062783 1.3368733626801421 235 218 237 254 
2.8245437230361428 -3.401881365367362 2.393602607127295 4.937002958901864 0.764049570699952 0.9355295730634583 1.248232161609087 219 238 255 236 
2.8760479431942367 -3.4144702290255022 1.9963042531035229 4.88971383299054 0.7714380273934232 0.91814549672069 1.1565760428339504 239 256 237 220 
2.9099904027904895 -3.418236116334242 1.5428831218554353 4.846418306910923 0.7761438423532914 0.9063050481697471 1.0635858502174387 238 221 240 257 
2.9115693393904345 -3.4087579099082497 1.0612834246595586 4.810201710281 0.7771958481612908 0.9006735760152172 0.9703058869939154 241 258 239 222 
2.8760763892007426 -3.3828921582445344 0.5786669435869153 4.781805028263849 0.7742599333762885 0.9014843233156743 0.8771967726672062 242 259 240 223 
2.8103209630848216 -3.340176911580912 0.11444961839521263 4.762182582287903 0.7673534664183769 0.9086597940431811 0.7844773162814956 243 260 241 224 
2.7261098472355276 -3.28358111628156 -0.3209466389904794 4.753430203377443 0.7564727361531332 0.9217621276349779 0.6926924655384724 244 261 242 225 
2.64401299579652 -3.2222343584268276 -0.6895717064110369 4.755397125186651 0.7419143132152828 0.9397143787628229 0.6029527423785978 226 245 262 243 
2.572627309449288 -3.1595787887915554 -1.0008052249851869 4.764580122095731 0.7243325528980088 0.9608424859861737 0.5169869784024705 227 246 263 244 
2.5155337862746494 -3.099934501599352 -1.257503299269435 4.777733634699928 0.7045360467740784 0.9831696385870088 0.43714495899696676 228 247 264 245 
2.473450052681422 -3.047038168245544 -1.4618357220896585 4.792036281796137 0.6837565538716455 1.004653974789278 0.36601774435471585 248 265 246 229 
2.44151933676016 -3.000174653277034 -1.6291725204735135 4.806228336292852 0.6635075215525453 1.0237561124856887 0.30558159711523236 249 266 247 230 
2.414284960770874 -2.9586798001698926 -1.7723361434665854 4.820464227292888 0.6457173133334626 1.0404343510096166 0.25572442935990464 267 248 231 
2.760847736478757 -3.2127022034340778 3.5516929159438275 5.108446371752465 0.6565648296613167 1.0128798456979984 1.6000128955123147 251 268 232 
2.81714621817523 -3.224374945504755 3.3997177403733483 5.084974514104068 0.6606404040849331 0.9903028363095985 1.5451206593619877 233 252 269 250 
2.8810707796785926 -3.2330819837556084 3.2234566359345647 5.057316568044447 0.6674998850745907 0.9662838753091577 1.4803245537725531 253 270 251 234 
2.9551521648008663 -3.238340556131364 3.0091948569873304 5.023673313297018 0.6782422959899572 0.9426208072448898 1.4063328877282322 252 235 254 271 
3.040142578206596 -3.239415966608063 2.73920752709018 4.982541018316947 0.6916329703687654 0.9207598786663687 1.325054602604565 255 272 253 236 
3.1300024398988557 -3.2348466956620854 2.4028942995774796 4.93459405262192 0.7054204196076841 0.9019813602238657 1.2388245747460949 256 273 254 237 
3.2118644035886392 -3.223839964348309 2.002312224007495 4.8841152625197966 0.7171869863121441 0.8872963359261384 1.149864959728258 257 274 255 238 
3.2692677366205865 -3.2063872564259888 1.540144896038977 4.8357900737373 0.724900119578866 0.8774250627181107 1.059906808234265 258 275 256 239 
3.283478351027385 -3.182157900818125 1.0503908840453304 4.7943207619046415 0.7273123930974257 0.8727458819221872 0.9699825220738427 257 240 259 276 
3.248437640644759 -3.151311361548303 0.5623090242876145 4.76176281109784 0.7240075726242785 0.8733203377399766 0.8803399097153152 241 260 277 258 
3.1718215826851694 -3.114139816609206 0.09537196086141805 4.740068052688646 0.7150888070743836 0.8791047219685566 0.7909024962220599 261 290 259 242 
3.0648640864918253 -3.071586540827105 -0.343848496007324 4.7306639518622875 0.7007979771548254 0.8898875890058788 0.7020919430165647 260 243 262 279 
2.952826686107969 -3.029577662519985 -0.7121496377667292 4.733081279023902 0.6817828529476035 0.904895624987824 0.6149038849399457 278 261 244 263 
2.847941280371857 -2.9881937288057423 -1.0228433774178693 4.743860777885221 0.6590823386633745 0.922773356337729 0.5308839187606712 245 264 280 262 
2.7579132260047037 -2.9490311181423143 -1.2796706531308686 4.759565933042509 0.6339352125054694 0.941873708279883 0.45228079619936623 265 281 263 246 
2.686794257740494 -2.914142433563573 -1.483997504720356 4.776793547727755 0.6081069539925119 0.9604550859877279 0.381755130824701 266 282 264 247 
2.6295126643161457 -2.8830163776903603 -1.6508424483169193 4.793754078188602 0.5836139278958449 0.9771936605313764 0.32148113385546034 267 283 265 248 
2.5821466800433432 -2.8563937572485245 -1.787468226936827 4.809604120049511 0.5625665367650425 0.9920828624005367 0.2716213356200745 284 266 249 
2.9379301383833205 -3.108073333765299 3.5387022813887876 5.096063615273657 0.5749010189681732 0.9530118501442221 1.5663750997419261 269 285 250 
3.014578869069311 -3.106251137234509 3.3905051394155725 5.074744546051191 0.5857370568210222 0.9354171630578234 1.5155777336961316 270 286 268 251 
3.0973447854330782 -3.0990998529956713 3.228392430871812 5.051007956074379 0.598919097789712 0.9159758615409931 1.4545613610654646 271 287 269 252 
3.1944522060710314 -3.0861266333827495 3.0272704863602664 5.02152986357106 0.6153798659937033 0.8965046919430502 1.384225967741791 253 272 288 270 
3.3066902019761772 -3.065973905875754 2.765977264386421 4.983542794447089 0.6338780710828544 0.878565111940109 1.3067798187584618 273 289 271 254 
3.4242698467765424 -3.0390877063058825 2.4303691935117744 4.936709136750838 0.6521691040629191 0.8634334680001434 1.2246001904511008 274 298 272 255 
3.52792415612699 -3.0080150238878813 2.0223670293975498 4.884857180036885 0.6677726021724821 0.8519671449160556 1.1397213083976825 275 299 273 256 
3.598508427452765 -2.9751850539186346 1.5438113781174947 4.833294919584489 0.6783697824193841 0.8445717181756844 1.0536029439862515 257 276 300 274 
3.619975274589552 -2.9397766055637202 1.036497160919398 4.788891364716641 0.6821843085225965 0.8411635702125388 0.9673537516762889 277 301 275 258 
3.588215729065669 -2.9024674957754075 0.5333056471459088 4.754741236699743 0.6785024588866871 0.841498131746361 0.8815510355527125 290 302 276 259 
3.2476521736357853 -2.8083173285547662 -0.7600799372343946 4.721379584189229 0.6277144401298793 0.8650879300800087 0.6293218397191207 280 305 279 262 
3.3850514709765887 -2.832437631609326 -0.39157216121813776 4.720798807324855 0.6503621023450276 0.8535786830563458 0.7119996687331878 290 261 278 304 
3.1122570238421297 -2.788778109604827 -1.068816799167678 4.730911109781357 0.6009482642730561 0.8791329505997569 0.5492416230520365 281 306 278 263 
2.9914716761010696 -2.771627170946972 -1.3231526323538134 4.746369543267418 0.5715524909081613 0.8944573166171212 0.47368364996436363 282 292 280 264 
2.893302258645743 -2.756542562146478 -1.5239398615053081 4.764057468653237 0.5417265985357377 0.9096745533715404 0.4053204816876414 265 283 291 281 
2.8133736782390097 -2.742477922094126 -1.686521222745057 4.781690893781733 0.5140080747071976 0.9237488551530464 0.34652901093139316 293 282 266 284 
2.748776990220121 -2.7303869534907936 -1.816107610166635 4.797717078295011 0.4906127455933983 0.9367480251454265 0.29767974808130904 294 283 267 
3.131122881821196 -2.963853151432902 3.5538448723358322 5.0846994184813115 0.5031501290669549 0.8863837582842001 1.5240161942435935 286 295 268 
3.22190447283966 -2.949657506053913 3.4128736961417867 5.066640238943887 0.5198623893283912 0.8741768501060748 1.4776839652465856 287 296 285 269 
3.318468887132262 -2.9280317973997887 3.2614986123366534 5.046285355177625 0.5388756349639942 0.8602473191680443 1.421721399223416 297 286 270 288 
3.432858254217859 -2.8974343437402252 3.0698661579338027 5.020068587273465 0.5603387156385732 0.8457278046171467 1.3565333883067945 289 311 287 271 
3.5649698368475375 -2.8575115557904747 2.8149541227099903 4.985139851816509 0.5830202503910629 0.8322786776314586 1.2845279800825664 298 312 288 272 
3.5079541629685598 -2.8656481146507704 0.056006531980848796 4.731948662882497 0.6676487345932502 0.845593035606124 0.796287670189425 279 303 277 260 
3.099902857144924 -2.5660693982739415 -1.588242228629461 4.756798135980384 0.4855033464559291 0.8546654180076232 0.43356765022553373 282 293 319 292 
3.2201990398843887 -2.5626747021140104 -1.3931660454051404 4.741390244761466 0.5186121797471102 0.8433934681347615 0.4983951903737103 318 306 281 291 
3.00383874718536 -2.5670695311373746 -1.7423592869290923 4.772345155014463 0.45411076052837046 0.8651488587873517 0.37687780789779757 283 294 308 291 
2.935487179204445 -2.5633919212070224 -1.8571250509158135 4.785152739355176 0.42631074787602735 0.8748028184769973 0.32863635765448246 307 293 284 
3.3158346285836404 -2.7834496763100685 3.612676155340145 5.0766514364043305 0.44322822226218866 0.8166950462050266 1.4780638816901885 285 296 309 
3.4155526173465702 -2.759259420513858 3.476768579797607 5.060918938407805 0.464379180456807 0.8096294426244457 1.4362503446486263 295 286 297 310 
3.5231970120461926 -2.7257923101643184 3.32642603261064 5.042031206915848 0.48797348981345307 0.8013868101968614 1.3858569814009962 311 323 296 287 
3.7020048532121757 -2.812254003318789 2.4776132615590165 4.94056371889732 0.6049665570173595 0.8213401691456855 1.208038893609964 289 273 299 313 
3.8179518354370194 -2.7695521343742215 2.0588220766765652 4.889730364996695 0.6239336578597015 0.8137206827430816 1.1285928782979395 274 300 314 298 
3.8893242620720496 -2.7354602990276806 1.5567797965861465 4.8377546589192315 0.6376371175676037 0.8096351291720308 1.0466280700893829 275 301 327 299 
3.9086234532415163 -2.699456846739498 1.0204785370542007 4.792850012957391 0.6432344096377833 0.808105401614575 0.9630445748892315 300 276 302 328 
3.8838643392614265 -2.6514838026684067 0.49080457932191507 4.759355478827884 0.6390905526022002 0.8081627354193527 0.8799425314979297 277 303 329 301 
3.8100915371343107 -2.6027654642900977 -0.006540417505997923 4.736691131403988 0.6262694364447996 0.810202670194474 0.7989569138961948 304 330 302 290 
3.6784438028769504 -2.5716973214155345 -0.46725552788449554 4.724379349561165 0.6064387266313158 0.8149753877015804 0.7204068871747169 303 279 305 316 
3.522952351224685 -2.5614331912308255 -0.8368117902523315 4.722432706888226 0.5809964328376553 0.8225607857641017 0.6438051666043947 278 306 315 304 
3.3649329084411876 -2.560295420766559 -1.142907075200787 4.728788460722239 0.5511865719907658 0.832318622868371 0.5692936735091056 305 280 292 317 
3.0939760076681706 -2.377150304679487 -1.9368158715459194 4.78032751118203 0.37146099981067204 0.8098256478641426 0.3610124740104138 320 308 294 
3.1730406596581258 -2.3717731950841006 -1.827266304830813 4.770250983732518 0.404471112081386 0.8046734139110492 0.40833846423094583 307 321 319 293 
3.498463706109019 -2.5518241118826572 3.7045827532792304 5.066723354180407 0.3944044170146278 0.7449580462872467 1.4319377831035167 310 322 295 
3.597934065609178 -2.521403943925526 3.5769426767231574 5.052631474293395 0.41869064744383655 0.7434514120928227 1.395272313007844 323 338 309 296 
3.6478457686857455 -2.681952592017929 3.137143239940168 5.017466342904025 0.5134633640341142 0.7924097531082681 1.3269399781740268 288 312 324 297 
3.7887685007989007 -2.629865093199083 2.8841573248985015 4.984771712568856 0.539424269057259 0.7839599914424201 1.2614914793660132 313 325 311 289 
3.935290419461832 -2.575651070748419 2.542300107919627 4.943191219497516 0.5644734629297838 0.7778515491009108 1.1915852086628533 314 326 312 298 
4.0600059311649215 -2.5289568753347598 2.11038145696962 4.895550844716699 0.5864534143176597 0.7748577808201558 1.118664358879018 299 327 343 313 
3.7390761412973372 -2.3272141844711243 -0.9326881746254007 4.733190252991787 0.5419836747335367 0.7801749123123265 0.6558969339845553 317 332 316 305 
3.903270946031394 -2.3312437715464953 -0.5607030600518043 4.736087627614999 0.5697914060109461 0.7767281166782575 0.7264959104909231 345 330 304 315 
3.574324635335983 -2.331694155082682 -1.2376529947258035 4.737132650220014 0.5099422017805356 0.7854523572987696 0.5874536426208269 306 318 331 315 
3.417893685982531 -2.344419838135962 -1.4845509022193384 4.746167764758046 0.47527420765567485 0.7919437676340897 0.522401144069548 319 333 317 292 
3.2831697658386023 -2.360155051759339 -1.6755995808868478 4.757837027829381 0.43961081753416004 0.7986633283469194 0.4622763973023828 308 334 318 291 
3.1849932886072696 -2.2460524078699398 -2.0025216734551674 4.781022262618154 0.33073053616360426 0.7486527377417194 0.39352209962122997 335 321 307 
3.267521030116891 -2.236442002122903 -1.8987632107010974 4.77338796617064 0.36539594318074325 0.7473406183983489 0.43743829175239324 336 334 308 320 
3.5850333361282787 -2.3848211895785685 3.7999233580450213 5.0602770363238205 0.3535755155574569 0.6711296175290243 1.3868923413996594 309 338 337 
3.7091461417026146 -2.4812450175979452 3.426700874792808 5.034495032350086 0.44588737362211966 0.7416083864121272 1.3510869622693407 324 340 310 297 
3.839589817427062 -2.4299691906064926 3.233058998887469 5.010711155119392 0.47495881467506573 0.7393684842891257 1.2992416547516439 323 311 325 341 
3.9872204011350614 -2.3705845931796716 2.974697245699221 4.979809094249121 0.5036868904316122 0.7364962599696583 1.2404834148274377 312 326 342 324 
4.140202838343809 -2.311036650687058 2.632929025862433 4.942399246147487 0.5317531076110238 0.7355943528137621 1.1760676708453772 343 325 313 
4.121491643883618 -2.5114788341801 1.5821323990779244 4.844906469927618 0.6033353819852034 0.7750087957334787 1.0413114562744854 300 328 314 
4.119189871554256 -2.498872725416665 1.0050367276045962 4.799641822736133 0.6110197683635381 0.7760140402553544 0.9585474990616074 327 301 329 
4.103074695012906 -2.4356132905231553 0.441095719915145 4.767714345217156 0.6060558376535178 0.7754784921505444 0.8754696993698232 328 302 330 
4.04918432420944 -2.3561366056930675 -0.08537675271097084 4.748089748292341 0.59145610214384 0.7751839870757957 0.7985667604435334 303 316 344 329 
3.6610489139176985 -2.214790902138515 -1.302426848986888 4.744948623842305 0.4752126454749862 0.7419585259381102 0.600394375873941 317 333 347 332 
3.7929746851032413 -2.250894557510041 -0.9837916088191699 4.738419560932242 0.5086507076647744 0.7408522203713014 0.6634234043168118 345 315 331 
3.512995519143071 -2.214684958568201 -1.5547374220568493 4.7535586062509045 0.439905970308493 0.7439001851999558 0.5422190506342215 334 346 331 318 
3.380261420652912 -2.22546557407644 -1.7469500021801736 4.763338550854058 0.4025570124144081 0.7457315554165705 0.48745332225774174 319 321 348 333 
3.2563951356290293 -2.1240953081115497 -2.0691716258385795 4.784428292247399 0.300913144388531 0.6951536564422723 0.4220582617226001 349 336 320 
3.338432902960016 -2.1167026731307037 -1.9673513797835231 4.778870825270652 0.3343835765477929 0.6967470014958013 0.46085746933404237 350 348 321 335 
3.63025043686047 -2.198403909955934 3.9458482397485817 5.054047005745106 0.32229443664097873 0.604087515061996 1.3486876603200102 351 322 339 
3.681659175117223 -2.355983735715406 3.6746641893824807 5.046785743131017 0.3803512645191721 0.6770487071269707 1.3573529114336877 310 340 339 322 
3.733586070303963 -2.1716892438629065 3.8104158794410434 5.039639606030571 0.34825727778528104 0.614242849440728 1.325580079083823 353 352 337 338 
3.7910503184856954 -2.3235724285561443 3.5164994459123715 5.0291360095700135 0.4104719976694174 0.6831629843385126 1.3207129047923278 341 353 338 323 
3.914189585465446 -2.2907022884883967 3.309700234194991 5.006534703546101 0.44355606892261434 0.6897663661148364 1.2761970872861732 324 342 340 
4.061078184731191 -2.2480083594192917 3.0285409457488575 4.97699377332323 0.4743810302520648 0.6941565163940253 1.2262389064099828 341 325 
4.298084391790236 -2.2360711875191566 2.1914258603758077 4.900503749401001 0.5563702438518281 0.7382385793357039 1.1114249717038835 326 314 
4.076131976700006 -2.320001706311437 -0.11558897961043478 4.750025529374249 0.5620516545276861 0.7433621355935363 0.7945869609243643 345 330 
3.9303448243335617 -2.288697500748747 -0.6001927501106741 4.738658869499619 0.5394449223856499 0.7416342945636277 0.7309421828456497 344 316 332 
3.5642644791340503 -2.1321866109803334 -1.605911542374205 4.759848567842876 0.41038255307286897 0.7018027359592329 0.5564999836473224 348 347 333 
3.707475032474122 -2.1456929037475856 -1.343511558488773 4.750936653171257 0.4445882688065482 0.7042643495684842 0.6062105925492769 331 346 
3.445905185311017 -2.1188854791094127 -1.8093433410644146 4.770146766949926 0.3715649675919702 0.6989535221557935 0.506002195154672 354 346 334 336 
3.3525142273651016 -1.9326267612200796 -2.1727251417589937 4.792321981647622 0.2810681356500203 0.6524912179944901 0.4443127469551091 335 350 
3.431370928020763 -1.9339649198607358 -2.0708223454667984 4.789168509447219 0.30871242063161675 0.6526987973688549 0.4773305775082498 354 336 349 
3.664359124701522 -2.0322058541114365 4.050127948283284 5.043130418308083 0.30278724915741817 0.5531280815804124 1.3209849447585653 352 337 
3.7489554226956945 -2.0146944655076533 3.938657299320193 5.031831594097978 0.3212618197561454 0.5575436414522499 1.3018772307582434 351 339 
3.8481758819555187 -2.1531887203279014 3.632918005021311 5.02252150467216 0.37832903704410475 0.6280099890046374 1.2985565458068948 339 340 
3.5354434607976954 -1.9523085483334517 -1.907003022530613 4.782759256606084 0.34406890459676087 0.6586075843221156 0.5161568222017007 350 348 
