-9.616000723649981152e-01,2.473680538417202812e-01,1.188879588780547142e-01
-9.223351117788068931e-01,-1.549058395800919086e-01,3.539803983894624362e-01
1.346028590836554906e-01,-8.634508565365012212e-01,4.861426628808540595e-01
1.317661703457539413e-01,-8.677085214122221002e-01,4.792907241132767227e-01
-8.783380397335338596e-01,-2.918573225138798022e-01,3.786047956010093474e-01
-2.233843439991671509e-01,8.588143107618538830e-01,-4.610178027871633111e-01
-9.930375302760154899e-01,1.176351061240153359e-02,1.172095699223556914e-01
-9.384136283339199469e-01,-1.345898836669223442e-01,3.182222892440000894e-01
9.523629745907046251e-01,4.070520736314737348e-02,-3.022380696111392484e-01
5.451313318256822971e-02,-8.649340836297552126e-01,4.989161746086962501e-01
-4.577418260665992028e-02,8.746230802952963401e-01,-4.826377436768280460e-01
-9.329660699976337623e-01,2.787045027335834368e-01,-2.278115721143161021e-01
-6.476444034397871308e-02,8.758068738685672594e-01,-4.782968606958431512e-01
1.331751952264972200e-02,-8.702872983616146696e-01,4.923643589702709211e-01
-1.153472348203938846e-01,8.634313077184569973e-01,-4.911022218142410134e-01
-4.186453957213878002e-02,8.753197164230692717e-01,-4.817289220790572091e-01
9.920575658683701281e-01,-1.190968759542966604e-01,-4.046875512356653409e-02
9.980609160118262269e-01,-5.756740830613872595e-02,-2.367279938133569697e-02
9.994679686464639223e-01,-3.226492044800208236e-02,-4.770173811841045726e-03
9.966308420530398671e-01,-3.732563607170449188e-02,-7.303260614609954904e-02
9.893093986977151699e-01,2.743735745395266094e-03,-1.458059860311808065e-01
9.976841953695533283e-01,6.788972393430932339e-02,-4.151107554635081152e-03
-7.998185712002697789e-02,-8.647646445417555006e-01,4.957670945940270690e-01
-2.969640840754285069e-02,8.671359220247465416e-01,-4.971854946214594451e-01
-9.580638033754038663e-01,-2.619143118901578471e-01,1.162524919688204816e-01
2.361061419087426283e-02,-8.764034304552050791e-01,4.809985093364408382e-01
-9.990047308032405926e-01,-2.069791998400349886e-02,3.951131408951861351e-02
-9.983791783331972258e-01,4.387203686763616571e-03,5.674300586451967721e-02
3.798959368908233578e-03,-8.846141676819035959e-01,4.663082052078498241e-01
7.376744250606140189e-03,-8.816701525784440552e-01,4.718085689096420676e-01
-9.950802277941440677e-01,-9.473469066706176334e-02,2.899445873560045628e-02
-2.147413095299290434e-02,8.811530443873151208e-01,-4.723432799000957805e-01
-2.365420272244821848e-02,8.726403013869046266e-01,-4.877903064729121607e-01
1.002926079348946675e-02,-8.649472021968852564e-01,5.017626444243499240e-01
9.903851004007711012e-01,1.383180381809636927e-01,2.339490954046813832e-03
-9.988087172945837589e-01,3.957150301707547391e-03,4.863627471176353023e-02
5.517730809224394989e-02,-8.742043142132390754e-01,4.824129783522143611e-01
-1.239389059072162902e-02,-8.765698373692274448e-01,4.811150711529533219e-01
4.692406594842906536e-02,8.702885674400785421e-01,-4.903018880424216408e-01
9.997331120101388136e-01,-1.386912617398344816e-03,2.306038212855582997e-02
9.020866234796928729e-02,8.741786291853907986e-01,-4.771520947380833433e-01
1.892194019841752714e-02,8.736034920134215787e-01,-4.862703969203585053e-01
9.981394037715601852e-01,6.056193070132206979e-02,-7.069878943992109234e-03
9.999571425911204514e-01,8.844852905650048497e-04,9.215783568004971144e-03
-5.624667790650291627e-03,-8.897426110517407949e-01,4.564279233253324408e-01
9.867860875964370448e-01,-1.134742440020100780e-02,1.616306075147854460e-01
9.990364790821429919e-01,3.168883187279031982e-02,3.036332323203101355e-02
2.026445292762618089e-01,-8.594599897195368543e-01,4.693226191285644333e-01
8.860477388417640349e-03,9.099887138353123239e-01,-4.145383367468000735e-01
-1.400676842655600336e-02,8.676644763156199369e-01,-4.969528820503871236e-01
-1.062146016988990554e-01,8.728786076494278179e-01,-4.762367002803759020e-01
2.855930416197438246e-02,-8.638056900414915473e-01,5.030150057381256312e-01
8.727267937971676659e-01,4.186205222365675382e-01,-2.512066912940405516e-01
-2.459296777356475769e-02,9.209904791723645401e-01,-3.888080801757428651e-01
-9.920522419871916631e-01,-4.149610659040760957e-02,1.187872985887964972e-01
-9.918429603306311293e-01,-7.455137714111144398e-02,-1.033906872447123010e-01
-3.358594029319238450e-01,8.464147656054593627e-01,-4.132559812359245521e-01
9.934551953600092578e-01,9.411235352252445008e-02,6.472742638679089555e-02
-9.886860479153217751e-01,1.028904409407219028e-01,1.091487783743178980e-01
-9.871196326839504209e-01,5.932503049772411968e-02,-1.485778298614802984e-01
-9.969749917541076423e-01,-7.423580017096528816e-02,-2.301981298519772609e-02
2.952347106398822696e-02,8.820224889692355186e-01,-4.702815046425372070e-01
9.015634927993003700e-01,-3.652778889271338092e-01,2.318519620629991007e-01
1.577684218707545716e-01,8.837499545205751428e-01,-4.405623031369036435e-01
6.882209682453736821e-02,8.924956367440542992e-01,-4.457746710856274053e-01
-9.470634545900434853e-01,-3.510805925257268201e-02,-3.191210384093952634e-01
-1.055142803697219685e-03,-8.797416117198302299e-01,4.754509262608069831e-01
-3.332192316301067075e-02,8.860929065093945400e-01,-4.623083499899734994e-01
4.255145706857333537e-02,-8.666256829981249243e-01,4.971411259083025613e-01
-9.611364835459923484e-01,1.695993531798955511e-01,-2.178364510310553670e-01
-3.261396622365873854e-02,8.681064079814632128e-01,-4.953055558225480381e-01
1.745993187059701607e-02,8.795837645409702032e-01,-4.754235500424954242e-01
9.964302719177170475e-01,-2.027007586803643985e-02,8.195021189898424319e-02
-9.831186049938069882e-01,-1.127442985931821628e-01,1.441059736782710210e-01
9.642721488291197129e-01,4.099698918376918494e-02,2.617221233872633057e-01
-9.643322843168440350e-01,2.877904670144714253e-02,2.631254679714861711e-01
-9.938599128536355076e-01,-9.812017488625017492e-02,5.113614086784242646e-02
4.548846052135865209e-02,8.690454979176709394e-01,-4.926365013967440865e-01
4.314794835969847087e-02,-8.727953060909698912e-01,4.861754911736286267e-01
9.997755634128512314e-01,-2.052846802323938374e-02,-5.234959707087826625e-03
6.167686834805304226e-03,-9.084414298487185624e-01,4.179666591649667806e-01
-5.564379778712241070e-02,-8.660431487922617411e-01,4.968631926373801022e-01
-9.641495322557138703e-01,8.329121558726400310e-02,-2.519489092198738400e-01
9.871989455446494865e-02,8.974811202344415983e-01,-4.298627935072855122e-01
7.880895248324140678e-02,8.610336913635086020e-01,-5.024043504443650443e-01
4.284013337288756357e-02,-8.800703209833942164e-01,4.729069180047788534e-01
6.575068666041843091e-02,8.893896850007693144e-01,-4.523967676917201586e-01
9.727188382195922633e-01,-5.543856744272920162e-02,-2.252656809472425581e-01
8.510160023523446471e-01,3.453808903675486541e-01,-3.955803386281393497e-01
9.379902705244408390e-01,-3.445767574192373783e-01,3.796196317276581689e-02
1.228320814392021149e-01,8.719756343508667795e-01,-4.738889879156475415e-01
9.840266491772549085e-01,6.120923622399219305e-02,-1.671675300704638101e-01
-9.767087366060038800e-01,2.120986606194085189e-01,-3.246847703475964908e-02
9.718202371449827792e-01,3.199355245268798581e-02,-2.335419432926918171e-01
2.960889218189572195e-02,9.201716686068451834e-01,-3.903939213116094376e-01
-9.948967918184149495e-01,9.439313698723110491e-02,3.564139895031122329e-02
2.432734337632873056e-01,9.402978831269064308e-01,-2.380292574707533193e-01
9.771663592546320914e-03,9.357751284583447626e-01,-3.524619462429989247e-01
9.471763818999342499e-01,5.614451966422365214e-03,-3.206639666380785569e-01
1.420663351638943861e-01,-8.678654540380220661e-01,4.760532639321761739e-01
-9.990309221015074570e-01,2.139638689021561291e-02,-3.846311626813249396e-02
-3.394198635136891351e-02,9.315410567555755250e-01,-3.620486170961424999e-01
-9.985011455334121822e-01,-3.685069040276856694e-02,-4.046589904231828738e-02
-2.437510171977685242e-02,-9.566467927154904682e-01,2.902288207661603003e-01
2.456788128775755364e-03,-9.526606327531570440e-01,3.040257933045231731e-01
-1.810139976528218550e-02,9.538343337551890011e-01,-2.997872630321911092e-01
6.979286078898052498e-03,9.438457280311537412e-01,-3.303127778987218766e-01
-9.998933916027508140e-01,6.115670885883968746e-03,1.325911002908893889e-02
7.166957512708728439e-02,9.280574216119775732e-01,-3.654762566734410245e-01
9.999705290011983161e-01,-6.576177761024701481e-03,-3.961693466061259536e-03
-1.267042428303333246e-03,-9.395669722349313524e-01,3.423628182042681711e-01
2.708664666393226922e-02,8.896433073243402712e-01,-4.558520585732974140e-01
9.935767047502966909e-01,-4.749037436051409267e-02,-1.027131740364404383e-01
9.954826474714200124e-01,-1.620999184045079922e-02,-9.354963788184833540e-02
9.916356165637222331e-01,-7.662858018699544860e-02,-1.038598317965693796e-01
5.997912954900379290e-02,-8.872261456578870442e-01,4.574191409195657032e-01
-9.890999703558335243e-01,4.325141587630840917e-02,1.407500041448810080e-01
-2.736741234318872031e-03,-8.834500059279768447e-01,4.685174460714076061e-01
-9.950486314853188574e-01,-8.379163293496517950e-02,-5.345262602797280077e-02
2.133421829592049845e-02,8.937277018031331011e-01,-4.481022719864205528e-01
6.604617649973267175e-03,8.934626546721978757e-01,-4.490889263072586068e-01
-9.828407206228264581e-01,-8.372761190871760850e-02,-1.643587688249902867e-01
9.622233914198305982e-01,-9.990765470743966786e-03,2.720778006560405360e-01
-9.657530476996601942e-01,8.997454160455322855e-03,-2.593069545489451455e-01
-9.734081494069647400e-01,-8.656648462180706327e-02,-2.120915330896795958e-01
-9.629268353690823012e-01,-1.197440807542272390e-01,-2.417297351390796101e-01
-9.523901698256157511e-01,3.459063813722987931e-03,-3.048622628287528946e-01
-1.430718564187178493e-02,8.626457119948902630e-01,-5.056062499770331842e-01
1.344018025590468235e-01,8.696788073870086455e-01,-4.749683436301723183e-01
-1.488161240627094706e-01,-8.663143767567574871e-01,4.768156476495956642e-01
9.513313233103097843e-01,9.556579659490019307e-02,2.929776302208700334e-01
-1.752620426178072288e-01,-8.647810895713402557e-01,4.705708060826122585e-01
1.996078290538176869e-01,8.702264778050834426e-01,-4.504026997114698450e-01
2.796353442473744622e-01,-9.247390381040762053e-01,2.581894375337618341e-01
-6.758644489284072743e-02,-9.063450542742680360e-01,4.170979681793249294e-01
8.981271271382433863e-01,6.561224968468726271e-03,4.396869498010134714e-01
9.980134305474795964e-01,5.922554729650111871e-02,2.148317933363337595e-02
-1.249788467871765577e-02,-9.159643243259926182e-01,4.010650314357825375e-01
9.988611463726749795e-01,-4.722493838913148501e-02,-6.798195437637966597e-03
-3.868227956815636359e-01,-8.792799711145765640e-01,2.779115995021596563e-01
-9.948220982721327488e-01,1.866903286211562402e-02,9.990225223399330778e-02
-9.857859010134543132e-01,-9.273716563407449764e-02,-1.400927388312839805e-01
-3.546738820869199671e-02,-9.131367293577470345e-01,4.061075939593974393e-01
9.945520165425567605e-01,6.677474881947143004e-02,-8.004635726396545914e-02
1.372999498594450370e-02,-9.304696300546934085e-01,3.661116698270732717e-01
9.700223829014311683e-01,1.614721202121596477e-01,-1.816131357155068571e-01
9.917949230300961982e-01,-2.376480528674999176e-02,-1.256107665823614217e-01
3.987918301403298171e-01,8.608863333910130589e-01,-3.159743616085077256e-01
5.916864453998785800e-01,6.133668699625647314e-01,-5.231522084082055324e-01
9.594370593995296126e-01,-2.588503912504900861e-01,-1.117005102953958079e-01
5.118633062659843080e-01,8.110619825966375318e-01,-2.831508715947502197e-01
9.867262431354143493e-01,3.844968881143503991e-02,-1.577749743722841602e-01
4.184524254148863642e-02,9.264974657038620443e-01,-3.739671398946236569e-01
-1.168316824077944710e-01,-9.635146562037064655e-01,2.408108495612636957e-01
-6.290587395646474178e-04,-9.228958104110545069e-01,3.850492532272012935e-01
9.366589721363182131e-01,5.139945752187606576e-02,3.464506684695423666e-01
-9.985552000330578659e-01,-4.639178221295551380e-02,2.711669283016405682e-02
-1.673776213724415332e-02,-9.197385676734325388e-01,3.921744694044473345e-01
-3.388736698276901271e-01,9.045017395546489647e-01,-2.589232300125420272e-01
9.609393829886913041e-01,-7.530472364353450049e-03,2.766564552062414362e-01
9.488587552060732122e-01,-1.324623977592717383e-01,2.865672274504638128e-01
9.891433541050258516e-01,4.470878096469812352e-02,1.399876777952623330e-01
-9.519345221079327235e-01,4.967019027280396293e-03,-3.062613170825275732e-01
5.285768969961519570e-01,-7.747396468366967159e-01,3.469653348409174609e-01
-9.603701732355228726e-01,5.930988822892416246e-02,2.723443913831243290e-01
2.508790152279399832e-02,-8.683594504563206806e-01,4.953003755302226585e-01
-9.986638237234931603e-01,-4.295577916853447753e-02,-2.872922243980435483e-02
9.958215668981430513e-01,-4.008762905878619776e-02,8.205113586643611456e-02
9.761121008119384712e-03,-9.241848096030583770e-01,3.818208457059719119e-01
9.983381813352683043e-01,4.222414754536464587e-02,-3.921730552009381615e-02
9.991068245894838551e-01,-2.094901978899956982e-02,-3.669729729283423281e-02
9.980171769300818507e-01,-4.146047239610022028e-02,-4.735761587328823907e-02
9.958260547018021880e-01,9.264263254018958657e-03,-9.080001213327816567e-02
-9.977522870519125453e-01,-4.549495524983004913e-02,4.919941797921818100e-02
1.218361171926297427e-02,-9.256655140880399868e-01,3.781466853399601535e-01
9.916789519122777286e-01,3.094451334707225276e-02,-1.249611676797212079e-01
-9.922706235191156576e-01,5.636698108662728524e-02,1.105521286279243787e-01
9.913681643536101928e-01,-4.950648587853486576e-02,-1.214012790793895513e-01
9.934046287710870393e-01,-3.106401951387113489e-02,1.103733220838289814e-01
-2.286814316563443375e-02,9.253181538957903074e-01,-3.785014690843914176e-01
9.958560346675002783e-01,-2.222768293063389841e-02,-8.818553355203717636e-02
-2.989328696516280193e-02,-9.123462880038898382e-01,4.083266366035187001e-01
-9.938407334890976275e-01,-2.198781280783574689e-03,1.107960370172675763e-01
4.325353249838378294e-02,9.378060822122215034e-01,-3.444544731777705593e-01
2.287754237861996595e-02,9.294391365682919126e-01,-3.682655420615709163e-01
-9.941759895369294275e-01,1.417802996234272458e-02,1.068320424528824142e-01
9.982346703390664322e-01,-1.879362197100000950e-02,-5.634130550729716386e-02
-9.890345782553868759e-01,3.999927721632878103e-02,1.421642037833724392e-01
-4.121685883043281484e-02,-9.377915723748473376e-01,3.447435820009761565e-01
-4.656464749707306568e-03,-9.647075812868524114e-01,2.632823578284457233e-01
9.991758683578020328e-01,2.758625538588286089e-02,-2.977553702651226583e-02
-9.977354302551540988e-01,-5.522401468036816641e-02,3.839686726993587346e-02
5.127977557602791947e-02,-9.736809918552382648e-01,2.220714090482422132e-01
-9.913415041514160864e-01,1.037315978230895636e-01,-8.050948863256378318e-02
-1.263081925972752741e-02,-9.540364672916041844e-01,2.994242499908513766e-01
-9.975156022416922230e-01,-4.360142337010155036e-03,7.031082735393676120e-02
7.105587584763273235e-02,-9.532592531971140204e-01,2.936798575006571155e-01
3.115115623069569448e-02,-9.641759011814018399e-01,2.634282388934843233e-01
2.018991589129327802e-02,9.598977675297233336e-01,-2.796223224060547241e-01
1.456634293262911717e-01,-9.484615455845307741e-01,2.814300302105438023e-01
1.263008353304838627e-01,-9.606554576911987553e-01,2.473644893733442096e-01
2.395778229474482962e-02,-9.726452501646862814e-01,2.310567938832195078e-01
9.428139464648712664e-01,3.332975150115693452e-01,-3.824766456616028251e-03
-6.072290590084962816e-03,9.671390997041515725e-01,-2.541753117642087667e-01
-9.928101569130567405e-01,5.760568350936239729e-02,1.049265340973917632e-01
1.321007821754682961e-02,9.365561630970434814e-01,-3.502685358384772241e-01
9.961299031488316524e-01,5.221203750668457211e-02,-7.070444959194398249e-02
-9.963359988711345538e-01,8.272514944937255088e-02,2.170546018949115127e-02
-2.838370842496194812e-02,-9.664819191530549247e-01,2.551608611175992802e-01
9.797297046737196702e-01,-1.559122512015519713e-01,1.257818576155171897e-01
9.951570687139249527e-01,5.100042084086373051e-02,8.403193239931604219e-02
-2.292630154058086511e-01,9.557790583357556047e-01,-1.841870283539324971e-01
-9.854172866593939872e-01,-9.722391894690946001e-02,-1.396434056353629272e-01
-9.773374108654249159e-01,-1.732606023906859971e-01,-1.216238010509636952e-01
-9.026212809100901679e-02,-9.688331397967316905e-01,2.306839731409377481e-01
1.098760696469268106e-01,9.668485379076806607e-01,-2.305019610865031987e-01
9.841939089228736171e-01,-2.182324408013045901e-03,1.770807361044467731e-01
3.056891577064000387e-01,-9.297626249838798485e-01,2.051721229695617210e-01
9.895520554982396577e-01,-8.337053708363856286e-02,1.176268804550830022e-01
4.410374156468239160e-01,-8.700952280820573037e-01,2.200461135044276817e-01
2.916687836702143086e-02,9.797322952188003420e-01,-1.981764943468950768e-01
9.926341616433620452e-01,1.208663773884875170e-01,8.290956251463648882e-03
-1.385958448058924875e-01,9.732721070028231836e-01,-1.831190801987228611e-01
-9.997812805981828310e-01,-7.446487766251336585e-03,-1.954330538585541052e-02
8.038402604257338657e-03,-9.747553254220738816e-01,2.231309921209490565e-01
-2.826804963662055484e-02,9.580047902700854490e-01,-2.853554611170272537e-01
-9.763804890102206757e-01,-1.580244472568715919e-01,-1.473411509026670285e-01
7.974019510360061402e-02,-9.487299737444937486e-01,3.058642479983760265e-01
-9.833674125041840242e-01,-1.078533203669440749e-01,-1.461375834980568056e-01
-9.752314152059911034e-01,-1.618754606538358176e-01,-1.507316225396262699e-01
8.429148252478715908e-03,9.625321660230459209e-01,-2.710364898509451392e-01
4.783687473986193185e-03,8.746328897536357339e-01,-4.847622350135742941e-01
-9.971316277451521826e-01,2.346789800371702674e-03,7.565057519897795679e-02
9.841225606498220646e-01,-1.619001280697663914e-01,-7.274018250616710868e-02
1.800541671545763389e-02,-9.712726776238388426e-01,2.372871481355891543e-01
-9.968278355899099497e-01,5.354139768528690807e-02,5.888620319770388606e-02
2.118880101954287998e-01,9.576955649627163503e-01,-1.947374539891220113e-01
-8.471361089626427976e-03,9.822335391744929645e-01,-1.874713593113334631e-01
-8.701925225979718903e-02,-8.804520206650210401e-01,4.660814188991311835e-01
9.861220249370157287e-01,1.404111029016479051e-01,8.858935667484364729e-02
-6.504447180785332024e-03,-8.975324582454863309e-01,4.409004179661056844e-01
-7.600678244068458621e-04,8.909423971494755401e-01,-4.541156980973552471e-01
3.555060734475865708e-02,8.990852816967047634e-01,-4.363276412900926604e-01
-3.222511113238701874e-02,-8.899720621518316666e-01,4.548750056902682859e-01
-1.620933480154124751e-01,-8.666789896326991816e-01,4.717979180310125642e-01
4.339338628221425798e-01,8.151647962471296749e-01,-3.836766316256823295e-01
9.685479529064039417e-01,1.893144391668024618e-01,1.614772616927020454e-01
9.127263513367092074e-01,7.934028877976787020e-02,4.007938699031227681e-01
6.255039588658913852e-01,-5.538034828086909611e-01,5.495875725233071440e-01
-5.098688394651064160e-01,-8.518467805589726716e-01,1.199617813881536932e-01
-9.400308140383183408e-01,-1.182661129384261905e-01,-3.199299848230737764e-01
9.559217370220564058e-01,3.676949256338907929e-02,2.913102076916724847e-01
9.452005178991620404e-01,3.462638993181608310e-02,3.246490321615725927e-01
-9.253326345933896580e-01,-4.679211050581680992e-02,-3.762579085559105141e-01
6.514824898628689409e-01,-5.627872455228599691e-01,5.087642692631519914e-01
-5.389130593207658998e-02,-8.689995388703480872e-01,4.918694222942280869e-01
9.690947579222266572e-01,-4.185085691434841521e-02,-2.431128461089534787e-01
-6.585740857189271991e-02,-8.925493386825473774e-01,4.461148728226197457e-01
-9.814416861520214308e-01,1.417259065753880866e-02,1.912363834554795805e-01
-3.065849739446093736e-01,8.544783773043168607e-01,-4.193713825128803085e-01
9.814933125302456318e-01,2.278326611905738888e-02,-1.901362675644858724e-01
9.764829377364334650e-01,-7.998180118004392936e-02,-2.002098493821434233e-01
9.336913328243973131e-01,-9.276469508792744775e-03,-3.579587156671187320e-01
-1.734009262682451036e-01,8.708298603688624517e-01,-4.599863835585376037e-01
-5.819259067217388282e-01,-7.428625570036641035e-01,3.309342238089924559e-01
1.757219190463953085e-01,-8.940325087369593859e-01,4.121015414775232588e-01
9.607687772077323496e-01,-2.222797236520522024e-01,-1.658767048018680579e-01
-5.950478533727366487e-02,9.087493746910213499e-01,-4.130783878643889406e-01
-9.610236780377187094e-01,1.292400670663698958e-01,2.443982309991940272e-01
-9.292807174228697731e-01,3.173395752153351790e-01,1.890315905561477106e-01
-9.575781401041661978e-01,-3.223922354569654092e-02,2.863646941573216864e-01
9.544959930132704828e-01,-6.213448562012405946e-02,-2.916791130991957526e-01
9.979051384708841343e-01,1.317720113479481023e-02,-6.333795057987555432e-02
2.790071631729962309e-02,-9.620906200443987144e-01,2.712990763927630722e-01
2.570568034760495682e-02,9.297513868540340232e-01,-3.672894997694151620e-01
9.817385945960804827e-01,1.359947448471366949e-01,1.330216570881411486e-01
9.910502335791507855e-01,-1.608787813059286975e-03,1.334797599806183122e-01
-9.854643199858679203e-01,4.537219117911110711e-02,1.637114482936275761e-01
9.694785644694019489e-01,2.231224000254299067e-02,-2.441587126858607293e-01
-2.347573001116176963e-02,8.863299049744802760e-01,-4.624588518434606943e-01
1.650443978701037623e-02,8.859348132846848189e-01,-4.635160300114202214e-01
-6.479418985244526918e-02,-8.709437001581704640e-01,4.870921720949334399e-01
-3.704916247240262750e-02,-9.168296423302194631e-01,3.975559916599616939e-01
-9.893863935028659462e-01,-1.133726175374784595e-01,-9.089122039060205938e-02
3.213864450804679307e-02,-9.755900780495246893e-01,2.172351425080843446e-01
-9.684556606909946463e-01,1.015816227790138082e-02,-2.489788043482917268e-01
9.746783888203657265e-01,5.314756005741685246e-02,2.172035341021860966e-01
-2.525752985152496938e-02,9.587305366810752183e-01,-2.831921877824615241e-01
5.857617655532484924e-02,9.815472966609781746e-01,-1.820267451713765694e-01
-9.991530264360073410e-01,5.393790625283038757e-03,4.079383270125478550e-02
9.994234166748149351e-01,-1.888488179661397884e-02,-2.821693536809690914e-02
9.879191429138529656e-01,6.022290842583698234e-02,1.427899449019136013e-01
9.909591633515280051e-01,1.139962229997108639e-01,7.074459492738548183e-02
9.916029501961546311e-01,8.100687206499887494e-02,1.008041459491010317e-01
9.773910239403477140e-01,-4.855416580173034513e-02,2.057894052281032393e-01
-1.441648608642435818e-02,8.657684286003722862e-01,-5.002371367339314423e-01
2.651770612972303987e-02,8.687283083046685173e-01,-4.945785454422040872e-01
-3.593892477905658023e-02,-8.668368959344008307e-01,4.972948718140355329e-01
-9.759101501978022508e-01,-4.319401966288785588e-02,-2.138542854521864878e-01
-9.672552640102393129e-01,5.548027249671191180e-02,-2.476675061613307638e-01
-8.024910295486864520e-02,8.624028985728557917e-01,-4.998212900708366990e-01
-9.491341637583647906e-01,7.109095048318120336e-02,-3.067416110443895172e-01
-2.808707419578955200e-01,-8.592310658962054593e-01,4.275904602664702958e-01
4.264225497108354856e-01,8.311527595873943186e-01,-3.568597754417958123e-01
-7.996232547564365856e-01,3.624640865273957013e-01,-4.787717999533633306e-01
-9.778960174412869577e-01,-1.229893978795304765e-01,-1.690946098540714038e-01
9.818299120415637793e-01,5.457203141257078310e-02,1.817468492380553968e-01
2.203951899612358045e-01,8.661292072918185259e-01,-4.486046773251444186e-01
2.028798735821581156e-01,8.687071696285401101e-01,-4.518712320244105407e-01
-3.111504939672053993e-01,-8.643660770358274625e-01,3.950400675547459106e-01
2.784444400154537091e-01,8.726177667155677886e-01,-4.012566847253953850e-01
2.419244903097088062e-01,-8.275999916510503596e-01,5.065084350803735758e-01
-9.902580732936830388e-03,9.023591328721929372e-01,-4.308711341189747634e-01
-1.161259007038591973e-01,8.725718336444988621e-01,-4.744820020991253884e-01
-8.059619897344548478e-02,8.749857555160612810e-01,-4.773931088264896649e-01
9.589322646445584963e-01,5.639651022629790789e-02,2.779718429229004473e-01
-1.438179396366880136e-01,-8.772875822065889784e-01,4.579114525154127091e-01
3.523345514739143619e-02,9.166044448340603390e-01,-3.982397460686473711e-01
-1.267601209277763596e-01,8.902814722538622272e-01,-4.374137308131409996e-01
9.960433092075988704e-01,3.325768683828976557e-02,8.241148250663764274e-02
-9.128376604124401050e-02,8.770246366506059266e-01,-4.716938209953570049e-01
-9.375703570375252260e-01,1.000560684107019843e-01,-3.330924928285243780e-01
9.745167329717131510e-01,8.207518347062082997e-02,2.087601528462814937e-01
-8.766502093819162900e-01,-4.767485194019435712e-01,-6.477082397728774199e-02
8.780349309096475985e-02,-9.002284992382012518e-01,4.264729718989948570e-01
-4.073977237905716114e-02,9.023149446203460045e-01,-4.291480067078079497e-01
9.023780196269666209e-01,4.256721603735834081e-01,6.720953486671607524e-02
-7.922719844721453075e-01,-6.094958088739279578e-01,2.863497137566210077e-02
3.064321740829507035e-01,8.705988008732529204e-01,-3.849117439165115617e-01
-2.173479516603239459e-01,-8.776930835441814072e-01,4.271003617509216421e-01
-9.641724930095872947e-01,-4.284119669632740351e-02,-2.617938799691541529e-01
9.755911195931282753e-01,4.575311259624803562e-02,2.147757436462078562e-01
6.638447697016877647e-02,9.445114844691978595e-01,-3.217004148632535698e-01
-1.190085603825107446e-01,8.960710228845935044e-01,-4.276607118993286938e-01
5.471478525236456864e-02,-8.996437298323241016e-01,4.331829309289227381e-01
5.545720625463024939e-02,-9.243570737082442701e-01,3.774764874266513526e-01
1.416502167662064826e-02,-9.301046449074582556e-01,3.670213913145550788e-01
2.229788201077825480e-02,9.280064571779781391e-01,-3.718962488299805136e-01
8.756946132788464565e-01,-5.667918264468995576e-02,4.795272823616414382e-01
8.734982127087660420e-01,9.060585328831698149e-02,4.783214941276288656e-01
2.510784989352385921e-01,8.724858355039468716e-01,-4.191993013083484265e-01
-8.634655600751189874e-01,2.794857715495840944e-02,-5.036329055961042966e-01
2.643042781202659675e-01,8.672544669073973811e-01,-4.219157951493298087e-01
3.060565147521613349e-01,8.669241602677915104e-01,-3.934106126196201259e-01
4.217834249776275524e-01,-5.886922143903924320e-01,6.895942423848085978e-01
-2.284097153083104459e-01,-8.811176014438060200e-01,4.140782225361421820e-01
-4.536532308222738230e-01,5.821917625353788539e-01,-6.747232749805373020e-01
3.176456673381224394e-01,9.191478748435143453e-01,-2.329558202577695358e-01
-2.663054745778797305e-01,-8.882161787274001075e-01,3.743706907020709629e-01
3.422732437250318172e-01,8.739641304340408645e-01,-3.450155436275531007e-01
8.970138959521477551e-01,1.117323920048414465e-01,4.276469841418571449e-01
6.837913168494944571e-01,-4.791258267836247531e-01,5.503343321201598082e-01
-6.351411527860281181e-01,6.224623965618809596e-01,-4.573142036981522884e-01
-1.752339018766257972e-01,-8.732955008362873750e-01,4.545855781392445505e-01
9.553276146500212507e-01,-4.669474667695181630e-02,-2.918368539439042397e-01
-1.922338323998083465e-01,-8.669947601988151620e-01,4.597458422527403443e-01
5.376395558991651225e-01,5.999807999787450941e-01,-5.924244657248834978e-01
2.639746153817488228e-01,-9.189988719052540889e-01,2.928454812199230428e-01
-9.835847415844182207e-01,1.387698815746125636e-01,-1.153428631952635036e-01
5.015196914589428734e-02,-9.639931166570617771e-01,2.611552240116861712e-01
1.690004032376561105e-01,-9.490404457346763856e-01,2.660095788975208597e-01
2.362551659942793703e-02,9.111613556355897536e-01,-4.113718742959033836e-01
9.932144522766416239e-01,-1.974448162184702649e-02,1.146089317387417039e-01
9.929781094728480362e-01,1.131576732241832695e-01,3.449369649975859986e-02
-3.638058615821904845e-02,-9.481277839316152312e-01,3.158008205937865576e-01
7.191646197017115272e-02,-9.454114562165994995e-01,3.178446176233001852e-01
3.251496521247565930e-03,-9.559110349956744246e-01,2.936384187123184941e-01
2.067573548679161113e-02,9.367108263912458099e-01,-3.494929780174554912e-01
3.905788061131176825e-03,-9.459827197141001953e-01,3.241935206353385723e-01
-9.905174676959650482e-01,2.575989488439033026e-02,1.349502649301519974e-01
8.296443324890510895e-02,-9.647739820223254492e-01,2.496558960418796269e-01
-7.426789892699876827e-02,-9.739076902033720895e-01,2.144483391208747702e-01
-3.748132739245249034e-01,-9.038296087368262732e-01,2.064147476819779281e-01
9.779033775616707835e-01,-3.211105354675636292e-02,-2.065765339858179339e-01
-1.914299151930143328e-02,9.693627362060586172e-01,-2.448865687023180082e-01
1.589307959447800248e-02,-9.232951021211019960e-01,3.837623801523378231e-01
-2.233789257696376651e-02,9.167690035029271156e-01,-3.987926939795540249e-01
9.762511809839583554e-01,1.726343388753117519e-02,-2.159527852977065066e-01
-4.998185070858762735e-02,-9.733289653703040001e-01,2.239029695446621004e-01
2.044444600581566199e-02,9.460685182763056700e-01,-3.233208674892341095e-01
6.941891361813469497e-02,9.159146328380870505e-01,-3.953244234614782249e-01
-7.384804759582501085e-03,9.786991261793838159e-01,-2.051669687702522005e-01
-9.883352110725404094e-01,-3.671718026716748462e-02,1.478017565099457864e-01
9.885919376349251442e-01,3.290307785019678383e-02,-1.469808433477238774e-01
-9.815875079505643752e-01,2.190679882497374720e-02,1.897526189559526344e-01
9.752627666197671852e-01,2.358102142236703433e-02,-2.197873323779960253e-01
5.379961832020844215e-01,8.054737373984149906e-01,-2.485400676378326790e-01
9.880132106114145607e-01,-4.535932805596377265e-02,-1.475548271512530929e-01
1.560174381292717127e-02,-9.672055649087811791e-01,2.535152476666469035e-01
-9.165414918642422748e-03,9.591829450758038167e-01,-2.826377063398949896e-01
9.805092414803632250e-01,-8.774426327352662439e-03,-1.962769390790191637e-01
9.650532746426199182e-01,2.922280716489724620e-04,-2.620536046390322671e-01
-1.331636877242558560e-02,-9.176134151052591781e-01,3.972509216371689078e-01
9.910101043388958031e-01,1.083939046300263880e-02,-1.333472186159192496e-01
9.877911791546056808e-01,-1.342911247231677770e-02,-1.552038830782259682e-01
3.614302352240488792e-01,9.078969487210352129e-01,-2.123471581371473849e-01
5.448661411919568653e-01,8.010743909404642871e-01,-2.477916632212448511e-01
5.458592864267675787e-02,-9.338669648080345498e-01,3.534301464709055929e-01
-8.656437899632052346e-03,9.348071671082618384e-01,-3.550501744907557100e-01
-9.748585222923200622e-01,2.529068751661468425e-02,2.213848292882131252e-01
3.649660759148038586e-02,9.160267515630365898e-01,-3.994533615519894609e-01
9.598926726060144077e-01,-9.513555215566181153e-03,-2.802062621435208456e-01
-9.565411832538632808e-01,7.443160126915869187e-03,2.915022540335226453e-01
1.518560241924032939e-02,-9.221105037570380691e-01,3.866285249953839709e-01
9.629920468858252924e-01,-6.118467159516130516e-02,-2.624933400992120469e-01
1.789302574135293034e-02,-9.039689030091533350e-01,4.272236674415961222e-01
9.506936008273412231e-01,-9.168376206527070402e-03,-3.099961584014865323e-01
6.326056507305949372e-02,9.172438437271976941e-01,-3.932706854714617117e-01
9.457521873250054334e-01,-3.524788734740064849e-02,-3.229711854136727567e-01
9.635855099453116690e-01,-3.173121833275016623e-02,-2.655110069404905682e-01
1.202018860610150758e-01,-9.193768359187015626e-01,3.745633993912003690e-01
-5.857619958667351634e-01,-6.488947263409137189e-01,4.856114890786356053e-01
9.632955678937539234e-01,-2.496813260174524443e-02,-2.672793318433579479e-01
1.229447192543640099e-01,-8.925234990176076355e-01,4.339198079240358941e-01
9.539404762202150501e-01,-2.151127432651886787e-02,-2.992237171508946858e-01
2.428421654767616567e-02,-8.989822821692818877e-01,4.373112543399440555e-01
3.402654841654952078e-02,-8.836541702169193879e-01,4.669020255482985160e-01
9.388034796840118157e-02,-8.950974121534361894e-01,4.358751002541366715e-01
-2.906480291163704432e-02,-8.754672585416036767e-01,4.824026497163511062e-01
-5.701486420355322826e-01,-6.440229810851316739e-01,5.100636487922449724e-01
5.536520764965698060e-02,-9.548570328012251363e-01,2.918608241815789928e-01
5.950618398178222218e-02,-9.442771380885016663e-01,3.237278186244043621e-01
8.777839530025116632e-03,-9.720708373512928491e-01,2.345234246388655241e-01
6.371654696898743087e-01,6.229888709023104765e-01,-4.537675957654384029e-01
-9.752946710612473424e-01,1.754268240946957325e-02,2.202102606451708799e-01
-9.315249863050567569e-01,2.525518765893228768e-01,2.616844464628635403e-01
7.403675690930523468e-01,5.740559522091482902e-01,-3.497365099163837199e-01
-7.079635631726474143e-01,-6.237570161211314357e-01,3.312322116877398637e-01
5.682951756845775471e-01,6.223986084391764928e-01,-5.382012314242805573e-01
-4.372088761469267171e-02,-9.464899429643661710e-01,3.197581458751195815e-01
6.711781843454658336e-01,6.506359672744523870e-01,-3.552360946575696121e-01
4.195715657602230170e-02,-9.740265040799517271e-01,2.225128453861551225e-01
4.792145018279340973e-02,-8.972763406039883094e-01,4.388606876956441250e-01
-9.634390027120297573e-01,-7.758547574797353130e-02,-2.564484002800765383e-01
2.125428475485346969e-02,-9.743334329479059752e-01,2.241040312433222603e-01
9.466057617125979151e-01,-9.765955755501923297e-02,3.072460621564911398e-01
9.827253241544731122e-01,1.028795740439764905e-01,1.538399509555818112e-01
-9.864913889878430542e-01,6.927703205338704706e-03,-1.636665707502144851e-01
-6.159201256471366070e-01,-7.719577424125264598e-01,1.572375360789236010e-01
9.899640619452062529e-01,2.428629370979720065e-02,1.392168524094307969e-01
-4.700417153939717013e-02,9.295392106519250186e-01,-3.657150034090630442e-01
-9.832965080234096211e-01,-1.378085308959732698e-02,-1.814884718021825549e-01
9.815958034807124033e-01,3.224377869658311135e-02,1.882286304588675074e-01
9.813100651082153902e-01,-2.871840551295698832e-03,1.924118204507145879e-01
9.724857029585654011e-01,1.442691939934488687e-02,2.325154221505099372e-01
-9.439448499488627409e-01,-3.251157637078814777e-01,-5.716520308421836616e-02
2.667534721838209916e-02,-9.314709949648390941e-01,3.628363424327716302e-01
8.745045490668195143e-01,-1.385413120611964644e-01,4.648097444264703837e-01
8.336224525827969911e-01,-2.337116986287407772e-01,5.004522439493213071e-01
-8.302139513664710258e-01,2.179996644065412825e-01,-5.130506225267700282e-01
8.734774303175973920e-01,-4.917960198716754550e-02,4.843743856503466838e-01
8.380172913081519459e-01,-1.654657104515689092e-01,5.199501111965507683e-01
-8.102202878350266424e-01,1.733261730734334261e-01,-5.599117099224169003e-01
5.824924624727854106e-01,7.947466250573884672e-01,-1.705295667099439583e-01
-4.245673360758362991e-01,-8.642265679680768420e-01,2.699166841000881778e-01
3.878668457957632487e-01,8.767709951479503161e-01,-2.843095707142456186e-01
-8.636744770286559625e-01,1.868066972762142189e-02,-5.037037128191584889e-01
-2.636400432738977839e-01,-8.736041244820622609e-01,4.090351589661538334e-01
-3.366827909057300006e-01,-8.937770519540029213e-01,2.963229314588060048e-01
4.293437781525023533e-01,8.627991603389856268e-01,-2.669110883423092551e-01
-3.008016509609737765e-01,-8.688181780484527383e-01,3.932853166235929510e-01
3.612113337058603380e-01,8.932305982669519473e-01,-2.677040730397964308e-01
9.065676032285165942e-01,-9.618040254547445544e-02,4.109556070218453594e-01
6.306635722300939495e-01,7.684817969144196459e-01,-1.081627776694088494e-01
6.630023966811962044e-01,7.450485919076369479e-01,-7.300970956959762503e-02
-6.126426863353066077e-01,6.083626817235127104e-01,-5.045431461887427416e-01
6.447314613248243953e-01,7.575510904480584617e-01,-1.021650044727351742e-01
3.481247618258054843e-01,8.625501815722653731e-01,-3.671734392264485725e-01
-8.917551230576387100e-01,3.614441443919191865e-02,-4.510724795476925841e-01
8.168539498654542319e-02,8.593757559939986246e-01,-5.047779771896111489e-01
1.114170356540577916e-01,8.567766267766855348e-01,-5.035077516535635400e-01
8.636565352832532572e-01,-9.815396542595505869e-02,4.944321875987515713e-01
-8.331171326898136054e-02,-8.498324338609950512e-01,5.204267410405469807e-01
4.055917639700837296e-01,8.847980189861717193e-01,-2.294074684873662340e-01
7.902769874693644780e-01,-2.304423798438283988e-01,5.677663186983343824e-01
7.219637226336924618e-01,-4.448712890725303737e-01,5.299602997959808048e-01
4.397485644772536340e-02,-9.335974709685275208e-01,3.556149240422446511e-01
4.731172554511860473e-01,-5.990731041472331375e-01,6.459655397014114619e-01
8.015364849074788633e-01,5.924994146670296002e-01,8.052146907123619579e-02
-2.598294954555482317e-01,-9.168559458942305840e-01,3.030904283703312330e-01
6.334426765459133524e-01,-5.795523062823286775e-01,5.127080063868549864e-01
8.704677461048925258e-01,-2.462161802971901403e-01,4.262200083887779378e-01
-8.762927511959112126e-01,-4.710994589676458233e-01,-1.008777178661983132e-01
7.823311535482473378e-01,6.219680788522145010e-01,3.337177065656134201e-02
4.188461204249059877e-01,8.901592740875603482e-01,-1.794000952087612122e-01
-1.597432086789851435e-01,8.960284741299194833e-01,-4.142645058768011368e-01
-3.340445273650966551e-01,-8.001801521346527668e-01,4.981224526832666588e-01
6.553248924515624463e-01,5.533423990694325001e-01,-5.141609424347918234e-01
-2.347574417678669478e-01,8.649188963944653974e-01,-4.436262460612385716e-01
8.170640499309143046e-01,3.330617547685998936e-01,-4.706125857018204073e-01
-8.355987181156371291e-01,-2.983472257185521559e-01,4.612631734590864063e-01
3.929414727748390956e-01,-8.529919071774676453e-01,3.435139083986074038e-01
6.030981059471313133e-01,5.790061445245358041e-01,-5.486570506298220629e-01
-5.881422952026064965e-02,8.708937259740189285e-01,-4.879395500110936257e-01
5.552501697964133676e-02,-8.685049345194765236e-01,4.925608096516919665e-01
-1.081015206093574738e-01,8.650819345280537087e-01,-4.898441668481366418e-01
1.457274279005100481e-01,-8.640867534222447244e-01,4.817858438328244119e-01
-1.138393277691061162e-01,8.694048218566070574e-01,-4.808075115735603311e-01
9.408348182800578829e-01,-2.793446936859186880e-02,-3.377121705432388210e-01
-9.624310062303709223e-02,8.658251461917694236e-01,-4.910031382837234948e-01
9.529905554750602859e-01,-4.577424708271256304e-02,-2.995224857658383422e-01
-9.516629705658851135e-01,6.845056609679922577e-02,2.994196226948781514e-01
4.106183694475907392e-02,-8.851591511772251009e-01,4.634729794000252978e-01
-1.062515438837233206e-01,-8.411645667888906219e-01,5.302384190165622124e-01
5.355067257933953107e-01,6.087456387460065121e-01,-5.853727820267646820e-01
-1.970389705591007734e-01,8.703989385410011437e-01,-4.511998801725332076e-01
-5.598328249822531744e-01,-5.912162930568379826e-01,5.805605075239969048e-01
4.985653276935975153e-01,6.369516469564326933e-01,-5.879840248350830523e-01
-5.374884028698093674e-01,-6.000224220587119239e-01,5.925194594334084464e-01
7.722871223510811012e-01,4.879103813046162808e-01,-4.068366508389704150e-01
2.231428583827572698e-01,-9.608720569765053510e-01,1.641101912573145472e-01
9.848534585173778222e-01,-3.662797549220068311e-02,-1.694758291252837223e-01
1.799314010978284029e-02,9.641745177124143584e-01,-2.646577909358100444e-01
3.830833463656967836e-02,-9.614966425943696215e-01,2.721335660610934570e-01
-6.205238660849889953e-01,-7.329829050215609376e-01,2.787224292465391717e-01
-7.252997602124915399e-01,-6.051008140754468023e-01,3.283188429574731004e-01
-6.787067008326463924e-01,-6.677566579869371743e-01,3.057094371441310132e-01
-6.756959037830294612e-01,-6.707555377533651608e-01,3.058137573491897521e-01
9.639062456692079062e-01,-6.683178979705465747e-03,-2.661580069782192859e-01
-6.866647325735331098e-03,-9.758681533763129412e-01,2.182525976487084685e-01
9.730782300625350212e-01,-5.178103764864439018e-03,-2.304168948227636737e-01
-9.585097536360823733e-01,-1.182225591431463121e-02,-2.848144772471954411e-01
9.636000763463360430e-01,5.294205368536121503e-02,2.620534903734572096e-01
-8.795562251754831529e-01,7.622336475163805913e-02,-4.696497050153375930e-01
-2.257502919158292098e-01,-8.644833052699737452e-01,4.491162662489739943e-01
-2.847887181279394331e-01,-8.684752716504283709e-01,4.057660515109166033e-01
1.823989730198980475e-01,8.689915887149629592e-01,-4.599828620545892699e-01
-1.278146151265021901e-01,-8.615760119521235216e-01,4.912740577200659375e-01
-2.517597704251178792e-01,-8.636486693524124680e-01,4.367241622824403757e-01
9.448765631186920588e-01,6.880114098396877820e-02,3.201166716500600251e-01
-1.841617006214794627e-01,-9.090194994582803112e-01,3.738556106691752201e-01
-5.325027293171112897e-01,-8.386021464935544678e-01,1.148358966796975550e-01
5.178251942312118716e-01,8.479569517939721246e-01,-1.132522676315259047e-01
7.421579153509502147e-01,-3.513139558025345499e-01,5.707715244651808684e-01
-5.150831225958623083e-01,6.159223170080121434e-01,-5.960948550594762363e-01
8.318732709735804365e-01,-1.649866785196097141e-01,5.298738122900422676e-01
-3.712401675453129712e-01,-9.065321950809764884e-01,2.009480462273628421e-01
-6.884216920974466358e-01,4.193248694049702685e-01,-5.918126627136268691e-01
4.968924800022653243e-01,-6.034108882040032373e-01,6.236931643958065763e-01
-4.741184899342957282e-01,6.331738461117029093e-01,-6.118026954031312581e-01
2.347831155678328230e-01,8.739320548785213250e-01,-4.255815457700991566e-01
-4.307624896480826693e-01,6.038335301607899996e-01,-6.706927354353435788e-01
4.552960450215939869e-01,8.601506110364592894e-01,-2.298835307743910539e-01
-2.012602281657719649e-01,-8.991126376942623066e-01,3.887039815812642352e-01
-7.709095986762510844e-01,2.214942676617770168e-01,-5.971923308799225172e-01
-3.959476106363574721e-01,-8.711503527477416631e-01,2.903834577568851771e-01
3.082180800816362032e-01,8.746180822962872359e-01,-3.742256341181811052e-01
-4.429748067640391085e-01,6.145089727706495308e-01,-6.528032191684745023e-01
-3.888348741597189573e-01,-8.717225015663253584e-01,2.981733068202844783e-01
-8.986509596056589944e-01,-4.199592314572055396e-01,-1.267308041231542393e-01
-5.190624221072522720e-02,9.555921336308587088e-01,-2.900851877679810342e-01
9.534470536137731322e-01,1.771180388730500266e-01,2.440653934112320678e-01
-1.882533761039780762e-01,8.973365070840341184e-01,-3.991839919632039213e-01
3.807908789967403423e-02,-9.412733014699180556e-01,3.354915125672328635e-01
-2.593016247373431948e-01,8.677188260517855189e-01,-4.240597909775049024e-01
6.815203429786230727e-01,-7.152516425075912121e-01,1.547420757146965864e-01
-9.743017377043738936e-01,2.969189316053009661e-02,2.232812472797060799e-01
-3.838901363881520173e-02,9.624482482119487425e-01,-2.687371450797043093e-01
-9.601077055925221204e-01,-3.896577418258771741e-02,2.769022609229009890e-01
-9.600644709211905159e-01,-6.960753485165836751e-02,2.709815542923350584e-01
6.123841531555651585e-04,9.574026421346664151e-01,-2.887556160825430207e-01
9.583334564166949843e-01,-3.517482292770213875e-02,-2.834778971003479309e-01
9.653021111591196801e-01,3.966271995175824766e-02,-2.581059914798085608e-01
-4.239828883494153877e-02,9.499700002253662623e-01,-3.094501313227812633e-01
-9.660933346788084242e-01,2.850590198600796293e-02,2.566146571050528791e-01
-1.942063283814132388e-02,-9.720813887016757082e-01,2.338388606711634954e-01
8.467293024736562979e-01,-4.248115337254789736e-01,3.202883843449241819e-01
9.469582069630121390e-01,-3.138122444915474388e-03,3.213414172697286464e-01
3.055027647504130472e-01,-8.762870825232271788e-01,3.725439702005451936e-01
6.422387490416987532e-01,-6.777393075889170948e-01,3.580486282312069779e-01
-1.272471256644445992e-01,-9.760802840277128523e-01,1.762822967359920501e-01
9.459280006514433348e-01,-7.870098904395784675e-03,3.242811729453286551e-01
1.852541047573759425e-01,-9.330499055109782169e-01,3.083809178540362628e-01
-9.344260395954830933e-01,1.022731093931720375e-02,-3.560103631031705795e-01
9.671529887273164761e-01,7.742200225511763900e-02,2.421175953181177454e-01
6.029374405381860563e-02,-9.206840175464263698e-01,3.856236562537941892e-01
-7.197149894394805347e-02,-8.664455913462781877e-01,4.940568191780775331e-01
5.557604530608581950e-01,5.983284589987740709e-01,-5.771770733195680236e-01
7.032976036457339042e-01,5.005707403148592638e-01,-5.047785798216893882e-01
5.881805273433888814e-01,5.980435489315027997e-01,-5.444148976979470422e-01
-9.452966248249577985e-01,-8.133617902426995561e-02,-3.159093494600542784e-01
9.415095555823540519e-01,2.300688648285652005e-01,2.462276876868513265e-01
6.644377396860238205e-01,5.815080295530652421e-01,-4.694367919605780259e-01
-2.073816810929414167e-01,-8.921186473999782596e-01,4.013940175292835533e-01
-9.675235933896687568e-01,7.684131360079166431e-04,-2.527795596475226336e-01
5.921101539988046225e-01,-7.391758571980701076e-01,3.209744813330340785e-01
5.553652855260359233e-01,-7.813462235269574840e-01,2.847235125744733697e-01
9.706623290497256029e-01,1.050945869038981059e-02,2.402169732591711016e-01
-9.759527112150727657e-01,-1.375712334599152927e-03,-2.179780101008382542e-01
9.496667692091412816e-01,-7.874073874305932697e-02,-3.032044253009328894e-01
3.860917977729676209e-02,8.845336337357889711e-01,-4.648758780869207130e-01
1.069934597118742253e-01,-8.866111106571693545e-01,4.499701523858491425e-01
-5.555803471883163924e-01,-6.140143072664701052e-01,5.606397312804245470e-01
-5.301913540927842838e-01,-6.154919059486033683e-01,5.831525030015867195e-01
-7.225278551566507446e-01,4.601349895897163256e-01,-5.159741174497046723e-01
7.468384651986204048e-01,-4.038497180322199176e-01,5.283348485052499210e-01
7.832759741593583458e-01,-3.087054112682238727e-01,5.396107090842668930e-01
5.235981864394876339e-01,8.515437826572958002e-01,-2.679786138824873098e-02
-1.137203242973525708e-01,-9.264168877263162516e-01,3.589142487798315795e-01
-5.458434841676763627e-01,-8.375017391498933428e-01,2.541117298740768263e-02
-7.627760519932741401e-02,-9.485204819112479369e-01,3.073932698350919646e-01
-6.412839917253865263e-01,5.684389289241447152e-01,-5.153950194174614641e-01
5.828696072692007846e-01,-6.418923076848143117e-01,4.982341680945934215e-01
-3.461359246177273530e-01,8.228687636443211550e-01,-4.506405657588952729e-01
7.564255335999693353e-01,-4.578706248174878590e-01,4.670919642289353413e-01
3.220410531028200518e-01,-8.437927510390409447e-01,4.293056643120305438e-01
8.408817139279092245e-01,-3.584720491930344921e-01,4.054820996406730549e-01
-5.573215474152752869e-01,5.957398805602617253e-01,-5.783482406791674579e-01
6.202747697801993532e-01,-5.745983113511534679e-01,5.339438084354228842e-01
-5.493839068850403518e-01,6.070863478201857788e-01,-5.741284604912718637e-01
7.644802558084676791e-01,-3.609052448493789145e-01,5.341510485988301138e-01
-8.620405074954172742e-01,-1.036102029842362986e-02,-5.067334730362885731e-01
-9.507356027724932213e-02,-9.706640070031635759e-01,2.208447500955613152e-01
8.652482324465130548e-01,-3.496705149331329199e-02,5.001227864815288582e-01
-6.378585062969982511e-01,6.008453917029222824e-01,-4.817897271776602208e-01
8.707657446057164297e-01,-1.123615484278393251e-01,4.786876857160111687e-01
-3.915217401924172419e-02,9.485720375001162052e-01,-3.141308595831442396e-01
-7.287415394351216547e-01,4.639235121551770202e-01,-5.036970752062537304e-01
2.452840831127672816e-01,-9.098991539644032400e-01,3.345433427620285172e-01
1.215835774354143139e-01,-9.455750364387472962e-01,3.018365189334590304e-01
-8.236290749726399296e-01,-5.165237175506997014e-01,-2.341759937895397381e-01
-9.184202345127107092e-01,-2.707168081475228583e-01,-2.884730188839763065e-01
-3.799297892897400275e-01,8.433193088898137679e-01,-3.800866986147509174e-01
9.210971471752478212e-01,1.613569435115867062e-02,3.889983095508588451e-01
-1.581057947806865094e-01,-9.660905046214174341e-01,2.041364605774835805e-01
-1.925176387563345137e-01,9.220127212841383590e-01,-3.359010279202838123e-01
8.431275724591785758e-01,-2.783220543836422700e-01,4.600790482110236335e-01
-7.604834291227338117e-01,-6.235239908330909575e-01,-1.813361157775896793e-01
-6.517905904573576548e-01,5.591194338331159086e-01,-5.124007073583962679e-01
2.674376376308272851e-01,9.572171177114672247e-01,-1.105101784388812097e-01
6.750954890425181487e-01,-5.190582459343905386e-01,5.242371772413293440e-01
-6.399229103033744481e-01,6.197790385809248681e-01,-4.542825246524062055e-01
-6.446273584943916779e-01,6.319133941830159529e-01,-4.302801772480850384e-01
-8.564661800263424496e-01,2.400920433394699294e-01,-4.569699040376323795e-01
5.750165542921276129e-01,-6.843396020574965544e-01,4.483695700488558034e-01
5.894040850753177185e-01,-5.911620293811887805e-01,5.505726832257864523e-01
-5.686967205809424497e-01,6.176120823922341962e-01,-5.432672967183003188e-01
9.868663833164027510e-01,2.658728989526894584e-02,-1.593356755281998549e-01
-7.959849695778372647e-01,5.496093671798112368e-01,-2.536483229086621272e-01
-9.768334274847220167e-01,3.175882656755446565e-02,2.116313584597098452e-01
-8.410261715920557685e-03,9.078280832581862025e-01,-4.192582005705285386e-01
-5.704958650913256185e-02,8.718814038511423226e-01,-4.863827323185910267e-01
9.063191878442894422e-01,3.102330576364986103e-01,-2.869511799849870926e-01
-9.450627998025062926e-01,3.202099775234451551e-01,-6.574096686148199475e-02
-9.830360662847965614e-01,1.199431700911196969e-01,1.387578045797994986e-01
1.688222730286655926e-01,8.470599736376750455e-01,-5.039726591694989599e-01
-1.216989175043048932e-01,-8.947005982492479692e-01,4.297676267132253258e-01
-2.297541658107726120e-02,-9.352507214416506676e-01,3.532396046252432864e-01
-9.985061742400140883e-01,-5.289142977571047871e-02,-1.370826979788304992e-02
-9.222849015632129666e-01,-8.320096609721190986e-03,-3.864211903363215517e-01
6.236267112638708282e-02,9.192287317676487435e-01,-3.887536957288280637e-01
-9.085366698576219369e-01,-1.745000615234625074e-02,-4.174405548210496919e-01
4.190328328577871964e-02,-8.864106434583213234e-01,4.609992256107126596e-01
-9.978098579701537574e-01,-4.641839591562556787e-03,6.598439711619517867e-02
2.068865095579852653e-03,-9.548651248179561568e-01,2.970325120312679035e-01
-9.989496157771925455e-01,-3.726154434309551788e-02,-2.666912919026797127e-02
-1.270959972483431955e-02,9.744761802433489217e-01,-2.241308551118446624e-01
-1.286870788640009922e-02,-9.762486860113761544e-01,2.162704312160960707e-01
-9.554666869022048203e-01,-9.157466813113751200e-03,2.949568629845572554e-01
2.910392091814156118e-02,9.295431274234566832e-01,-3.675629688189630540e-01
1.001803381517896718e-01,-8.899645785791433505e-01,4.448898163840578346e-01
1.679479204571104195e-02,9.146402812363527701e-01,-4.039196589670113746e-01
-1.969206426358283482e-02,9.403988833114562684e-01,-3.395028171777150772e-01
9.815512218307311798e-01,-2.768000700726646474e-02,-1.891851371928471026e-01
1.526332335063329722e-02,-9.322106199686229777e-01,3.615942352665619253e-01
1.739523764322831179e-02,-9.155655556392292560e-01,4.017923829969465288e-01
-5.670072777160137245e-02,-9.160138646840110255e-01,3.971191599215946888e-01
-9.769894472510740613e-01,3.771895413992383539e-02,2.099259404138305030e-01
-1.273250354523652872e-02,-9.698125564514196162e-01,2.435189699030295418e-01
-5.054182098045424372e-04,9.741649539421071147e-01,-2.258370807980955297e-01
-9.794210684856518023e-01,-1.388775682324942286e-02,2.013492011825291916e-01
-6.503246230080284018e-01,-7.073524685785596011e-01,2.770024727421830368e-01
1.169440081179829068e-02,-9.699788022394689735e-01,2.429081394184604004e-01
-9.641719975460953940e-01,4.598907073007438805e-03,2.652380236725242479e-01
-9.376720346834652164e-02,9.200647395574422793e-01,-3.803795296500874779e-01
9.540195552284873592e-01,-1.702646711749822295e-02,-2.992604010876414034e-01
7.184756844965968503e-02,8.961252795545582295e-01,-4.379468121257837909e-01
-2.578256596995248673e-02,9.428964879513740405e-01,-3.320865433903781305e-01
2.636107873997745391e-02,-9.269922356233092353e-01,3.741530283477122465e-01
6.231695574966440443e-01,7.685814944559433703e-01,-1.447141630570602799e-01
3.691084722592408163e-01,8.906993590944248806e-01,-2.653555867420738235e-01
1.070593746728999707e-01,-8.708557771694867000e-01,4.797379552059407581e-01
-6.439525377463545253e-01,-6.741787466937626538e-01,3.616740889757757982e-01
-9.596287348417466001e-01,-1.927833698648562522e-01,-2.048103111895950845e-01
-1.710801028810604585e-03,9.457074952059478790e-01,-3.250144714795510925e-01
-1.059125315389874977e-02,-9.456986571412726583e-01,3.248720905800063230e-01
-9.487045047665454423e-01,1.819083561070984068e-01,2.585906274675804362e-01
-9.716623455398513132e-01,2.176785585382495225e-01,9.213214104048790543e-02
-4.346775376374567568e-03,-9.650187213988825619e-01,2.621449463436083538e-01
-9.964642896464784849e-01,-4.361522156741292483e-02,7.180969229125493125e-02
4.398850789572634340e-02,-9.671464358957041485e-01,2.503852685509760367e-01
6.573527148612985649e-02,-8.940153273275921464e-01,4.431878479674087878e-01
-9.810233303523970827e-01,-1.422211561585434436e-01,-1.317815163261478739e-01
-6.213933231696252557e-01,5.809853400934638090e-01,-5.256675494232945223e-01
-7.592986736347889787e-01,3.840655125996298436e-01,-5.253181952379278874e-01
9.764348054190497006e-01,-6.495830666087396010e-02,2.058044925700469319e-01
-6.299491018689588051e-01,-7.542226975973564951e-01,1.852356647178366456e-01
2.816515375470302063e-02,-9.121263055948406473e-01,4.089404929276159173e-01
9.582257816204743373e-01,-6.496916618089781936e-02,-2.785360997852702192e-01
4.198154723623203077e-01,7.777149796221790590e-01,-4.678828695693780237e-01
-8.198404247463467742e-01,1.336619831470057251e-01,-5.567729808574938266e-01
-5.182467493839910677e-01,-8.284997083394899375e-01,2.121521624549397023e-01
-4.402005942962434332e-02,-9.527860582783163057e-01,3.004346210380575699e-01
-3.045659668157016386e-02,-9.481969532188536665e-01,3.162197552732263772e-01
-9.530107082302851085e-01,-1.520072688873314315e-01,-2.620388906323349865e-01
-9.530402366308408091e-01,-5.901628607470647825e-02,2.970376833679175821e-01
-4.716620590457295537e-01,-8.809506743598793932e-01,3.822056254971373246e-02
3.894721166044202293e-02,9.194562945985496061e-01,-3.912585296539641821e-01
9.849054707566302636e-01,-4.992589520192053376e-02,-1.657365942148786020e-01
9.600670670764865910e-01,-1.272632981310443945e-01,-2.491491113047805683e-01
-9.814751245408956937e-01,6.885352900483233951e-02,1.787897408997898563e-01
-7.069660185750753500e-03,9.761134951404208948e-01,-2.171461823509905076e-01
-9.549588610932223665e-01,2.557014864344408708e-02,2.956344721406617415e-01
3.315988794426997788e-01,8.872346433330227100e-01,-3.207130661854454279e-01
3.774795952889170580e-02,-9.117136898040644200e-01,4.090883026624734242e-01
1.045271737141022644e-01,8.800610879961876520e-01,-4.632132892634972521e-01
-9.973255791865500708e-01,-6.150198674317490033e-04,-7.308427225316795062e-02
-8.041046170751131594e-02,-8.874337666322372753e-01,4.538672355313885798e-01
-9.963088415353615890e-01,4.466557842255103328e-02,-7.330537758339891741e-02
9.491103732889947242e-01,9.415944737145348978e-03,-3.148028578331718008e-01
-9.576997233552537736e-01,2.228344218949008734e-02,2.869053643441652479e-01
-1.070895022042656075e-02,9.763950496359160569e-01,-2.157267378691238302e-01
8.906141592475195212e-01,4.987544542747437970e-02,4.520164369702113771e-01
-9.946706624361614235e-01,-9.540802522100171046e-02,3.908429367708643465e-02
5.578136854426327812e-02,9.770457998838787406e-01,-2.055965560329278685e-01
1.454986934127645154e-02,-8.833917307269386621e-01,4.684093843908506138e-01
4.758338639206164955e-01,-5.715296063309214247e-01,6.685327538973676598e-01
-6.937559238789861027e-01,-5.942542654778903977e-01,4.068962841365690863e-01
-6.829304885926797963e-01,-6.066913233080374335e-01,4.068557311545534239e-01
-2.815318561138836773e-02,8.862406587845544914e-01,-4.623687844751739884e-01
-1.295785417344487711e-01,9.482364097353778165e-01,-2.899260470777577092e-01
1.123159329931283229e-01,-9.520019960358412359e-01,2.847408132664815961e-01
4.110621209869824710e-03,9.743497608059861204e-01,-2.250014364633849961e-01
2.428997238250874338e-02,-8.720923170982172179e-01,4.887381586288505608e-01
9.900663434835275112e-01,1.108094217007411786e-01,8.654425205353161177e-02
1.385738908021963423e-01,9.201572244861907501e-01,-3.662075354410543881e-01
9.561665646603572100e-01,-8.420397722110499472e-02,-2.804553277186198068e-01
-9.664577191586201099e-01,-1.140188187798532732e-01,-2.301286293418637052e-01
-9.632094884122829326e-01,-1.331635118535635653e-01,-2.334415570188266842e-01
9.506062624378025516e-01,-2.910096578656273542e-03,-3.103856716279511652e-01
3.910634875006095690e-02,9.595126236950208831e-01,-2.789376605217297467e-01
-3.543330041224028448e-02,-9.592520614440562809e-01,2.803211797870873712e-01
-5.986313380149910733e-03,-9.164692587340421692e-01,4.000603227609431656e-01
-3.002630135421990309e-01,-8.634544660806928729e-01,4.053251876010953714e-01
3.091716193072610586e-01,-8.744240450668027131e-01,3.738923631527344416e-01
6.673851038157391224e-02,9.620136485983279417e-01,-2.647181730493417540e-01
-9.184852020174892884e-01,-8.480703366592290404e-02,-3.862547096355963827e-01
-1.013894564706421982e-02,-9.513245153884622995e-01,3.080241357460050677e-01
-4.536498001921351192e-02,9.662875554030879721e-01,-2.534371299967320135e-01
-9.611359015916051129e-01,1.536974268997307047e-01,-2.293357356281274240e-01
9.662199667053660290e-01,2.775607219490072372e-02,-2.562197814303043830e-01
-1.530833371046036451e-02,9.521632354236040374e-01,-3.052062057473009515e-01
7.684879425609239534e-02,-8.956917480614831062e-01,4.379846518725850624e-01
-3.046527101829695980e-02,8.779231816080446116e-01,-4.778313033456368930e-01
-9.904500069963699804e-01,2.440038096258842840e-02,1.356960023352611344e-01
-4.989321071998739990e-03,8.775891816379636223e-01,-4.793874580621084736e-01
-9.719854560570312385e-01,-9.177978471783365677e-03,2.348617421479635425e-01
3.846381169499858005e-03,-9.038628968161126487e-01,4.278049428315247593e-01
-1.932492651798136882e-02,-9.164415038411793946e-01,3.997017854005561754e-01
6.364585314198706323e-01,6.427827324295912748e-01,-4.263225265842868761e-01
9.666823462828292302e-01,2.128097478724879643e-01,1.422576978429365702e-01
-1.347280501760246552e-01,-8.595568520172806037e-01,4.929608205992738190e-01
-9.717154133206375999e-01,-1.715320175213644605e-01,-1.623142707224254355e-01
-8.602571610605060926e-01,-4.218935240801591213e-01,2.862926320800848745e-01
-9.502310349531232214e-01,2.767925559155224868e-01,-1.429925214886037244e-01
7.749685650955685789e-02,-8.961164182421336166e-01,4.370006890017757994e-01
9.855111439451811339e-01,1.356739118025447055e-01,1.017859264144895109e-01
-9.693094942466665698e-01,-2.404286275097616277e-01,-5.131451487682259921e-02
-1.543785230822282070e-02,8.663744035455744896e-01,-4.991563538583471682e-01
5.725063994406455470e-02,-8.595137301699947718e-01,5.078961624931384033e-01
-1.578765365881029670e-03,-9.520015634619762857e-01,3.060890894263831874e-01
5.526515863765566611e-02,9.461549552660363238e-01,-3.189616949827669967e-01
9.430594316912203068e-01,4.498117693058219929e-02,-3.295688122686555865e-01
2.151649772359509952e-02,-9.556154458407248864e-01,2.938301550153476493e-01
