1 2 3 7 8 9 10 14 15 16 17 19 21 22 23 24 25 28 30 31 33 35 38 39 40 41 45 46 47 48 49 50 51 52 53 54 55 56 57 58 59 60 61 63 64 67 68 69 70 71 72 73 74 75 76 77 78 79 80 81 85 86 88 89 90 91 92 93 94 95 97 99 100 101 102 103 104 105 106 108 109 110 111 112 113 115 117 118 119 120 121 122 123 124 125 128 131 132 133 134 135 136 137 138 139 140 141 142 145 147 149 150 151 152 153 154 155 156 157 158 159 160 161 163 164 165 166 167 168 169 170 171 172 173 174 175 176 177 178 179 180 181 182 185 188 189 190 191 192 193 194 195 196 197 198 199 200 201 202 203 204 205 209 210 211 212 213 214 215 216 217 218 219 220 221 222 223 224 225 226 227 228 229 230 231 236 237 238 239 240 241 242 243 244 245 246 247 248 249 250 251 252 255 256 257 258 259 260 261 262 263 264 265 266 267 271 272 273 274 275 276 277 278 279 280 281 283 284 285 286 287 288 289 290 291 292 293 294 297 298 299 300 301 302 303 304 305 306 307 308 309 311 312 313 314 315 316 317 318 319 320 321 322 327 328 329 330 331 332 333 334 335 336 337 338 339 340 341 342 343 345 346 347 348 349 350 351 352 353 354 355 356 357 358 359 360 361 363 365 366 367 368 369 370 371 372 373 374 375 376 377 378 379 380 381 382 384 385 386 387 388 389 390 391 392 393 394 395 396 397 398 399 400 401 402 405 406 409 410 411 412 413 414 415 416 417 418 419 420 421 422 423 424 426 428 429 430 431 432 433 434 435 436 437 438 439 440 441 442 443 444 445 446 447 448 449 450 452 453 454 455 456 457 458 459 460 461 462 463 464 465 466 467 468 469 470 471 472 474 475 477 479 480 481 482 483 484 485 486 487 488 489 490 491 492 493 494 495 496 497 498 499 500 501 502 503 504 505 506 507 508 510 511 512 514 515 516 517 518 519 520 521 522 523 524 525 526 527 528 529 530 531 532 533 534 535 536 537 538 539 540 541 542 543 547 548 549 550 551 555 556 557 558 559 560 561 562 563 564 565 566 567 568 569 570 571 572 573 574 575 576 577 585 587 588 589 591 594 
0.723714078608564 1.0568759094168378 0.5749208282928472 0.7239810519653247 0.2567573611196988 0.6504887604955467 0.9482634586837515 1 3 
0.7227467580368105 1.0567484082990155 0.5744102195870218 0.7235969130710413 0.295724067114274 0.6574327067141652 0.9983790898830802 17 2 0 4 
0.710031471276098 1.076602352114549 0.5790931801240703 0.7237057337074858 0.2706436203398663 0.7105077902961038 1.020140113369314 3 1 7 9 
0.7110999118703607 1.0762660507710398 0.5795862751536786 0.7238997616860775 0.23604746809958238 0.6952174628205942 0.9686113754442305 0 2 10 5 
0.7346064926829938 1.0339350353250902 0.5665838613534598 0.7219581080446161 0.328463088683731 0.6115904211210745 0.986151789174555 14 1 
0.7122508537297935 1.0755999132237193 0.5799106960576187 0.7241173070825696 0.20868599906858848 0.6813823312401965 0.9173795378014633 13 6 3 
0.793174968225011 1.0430256726578693 0.6279220113704476 0.7493743151739373 0.19195825630689156 0.6704761472191413 0.8740062397691742 5 
0.7109921427844355 1.0762999390231118 0.5795937095576827 0.7238111894720366 0.3124642092837254 0.7266719564077342 1.0699388192857258 19 8 2 17 
0.6993766379485084 1.093158657742882 0.5824303855752174 0.7229846154510405 0.2948318441427679 0.7886346209381037 1.09622311362004 38 40 9 7 
0.697222009357487 1.0941613734689137 0.5815452758712623 0.7227403050337389 0.25521902556592846 0.7672980714025062 1.04845582821611 11 10 2 8 
0.6970015003223314 1.0944963354777608 0.5815140264641602 0.7227598459599113 0.22348844799896317 0.7449213230248622 0.9987280574151423 12 13 3 9 
0.6785971525110028 1.118640505355035 0.5832324572133277 0.7208433762369186 0.24962806082400413 0.8237561298839432 1.0796780536128465 40 12 9 
0.6764863107284128 1.1183740977554941 0.5811318167438544 0.7208198038613812 0.21779295235962132 0.7953977125578041 1.0317493973744503 10 11 
0.6960555369353798 1.0947487170313053 0.5805995153682108 0.7227356423755898 0.20029007437169272 0.7223844502498882 0.9498728551251179 5 10 
0.7380335804378223 1.0338638994277698 0.5694157775335646 0.7219953807469732 0.377532555385514 0.6176840405790632 1.0340308263361668 4 18 15 17 
0.7339128187211614 1.027087245643401 0.5632277608867597 0.7204516353394046 0.43270792696731897 0.6306001168154182 1.0815030830285006 16 14 20 22 
0.7174764152211202 1.050964582432158 0.5687188972749839 0.7220553177943075 0.39265113138206403 0.6831548368347843 1.0959850676687692 25 19 17 15 
0.7241590437132298 1.0560527259702843 0.5752022095332302 0.7235148201188364 0.34115730421935353 0.668439907446724 1.0486563856132602 7 1 14 16 
0.7536258018338382 1.0045094317030814 0.5588984796103582 0.7190121507652668 0.4175811827213917 0.575305008026793 1.0256812888741509 20 14 
0.7024784831968629 1.073774897178696 0.5736274924696411 0.7225299253622075 0.36084338813144967 0.7439032262426444 1.1158323339033915 45 38 7 16 
0.7509950040319417 1.0006138431345575 0.5553680174656654 0.7179606947022972 0.4765684092278113 0.5880138608050811 1.0723054372694933 15 18 21 
0.7521348149483612 0.9940392367232924 0.553206225266547 0.7162595830167134 0.5424970253034349 0.6114990857812278 1.1189780867648391 26 28 22 20 
0.7321585461159068 1.0175185150585662 0.5578355889661024 0.7187222523160012 0.4935490801631531 0.6508390116758945 1.1256951256661658 23 25 15 21 
0.7277372326846502 0.9990105179117872 0.5490562421280297 0.7157565824711023 0.5576167805580049 0.6787618611727229 1.1639708919444787 22 28 31 24 
0.7007805440479713 1.0271354915658988 0.5534778623457441 0.7173890186152122 0.5103011431730744 0.7263143304840296 1.1741379595014716 46 25 23 50 
0.7111630670789493 1.0427859731626228 0.5622646003054848 0.7203780051892981 0.44948589381725446 0.702147981282222 1.1382575882559107 45 16 22 24 
0.7723405714112993 0.9655847367199252 0.5453163308472918 0.7127053773780033 0.5937541158690246 0.5844153553217484 1.1184899039048024 27 21 
0.7713786276386053 0.9582574865117262 0.5421165188372196 0.7113822901866699 0.6579339933249165 0.6174926330951025 1.1541242112701662 26 29 28 
0.7513476590847685 0.9779777634845515 0.5460899838494314 0.7137704615038818 0.6087736095024329 0.6433134776620568 1.1580603880791926 27 30 23 21 
0.7688731820932019 0.9402348788354489 0.536629694563336 0.7079851446700046 0.724724195871837 0.6624480939419437 1.1843800489057732 32 30 27 
0.7505441014630131 0.9525631806648086 0.5382955655721957 0.7096493696119154 0.6743952646101388 0.6837820646728225 1.1886824373072407 33 31 28 29 
0.723254934549305 0.9713447360191433 0.5404766518012135 0.7112110158176553 0.6219849440583075 0.7139054035570627 1.1937141679997691 55 50 23 30 
0.7650117842750449 0.9068176921213998 0.5317290244187707 0.7012647967158055 0.7864505887952498 0.7156958078764546 1.2043945758424457 29 34 33 
0.7492566281024983 0.912991183274426 0.5324224710804405 0.7022895384067653 0.736336254090401 0.7315948647680729 1.2090214764871146 35 55 30 32 
0.7600429527876988 0.8486881313196902 0.5339331349932811 0.68821189323554 0.838550658812423 0.7730507743131778 1.2120345354937254 36 35 32 
0.7457583487201421 0.853232501450221 0.5343975705015341 0.6894892790620755 0.7916215783314964 0.7857127148456688 1.21746660924153 60 56 33 34 
0.7494074497128879 0.7774220988509524 0.5525359707101032 0.6703854227437471 0.8806340561266549 0.8336467315145951 1.2061541818615868 37 60 34 
0.7348342183091057 0.6885288521757842 0.5996152094165729 0.6470983580884092 0.9105862383461741 0.8923797796472839 1.1868810905882765 61 36 62 
0.690359987926796 1.0922284199208747 0.5771156629184419 0.7218645546499649 0.3410562966023671 0.8089556637827964 1.1396330531844003 39 8 19 48 
0.6733265982419903 1.1206817921041956 0.5825040727144278 0.7198198559691783 0.3337870232331739 0.8735426646606375 1.1652466812148816 43 40 38 41 
0.6826155869148439 1.1180755414304484 0.5860425751334549 0.7208774381010162 0.2893329047174923 0.8502359066401473 1.1255532698105175 44 11 8 39 
0.658910978207583 1.1230949132106534 0.5780293928528867 0.7181940991973805 0.3838069533270164 0.8954802017328287 1.1993639435187275 49 42 39 48 
0.63557886517467 1.169991640267148 0.5878873770235813 0.7152477767092317 0.3861015220695876 0.9576076234524349 1.2219514505912108 63 43 41 
0.6463356794169497 1.1675685044436723 0.5902498782686739 0.7167661965488343 0.33461976736170834 0.9333411347028091 1.1901045210119179 42 44 39 
0.6463983912826294 1.167803359315085 0.5899044936747186 0.7171690638520506 0.2930386425762288 0.908976680008547 1.1561287703205123 40 43 
0.6922121672452345 1.0685958550631238 0.5671764285282157 0.7208952767751999 0.4146091507629178 0.7628733478255376 1.1558839241583894 19 25 46 48 
0.6760350501602604 1.0583383706118654 0.5592397663294971 0.7180631760247016 0.47264589593516076 0.7847382311566645 1.189167772573136 24 51 47 45 
0.6585632286950277 1.0838325404457736 0.5642347963208899 0.7175627463673154 0.44858514293863566 0.8503249647076091 1.2075064215299631 46 52 49 48 
0.6778914451365659 1.0894111995660007 0.5710184542641821 0.7202534758076248 0.3924940235671095 0.8290305960820149 1.1768848081752437 41 38 45 47 
0.6376195276945444 1.125401970499225 0.5737286590044512 0.7156797764078439 0.43915308999514546 0.9177524566237869 1.2274438721837568 63 41 47 67 
0.6884174414536359 1.0034341354583907 0.5453233711385104 0.7128466441099671 0.5729913377041737 0.7564181034672276 1.2020152432036753 31 53 51 24 
0.6549278270619437 1.042727185080848 0.5524008899161662 0.7139172421021733 0.5335554065923195 0.8111115920663191 1.2148022236071663 54 52 46 50 
0.6327185222373092 1.0759131253137668 0.559234844020034 0.7137185457343806 0.5081754511195701 0.8745274326960617 1.2307140862941932 67 47 51 70 
0.6724503024603854 0.9686559081820659 0.5401885011442634 0.7054395840045835 0.6352881046186458 0.7933567628417466 1.2206921454025101 57 54 50 55 
0.6259379323689516 1.0201604778536681 0.5492902939042364 0.7072513819314779 0.5953607963317854 0.8435159871540675 1.231670533929972 71 70 51 53 
0.7178145955217027 0.9314175712653987 0.5346445306872759 0.7037702387919873 0.6843335402878438 0.7561352821667399 1.2136398815662774 33 56 53 31 
0.7089415272522342 0.8726754949180069 0.5365818908046033 0.6913271233775009 0.7419173887284156 0.8056423365261784 1.2222274439892389 35 58 57 55 
0.6479428060902196 0.9175979424638616 0.5431126659109611 0.6932111081401009 0.6945505731155875 0.8377324646511022 1.228458637379073 56 59 71 53 
0.6992296605643955 0.7990923862871977 0.55431194464031 0.6740408494425949 0.7913175222850161 0.8613883935312605 1.2175802635445807 56 60 78 59 
0.6152495038307931 0.8568870555202956 0.5618682774810951 0.6766687431230419 0.7470460358118362 0.88892001439674 1.2232290119379243 76 74 57 58 
0.7402086325632669 0.7802568901300172 0.5525623361207098 0.6716750989208011 0.837795150425669 0.8448824263027835 1.2124759620595134 36 61 58 35 
0.7308574128618092 0.6888305067696483 0.5999726183849983 0.6475224932705984 0.8715692870719545 0.9049521772046621 1.1924614495583343 37 81 78 60 
0.6864080702371139 0.5696643773272351 0.7156433778412069 0.6232728583123316 0.9237918286350828 0.9375164044554583 1.1582105014383959 81 37 
0.6164845362764669 1.176547673631399 0.5863511118679949 0.7127746338660962 0.442501101934273 0.9819460609058985 1.2480014255755991 42 49 64 66 
0.5896386705614501 1.186233382108345 0.5866858351394202 0.7099712093416887 0.5000651370757571 1.0051855639966922 1.2657975685213998 67 69 65 63 
0.5804437047429971 1.224968677065116 0.597522878325395 0.707787266322749 0.5070828237256962 1.0624195296359253 1.2811833042040794 64 83 66 
0.5942146680477188 1.2214630796784374 0.5973661178950587 0.7092615755485148 0.45438840932012914 1.040761928029376 1.2675643084451953 65 63 
0.6087061517833808 1.1283170074007967 0.5716666491654055 0.7121596754231715 0.4980069697891607 0.9412060626193117 1.2481281773464055 49 52 68 64 
0.5659398562545965 1.131837984614408 0.5749073363218666 0.7063690381390902 0.5577391774598466 0.966946288450867 1.2601207168853261 70 73 69 67 
0.547600311335237 1.2002313168347567 0.5928079981239235 0.7051755751741459 0.5592447101447455 1.0283747785575956 1.2751857173905026 85 83 64 68 
0.5969092101850585 1.064779773192796 0.5586289352036605 0.7076320251563631 0.5690844934276711 0.9032190178025723 1.2453033342461546 54 72 68 52 
0.5834347359552128 0.9885132860378301 0.5548925122014623 0.6966393233239303 0.6557902596342186 0.8828605864702763 1.2379858317930434 57 74 72 54 
0.543578894024472 1.0471894534136499 0.5675134689038833 0.697799181477596 0.6293606837039605 0.9375516255349694 1.2496584959653685 75 73 70 71 
0.5014062592550567 1.1351854979372449 0.5901209506193176 0.6973569848849425 0.6168221912262483 0.9962324622877953 1.2621717351017399 88 85 68 72 
0.5233335655880613 0.9440946490940458 0.579116873240333 0.6805376805610497 0.7114410228286883 0.9286505854240912 1.2313688412060433 71 59 77 75 
0.46872923306411735 1.0202312180122137 0.5969276096434439 0.6830823706688117 0.6867490832837004 0.9766671499275174 1.2412505357596406 88 72 74 91 
0.562101767972457 0.7697292395907236 0.6191177494076777 0.6506473448613216 0.7882310267442971 0.9435532759935314 1.2023424332664785 77 59 78 80 
0.43349423468877163 0.8794225063898117 0.6472822180106544 0.6570151279884596 0.7573780009872808 0.9772059405691957 1.2089320179056509 74 76 92 91 
0.680806647098774 0.7066156019615908 0.6028200781480212 0.6501041721264927 0.8285879174004294 0.919978318776441 1.1972998506295267 76 58 61 79 
0.6570974210342552 0.5813264708552072 0.7254301664229943 0.6165214302059256 0.8508802745022116 0.9735274351755402 1.1578957088772788 81 94 80 78 
0.4984300417685739 0.6611573549905858 0.7521478170272353 0.6167792859310948 0.8145412943623292 0.9930368267148565 1.1629097129868837 95 92 76 79 
0.7161745422261728 0.5671503374816159 0.714888787474108 0.6154036425382803 0.8893879858771812 0.9571631997081653 1.1566246744499584 79 61 62 82 
0.5999409070917141 0.47182743587082127 0.9999489233000731 0.6025755563053552 0.8896920587654265 0.9873495024972384 1.1105032466559899 94 81 
0.5453633373196348 1.2346273326447144 0.6026664605880152 0.7034731243549528 0.567447666953478 1.084288838928672 1.288177788301668 65 69 84 
0.4828361385745795 1.2538090774847652 0.6224910887790814 0.6958117225001959 0.6293979083170087 1.1043935861484644 1.2847737843447644 85 87 83 
0.48152643437167847 1.2208284260611202 0.6132737509424229 0.6973542160678127 0.6181711811377617 1.0527623588978219 1.2747753198516802 84 69 73 86 
0.39179504014162597 1.2493406783078655 0.661505311520969 0.6871878398245875 0.6738783924187195 1.0780994661492107 1.2629788555424035 88 90 87 85 
0.39835452688634826 1.2961836296624691 0.6742557237521635 0.6850076706893989 0.686205246083404 1.1217078639954263 1.2697376026803726 97 84 86 
0.4177662752229587 1.1349905898022195 0.6269341589013927 0.6852328166055072 0.6737491879747458 1.0281869501201972 1.2520584294803823 89 86 73 75 
0.3015546444171475 1.120421479443837 0.7134080912266266 0.6689677446128908 0.7240164765622046 1.0584915362308869 1.2269503096172936 91 101 90 88 
0.2882684458569488 1.2661481148512608 0.7492845478673915 0.6751570888112742 0.7226676122338686 1.0998749810668726 1.2373282615274388 89 99 97 86 
0.36226928347561776 0.973435147272192 0.6735132889928419 0.6625160618434186 0.7363009442223011 1.0167375906110183 1.217103049359461 77 93 89 75 
0.3318994008235714 0.795113638307002 0.7999207508442647 0.6293526728375819 0.78716920194137 1.0205562957255179 1.169506958190201 80 104 93 77 
0.2507965641279942 0.902027173784394 0.8369108013219779 0.6391309252061516 0.7693382128074707 1.051737014145606 1.1774279520797108 102 101 91 92 
0.6736446407967537 0.4492219857093711 0.9975906491190326 0.5949614702818449 0.8543046918451721 1.0048441775074939 1.1043871349215695 82 96 95 79 
0.48529391903332314 0.5493195539715776 1.0315120136115006 0.5859821880326656 0.8203443950837117 1.0225253634115608 1.1070308633185768 80 94 105 104 
0.6736921281206096 0.44613987290241713 0.968733223830008 0.6026823324072028 0.8293777221599814 1.020580599898913 1.055582446581153 105 94 
0.3090591033496458 1.3908729291942974 0.7865057324850785 0.6740552611965844 0.7327371518953222 1.136016101251933 1.2435259380628847 90 100 98 87 
0.31812151986317955 1.421425356475021 0.8082611493113101 0.6650721390847816 0.7495815628993117 1.1654583991019052 1.243998328754776 107 97 
0.1794205562562979 1.2596605637737726 0.9292885453590874 0.6539476796505214 0.7575332729987027 1.1171243628512644 1.197717336647698 90 101 110 100 
0.21962061053723886 1.4190753753110608 0.9666079509220977 0.6553095578100492 0.7653956514127102 1.1481212796548923 1.2058280463024185 108 107 97 99 
0.1897652650756392 1.0687975040038642 0.8806524647480815 0.6474352908689543 0.758872873546993 1.084161412077239 1.18710305109528 93 103 99 89 
0.22493593691800953 0.8232364744340497 1.124991111032501 0.60777479362735 0.7760396116865202 1.077195948491378 1.126467086717061 104 113 103 93 
0.16518296384271286 0.9994820516269675 1.1802271113164586 0.6141034763375331 0.7676419939927405 1.106277894981817 1.138604046999938 102 111 110 101 
0.30825878095558445 0.7030475841922719 1.080698805808316 0.5972910802156477 0.7929058816054473 1.048451688959534 1.1158484365492725 102 92 95 106 
0.5427573671737244 0.5537538668047127 1.2373729852443787 0.5740406819372116 0.7934549716497833 1.0350623794999139 1.0540013098745473 96 114 106 95 
0.3969259991006066 0.7038502835880729 1.318871081051832 0.5769399413805651 0.7675139947947074 1.0608036636165075 1.0609604806661725 105 115 113 104 
0.2495024053225912 1.468121160565069 0.9811092187575619 0.6467966308334122 0.7781735961515457 1.1732545916224464 1.2071223245129081 100 109 98 
0.21141009498146568 1.3792290543741914 1.273182619460476 0.616019697757842 0.7766007292164321 1.1635681291575541 1.1606841336185032 100 110 119 109 
0.32200888676993955 1.552621051186654 1.3076657995119116 0.6118676498736864 0.7904418593502325 1.1870777684260727 1.163975793438176 117 116 107 108 
0.1598244032063294 1.1938449656784422 1.2301418058093134 0.6169220336493489 0.7680704163319025 1.1355163825864492 1.1508456105614266 103 112 108 99 
0.3110625319567245 0.9479556926435982 1.4277323532328243 0.577131307039659 0.744617542831843 1.128344791463432 1.0940917767535785 113 122 112 103 
0.3234443475651772 1.1174175547577936 1.493280262463712 0.5754816376026489 0.7498481706512273 1.160086776388622 1.1105447594849562 110 111 120 119 
0.3464326951866402 0.799632075226451 1.3653443953087456 0.5789876624798818 0.7502886043670453 1.094984151412257 1.076435271909296 106 123 111 102 
0.4712223905658556 0.7321833384047342 1.3986380421214588 0.564316874027233 0.730423194465954 1.0524091376420572 1.0158799060928962 126 115 105 
0.4615973584400171 0.7490023168995478 1.4108522401336434 0.567597223820064 0.7107433801307782 1.0793130548901533 1.0249901141540407 123 106 114 124 
0.32619127983039303 1.5676875719678427 1.2973937790329195 0.6153607354916268 0.8054919963495061 1.2078210272048042 1.1600911540241547 109 118 
0.484633425223885 1.426387336704998 1.5813281089352986 0.5821249025640151 0.78186632917158 1.2117581608366317 1.129954115212381 119 133 118 109 
0.5744900544182778 1.4991146392657948 1.5963623530016557 0.5833446481721474 0.8016319614026137 1.2315233833937747 1.1310339643441976 117 131 130 116 
0.3779408292366346 1.2719366961044853 1.5422827086211763 0.5762908577424566 0.7631654986576537 1.1884749939063914 1.1229056431494895 112 121 117 108 
0.4633166566407976 1.0729873109698982 1.5669228145548932 0.5543679483245199 0.7125807317170096 1.1916861611481222 1.0875105217735888 122 136 121 112 
0.5221385905108628 1.198688788732417 1.613264758863324 0.554499948551407 0.7341163841047122 1.222597548730576 1.1024622763063059 120 134 133 119 
0.4396546357663813 0.9405532145286435 1.5110598674192586 0.5587147178447028 0.700031232162234 1.1550430263158833 1.067294762659983 123 137 120 111 
0.4463375269087192 0.8333245634819473 1.4609262426676402 0.5646445203553496 0.6992656581563039 1.1163652951503473 1.044921256129023 113 115 125 122 
0.5405597748196351 0.8109728076518727 1.4759206698207832 0.5589225014092425 0.6371220975993775 1.112426334568258 1.0177242297700455 126 128 125 115 
0.540461907507458 0.8676477007141069 1.5059405088815117 0.5544948340003676 0.6395018414935931 1.1500036173282142 1.041169492069184 140 137 123 124 
0.5505618142476629 0.7972760019352747 1.4693628091361282 0.5587694111234296 0.6407950565415697 1.0784661630567436 0.9983178513495754 124 114 127 
0.5651768268215409 0.8247048766168991 1.4851087105694358 0.5576208845172593 0.5507205515145315 1.1076779983264495 1.0075319960743832 143 128 126 
0.560489094584972 0.8576142761820634 1.5029178053451164 0.5555570550389727 0.5646862371935593 1.149519847365335 1.0327418256064596 127 141 140 124 
0.9552294202613743 1.4914887393053524 1.628134594659937 0.5668228043422936 0.843853527721937 1.260044937264466 1.1231911235708067 130 147 
0.7020189992890623 1.5271204894652226 1.6108634976048604 0.5702099556392279 0.8224520645082982 1.2489203107374571 1.128397374666401 118 132 129 
0.6850614260881163 1.3842026339415188 1.658368963507462 0.5666900668712272 0.7890334081270375 1.2651230701918825 1.114808502456448 118 133 149 132 
0.7667025586923524 1.424404262794468 1.6599106189242836 0.5661804561860792 0.8166639952760252 1.2800147639757984 1.1152640554650575 150 147 130 131 
0.610428556597781 1.3176610223025702 1.6464240175189622 0.5613353077221309 0.7609526534498595 1.2464508035052284 1.1111629348271512 121 135 131 117 
0.6467453021902568 1.1165825563499467 1.613345794531547 0.536885326556866 0.7014874074822188 1.2627286220979916 1.100862005192402 135 121 136 153 
0.7185683944803899 1.1901042353427835 1.6361684364700888 0.5371703649843492 0.7367056376350416 1.2870698647980028 1.1091657417640415 151 149 133 134 
0.59460747010734 1.0346389184234823 1.5821116703114508 0.5401564602115985 0.6716440874143901 1.2299474404633768 1.0859037273535195 137 139 134 120 
0.5615130030378802 0.9520980225022788 1.5465536383103842 0.5461283100773834 0.6506384605275111 1.1907190260855272 1.065207776151645 125 138 136 122 
0.5987495456739792 0.9856104734373398 1.5622235366213422 0.5423188715829055 0.6037967075315677 1.23529053417441 1.082905566464078 137 140 156 139 
0.6403377481229952 1.050745978727959 1.587853014858882 0.5364952661119564 0.6342236718664186 1.2752069988155919 1.1024035037131092 154 153 136 138 
0.5708666316817644 0.9165912006681026 1.5318027663127618 0.5495488631258497 0.5812515100610158 1.1921881121432882 1.058763967369799 128 142 138 125 
0.5897766431614198 0.8858618298880023 1.5142684010356378 0.5526071467102366 0.5007853647616007 1.18644237103826 1.0618979604677834 143 145 142 128 
0.6092187337087165 0.9421406556955501 1.5393910840064824 0.5456220536115926 0.5280671579142812 1.2351261316013973 1.0889325083439512 141 159 156 140 
0.5847746134854737 0.8461516590583753 1.494438391391243 0.5568027355262991 0.4776242726088519 1.1383237622677016 1.03540423907905 144 141 127 
0.5891611860874868 0.8642803484593002 1.5042369877703337 0.5562289658548052 0.41723649965614995 1.1687032954069654 1.0744938346055868 146 145 143 
0.6046004246086011 0.9070706166513881 1.522110235478356 0.550574503120732 0.44658901949115926 1.221863739939062 1.1020393838883746 160 159 141 144 
0.5909986758668869 0.8775765027862358 1.5126520309062743 0.5558255521120197 0.3671476390892471 1.1971267732340634 1.1200816273247087 144 162 160 
0.9291898422077436 1.460272662217569 1.64283019549996 0.5647410959394056 0.8426820882513618 1.2888726369120111 1.1121223310720112 132 164 148 129 
0.9239626432667726 1.4567155653573054 1.643728803538369 0.563912542153031 0.8668325470626749 1.2952995642211012 1.1068182518723473 147 165 
0.7792246860913539 1.236163923909649 1.646066678259815 0.5388692883572807 0.7728525149333582 1.3045817698924755 1.1124329092203218 135 152 150 131 
0.8353963769387537 1.2625443350583534 1.6474752857776065 0.5389303539080083 0.8071490023970226 1.3168623291716322 1.1127134310968212 166 164 132 149 
0.7522112043862481 1.156210203125805 1.6201127504314081 0.5308193495995743 0.7143341956595398 1.3320751351052 1.1220281817533306 153 170 152 135 
0.8056315130419982 1.1846378648931049 1.6236733000748966 0.5293807844437511 0.7575278822546346 1.3483896302541376 1.1236870630578435 151 168 166 149 
0.692178777967125 1.108504185123046 1.6075770967222314 0.5327653790514146 0.6719182557293006 1.3079589473425624 1.115500930923983 151 134 139 155 
0.6812951298757907 1.0550778798278704 1.5820483918973118 0.532918347619465 0.6008324054728951 1.3223820741473153 1.1301968909359488 139 156 158 155 
0.7258898217352862 1.0986126113966412 1.5949002273381772 0.5289395070685327 0.6466260285780714 1.3547029311588146 1.1407725932061936 173 170 153 154 
0.6424695588200053 1.002256213354334 1.563136149239489 0.5383400855710816 0.5610354362597726 1.2816220377317438 1.1126134891381811 154 138 142 157 
0.6689870730232484 1.0126342202491652 1.560492180623259 0.5362976346886705 0.5227706257547228 1.324005443609993 1.1518903531253277 159 177 158 156 
0.7068002007606186 1.0558690654752965 1.5737370796357213 0.5310689069013853 0.570858275483055 1.3656906074221324 1.1669308299337473 154 157 176 173 
0.6320008177492238 0.9592387708540296 1.5422041237073698 0.5434077258041008 0.4814279922559542 1.2749372638767156 1.129398889985659 142 145 161 157 
0.6141693023668622 0.9232580513206509 1.528201042908484 0.5488384968401454 0.40135041915478303 1.2555615595105032 1.150426074247708 146 163 161 145 
0.64629926886851 0.971689010809126 1.5437497500981399 0.5418071148626487 0.4415928732572659 1.3116026626961628 1.1785191101693395 180 177 159 160 
0.5888778823397279 0.88577652102705 1.520275245313741 0.555349017440149 0.32920078509269096 1.2258405093516074 1.170090181942514 163 146 
0.6238208636090835 0.9361061746796151 1.5316182952039505 0.5473079307198968 0.36401514014189085 1.2870871383502474 1.2062762415047936 180 160 162 183 
0.9334833906241188 1.2798639971436223 1.6366982615773342 0.5378369800523743 0.8397955759654923 1.3231944599327519 1.1094627428438575 147 150 167 165 
0.969651471853816 1.2764431230778386 1.628575087081627 0.5367489959168481 0.8715839941438661 1.3271356871366726 1.1038575366646382 188 186 148 164 
0.854163461032619 1.2004697407838585 1.6216491602988794 0.5274244868358154 0.7988377863679457 1.358713615397254 1.122551787651261 152 169 167 150 
0.9236368706779406 1.208975823346137 1.6111799138750142 0.5244445223336023 0.8385281750445969 1.3639652441264372 1.1183766187749729 190 188 164 166 
0.8193445810016916 1.151911621990626 1.6010744263807355 0.522803360841153 0.7457358524374937 1.3938896016308815 1.1450129311830768 169 152 170 172 
0.8627543468261922 1.1632651778488274 1.5964102946335401 0.5194067328511225 0.7940091999791051 1.4037721558779632 1.142600224657174 192 190 166 168 
0.7753458916258753 1.1318531173590785 1.600971676232051 0.5256792057397824 0.6959506338312296 1.3781463097146707 1.1450447184577202 151 155 171 168 
0.7874093338952575 1.1159322354101433 1.5849545013541506 0.5229003421425676 0.6809025105302781 1.4218351439529617 1.176561605862464 173 175 172 170 
0.8264790145711977 1.1315180304501844 1.5823605125285118 0.5189869990758748 0.7379312417095115 1.4384973367070555 1.1753878114289993 168 171 194 192 
0.7456549682921646 1.0899783084468988 1.582069975997576 0.5268588531995085 0.6243918475662086 1.398145443213985 1.174580844427779 171 155 158 174 
0.7560602229719763 1.0841843151363906 1.5721617362512765 0.5260205689684316 0.6046728627113493 1.4366277478754117 1.2151121357870514 173 176 198 175 
0.793824783319256 1.1061171569569306 1.5728379542472979 0.5215921494796233 0.6687453759526562 1.4615962853216034 1.214992399381311 196 194 171 174 
0.7217080376395056 1.0557402559175957 1.566308081454105 0.5303083203173636 0.5440390430690102 1.4037516587678698 1.2109139775590334 177 179 174 158 
0.6864024490765304 1.019191778466949 1.5565790588383495 0.5351756466615911 0.4892552954696108 1.3617597147450078 1.1992061501494167 157 161 178 176 
0.6950184666961607 1.0275954445283242 1.5583132960306854 0.5341563718610823 0.46113582407205417 1.3951529031127508 1.2534922706415774 180 182 179 177 
0.7283493692478045 1.0586809544669777 1.5647746430630156 0.5298306450757404 0.5214315598901484 1.4370136968684872 1.2608803247910194 176 178 203 198 
0.6563357186797429 0.9828245591725455 1.5461264198659042 0.5403209068877798 0.40834380251578084 1.344704921695059 1.2352835025245796 178 161 163 181 
0.6613838638281551 0.9938488317437003 1.5531380038024611 0.5389157667062806 0.3823370251773469 1.3742661131313727 1.29863292962623 183 185 182 180 
0.7028104739179528 1.0356851126488253 1.5604307939833966 0.5330963199229369 0.43986623443587214 1.4252246079056325 1.3144762245185009 205 203 178 181 
0.6258858277670089 0.9478534107779766 1.5424567992767324 0.5468203514506988 0.33360061544466474 1.3160559294081235 1.2688551635172782 163 184 181 
0.617265149654015 0.9532227629998075 1.5642339442983177 0.5486343476410054 0.31414127718238755 1.3408163490179028 1.327165848845636 185 183 
0.6604631906613196 1.0010407626392657 1.5658016016042318 0.5385747670873468 0.3645804243031331 1.4007532991396494 1.3679732549840384 206 205 181 184 
1.0398785383817302 1.2194251667296845 1.5884849217470653 0.522799881525875 0.9035510367669515 1.3302606919882196 1.0966412229099172 165 189 187 
1.0869616405090419 1.1552540273596188 1.5468204140131019 0.5154738539302087 0.9355796767124142 1.325267133190557 1.085030804093203 209 208 186 
0.9569068072256547 1.2022402312452976 1.599999797812731 0.5214941481304189 0.87800147981874 1.365833341647614 1.112103054841667 165 167 191 189 
1.0111930998789447 1.1858198798927604 1.578907916512828 0.5167243310818951 0.9172761785840965 1.364964537464228 1.1043725263697173 210 209 186 188 
0.9156130401907674 1.1678066344545746 1.585275693504665 0.5150263097324429 0.8409012569262698 1.4092154552446106 1.137928138762885 191 167 169 193 
0.949968746452514 1.1626669121297766 1.5725074060611042 0.511201748246671 0.8874161221883015 1.4109547020209896 1.131541735125182 210 188 190 211 
0.8666950718802807 1.1407324548770759 1.5755711254849674 0.5144483171969955 0.7940431431093529 1.449872076030377 1.1728729796320578 172 195 193 169 
0.9110520810236604 1.1434031171510342 1.5631365258571022 0.5090491880225546 0.8490921573623237 1.456869682528384 1.1690482803747693 213 211 190 192 
0.8303582043091069 1.1203348416121626 1.5691122868099974 0.5170126156772423 0.734008818241264 1.4806388663096404 1.2138725031516784 175 197 195 172 
0.8694032196011364 1.1289275180521634 1.5608585491887874 0.5116399363181824 0.7991931685905886 1.49497543329029 1.2133900865251732 215 213 192 194 
0.7967154505970745 1.1022843052484386 1.56655451582259 0.5210434755377867 0.6597288023796646 1.4968607466240347 1.2587514147582068 198 200 197 175 
0.8325316358378212 1.1161492540171745 1.5619745807371677 0.515856865784674 0.7333730038907209 1.5188947457112139 1.2592062326620013 217 215 194 196 
0.7607072809675739 1.082458128341949 1.5674571102364743 0.5257417664205762 0.5884174754959487 1.4702465582800088 1.2608040180611018 179 199 196 174 
0.7632772936200231 1.0822569164629743 1.565255878674148 0.5256564103810183 0.5772197426860263 1.4994211195839702 1.3098815354066358 203 201 200 198 
0.7982332571887487 1.100839769837853 1.5630890928386405 0.5206887378461476 0.6540372622555783 1.5271394110719863 1.306031851138215 199 202 217 196 
0.7657084576788468 1.0835438658195615 1.5649752410211935 0.5253863975035181 0.5728392557012684 1.5247824251915478 1.3608483384254846 202 199 204 224 
0.7991014886171256 1.1007728254981537 1.5619398687718717 0.5204181795993598 0.651391334931883 1.5520872895878035 1.355148800981188 220 219 200 201 
0.7327878109198338 1.061747258222895 1.5647678679467798 0.5294369186640449 0.5052433218667614 1.4664933182063233 1.3155023340100147 179 182 204 199 
0.737250412444673 1.0655695461576464 1.5658789543226577 0.5289266895443836 0.4988516925741908 1.4934743482222101 1.3731581162874806 203 205 226 201 
0.7084458966466202 1.044001115261778 1.5662638597513938 0.5321224659165773 0.4276346979597051 1.4534293759515293 1.383831438387376 204 182 185 228 
0.6704645385219258 1.0053148453390106 1.5549945298993821 0.5378638287534822 0.34413302066303514 1.4105551285886213 1.4271483573449852 207 185 
0.6911593157709611 1.0359904218659155 1.5890338106652002 0.534331346518742 0.3794844784633968 1.4534607769502643 1.4834067716068164 232 228 206 
1.1152973844799914 1.1109241409144233 1.5170329080900833 0.513532691570424 0.9676923944893734 1.313203340610087 1.0695484324098454 236 235 187 
1.0634858095618056 1.1582718239918557 1.552848294202248 0.5139241397263612 0.9559641925607001 1.3587989135485996 1.0930869812117698 237 236 187 189 
0.9954628239306583 1.1523603515021381 1.5549989709234537 0.5070966671633722 0.9338456244874961 1.408468835064025 1.123256533282797 189 191 212 237 
0.94452715099523 1.1395587560603344 1.549376085747479 0.5043920880652006 0.9034972493452136 1.4591029072915436 1.163635154520681 193 214 212 191 
0.9842299579246904 1.129386633028356 1.5304235976367813 0.4994068870302099 0.9572633290806642 1.4551792771686276 1.155384877839018 239 238 210 211 
0.9089288915027813 1.1313867542556029 1.548218128109158 0.50589797901712 0.8637513695982179 1.5042704707153114 1.2127304054465595 214 193 195 216 
0.941241098124594 1.1279007389633522 1.533453159688893 0.5007846353645781 0.9270439331544135 1.5067799855616926 1.2100342332750462 240 239 211 213 
0.8710658799642425 1.1245860846629996 1.5527971994031866 0.5099546818820995 0.8081252833075208 1.5365672773233012 1.26344079309365 195 197 218 216 
0.9076921672821866 1.126595589840997 1.5396500641975317 0.5042092482513617 0.8826852676556711 1.5478798573739272 1.2690418096979044 241 240 213 215 
0.8337801066697885 1.1145249117207587 1.5576587632848595 0.5149971519525534 0.7345265120771263 1.5515902900419365 1.309435855474978 218 197 200 219 
0.8713578295722614 1.1230448322149307 1.5485396723996283 0.5089693411794985 0.8173064246352258 1.5716130248911822 1.3207891861967338 242 241 215 217 
0.833299834765728 1.1141033257218231 1.5564822397496654 0.5146454786323742 0.7348662443218686 1.5772107545914205 1.3619032899799879 221 242 217 202 
0.8001556999682257 1.1010829106070008 1.5613608076650793 0.5201278407923661 0.6518718289646283 1.571852679649222 1.4044852675469335 202 224 222 221 
0.8311799443547304 1.1134836039437808 1.5566891451270966 0.5147682289976325 0.7313819992001398 1.5950598969317533 1.4135145441455788 223 243 219 220 
0.8026552000322557 1.1019191448473649 1.5601581106222304 0.519581772665236 0.6583326014774543 1.5874943228289535 1.4523137122327507 225 245 223 220 
0.8277500106218193 1.1120164796097944 1.5561429088865177 0.5152615611065795 0.7213890106045855 1.6050655927449091 1.460974180013611 222 245 244 221 
0.7694408587849928 1.0857324166562177 1.5647384460344305 0.5247812376319859 0.5774362845454593 1.5477333159680042 1.4142074250729244 225 220 201 226 
0.775583379925936 1.0893876172347416 1.564852461862194 0.5237329433199954 0.595968824307141 1.569911699987799 1.4720549465806432 224 227 247 222 
0.7426053244927738 1.0702185175353813 1.5681218010545992 0.5282663616957775 0.5068260335240116 1.5204165885758953 1.4340659454423945 228 227 224 204 
0.7505841918637092 1.07662293462194 1.5724233344324605 0.5270693453165087 0.5319500475890148 1.5474160121666936 1.4990500088828353 229 231 225 226 
0.7140074111354939 1.0519478599249297 1.5755385484357234 0.5315423444133509 0.4380712700040632 1.4863896592635215 1.456650239501345 207 229 226 205 
0.7242680579427335 1.06085786018644 1.582400995928099 0.5303742794667146 0.4708136924198551 1.5201853466834765 1.527138795117655 227 228 232 230 
0.7381410940675744 1.0709432527329994 1.5943752513133556 0.528468588118302 0.5120224070033763 1.5455149487241668 1.5951092992575182 233 250 231 229 
0.763298808772531 1.085692984010946 1.5835410384786663 0.5248340427671557 0.572330207811792 1.5709995906890435 1.5658508874974535 249 247 227 230 
0.6991518486567051 1.0427796325051866 1.5955328196254999 0.5342503578265341 0.4149894792894312 1.4898851579117682 1.5519427717427152 207 233 229 
0.7099235972800858 1.050574612728791 1.6105213017778588 0.533555507085808 0.4557651091248395 1.516741868746012 1.618522947921299 234 230 232 
0.7231914384789123 1.057088546133995 1.6311057970260372 0.5326565339817457 0.503151270066881 1.5366835202950062 1.6816075121083338 250 233 253 
1.1359081453174091 1.062284111476266 1.485723523378253 0.5132758569013662 1.0002815927886448 1.2990386189234133 1.0519223444711925 208 255 254 
1.0988358995043448 1.1264796557452434 1.5281187153655933 0.5127555476628426 0.9943001541349585 1.3461641682998318 1.0779196117042693 256 255 208 209 
1.0403463509204554 1.1332796784293186 1.5339243686654553 0.5048873738280871 0.9796806841861471 1.3998203582893538 1.1110876044960512 238 256 209 210 
1.0186473031636285 1.1137672074455758 1.5111424902134172 0.49669890696731545 1.00946204917309 1.4432689762072821 1.1421537019166734 259 258 237 212 
0.9748780308869562 1.1194103367706425 1.5158835031587423 0.49611698570148943 0.9879427250080451 1.5007925630960606 1.2027926120536323 214 260 259 212 
0.9381683079722114 1.1241229362787577 1.5262957812360105 0.49952637555914825 0.9548414211767121 1.5500267312249663 1.2717324170819708 261 260 214 216 
0.905092016578719 1.1255209659435077 1.5371960508273872 0.5038223569189964 0.900313103682638 1.583719474255328 1.3359141341009773 262 261 216 218 
0.8689895698150466 1.1226073195825395 1.5480328971365542 0.5088305318682738 0.8212655997998198 1.59769806831127 1.3815178616909483 219 243 262 218 
0.8623011327048808 1.1222363314134225 1.552226875227596 0.5096875267173966 0.8141327126071497 1.6143249891746805 1.4417704837931185 242 221 244 277 
0.8536363922842021 1.120533827181662 1.554767390142019 0.510941681297973 0.7911984769128542 1.6216522290283062 1.4996167204664914 246 264 243 223 
0.8144368781551738 1.1073348301467423 1.5594763274911276 0.5174896194611294 0.689576992348744 1.6037003002796237 1.500065288607996 222 247 246 223 
0.8344703465544089 1.1158106617862846 1.5652434264571218 0.5138013269161807 0.748653442776139 1.619058798782955 1.5517443207758497 248 263 244 245 
0.7882196290107717 1.097518123442649 1.5722887766701956 0.5212639574738868 0.6342073583684225 1.5910163992359978 1.5334794890674917 245 225 231 248 
0.8050806881050534 1.1058370122165675 1.5841796258356344 0.5180767061653294 0.689688742855167 1.6073498307168583 1.5954352239307097 249 265 246 247 
0.7791332493330841 1.094049437259191 1.5982960964649982 0.5221163468611271 0.6242872510314463 1.5882047323119302 1.6311689552659 250 252 248 231 
0.7542750807594223 1.0797642317237648 1.6100044886836007 0.5262270048035813 0.5610311532986186 1.5636626402637837 1.6594674455527065 249 230 234 251 
0.7689979531499785 1.0853330758606499 1.6218086667986882 0.5243402490924418 0.6189098380651313 1.5751048697216659 1.719124969046802 253 268 252 250 
0.7926410848514951 1.09852499197026 1.6080779917023766 0.5202732220198486 0.6852814542363218 1.5969472903401454 1.6930388327312513 266 265 249 251 
0.7366997066762754 1.0607051412225648 1.6514243260297952 0.5318467503560792 0.5562812753484666 1.5514122957925767 1.735302973192983 251 234 
1.142956956033551 1.010114834490704 1.4539203937470004 0.5144471052004875 1.030858250574582 1.2799067219726246 1.031546580596266 235 271 270 
1.1247349206986126 1.0871524688824463 1.5012399968857404 0.5124402033447483 1.031815529780002 1.3280066074574042 1.0598185901646797 236 257 271 235 
1.070479848249962 1.1101839662593938 1.5140166249551124 0.5040919707911025 1.024174287115057 1.3836219526842046 1.094760335021868 237 258 257 236 
1.0943371885429383 1.078900829617151 1.4912572652333254 0.5044334399964618 1.0666399605027805 1.3605256339872422 1.0753852462513485 272 285 255 256 
1.0417404859291344 1.0959833017971878 1.4942846966777552 0.4958833227434076 1.0588726209809787 1.422357308849373 1.1238802178320504 273 272 256 238 
1.004507456994584 1.1065624193223544 1.4985219943816377 0.49352382422312013 1.0452347391894259 1.4853396780939279 1.188758737005879 274 273 238 239 
0.9687909927522015 1.1177230843567725 1.511860380871762 0.49555178036081093 1.0222304943708909 1.5416307888914824 1.2670774943505603 275 274 239 240 
0.93438206467074 1.1240745560690084 1.5259431157547905 0.499591438672407 0.9802801868753434 1.5846577174886498 1.3476807252656164 241 276 275 240 
0.8997227051522663 1.1255716682183647 1.5386733634649952 0.504287980497002 0.9084712465029059 1.6089937742971252 1.4085022867752923 277 276 241 242 
0.8524425984769488 1.120490679740759 1.5684186220550276 0.5111508093306006 0.8186235146754487 1.6252775141042168 1.607352204324415 265 278 264 246 
0.8749330164989011 1.1247846353319702 1.5542676277610272 0.5079949314838802 0.8685996931168336 1.6290103675071206 1.5476782246260543 277 244 263 279 
0.8196474441102298 1.1101886310690243 1.5911523449002876 0.5159525055971264 0.7545617948794754 1.6141861709121854 1.6561011284798728 263 248 252 267 
0.8087113387930897 1.0997978719246222 1.6236380753377493 0.5185985247578672 0.7524295137169733 1.5962868368272447 1.7501438454433091 268 280 267 252 
0.8378415297304345 1.111692648849826 1.6050373529818556 0.5136516483222923 0.8201886054351324 1.6099292265474567 1.713321912779376 281 278 265 266 
0.7877021226571359 1.0868525632593684 1.64135581392218 0.5232780069856975 0.6889638202295832 1.5796642607431104 1.7747970475047419 266 251 269 
0.8018387753913782 1.084478649602002 1.6569064129900148 0.522925474572387 0.768809924404669 1.576027194224001 1.8211756793810283 280 268 
1.1354725884616914 0.978631411098367 1.4346766627449727 0.51401911817783 1.058160388189398 1.2562652329903883 1.010144903120477 254 283 282 
1.1397133496363308 1.0415584521471621 1.4727182602989057 0.5133257507989339 1.0671168795819983 1.305031653258721 1.0394881334521213 285 283 254 255 
1.0640879959006513 1.0709703109044244 1.475722760375061 0.49714948965865624 1.1050490969845916 1.3936935082576338 1.1022365565376715 284 257 258 286 
1.0250353962400645 1.0927501394615862 1.4848666693446118 0.4930124951161123 1.098001680463149 1.459989838827996 1.1679566519569884 287 286 258 259 
0.9982809157684851 1.106993759852868 1.497254162342746 0.4932654632381828 1.0838111421444685 1.5229633872927169 1.2525679387373527 287 259 260 288 
0.9631502682788545 1.1189726493220111 1.5135890393097278 0.4959791867481728 1.0537835125033257 1.5737137740483857 1.3483002537055266 289 288 260 261 
0.9279023412583809 1.1252894784096 1.5300129188819294 0.5003351381872121 0.9942139164640458 1.607598864027984 1.4333869500280334 262 290 289 261 
0.888112370176456 1.125967804866903 1.54828656840726 0.5061421090910371 0.8990242359686753 1.6237745751085413 1.4804280080049215 243 264 290 262 
0.8751444348447048 1.1224620207166425 1.5792600025615935 0.5081604323722996 0.8906675630298042 1.6193956803278895 1.6627334619129064 291 279 263 267 
0.9010191460443664 1.1266473930034036 1.5587293010463656 0.5047189913969616 0.950885150963996 1.62299230376198 1.5976293905719698 292 290 264 278 
0.8219240384448484 1.0994896235635074 1.6319657117196424 0.5174783518278401 0.8236305990719347 1.585129641864728 1.8027303860305435 266 269 293 281 
0.8542971865566253 1.1097437824557026 1.6179242453260132 0.5122664200561874 0.8764512448741987 1.5967815743097395 1.7648664296612933 291 267 280 293 
1.1326347262765712 0.9515710961078494 1.4182742907411992 0.5147743431230576 1.0825187965292091 1.230708971469439 0.9897300749141619 297 296 270 
1.1406921592483477 1.0080809627827747 1.4522792708997694 0.5138034680081486 1.0988763518567493 1.277800253819676 1.018284843752195 298 297 270 271 
1.0836173302899315 1.0392345261670641 1.4563046846000083 0.5010221371790955 1.148167322569333 1.3599071842643966 1.0791393736730113 272 300 299 285 
1.1107599902136023 1.0415729536757385 1.4672777863622743 0.5066111557314185 1.1063532708244113 1.3324362553711537 1.0542124245171636 298 271 257 284 
1.0481420297890274 1.0716385456686253 1.469749434846456 0.4946285110720477 1.1463792937157673 1.4260913086509681 1.1425957572902106 301 300 272 273 
1.0184596066066096 1.0951241124559377 1.4854233351631567 0.4928099444678775 1.1393121494214766 1.494028726554215 1.228365371395565 274 303 301 273 
0.9935053884762073 1.109215829341084 1.5000267316444584 0.4935678165305671 1.12004239561373 1.5522664176520857 1.3340264817827256 304 303 274 275 
0.95611786866997 1.1216976338539908 1.5213166895204862 0.4969082228897752 1.0747031866202035 1.5935315035169868 1.4444264154195385 275 276 306 304 
0.915104512526557 1.1270355320913803 1.54692140577001 0.5026142853791905 0.9867309076447517 1.6194688529186074 1.5196954067506925 279 306 276 277 
0.8970873911690203 1.1193416076366325 1.5947055074702157 0.5062432030580931 0.9549899073135275 1.603702055538222 1.7138988024918749 281 294 292 278 
0.9302402605361653 1.122926950622187 1.5707233735632946 0.5022677864163279 1.035274773799369 1.6024439698940673 1.6456528244433157 291 308 306 279 
0.8610168432208644 1.1075820871845712 1.6230974038612316 0.5123047491537288 0.9105605502848142 1.5791127144976362 1.8075144986958382 280 295 294 281 
0.9025891496510182 1.1196573960670728 1.5933774172824466 0.5053064699477717 1.0085637091110606 1.5801729774091264 1.7599486770029333 309 308 291 293 
0.8674063535350854 1.0981407452343908 1.6397335465256075 0.5141188175961373 0.9578159604049001 1.5576110384322646 1.839521461182808 309 293 
1.1237412600681649 0.9236595980210661 1.4011342706129677 0.5150538486488282 1.1025624061271568 1.2018764960400765 0.969314722770582 311 310 282 
1.137652791871527 0.9747213792639894 1.432059309937708 0.5143108389022722 1.1265572067585166 1.2470703430954135 0.9972634971275868 283 312 311 282 
1.1148316769822306 1.0129638082146664 1.4492889451721551 0.5082692028924789 1.1424269438162475 1.3002913507030989 1.0326337314147847 299 312 283 285 
1.091490215256644 1.0146398663695897 1.4416271206162445 0.5040867896758091 1.1880240666106554 1.3222954892184589 1.0564067098392982 314 298 284 315 
1.0727315471492664 1.042349921393128 1.4538979095336437 0.49924099574508285 1.1916304390734793 1.386637004791184 1.1157228485824933 315 284 286 302 
1.0418080785180013 1.0760409522259993 1.4716310990778096 0.49407861075308007 1.1892385292097507 1.4557384646548897 1.1972264965352493 286 287 317 302 
1.0685889894279987 1.0467077116371741 1.4557655982861444 0.4985166897572183 1.2356450172518392 1.4111876005896746 1.1640760293611352 318 316 300 301 
1.0131910691957517 1.0987704405591512 1.4890413938899645 0.4929765769680798 1.1794332439775812 1.5204311094879384 1.3050519654337582 305 317 287 288 
0.9915125218995213 1.112476404141291 1.5115004464224775 0.4941433739862449 1.148524977669754 1.5691658151315426 1.4314786483193016 288 289 307 305 
1.0149106095805354 1.1019390766680297 1.5012941928691537 0.4932557218449432 1.2152318527595323 1.5347583211257538 1.3946109702217235 321 319 303 304 
0.9467691448342486 1.1239771222320465 1.5464125834633538 0.49912296076203233 1.077743642764027 1.5996011631099416 1.5512064881424217 290 292 307 289 
0.9970186632226848 1.1117533926708751 1.5399597848677935 0.49541923267421223 1.1671781479195034 1.5705642939140656 1.5401184927820013 321 304 306 338 
0.9321141311995148 1.1238813137414472 1.5673603321577452 0.5013395204186928 1.101613533947358 1.5715147594472494 1.698362321339011 322 338 292 294 
0.9075814103168266 1.1175481116936472 1.5966166055465378 0.5046282243249649 1.0589770509474912 1.5489418373799353 1.8005436307319305 295 323 322 294 
1.1128028883860324 0.9010697288480424 1.3868967136002046 0.5149236872177201 1.1170108831644856 1.1682571135509874 0.9480116672882487 327 325 296 
1.1327901729933874 0.9459143478366041 1.4148045877940774 0.5149224024712984 1.1500065424476 1.2133870823365431 0.9765290556144018 313 327 296 297 
1.1165049140630028 0.9834324669203452 1.4315736789857898 0.5101829579580239 1.1743350931663223 1.2645369770137778 1.0114918195657991 314 313 297 298 
1.1155622253499737 0.9556927150764974 1.4153101248990592 0.5119369415755587 1.2019735174157304 1.2258432868310762 0.9909158911071649 330 329 311 312 
1.0975904587904473 0.9880711675090829 1.426857809984469 0.5072533878382649 1.224100411735685 1.281259762576274 1.0349480758974732 330 312 299 331 
1.0841903134817177 1.020118500243072 1.4420735464670307 0.5028220646974507 1.2341998711076785 1.3433179641122257 1.0902538452923394 316 331 299 300 
1.0808128542099917 1.025499414715488 1.4445173210324331 0.5020991403797364 1.2796093690367998 1.3624531517871612 1.1337241595729668 302 333 332 315 
1.0366611694835293 1.0805816416415759 1.4747620013468645 0.4938227479797656 1.2317421728127065 1.4786748928511657 1.2654409261845028 303 319 318 301 
1.0648616284765697 1.0506699130186041 1.4576519160625356 0.49798591655680574 1.2789898369316053 1.4303377360170686 1.2234577516805523 317 320 333 302 
1.0405205840872518 1.0837222414639245 1.4863926729990249 0.49376417133859674 1.2724028080565477 1.4907546717220652 1.3440577179123965 320 317 305 337 
1.0697915605807882 1.053490812757661 1.467706759226957 0.4976653453989136 1.3205229178470304 1.4408662206251555 1.2909553795341493 335 334 318 319 
1.0266052923614912 1.099714529227395 1.5266052008414381 0.49390092384305395 1.2455922618075648 1.5352239738274445 1.4874359141928717 339 337 305 307 
0.9389257856014102 1.1197082683731014 1.574133827017112 0.5001748592669578 1.1446595792717855 1.535168962429074 1.7519056675853748 309 342 340 308 
0.9176788450721991 1.106314589251544 1.6130651321955953 0.5035281960554447 1.1124367652751022 1.5107295804146932 1.8341405482937698 309 324 342 
0.9208114551596901 1.1032799875009467 1.6158007826330734 0.5032097640140062 1.159835806226542 1.4719239544049265 1.8572506088882332 361 323 
1.1072892276614685 0.8802870995072176 1.3748342644169393 0.5151591333189918 1.1263495707820332 1.130604660768079 0.9264063290527429 328 326 310 
1.1029786125492378 0.8635300004919205 1.3655463729727058 0.5149696185140314 1.1320144440639672 1.0907841340342146 0.9058937660757345 325 345 344 
1.125881224648954 0.9186243284829637 1.3984872020133425 0.5154017655871568 1.1689262933736442 1.1766137811403259 0.9558862512952497 310 311 329 328 
1.118285515950329 0.8935743912742964 1.3837302195060006 0.5156992640035494 1.1831012023582512 1.1367715460225234 0.9352570629093211 327 346 345 325 
1.112965536202861 0.9294170994233393 1.400243672620152 0.5134332659435932 1.2251465103815258 1.1843941762255148 0.9708312673343963 347 346 327 313 
1.1017676854681957 0.9619746083909674 1.4131142845546776 0.5100698980880197 1.256025254868649 1.2373034887983176 1.014662257802069 348 347 313 314 
1.0935323930309753 0.99498523920266 1.4293682721705587 0.5063456772744078 1.2735296883085105 1.2967219135062997 1.0675566798718705 332 348 314 315 
1.0913887257832902 1.000909246332522 1.4323598174194283 0.505689798876167 1.3207524533041328 1.3103817916193328 1.1082596187105158 331 316 351 350 
1.0780432184109314 1.0299738673854446 1.4467090982951525 0.5015405335132194 1.3230112790250514 1.3774922722730165 1.1859613857639324 334 351 316 318 
1.0817534700249773 1.034042509592956 1.4558127325618655 0.5010538720094825 1.362907312757348 1.3864055251165452 1.2438594463185144 336 352 333 320 
1.0827189426969215 1.0514046513931763 1.4846972108386303 0.4974667711049629 1.3589368167104074 1.4412916532060323 1.3609036377056631 336 320 337 354 
1.0875609812048803 1.037228087894698 1.468404119499513 0.5001219521180381 1.3972191436687427 1.388734455314526 1.3012432692207594 353 334 335 355 
1.053909168577007 1.0814011692287022 1.5079694212415093 0.4939576842260834 1.3104120768805732 1.4902812019544942 1.4277214528013036 356 335 319 321 
0.9883105010629463 1.1164807017099316 1.5301433850945856 0.4955421456354822 1.1905478621888883 1.5513528273048007 1.633376713757794 307 308 340 339 
1.01395179474888 1.1066475924206178 1.5163286810677759 0.49423458881488636 1.2701122937100178 1.5201051494045237 1.5736812645788931 341 356 321 338 
0.9934378253829781 1.1118552275255336 1.5388255772633515 0.49490593119104515 1.220121874305875 1.5168863213960828 1.7000609622082563 322 343 341 338 
1.0157741038101369 1.1037960599315149 1.5259265420301005 0.49379957953170683 1.2887478123032459 1.491852038780992 1.6494696934915551 340 358 357 339 
0.9486115080098964 1.1109572832938033 1.5861763565823437 0.4981286368784756 1.181743947717836 1.4951083513503431 1.7947822638503022 323 361 343 322 
0.9993530800735483 1.1057292403904349 1.5474520804897454 0.49367749888324064 1.2441844555355814 1.4787273690515366 1.7529103376196367 342 359 358 340 
1.1009341189407194 0.8516848318108564 1.3594778374304073 0.5145166628817329 1.137416271462534 1.0530834693518751 0.8888351124494068 363 364 326 
1.1110048631694773 0.8736166081295056 1.3721190066496063 0.5155848144565544 1.193043123907322 1.0949443872996902 0.9154591628903713 365 363 326 328 
1.1091986918984407 0.9043731974283341 1.3862306560205047 0.5145809629845696 1.2434541573246944 1.1402858218553287 0.9510541148334978 366 365 328 329 
1.1039723100545848 0.9365704343883865 1.4001119859495466 0.5123378416264907 1.2832812286179995 1.190492324341128 0.9951849101019286 330 349 366 329 
1.1000174106559801 0.968952410304023 1.416419766059012 0.5094264805071554 1.3090473045637956 1.247278396274185 1.047220038740274 350 349 330 331 
1.1042651144533626 0.9429024233585624 1.403831410258808 0.5119543680684048 1.3398006876524247 1.1948533104243986 1.028293087869243 369 368 347 348 
1.0998591270354336 0.9747984593253527 1.4201841703541216 0.5089097279402283 1.3586254319468525 1.2555367125477144 1.0870729665012344 370 369 348 332 
1.090384939229401 1.0056478174218788 1.4354762602198017 0.5051331448877281 1.3643278923252389 1.3209738622756513 1.1558755863366694 332 333 352 370 
1.0930238189132546 1.0101376035031744 1.4429101610653767 0.5045715033716458 1.4031201878790407 1.3275100252445005 1.2081394132092114 353 372 351 334 
1.0964507267072314 1.0150333330903398 1.452980368100052 0.5035192433107982 1.436582012540983 1.3298869786185175 1.2628749531283014 336 374 373 352 
1.0546514092294308 1.070721898464119 1.4683905280783893 0.4974800777166832 1.3965683139280407 1.4232628760124495 1.4060294071467507 375 377 355 335 
1.071396589931199 1.0462520855371527 1.4540435541754007 0.500814072582647 1.4231273860731768 1.384981514019602 1.3530877929472833 336 354 377 374 
1.0431099522799596 1.0882517256139483 1.5012543518531718 0.4940447895595463 1.3372446380780647 1.4790543558532134 1.516935205868106 375 337 339 357 
1.0437107242190757 1.0870659882790998 1.5114376490884294 0.4934021950767417 1.3501901066382582 1.4579784158152216 1.6036820689403433 356 341 379 378 
1.0170334124240985 1.0998566511433872 1.5361441672779637 0.49291140372675135 1.3016432297888918 1.4581579237179976 1.7126425605330153 379 341 343 360 
0.998814732390629 1.1089932887479403 1.5418255354604584 0.49429233880809453 1.2643575809217389 1.4384822025706936 1.794057110971318 361 401 360 343 
1.0132461752196307 1.1031539580866812 1.5349646299577167 0.49339372810523513 1.3075802941963006 1.424825521979645 1.7623818229878458 381 358 359 401 
0.9499296935212609 1.1111424808633987 1.5852275367685824 0.49773264639669396 1.216354825372207 1.4513766773761594 1.8277199318640454 324 362 359 342 
0.9489906380382676 1.1210321724627414 1.5732157320918168 0.4983759531473947 1.2412025543468717 1.4100718919774102 1.8529012527218764 403 361 
1.1048616684978356 0.8587511400482521 1.3636230957261832 0.5150565703131854 1.199795325849181 1.052665802650707 0.8976706222965242 384 382 344 345 
1.0992150643842986 0.8405024159287583 1.3541197196901824 0.5138510058908995 1.1471042745950726 1.0216922255045862 0.876792991844244 382 344 
1.1047733376126805 0.883169116536992 1.3745131144920497 0.5150679149586622 1.2564064254165108 1.0939578840618598 0.9317330420551366 367 384 345 346 
1.1044921204050007 0.9115852750468377 1.3876641819925175 0.5140495925144515 1.3050019296429205 1.1408784092942255 0.9759868220722099 347 368 367 346 
1.1030332965952026 0.8900981906087944 1.376803136539236 0.5148433911134803 1.319988366054183 1.0887040248264142 0.9566958902919455 387 386 365 366 
1.1067314082390245 0.9172232279237702 1.3918781914826148 0.5138478354464868 1.364307403203083 1.139360457215811 1.0095713618755424 387 366 349 388 
1.1065154662011283 0.948123914802566 1.408527757224846 0.5115522335687052 1.3919812965433225 1.1976366545836221 1.0684505636974932 371 388 349 350 
1.1008550690999583 0.979426134503741 1.4244066618085243 0.5083920120560597 1.403290632681387 1.261539764111925 1.1328710744730028 372 371 350 351 
1.1093200608212888 0.9520708381577866 1.4135121147522196 0.5110571341912148 1.4384134944644882 1.198760492493944 1.1142101026797855 390 369 370 391 
1.1035998715726656 0.9835629480117275 1.430917075652286 0.5077930399878242 1.4425018486080032 1.2649575339126107 1.1833832126128954 391 370 352 373 
1.1070996578587107 0.9880884500895734 1.4399073777445768 0.5068089709872041 1.4764592829426542 1.2658011522228163 1.2383385437827537 393 392 372 353 
1.0884288618679119 1.0187462464526496 1.4436083495002718 0.5039475932955948 1.46368307952575 1.328187212097516 1.322160233404083 394 393 353 355 
1.0547881793541216 1.0772640836373222 1.4953952406599496 0.49475824229270093 1.3961042566516293 1.430359837990491 1.484249037110527 356 378 376 354 
1.077014267006982 1.0510165379993375 1.4847348371368312 0.4965497131951801 1.4487283561570827 1.3758119610621675 1.4708868202950236 375 397 396 377 
1.0739757472855782 1.0483090600903502 1.463589919611514 0.4990621455899142 1.4388096205158727 1.3807275220674349 1.407020053401008 376 394 355 354 
1.0543096741423554 1.077913983680761 1.5042818929202701 0.4940639502775368 1.4051295598635871 1.4152150758133728 1.5679390875766759 380 397 375 357 
1.0431113728631218 1.0853256616914146 1.5207747035651242 0.49264510138005213 1.3559090319964255 1.428995160482781 1.676197456893997 358 381 380 357 
1.053404834848576 1.0774263115448024 1.5129220609934482 0.49325385207153843 1.4076006281976579 1.3906187698722992 1.6431842873309632 379 400 399 378 
1.03998530242245 1.0877701314379828 1.5214158771251958 0.4928344699156015 1.3555727915221298 1.3969897306701011 1.7351123837741211 402 400 379 360 
1.098890806017313 0.8445993893584766 1.356020162331844 0.5142819873243996 1.2041630094156743 1.0105031865295753 0.882265928360136 385 383 364 363 
1.0899603614910425 0.8224755552091296 1.345408640391951 0.5131605104052052 1.205662317233904 0.9670651619694747 0.86818969676199 405 407 382 
1.0999488434877327 0.8656541409947829 1.3648984721087958 0.5148824753266953 1.2634876902266097 1.045835524583133 0.9131744764152078 365 386 385 363 
1.094655632519717 0.8486940653749901 1.3562050051317347 0.5143291465248975 1.2643091871967143 0.9963228999657763 0.8955848619211981 384 409 405 382 
1.0999885550830417 0.8705581568034331 1.3668334259074582 0.514858071862907 1.327098232192245 1.0344234332134679 0.9372430687520351 411 409 384 367 
1.1071253974556503 0.894543713558466 1.3810892847887635 0.5145930037364523 1.3808892686242542 1.0809955082599574 0.990155058025807 389 411 367 368 
1.1112236621893472 0.9215883823699832 1.3973341572603364 0.5133884694523386 1.418758507525036 1.1363824116713959 1.0502068809899616 390 389 368 369 
1.1132460342013066 0.8974769543068305 1.386619167535745 0.5140051804357253 1.4367580422008062 1.072119077328566 1.0307834522406663 388 416 413 387 
1.1153775649165316 0.9247672633971349 1.402724618463167 0.5128140381903645 1.4669154535709115 1.1322888419202197 1.0963972365607393 414 416 388 371 
1.112730964296315 0.9554263936300038 1.4197135460055315 0.510465096895594 1.478765801693484 1.1982355428466505 1.1646753356224606 392 414 371 372 
1.1168010113329343 0.9588969999060987 1.4281071064471353 0.5095820903890838 1.513217921952105 1.1962002360208235 1.2196104865091286 418 417 391 373 
1.1026991197576008 0.9905180711038752 1.4345056287257985 0.5069857646895298 1.504218272379302 1.2637413110260252 1.2991509857443357 374 395 418 373 
1.0918964895927326 1.020605178072179 1.4543451531970928 0.5020944704455794 1.4832987570298188 1.323309808593814 1.3865974541374457 395 374 377 396 
1.106120639556748 0.9919644006507596 1.4443437214644599 0.5054702053213309 1.5247912491551088 1.25832921941817 1.364490455408283 394 420 419 393 
1.095774721621153 1.0221271110236922 1.47289706416471 0.49965482289663743 1.4961059004623285 1.315801568937768 1.4524037619844448 394 376 398 420 
1.0755378033882996 1.0536175204215363 1.4925607546480302 0.49569106385983874 1.4555806282263346 1.363312981518582 1.5417310334910537 378 399 398 376 
1.0947521620221403 1.025000274220852 1.4796235044838233 0.49865260420699636 1.5028532575186309 1.303768586927279 1.5190684979572067 422 421 396 397 
1.07370946360603 1.0552424749672327 1.499813873285959 0.4948853978122257 1.4568127029956919 1.3423408911053776 1.613260802025283 423 422 397 380 
1.051263491540368 1.0792942412590198 1.5145155216845327 0.49311387439662485 1.4044082332269758 1.3602422643405094 1.7073262778753493 381 424 423 380 
1.0091656117585235 1.104093570421931 1.5387712366820852 0.4934248329266331 1.299612961856755 1.400843551720914 1.8023445506792646 359 403 402 360 
1.0371333327911638 1.0875133173137341 1.5261239360729564 0.49262780554748986 1.3501408600293368 1.3659740334283492 1.781984465732191 404 424 381 401 
1.0067029208492324 1.1049610974181772 1.5403954207979114 0.49347748732414515 1.2897699536752596 1.3780415026603121 1.8355319510890824 404 401 362 
1.0345924919973783 1.0897870084015016 1.526666885139033 0.49278094901753716 1.3428444884741357 1.3366152147689188 1.8186497200473852 403 425 402 
1.0870523954741058 0.8264835081703511 1.34580824186841 0.5132932554285827 1.2589374853799455 0.9463513067091468 0.8790218610023891 385 410 406 383 
1.07646279902392 0.8046656632849091 1.3356794515630253 0.5121168477809411 1.247355625858476 0.8964390123540159 0.8634019903427596 430 426 407 405 
1.076891289695472 0.8013977760140744 1.3348351669828178 0.5118853284481153 1.1997900825192218 0.9205605704647114 0.853775863230216 383 406 408 
1.0659978270611263 0.7847789546704922 1.3272622222534673 0.5106876803983379 1.1865293780157313 0.8733339003502207 0.8402256025415689 426 407 
1.0959015543487853 0.8513924923237212 1.3576597951195675 0.5143837913305479 1.3257411557127354 0.9790838177165962 0.9179164628347839 385 386 412 410 
1.0896189108272458 0.8287319465864693 1.3475061114212354 0.5133376130056935 1.316461467895202 0.9242945740166596 0.899273924012053 409 428 430 405 
1.1057158714282522 0.8730022728375568 1.3708766014917722 0.5145276353916133 1.3882224645239778 1.0206433637138073 0.9698473008988848 413 412 386 387 
1.1027468761800054 0.8516869234510215 1.361351384433497 0.5139471715418572 1.3858567436872697 0.960051708075172 0.9491028916583992 432 428 409 411 
1.1131788507563904 0.8740916351788346 1.37636713274414 0.5138576250575995 1.4445310207048656 1.0062454299920929 1.0098384176602926 434 432 411 389 
1.1195733470577454 0.9273531013402518 1.4089271931058454 0.5121635806994652 1.5082929549344635 1.1273841005314675 1.1470693857582535 391 417 415 390 
1.1238147349014573 0.9007666666032338 1.3986096259564293 0.5127010981477819 1.5281173011387326 1.0537538632750763 1.1277383449705898 416 414 439 436 
1.118568118824117 0.8994304111588783 1.3921940541173723 0.5134054778741568 1.4860520343872141 1.062859391604425 1.0770836910595674 434 389 390 415 
1.1243926408956098 0.9297559131020029 1.417150474784349 0.5112593838996637 1.542957727387309 1.1220007348473706 1.2015294054042212 392 437 439 414 
1.114532841966694 0.9610724026512033 1.4259278162952902 0.5096287501807909 1.540928356640486 1.1924165327824 1.2792551161571897 419 437 392 393 
1.1178899279091634 0.9620465851255546 1.4347848035945936 0.5083727396835569 1.561329654296917 1.1864464686889853 1.3424244907761773 440 418 395 441 
1.1101401886106954 0.9928305532776 1.4605270605273315 0.5033352341346923 1.5385463820208474 1.249848954776303 1.4303429837837722 396 421 441 395 
1.109701217204013 0.9954947717084714 1.4668367669368756 0.5023569952221113 1.5454537257077336 1.238071715457883 1.4954533750482841 443 442 420 398 
1.093256609073027 1.0271970481892043 1.48531299823755 0.49787974003810764 1.5033236997776591 1.2855120514129936 1.586207651103152 398 399 444 443 
1.0714286670826862 1.0578854940888327 1.5019321386658484 0.49453627379238096 1.452040721888292 1.3146777342429585 1.678587836498687 446 444 399 400 
1.0493772810520552 1.0798631491475676 1.517304954016581 0.4929267031256335 1.397596620806301 1.3272416845098465 1.7593908934473728 425 446 400 402 
1.047369276846536 1.0835846818113495 1.5162309926176571 0.49321981733559433 1.3895602796363484 1.294007338992137 1.7995477456587938 448 424 404 
1.065810216542906 0.7869796636182105 1.3278791083875805 0.5110201559300972 1.230542879046176 0.8463244206084064 0.849419426472378 431 427 408 406 
1.054769355953038 0.7670194852971023 1.3209417305861106 0.5097105421375769 1.212173183741358 0.7964473138700094 0.838545118173639 449 451 426 
1.0975454721239164 0.8281435562241812 1.351352534727637 0.5128054902141601 1.3747657517794416 0.901081794999798 0.9287997498029728 429 410 412 433 
1.08991883497682 0.804658598011616 1.3417533723703015 0.5114281167512982 1.3571156664469592 0.8448881536020726 0.910030200111252 456 452 430 428 
1.0808769232814222 0.8060512040780473 1.3377005174886427 0.5120634177839969 1.3009469986220465 0.8711303781173284 0.8820470607127436 431 406 410 429 
1.0715342818941602 0.7868525098526362 1.3299109349495348 0.5108367247827493 1.281345865032027 0.8196381139916912 0.8672695877437615 452 449 426 430 
1.1112721352958341 0.85067431166243 1.3666754191359782 0.5131288975101466 1.4419381915042273 0.9409146592885622 0.9880070136491796 413 435 433 412 
1.106995443338485 0.8261762384147238 1.3568746803745226 0.5118771990505702 1.4302883381427538 0.8780746463025774 0.9664499725539626 454 456 428 432 
1.1197144398205297 0.8744142376898221 1.3820897463121717 0.5131384749881939 1.4943587832632108 0.9923263618042995 1.0557291730917804 436 435 413 416 
1.119006521607478 0.8492895459764132 1.372613004024534 0.5121822561504016 1.4920534356153548 0.9229742252163932 1.0331489085892787 432 434 458 454 
1.1260771126844513 0.8742322294447343 1.388784489255057 0.5122792378048755 1.5369779513651243 0.979566860443388 1.1061179485675083 434 415 460 458 
1.1238743411073762 0.9316760853945018 1.4176390181881195 0.5111591274352681 1.5704155288837287 1.11623049153932 1.2595168912691945 418 440 438 417 
1.1307489114026625 0.9031786939765916 1.4097421217719737 0.5113992515723809 1.5905348152133991 1.0378055757880114 1.238664298625461 462 464 439 437 
1.1295432794799085 0.9017935578194056 1.4069025102930883 0.5117288868636284 1.5629968536979733 1.0452793101322866 1.1817233002244067 417 438 460 415 
1.127372872008819 0.9322360213902102 1.426055035806349 0.5100059630094829 1.5905428309807765 1.1098955314399963 1.3203746230108027 465 462 437 419 
1.1218110588052304 0.9625330253167879 1.4488752278602923 0.5065282743342976 1.5750050782391811 1.1782441736489329 1.4066604684338258 465 419 420 442 
1.1219133521747302 0.9646773309555177 1.4548138698661657 0.5056811062924282 1.5817602555747894 1.1677098721121146 1.4705863096079042 441 421 467 469 
1.108775123422365 0.9975741578123287 1.4724352909663618 0.5015164602628486 1.5454356262047675 1.2221959134430027 1.5598114805700447 445 467 421 422 
1.0914585013183462 1.0299395514675975 1.4870566066062103 0.4975363868814902 1.497330981078513 1.2615343464515565 1.6500469442797427 423 447 445 422 
1.1074525861347808 1.0003320400873963 1.4735886105014406 0.5012027960405009 1.5384776222615724 1.2024834406816125 1.6218754689376853 471 470 443 444 
1.0695756836282393 1.0599918639139703 1.503463428413762 0.49427715442529113 1.4426476826615149 1.2831212826559524 1.734104613969413 423 424 448 447 
1.0900236161992582 1.032308158936945 1.4882282619270444 0.49717364020438204 1.485565884880971 1.2339045455615705 1.7069612112273624 446 472 471 444 
1.068668165846313 1.0670334790860247 1.4976134232139893 0.49518272774018907 1.431028550596919 1.2501136172337162 1.7781266519583587 472 446 425 473 
1.0609000639940283 0.7664661155604049 1.3229064188961144 0.5094313112876515 1.2602171546513692 0.7699042576689903 0.8558636730825339 431 453 450 427 
1.0492133455833206 0.7473463236994248 1.3171982914808875 0.5082444804664239 1.2385101784175727 0.7212246560350561 0.8478713735491211 449 474 476 451 
1.0451514239468467 0.7475762094900409 1.3158612173770088 0.5083371859307578 1.1971146724302102 0.7512052378981966 0.8319436381746688 427 450 
1.0812375096443165 0.7845423113037544 1.3339543965405942 0.5101144343462731 1.3351759323989973 0.791600060263339 0.8939193015266309 429 457 453 431 
1.0706507595273327 0.7635685819527019 1.326768887404147 0.5086610762616487 1.3106540995294134 0.7404758259046751 0.8810524620155865 479 474 449 452 
1.1158630867117747 0.823908407919823 1.3633379360069477 0.5107787548495359 1.480659675637768 0.8566782149453922 1.0107697838738559 435 459 455 433 
1.110125895645837 0.7987531007477807 1.3544066309255023 0.5091866510607824 1.4623193717429714 0.7943743591451999 0.989941061398681 484 486 456 454 
1.1001839432482163 0.8019053108697052 1.34745544211938 0.5104124910244694 1.4117884288372304 0.8188040781132466 0.9464088644973142 455 457 429 433 
1.092053661098185 0.7810543125297118 1.3396968377705432 0.5090330148505685 1.3885089688318772 0.7630791369724853 0.9289854489718662 486 479 452 456 
1.1263743149874623 0.8476242050334993 1.3795973617021864 0.5110967984081913 1.535375673148367 0.9070824320921089 1.0831846819882243 436 461 459 435 
1.1242243288401068 0.8215328496330903 1.370939113743473 0.5095479238676088 1.524902810175623 0.8379485826005918 1.0605418812423981 458 488 484 454 
1.1326361851229556 0.8738750728595052 1.3972040795231098 0.5111731435421113 1.5724229437208508 0.9685172983453226 1.1599267512844629 464 461 436 439 
1.1336493105182857 0.8459876616457266 1.3881796033319898 0.5098286610308156 1.5719093292729278 0.8938324136230968 1.1371868500287723 458 460 491 488 
1.1346302185635593 0.903333566733546 1.4182629807820377 0.5102260314986884 1.6108725564058188 1.0313728539668177 1.2983165829096697 440 466 463 438 
1.1399402451763045 0.8743741052381451 1.411161938556232 0.5092824570572078 1.6220470492854944 0.9532426516187579 1.2767373988736446 496 494 464 462 
1.135517762340963 0.8745226592111944 1.4021352066935031 0.5105446045207094 1.6007195298593493 0.9596787151161937 1.216817310762312 463 491 460 438 
1.1311658463825736 0.9325613191683242 1.4385824222930328 0.508382378883749 1.6040074755747213 1.1027476793267614 1.38286060800547 441 469 466 440 
1.1384056558622424 0.9036718038031174 1.429866417429882 0.5087333261604045 1.6245787684706248 1.0256557331717526 1.3601144062461326 498 496 462 465 
1.1214943848097885 0.9663709772095923 1.4605471407084796 0.5048849163211654 1.5813595143246921 1.1546577531624953 1.5335428541860057 470 468 442 443 
1.1316348154207951 0.935913741869215 1.4509307912255698 0.5068451388762705 1.6099632344629702 1.0850005168427999 1.5087583844953742 467 501 500 469 
1.1317005823110913 0.9344346715643965 1.4447706332784866 0.5075968879204409 1.6105964494200264 1.0944798060968874 1.4460131923045372 498 465 442 468 
1.1206083738853803 0.9683919483766136 1.462653418329978 0.5045260669396077 1.573814337533617 1.1395770469507176 1.5945323018420783 445 502 501 467 
1.1063064401287135 1.0028012405654416 1.474568368838107 0.5008770399942573 1.5248659335076122 1.1805230526971076 1.6791687758342024 447 503 502 445 
1.0899102723158154 1.0391823034123941 1.4818619189248892 0.4978302426939357 1.4695575044538274 1.205231443223129 1.7545876324591068 448 505 503 447 
1.0729656691940237 1.0819706498175117 1.4811357938252763 0.49760350403646797 1.4199135587109348 1.2157172212819558 1.8099639430502417 505 448 
1.0587890125565647 0.7435067962650636 1.3208223625510929 0.507362732624896 1.2841493395692651 0.6900102938482114 0.8714872335303518 453 482 475 450 
1.0445510914009035 0.7219643220410401 1.315701630783913 0.5060800927306596 1.255960808264908 0.6392475738896121 0.8653709152615572 476 474 483 477 
1.033681483874833 0.7265041384003694 1.3117533137812405 0.5072820257152139 1.2150125515537165 0.6713082636018699 0.8428217334477919 478 450 475 
1.0315486959474007 0.705337417713848 1.312475971614468 0.5051774591417428 1.2260384917075913 0.5881380597795796 0.8631296088691253 475 507 509 478 
1.0204690604283615 0.710578150347708 1.3084585865026772 0.5065343683348795 1.190386643191446 0.6220542919912962 0.8410061972967766 476 477 
1.0816832943121102 0.7593155994529528 1.3324263683656479 0.5075351691493779 1.3619251725533796 0.7099231719619066 0.9147518991064812 457 480 482 453 
1.0931466393043097 0.7543520708600396 1.3399755644735658 0.5061254306076775 1.4118250041967526 0.6803708737925267 0.956807454548402 479 486 487 481 
1.0819926451124608 0.7324031122644138 1.3342280433466003 0.5046498146294426 1.3818788855436577 0.6266153198308034 0.9453499417571566 516 482 480 514 
1.0700068235766693 0.738320139551193 1.326434802016067 0.5061391442817149 1.332836668202412 0.6580139008589143 0.9039208302217853 483 474 479 481 
1.0563123995575165 0.7162800922141244 1.3214538113177412 0.5047139933807143 1.3016374583947328 0.6064389926261013 0.8967283981048952 482 516 507 475 
1.119518366184981 0.7955524711743777 1.3626412996209665 0.5078193035068004 1.5075683684581787 0.7728900192714725 1.0396033415902766 459 489 485 455 
1.1130672816231297 0.7731933639687618 1.3556895450841018 0.506254464064077 1.4850428727751865 0.7116932688542112 1.021422470895438 490 487 486 484 
1.102796755394231 0.7771065069689365 1.3469485074187444 0.507717027245653 1.438914871207944 0.7359149579664548 0.9717518560816305 485 480 457 455 
1.104211894287472 0.7493952033535425 1.3491900481189105 0.5045329916511643 1.4585309543952367 0.6535312931132464 1.0065557473758537 520 514 480 485 
1.132265323608429 0.8194062750437306 1.3800578824721175 0.5081710806662934 1.5629391646769157 0.8225501635728372 1.1150459403489856 461 492 489 459 
1.1284274063946012 0.7927714999046561 1.3723838128948995 0.5063261588910302 1.5472438796285617 0.7551365318413984 1.0947983013781404 488 493 490 484 
1.1226554178427177 0.7700170809194037 1.3658699937978416 0.5047234016306521 1.5261927512004019 0.6913630188466123 1.0773757920467875 489 525 520 485 
1.137988159931862 0.8457177170815552 1.3947840160875378 0.5089341371668661 1.6017068521010636 0.8837387540361297 1.194920926473658 464 494 492 461 
1.1378628484711641 0.8187534603865699 1.388115866419471 0.5070758111330067 1.59472558137289 0.8109871508510506 1.1741485950597457 495 493 488 491 
1.1352209119582726 0.7914356942825286 1.3816786090819673 0.5050292588204716 1.58109062027266 0.7416601628188167 1.1553681528836095 492 528 525 489 
1.1431177029236221 0.8451531495282381 1.4046392152218352 0.5075753926589143 1.6248036420847591 0.8770993571806853 1.256350624870791 463 497 495 491 
1.1437138198723948 0.818303112615533 1.3988743534044266 0.5056540724578193 1.620056901196302 0.8036777342471744 1.2377201567278258 531 528 492 494 
1.1438404626487781 0.8748746422529401 1.422401343470031 0.507868037160121 1.6367175544697674 0.9489528527801323 1.339330749330251 463 466 499 497 
1.1474428677141075 0.8456140350203465 1.416208301057539 0.5061624828464064 1.6411574055101543 0.8738800618208259 1.320969962858999 531 494 496 534 
1.1393748988558294 0.905594094442504 1.4368367304023018 0.5079189620201071 1.631376622307079 1.0202361955930126 1.4233898064801414 469 500 499 466 
1.1453082043780565 0.877006518573345 1.4304731479012103 0.5070017323234239 1.6443150057429645 0.9464633527934037 1.4038193235967225 535 534 496 498 
1.1396341529693117 0.907164287119907 1.4440341518033155 0.5071129757181203 1.6308686661351555 1.0149734230968332 1.48679611876715 539 535 498 468 
1.1309398567666722 0.9375088589586369 1.4548479005195538 0.5063654388447766 1.6022202665069956 1.0748907039401991 1.5694812440467305 470 542 539 468 
1.1197643023645567 0.9704386271390394 1.4637337426795853 0.5042611431857823 1.559272892755295 1.1240261138569299 1.6517853884016032 470 471 504 542 
1.1061529861636283 1.0096452264850608 1.4689540956113498 0.5013474374841237 1.5054445872940254 1.1589242793624464 1.7294147572387866 472 506 504 471 
1.119554309997405 0.9765624597641254 1.459195884230805 0.5046413443329765 1.5382747170672761 1.1104493474338457 1.7033461265597836 544 543 502 503 
1.094939308814483 1.0558738287540457 1.4633420456641275 0.500527620973142 1.45082129486977 1.1778835869967241 1.7916643931025515 472 473 545 506 
1.1099923256992723 1.0238046509457075 1.4541279211236917 0.5032231249713093 1.4812243193075378 1.1405868116228473 1.7711161431475864 503 505 546 544 
1.0437722563221152 0.6988141725015924 1.3184104535489989 0.5036210595050479 1.268189749023735 0.5548111186650382 0.8935913354749626 477 483 517 508 
1.0269323963777164 0.6777371756155086 1.3161168711426081 0.5022484817117377 1.232437882384561 0.5034332061130382 0.8946240584741951 510 512 509 507 
1.0135384654195612 0.6846740128319672 1.309774035165856 0.5040863698668984 1.1941828785473125 0.5365888045485594 0.8649658345212411 513 477 508 
1.040019391111597 0.6703190247848855 1.324418396333521 0.5005066141989883 1.2748396502999937 0.4698444513513695 0.9334317359221147 517 519 511 508 
1.024120620869889 0.65245708247622 1.3235372053061591 0.4991663850912422 1.2324415816608978 0.41980990620384745 0.9369752224862989 512 510 551 547 
1.0114790076089626 0.6611029083746809 1.3151753536588495 0.5011494879025356 1.1942725926481104 0.4530906219497365 0.8997524658324679 552 513 508 511 
0.9981832566857108 0.6689538910492554 1.3086761705237098 0.5031938530947208 1.1622720417293984 0.4876092146618153 0.870594738536628 509 512 
1.093706811912242 0.7266211729523286 1.3438769328033326 0.5029801499121787 1.4287221602017581 0.5974609108808485 0.995143347524667 515 481 487 523 
1.080932971484082 0.7033683767322831 1.3394654190082589 0.5014675868681954 1.3956905789067733 0.5427550652611685 0.9871771048604722 524 518 516 514 
1.0687754548273245 0.7097937086522422 1.3294795220436826 0.50316538022156 1.3493130022707538 0.5737483902477849 0.9375246371790533 515 517 483 481 
1.056443253204077 0.6917295525869215 1.3265405884758081 0.5019863058748611 1.3137666327517332 0.521418818156738 0.9335665853620402 507 516 518 510 
1.0686647467400725 0.6847418905875919 1.336593185760073 0.5002552551041188 1.3589372066763192 0.48923228667802654 0.9826778560594059 519 517 515 555 
1.0523079501222574 0.6629769322957754 1.334466698497843 0.4987089089514926 1.3179356119038061 0.4371679745835962 0.9814003404035284 558 551 510 518 
1.1144119638712098 0.7453260122677544 1.3597854907893008 0.5028917286852048 1.5007424744742923 0.6305616580080248 1.063195167118788 487 490 521 523 
1.1230671318798067 0.7426775833908533 1.3709010797209908 0.5013202223161307 1.5374215210563558 0.6123938726806477 1.125796055282342 520 525 527 522 
1.1135926395501665 0.7181056369989268 1.3665559151262863 0.49954397253707183 1.5085564362784545 0.5516700068172884 1.1150317993193024 562 564 523 521 
1.1043614550738265 0.721751603880889 1.354823841120369 0.5012605302406768 1.4714101757795466 0.5720265088605799 1.0522109326531028 524 514 520 522 
1.0919540189638313 0.6977654572510641 1.3507571386664305 0.4996827967690494 1.4381661987125447 0.5152883816891701 1.0442447933048635 523 564 555 515 
1.130543322843166 0.7683822507394856 1.3762313591272957 0.5033062751245667 1.5617552940027635 0.6755945265877028 1.1391804513942476 490 493 526 521 
1.1379649965926113 0.7673843333232364 1.3886037990059628 0.5017272335495879 1.5910894494115508 0.6652285834791711 1.206019369993458 525 528 530 527 
1.131153703960492 0.7406015984316616 1.3840370418725392 0.49957625275575523 1.5678136427003837 0.60010418281554 1.1928438272734074 569 562 521 526 
1.141877243173431 0.7905442426265391 1.3933378144515722 0.503515600148866 1.6086608394781337 0.7330713782410918 1.2209614378168396 529 526 493 495 
1.147591769763912 0.7908516019040353 1.4066914126772734 0.5019781598398055 1.6293725385546622 0.7301567574491153 1.290252414109046 531 533 530 528 
1.1444660567678082 0.7672493147181454 1.4028522870084668 0.5000796898177529 1.613693600109329 0.6614239218863304 1.2761126516630776 529 571 569 526 
1.1485920286216416 0.8191524015791215 1.4110985142659254 0.5042381750263265 1.6385450245951367 0.8009503256079652 1.30488055707391 532 529 495 497 
1.151536588415603 0.8215158365465757 1.4223559627324514 0.5031418693776459 1.6494895773044407 0.8031178307065647 1.3735461997437404 534 576 533 531 
1.1515319857612492 0.792266697339029 1.4200332830012472 0.5006259435273951 1.6426120698601223 0.7337506645904206 1.3605066196058941 574 571 529 532 
1.1496047862258356 0.8476383648654086 1.4257495214665517 0.5051804971406164 1.650180145860209 0.874006674137662 1.3874817874571517 536 532 497 499 
1.1459728785115122 0.8789374598279297 1.4395355969083612 0.5060522041882374 1.644473736269612 0.9456307189776322 1.4683757136912687 537 536 499 500 
1.1507861219860251 0.8495503275683779 1.4368230924050203 0.504122852099851 1.651630225051236 0.8774710948227399 1.4533037722562112 538 576 534 535 
1.145564899708789 0.8803733551262732 1.4468850292210103 0.5054276788656212 1.6376607258703988 0.9466382952171059 1.5299750799079175 539 541 538 535 
1.1506445325718335 0.8505803487939311 1.4473848473803863 0.5032837819733202 1.6463414765739328 0.8841041499316342 1.5148441070771697 537 579 577 536 
1.1390101309399552 0.9087397322126486 1.4490658439903772 0.5066983510280711 1.6233047154184703 1.0103099597557466 1.5479164019439084 537 500 501 540 
1.137985553255349 0.9101503164620909 1.4535078126653869 0.5062953163906314 1.6097246510096896 1.0072373120259586 1.603786366246064 542 582 541 539 
1.1444887038172638 0.8817152013875854 1.451948422318412 0.5052015103137677 1.625257838006676 0.949982454361131 1.5853504880287073 540 581 579 537 
1.1301521403444306 0.9392894953798188 1.456886743827192 0.5060490347241133 1.5878032257297423 1.0656832714592879 1.6261748232041902 501 502 543 540 
1.1298175000557091 0.9439581810380039 1.453970056294935 0.5064091457184821 1.567322293747359 1.0597041622394037 1.6773523672622053 504 583 582 542 
1.1212732746258884 0.9842413201332145 1.4519071841713465 0.5052814141544251 1.5117130395121001 1.1008254014554115 1.7482252787281145 504 506 583 
1.0859969681320931 1.03989682227741 1.480514753097121 0.4989448739887784 1.4328915828402158 1.1537362945402112 1.8196127368856767 546 505 
1.1020847202999475 1.0104102265309125 1.4691408827287524 0.5022226069031784 1.4554644173222482 1.1269418448909907 1.805170974088311 545 506 
1.0036319154729356 0.6314589202142603 1.3241711849611117 0.49737512317955557 1.1879976479610224 0.37290519120417864 0.9439527509923118 552 511 548 550 
1.0149012111743672 0.6229648481756617 1.3338440906139153 0.49540498484623907 1.2236805709378662 0.341515362268471 0.9868652903722832 549 547 551 561 
0.9935465773092197 0.6045266992176993 1.335158217442669 0.493782865347048 1.1724360495723651 0.30008413415757984 0.9928415466552016 550 548 587 589 
0.9833786223548922 0.6139825091410444 1.325621226341171 0.4959661616805282 1.1442943702318553 0.33070792842984054 0.9538667431726856 554 553 547 549 
1.0358590567589876 0.6442680871234138 1.3334783382235516 0.4972739840559717 1.2726029756970005 0.3874896910516116 0.9829401048862898 511 519 560 548 
0.9900684365686422 0.6407773057181567 1.3154084963763464 0.4997727211232744 1.1542106692763945 0.4043489318784797 0.9089856691690336 553 512 547 
0.9703390327723693 0.6225874613107548 1.3174268969070542 0.4983459325368882 1.1190871357696126 0.3625898279905868 0.9206835584509877 550 552 
0.956147175675931 0.596891498776445 1.3268691281860174 0.49519103453147245 1.1036102808018688 0.29279273046075827 0.9667890900075621 550 589 
1.0798028973623996 0.6786240136555636 1.347959207766026 0.4984206207154814 1.4005197998285952 0.4603926803700958 1.0391508851281572 518 524 556 558 
1.0897885376387018 0.6732473694113351 1.3606037217059697 0.49644330967113803 1.4367552825685403 0.4372431151496659 1.1001270040873947 557 555 564 567 
1.0735935663038318 0.6503708842251438 1.3587655935763419 0.4947979679738799 1.3931442106418435 0.3842903206175638 1.095188071435493 568 559 558 556 
1.063351747065528 0.656515935750847 1.345700074730035 0.49685305420148174 1.3580084220781943 0.40773617488324443 1.036505902700879 557 560 519 555 
1.0561527116177456 0.6296775498135694 1.3578118307191551 0.49328895934645756 1.3441332562451715 0.3349465549870798 1.0910161234382465 557 591 594 560 
1.046222799192586 0.6370094833042128 1.3444626395871984 0.49539235219487526 1.3104533632562723 0.35817401828564505 1.0356212729513248 561 551 558 559 
1.0244928394564279 0.615328560355388 1.3443577602397379 0.4935476820205084 1.25830639255976 0.3130036916983804 1.0357663763691605 594 587 548 560 
1.1221606733765463 0.7149937677805585 1.3802856369128105 0.49764632719320245 1.539421038343464 0.5377378395279464 1.1813444629498118 563 522 527 570 
1.110462758263882 0.6886544002795181 1.3774463163739583 0.4957786078369282 1.5061690048657403 0.47833983957616266 1.1712418251529337 567 564 562 565 
1.101584350359635 0.6930804787099345 1.363020937789964 0.4978215124134264 1.4751487729189496 0.49322365922848876 1.1065719790626802 524 522 563 556 
1.1188808571112516 0.6835081155928618 1.3960619532663667 0.49353272808719095 1.5318330241315434 0.47186254625507296 1.2348633811429828 570 599 566 563 
1.1077436500590592 0.660879030138873 1.3960953156642155 0.4920627908626369 1.4947652374076013 0.41619843778116694 1.222045635413572 567 565 596 597 
1.0989505858640702 0.6678833471310605 1.3756059369043245 0.4943148389053187 1.4676110390080856 0.42193989252652153 1.1621527626677728 568 556 563 566 
1.0831070162691676 0.6437708497781215 1.3747954035089345 0.4926019112425409 1.4237044130650716 0.3690906189009179 1.1535557969967765 597 591 557 567 
1.1384918005351512 0.738888234170416 1.3997062958566637 0.4976569459079591 1.5917231502263323 0.5950452828826597 1.261956148637727 572 570 527 530 
1.1301502695779655 0.7117726643250566 1.3973145969594607 0.4955422559810876 1.5641533981190507 0.5315317433150585 1.2480890151434125 573 565 562 569 
1.1494226469945588 0.7677109612804955 1.418343594321539 0.4984907717172023 1.6293537405082739 0.6654442183733106 1.346595975290703 533 575 572 530 
1.1443130203611558 0.7367750898914932 1.418003474833135 0.4957674223155924 1.6095890635657635 0.5984993248741336 1.3303670788789494 600 573 569 571 
1.1367250791931833 0.7071803267684991 1.418780910551221 0.49353305041395273 1.5839470672504605 0.5342645815860567 1.3123166282703913 570 572 598 599 
1.1541674222437517 0.7932099893615232 1.4363172414991643 0.49917480921552587 1.6485862070937969 0.7438478822400469 1.4274828177267702 533 576 578 575 
1.152814056721509 0.7670779089782163 1.4376051966238548 0.4968660985028501 1.6386535964726514 0.6778706217565811 1.4134515847501832 601 600 571 574 
1.153337310802028 0.8237061789125975 1.4356574289593425 0.5019561646514253 1.652861060171221 0.8102344837926938 1.440274858290429 536 577 574 532 
1.1534722601172505 0.8246857662233 1.4495823691501046 0.5009993863466438 1.6498820806323529 0.8220808557163022 1.5013243686012316 538 580 578 576 
1.1547381331615894 0.7919024045273045 1.456853804753232 0.49796745283326316 1.648707702954831 0.758489938076917 1.486988678699701 601 574 577 
1.149499830799886 0.8504182992251464 1.4558614612595653 0.5028685653723851 1.6360378797789896 0.8927683834191612 1.5688358571952952 538 541 580 
1.1520950206719227 0.8247502482517143 1.4601333201186462 0.5008024726506667 1.6423934525729404 0.8374771541704246 1.5540846395610473 579 577 
1.14353875104038 0.8834098025176294 1.453988194410333 0.5052741955059448 1.6093323426695911 0.9557718337447657 1.6325890600578234 582 541 
1.1372596338933072 0.9128177498220895 1.4540200318779066 0.5062898445037276 1.5917967468255094 1.0064639250945584 1.6523657348412537 543 581 540 
1.129032914521209 0.9447573095630969 1.4550864307140727 0.5063634699348529 1.541314090980574 1.0588473743825062 1.7232334807805216 543 544 
0.9837570806059479 0.5594670994800179 1.3691501636827674 0.48868855965872043 1.1766260230036285 0.2230303001496074 1.0746719733611776 585 588 
0.9757201151985623 0.5762749021781736 1.3486687197924383 0.4905406028637326 1.1454552589104057 0.24015107555219353 1.0369741209423453 589 587 584 586 
0.9470922018271968 0.5546570307013817 1.3566318390420526 0.489789336176574 1.090046424684964 0.213613405407659 1.037467071807391 590 585 
1.0021132309766791 0.5960702736715028 1.345493758571833 0.49190997998426217 1.2026032580865498 0.2733117793418218 1.036373767735831 549 561 588 585 
1.0107389843632473 0.5858046202303281 1.3600870035943233 0.4900127195631916 1.233768213734932 0.25301286057774086 1.081366059662475 594 595 584 587 
0.9679181083112041 0.586263426058128 1.337551936902513 0.4924326347970354 1.1211272809977306 0.2637151107582083 1.0007531906456366 554 549 585 590 
0.9372618562200085 0.5697315053061146 1.3406542237339842 0.4923874530602268 1.0736143010615395 0.23232284015642934 1.0106119849061284 589 586 
1.0656881825672122 0.6211774469382667 1.3753578943998015 0.49113570962145414 1.3749133555865076 0.320533784869395 1.1450136488609781 593 559 568 592 
1.075623975652262 0.6057910858806365 1.4060699439802626 0.48907776174690754 1.4052562564721218 0.3151331870991415 1.195831661932873 597 591 
1.0440561547233487 0.5934167697405724 1.3808859900362402 0.4892514015549953 1.3204953709151377 0.2757692098599777 1.1361419958479004 595 594 591 
1.0339455906958157 0.606797170790613 1.3580753984343152 0.49149317607175214 1.2902838831417816 0.29053452080920406 1.0866863008603684 588 561 559 593 
1.0190195334304812 0.5676134665094299 1.3865049609453248 0.48825557230982675 1.266386737013345 0.2397348970191886 1.1257056735149285 588 593 
1.1154050060777578 0.6494715035290476 1.4269082691055164 0.4904083293320139 1.5201096251302668 0.4196880428776194 1.278280617469374 599 566 
1.0930905517660918 0.6321801144047425 1.4013632154300033 0.49013668016869494 1.4514764197262064 0.3626955806142824 1.209093503400911 592 568 566 
1.1411943617630322 0.6976576953718884 1.4508527750264293 0.4922227117063593 1.6006252945693182 0.5460558929230652 1.3732800380598693 573 600 
1.1265487103605392 0.6748927273919212 1.4236203117989603 0.49137642828101186 1.5531767287960951 0.47325966905230704 1.2946667189917962 596 565 573 
1.1486364431080867 0.7310128187635174 1.4449983212152886 0.4938067882928837 1.622319350131687 0.6103271790586907 1.3958498391926386 572 575 598 
1.1535609980056007 0.7648589928298042 1.4626762914949558 0.4960480724941325 1.6429629211127457 0.6963945677631039 1.4721442037372068 578 575 
