8 27 28 29 30 31 32 33 36 40 41 43 44 45 47 51 52 53 54 55 56 57 58 59 60 61 62 63 64 65 66 70 71 72 73 74 75 76 77 78 80 82 83 84 85 86 87 88 89 90 91 92 93 94 95 96 97 98 99 100 101 102 103 104 105 106 107 108 109 112 113 114 115 116 117 118 119 120 121 122 123 124 125 126 127 128 129 130 131 132 133 134 135 136 137 138 139 140 142 143 144 146 147 148 149 150 151 152 153 154 155 156 157 158 159 160 161 162 163 164 165 166 167 168 169 170 171 172 173 176 178 180 181 182 183 184 185 186 187 188 189 190 191 192 193 194 195 196 197 198 199 200 201 202 203 204 205 206 207 208 209 210 211 212 213 214 215 216 218 221 222 223 225 226 227 228 229 230 231 232 233 234 235 236 237 238 239 240 241 242 243 244 245 246 247 248 249 250 252 254 255 256 257 258 259 260 261 262 263 264 265 266 267 268 269 270 271 272 273 274 275 276 277 278 279 283 285 286 287 288 289 290 291 292 293 294 295 296 297 298 299 300 301 302 303 304 305 307 308 309 310 311 312 313 314 315 316 317 318 319 320 321 322 323 324 325 326 327 328 329 330 334 335 336 337 338 339 340 341 342 343 344 345 346 347 348 349 350 353 354 356 357 358 359 360 361 362 363 364 365 366 367 369 371 372 373 376 377 378 379 380 381 382 383 384 385 386 387 388 389 393 394 399 400 401 402 403 404 405 406 407 408 412 413 414 418 419 422 423 424 425 427 428 433 437 438 
-0.8601956249350982 1.855661235254727 0.3718744638802517 -2.4758228997338327 -1.5087569837910781 0.03787792708357923 -0.7762772364193057 8 1 
-0.8313614779595235 1.586092846599374 0.6880711873171708 -2.426012177533985 -1.5654148530684162 -0.13497672449278442 -0.5210791391605061 30 0 12 
-0.556501733671246 0.18596120845686484 1.675229765742214 -2.26856116883663 -2.0542636315538934 -0.36190322665142743 0.32063465299189997 15 33 
-0.9803255058793656 -0.4155681763410355 2.236022014503136 -2.2031357325399368 -2.463337451538444 -0.2533881852769028 0.8651388681442136 14 32 
-1.6677640427415412 3.0016109113638736 -1.6468213706090777 -2.6628940197332107 -1.6105503628836426 0.6373193162003249 -2.5659497761166428 54 6 5 
-1.6575132408472737 2.8864833528551443 -1.3502712213021744 -2.670433330418367 -1.5447403242098139 0.5036330156760654 -2.262444629572204 11 29 4 
-1.6861410467606974 3.275445885713099 -1.9549687468092418 -2.8017303240307454 -1.6760792384281302 0.7639422725854028 -2.8449581427070947 4 55 24 
-1.273822892136963 2.1366452949843886 -0.03185291845470925 -2.4874665311383097 -1.4160133362640936 0.020336657603794706 -1.1569390035217184 57 9 8 
-1.0128535574208257 1.8477438002188435 0.3580193116375701 -2.4357081900445046 -1.428249598467597 -0.1267193348452333 -0.8853193281886641 30 58 7 0 
-1.4599054672650063 2.353599083007232 -0.4173505827157041 -2.527210330045011 -1.4267006051271318 0.1456162619838329 -1.4245633967427431 7 56 10 
-1.5568338293960435 2.53384641587309 -0.7474709889259905 -2.569026216636001 -1.455458050264545 0.262400638691212 -1.6847366020788253 28 11 9 
-1.6159784087434315 2.7143020305544225 -1.0576614282988825 -2.6202343649702082 -1.4962750821283821 0.38438124978932137 -1.960084136854051 5 10 27 
-0.7730503147645836 1.132313169908813 0.9654434755582992 -2.256000607576747 -1.6697039145583572 -0.3049562314606949 -0.28318851027496467 31 1 13 
-0.7137028221384129 0.7785303900671038 1.255036820783998 -2.21633178533717 -1.8239309895408875 -0.4497697646299641 -0.06229979690703992 33 60 12 
-1.3427118785644052 -0.4578404648994614 2.5139267646433767 -2.155518045705601 -2.7003342363965928 -0.2566094742944838 1.011110520906859 3 16 36 
-0.7443486568210913 -0.09633887743779893 1.9095604472858665 -2.2034456253689956 -2.2852993611047108 -0.449008904396452 0.513695003988111 32 59 2 
-2.018851478656123 -0.37802490008389134 2.9988287320988687 -2.190821781163635 -2.9613035975339765 -0.24552916765337215 1.1556294485220986 34 61 14 
-2.9704869080480165 1.0120944715977147 0.9337932061037185 -2.0700414988939695 -4.359696503996682 2.055849107723909 2.024558005034767 20 18 
-2.8550202094917143 1.113491888749896 0.9872486338763204 -2.092160820913833 -4.57045450412536 1.845811131959354 2.01671486856439 40 39 17 
-2.8897732436624217 0.8544091748376076 1.1376057417721368 -2.0430715111886837 -4.154452907386772 1.6937707108893465 2.5403418640012774 45 41 20 
-2.924260527654786 0.9379574094643843 1.054964856432843 -2.049861263860222 -4.257849473809814 1.9010277811498038 2.2783722015397894 40 17 19 
-3.037946385927878 0.4206146956625381 1.3441677700768657 -1.9734827065685003 -3.7218218572797697 1.6066136352610019 2.807558760251874 43 45 
-1.3875066285872468 3.7655999199464874 -3.1015803148493837 -2.8469090472228324 -1.99851138677083 1.490794711644515 -4.263914261494207 49 50 
-1.6093141546379517 3.601569934611067 -2.469457665686062 -2.9154045213001436 -1.7808197679091355 0.9977853734771118 -3.4274384592104967 51 25 24 
-1.6621865527784383 3.455537267470669 -2.22641098775297 -2.869365385288115 -1.7303458329303916 0.8784108725061444 -3.137393790742651 6 52 23 
-1.5321378105843058 3.75112317042387 -2.7327311016193314 -2.960793262846844 -1.8219421507970943 1.1085430978047603 -3.683243993870293 53 26 23 
-1.4495670461627255 3.7301609844484624 -2.922327041998144 -2.8770676671436277 -1.8648969690154469 1.2223462763594846 -3.91362863422018 25 82 49 
-1.7016160896452763 2.7109097051662765 -1.0500737022795372 -2.634053018956796 -1.280391418818988 0.31622344867402913 -2.0413987736342487 28 90 29 11 
-1.655649264391844 2.5281393079201635 -0.7358457877495207 -2.5845140619626217 -1.2405207601965067 0.19236376476588873 -1.7582935697251842 56 88 27 10 
-1.7276002001742863 2.8848878415704498 -1.3500310779935594 -2.679768394867708 -1.3265048453638297 0.4400605334481783 -2.3336257733450747 86 54 5 27 
-0.8923999031517683 1.5468739541837007 0.6658814726318243 -2.3683086082241656 -1.4746082719347575 -0.29208520638321056 -0.6344003700555888 31 91 8 1 
-0.8484357511010368 1.1863327901031457 0.9757057217872204 -2.277743302293341 -1.5700024421566512 -0.4669709853729497 -0.4010651488925847 92 30 12 60 
-0.9900870622616976 -0.33564744758637177 2.2083524650531303 -2.184228738519362 -2.5300527877781986 -0.5120184130860581 0.7009364956096181 36 63 15 3 
-0.671403080613139 0.3258530555932774 1.6324285507998 -2.227600462250966 -2.020516237832756 -0.5899059322452433 0.16101170194206998 59 93 13 2 
-2.2599658438940082 -0.3114826692318058 3.162238115294105 -2.231487649230328 -3.236693321109783 -0.2242357549078462 1.2913639776934354 35 62 16 
-2.4823388782463267 -0.22336041372428025 3.2957346803861847 -2.2501004391995196 -3.5275707151618922 -0.17672755802794074 1.424598617334885 66 34 37 
-1.3310128225457771 -0.4346358491380711 2.5015973461382925 -2.1551650819089554 -2.787366966520917 -0.5432167710974468 0.8874792319914401 32 14 61 94 
-2.54140703962768 -0.19358300264162262 3.2990713332016446 -2.22224348159026 -3.8241834637481893 -0.09753628455923587 1.5538933271536397 35 38 64 
-2.946202561897368 -0.0687145834464807 3.461111854533384 -2.110958654666768 -4.12277255134216 0.05643357242641192 1.6834492291971261 65 37 67 
-2.9070104287746235 1.0671137188891922 0.9458721042648698 -2.0845025660117824 -4.724447879596948 1.5947831980034783 1.9292030591220297 18 70 
-2.806726599964431 1.0338274950736448 1.1018217323884683 -2.080172507997185 -4.5022836772479025 1.640488342031666 2.2494768551710584 41 70 18 20 
-2.762050381147701 0.9410845573641768 1.200403277672393 -2.072400053170981 -4.434993339793063 1.4046589566743088 2.4656646588438043 19 71 73 40 
-3.1384429193653776 0.26246463679046605 1.414990563693864 -1.954206283801696 -3.3374427692160533 1.3527416307234752 2.974753637459174 47 43 
-3.0436103871243434 0.29122739707009604 1.4086548274413568 -1.9740615444448217 -3.6803819307566763 1.2941721582465449 3.017029073981929 77 44 21 42 
-2.8306728644338994 0.37350401654040927 1.4708138068440784 -2.0008941615103972 -4.018601360665691 1.1126691994945674 2.9787937250067733 78 74 45 43 
-2.8478651368775387 0.5159155258411925 1.393207956614167 -1.9992977487217873 -4.073466846538037 1.4264738674527193 2.776251583885845 19 21 44 71 
-3.1113889757909745 0.06881347668407968 1.483922546588867 -1.9826145224913312 -2.953171059617289 1.0464101231655363 2.9545474068610513 48 47 
-3.125025618711972 0.07302115234061027 1.508274119579267 -1.9580129991429898 -3.270712628845936 1.0702204662433763 3.122597854335313 75 77 42 46 
-3.054740659244557 -0.14444450523633984 1.6147105657675076 -1.968347271431121 -2.8940131606997 0.7856501183787699 3.0731744510087284 79 75 46 
-1.4028267201245084 3.7588069720139696 -3.0602469112808937 -2.8555825246061826 -1.9216870276800173 1.347922882324442 -4.1089029364002965 26 80 22 
-1.3615136641517598 3.747969214875301 -3.129071126801675 -2.8225415554871374 -1.7701925343872706 1.3427870631670686 -4.37899573065271 80 81 22 
-1.6086922383343845 3.596383052851986 -2.5211095308028635 -2.8922318048035134 -1.5366059499034481 0.8907235972822659 -3.492203657133013 83 53 23 52 
-1.6774157199325002 3.455859919365301 -2.2659345942723736 -2.8568487659632535 -1.4898451230963299 0.7876992489763328 -3.214209989330506 55 84 51 24 
-1.522849369076103 3.751825404474448 -2.795213908918875 -2.940363579898188 -1.5809494287979216 0.989871155845393 -3.7475899820714096 113 82 25 51 
-1.7250786582771445 3.027554941349452 -1.6539107177664742 -2.6915445981545156 -1.3805549151949994 0.562379228601097 -2.6291750806777774 29 85 55 4 
-1.7185759295374736 3.276923768243187 -1.982489688617204 -2.7968247012237666 -1.4374280220652496 0.6783624207802565 -2.9224300784966246 54 87 52 6 
-1.5840772250722062 2.3494772940284827 -0.4051482252137063 -2.545788841264265 -1.2143507745693436 0.0658485450433795 -1.4835274163019352 89 28 9 57 
-1.4713368643914038 2.1475659086028815 -0.026675474700219668 -2.514442338945559 -1.2133724484720854 -0.06860829116402514 -1.2131862506630864 58 119 56 7 
-1.3971616112166831 1.9280542924451998 0.3405811969311273 -2.492390449907379 -1.2328101993982594 -0.2209662204929948 -0.9475906414705288 8 91 152 57 
-0.7916007550610088 0.044918830154891516 1.8916119245691305 -2.2071498842512245 -2.243390022563131 -0.7258025165146668 0.3796438892656647 63 120 33 15 
-0.8408411493109551 0.922248286490365 1.2694175294772112 -2.2703135964926076 -1.7082001839397387 -0.6412905347614413 -0.17233073591468837 93 121 31 13 
-2.0047390621935772 -0.4378166426593103 2.98978891175181 -2.1852221814420605 -3.061257540665971 -0.5518093273530263 1.0730767893003565 95 36 16 62 
-2.2417661771629 -0.4135864298498281 3.1527041994961156 -2.2223566112185043 -3.347983174672656 -0.5362799044556283 1.2556799092501028 34 66 96 61 
-1.0189330129539318 -0.1869268782614327 2.179343013081073 -2.1808634607168074 -2.4965445798487877 -0.8316689961463909 0.6116392046246972 32 94 124 59 
-2.5769266304830807 -0.34339984777087185 3.34244333630751 -2.2227737408289077 -3.914452469558204 -0.39181272215789065 1.6061397835410465 128 66 37 65 
-2.9643045835187696 -0.24315798030668145 3.6135782160839014 -2.2177808202856366 -4.178172514070132 -0.19665513686913486 1.7566215359643338 98 126 64 38 
-2.4786860832408686 -0.36698551169044 3.303966982695314 -2.243107320973897 -3.6366085715507963 -0.5000591465968339 1.439874253935088 64 97 62 35 
-2.35206029913953 0.7470043224822588 2.158165453726124 -2.1974244905244253 -4.4095355893876365 0.2787531976543193 1.8457374666927184 98 38 99 
-2.6422425877957534 1.0797302526348076 1.5391151783112886 -2.0485009690082676 -4.613157299914622 0.8090283969290762 1.9831623316321312 73 99 69 
-2.679615193012328 1.1051618327845116 1.509717927955272 -2.0233933322583018 -4.645446314184789 1.1092828398241728 1.8900950776594034 70 68 
-2.8351610115647383 0.9919134247606246 1.066778477371377 -2.0842563255414386 -4.669423769506493 1.3530055697619598 2.112323982146608 39 40 73 69 
-2.652286168766308 0.614403756039248 1.5149345030436148 -2.038473393570739 -4.370638907685427 1.132677435187498 2.6592152145029493 74 72 41 45 
-2.626316067840052 0.589449122039379 1.5336293147434665 -2.055424084284999 -4.553096508930741 0.8105447533840169 2.4248084663297558 71 100 99 73 
-2.773907660458212 0.9048525735744775 1.1687437879434377 -2.085429525930678 -4.6149280887730315 1.0905584390065102 2.2727476768965946 41 72 68 70 
-2.619639356233615 0.4613840764143038 1.6120173091158745 -2.039394888394309 -4.30718660059661 0.8284738338436466 2.8273221643472195 71 44 101 100 
-3.0633527238711014 -0.1395001902338845 1.6290552315012108 -1.95296555641465 -3.1893899789046753 0.804450887308138 3.2629953730207015 48 105 76 47 
-2.9655297575347093 -0.10556403198044968 1.6235212098019525 -1.9657062189717647 -3.530703357849012 0.7014105620913064 3.353502610772177 108 103 77 75 
-3.022671575793109 0.10296968566793137 1.5086423633457466 -1.970133807156688 -3.6175302454839353 0.9893497218853865 3.193740545358543 76 78 43 47 
-2.79380980734929 0.18477506431419286 1.5735827883975537 -1.9984915177576092 -3.953432345592074 0.7938311955591175 3.1521600219864534 103 101 44 77 
-2.944332590418945 -0.36692091271577393 1.7488422546957003 -1.9617481814018247 -2.8055802475494627 0.5716939383585291 3.1792971084889188 110 105 48 
-1.37891429535963 3.7587214642138633 -3.107277929651106 -2.8398908253041375 -1.6867141246067168 1.2063717218905343 -4.196343859930318 82 112 50 49 
-1.8591604414906904 3.928226070655572 -2.9444561697073315 -3.0838193673087004 -1.494554655522372 1.260576037970206 -4.452488766804378 50 112 145 
-1.4333650368761677 3.747603728269496 -2.9809809326478782 -2.872988851125855 -1.6295964848428028 1.093057136817965 -3.983286829882606 114 80 26 53 
-2.090183534422306 3.600367002121221 -2.4782963423438935 -2.9975997336467373 -1.2720973465681626 0.8774314850450501 -3.5115268898863397 147 113 51 84 
-2.147857506604419 3.431075034493128 -2.2310167063996764 -2.9522546293507084 -1.2210866533296578 0.7951118588932261 -3.2332545425459287 118 83 52 87 
-2.2160580253396227 3.0073837683026254 -1.617474209016874 -2.835178958479864 -1.1070849608795723 0.6075508461967642 -2.64278332453828 115 87 54 86 
-2.2370157566551088 2.8065369973213805 -1.320305720584043 -2.7911942952886752 -1.0538312202612905 0.4967708344098881 -2.3459758701575226 90 116 85 29 
-2.1911215174510823 3.2404002130189533 -1.9496737496306322 -2.9010584780532467 -1.1642254820127889 0.7063166798729248 -2.9401822641701445 55 85 117 84 
-2.2450304559498786 2.4172898377062317 -0.769047359329041 -2.6899856611434996 -0.9662754579843655 0.24991959423421928 -1.7623729278390483 151 90 28 89 
-2.241021413998868 2.22781884164804 -0.49108973710618287 -2.6425488410009863 -0.9495324995697545 0.11246634235406539 -1.4797938169812608 119 189 88 56 
-2.245684089888469 2.6139349644428638 -1.0464527163582495 -2.7430681187448207 -1.0055454712072815 0.3765824664435506 -2.0520120567403013 27 88 150 86 
-1.4264712266577217 1.7609471251728672 0.636937685720259 -2.504384648325574 -1.2785812856992012 -0.3932974507627091 -0.6939509556349263 92 188 58 30 
-1.5290146404667124 1.5336235979908495 0.8820934326953138 -2.450877922011418 -1.3672529497233858 -0.5744853921994328 -0.4488690542090473 31 121 191 91 
-0.9076018677196563 0.5965999070787699 1.6017563202286307 -2.2456017276947278 -1.8722119748786947 -0.8157732191619086 0.06424235628010007 120 153 60 33 
-1.325980270233658 -0.3560262339312682 2.4815692686845847 -2.158297147896876 -2.7740644621609665 -0.8942814049778296 0.851205594054124 95 122 63 36 
-1.982698553556172 -0.5494957208196375 3.0220472770182845 -2.2084657262483542 -3.0755458606788255 -0.8984446883474112 1.0851920034938194 61 96 123 94 
-2.2083051827647977 -0.5765983033652745 3.1920959511465763 -2.251164677720723 -3.3978195059518628 -0.8469034055753666 1.3174072444978415 125 95 62 97 
-2.402954881103792 -0.587267274863767 3.345211406798654 -2.2849625508189444 -3.608959601652094 -0.8511477665392171 1.4922658297196074 156 125 96 66 
-2.3725187928129388 0.6080469478737541 2.2955571345209367 -2.152701743493854 -4.408715884916801 0.019828721628763892 1.9640350507613888 132 127 65 67 
-2.4539366671722838 0.7145474521491461 1.9673045670150129 -2.0950943589362088 -4.574532499409926 0.5207953495434848 2.1097353994921333 68 72 132 67 
-2.5768169759245705 0.44979070070145116 1.6478940573106677 -2.059298235929581 -4.483348960776696 0.5151369004701793 2.5656847909610123 102 132 72 74 
-2.575338711161763 0.2682458742772951 1.7186380322982877 -2.039792807183013 -4.231472037929712 0.5111434973522857 2.9794888428600688 104 102 74 78 
-2.5157733567865908 0.25972241846049265 1.7801801116537723 -2.0604211879261527 -4.40034324471158 0.21386974949169613 2.69615128048423 101 134 133 100 
-2.7410918373610396 -0.008219593357752807 1.6756702874988505 -1.9952840210315321 -3.8619224880678833 0.4845091266275423 3.313393279769617 76 109 104 78 
-2.536508438185449 0.0867939526164854 1.8000910079707773 -2.0367296777828074 -4.133617859775114 0.1927394064321597 3.123661927890554 135 134 101 103 
-2.955005571733376 -0.3599420465233613 1.760735003495054 -1.9474825176312558 -3.077668671579788 0.5705515001593942 3.3895202588104594 106 108 75 79 
-2.8641956460653333 -0.4920930354134662 1.843757861551854 -1.9396632253695598 -2.9239344681990866 0.3713612864798856 3.4978447078675923 143 107 105 110 
-2.8018945524810794 -0.43889164451037194 1.8216444564714875 -1.951061357922554 -3.2379064773590787 0.2272010503359555 3.6356021709477124 106 139 137 108 
-2.8722901531285716 -0.31934125187330925 1.7477914326871393 -1.9599088898780184 -3.407895168119476 0.44242280429230535 3.5020561393317826 109 76 105 107 
-2.6674172608247764 -0.19789619500320782 1.7780855737219408 -1.9904352840276793 -3.7307962220926623 0.2038433679750971 3.4714937491418056 108 137 135 103 
-2.8506746458445225 -0.5041113879597169 1.8332625120714658 -1.9547316594633035 -2.677405998659846 0.383677226836727 3.2851912242696364 111 106 79 
-2.6699307442648315 -0.7341467674803992 1.98964717270502 -1.9317516055865498 -2.494067988413822 0.1928330253183131 3.3779469030673264 141 143 110 
-1.8780084388996179 3.925778889293578 -2.9629580869541874 -3.0767922469710305 -1.4255671245148056 1.1428532347847178 -4.242319140489706 114 149 81 80 
-2.026298532429449 3.7927056981910297 -2.7390959195967066 -3.064511094554768 -1.319994994622465 0.9587855154978024 -3.7710826556089496 83 146 114 53 
-1.9433415755340842 3.8770853281885755 -2.896537891291725 -3.068875358516215 -1.371272723534387 1.0456339105203674 -4.015118479288253 112 82 113 148 
-2.876206918475807 2.6749306151002528 -1.680290034342114 -2.93566109899162 -0.8647494662156527 0.7461726833011952 -2.618755528505729 185 117 85 116 
-2.8706573294050446 2.4376475898865793 -1.4017742200141203 -2.8736653953276154 -0.8085221512958398 0.6440123659357155 -2.3172230271037986 150 187 115 86 
-2.875587690137072 2.917260054247763 -1.981746381103561 -2.9983954259754144 -0.9241448975885844 0.8318639812558861 -2.918317427415148 184 118 87 115 
-2.8553678068472412 3.124789615275091 -2.244216588433394 -3.0459743704178837 -0.9803850606366573 0.9073127692117768 -3.2141467779552473 84 117 186 147 
-2.242242986259272 2.0147741757332103 -0.1849383244858158 -2.5942045606351676 -0.9600266755639778 -0.03799641071289451 -1.2050783861605987 152 190 89 57 
-1.008895081372312 0.3430545893052491 1.8428898370917017 -2.210632466107782 -2.075137958081958 -0.9782932730046472 0.31751021338462393 59 124 154 93 
-1.6671230193528035 1.342008879420996 1.0910558767011136 -2.4137907806581147 -1.4843454849523279 -0.7572859266419526 -0.20024947486855954 230 92 60 153 
-1.3799911048062614 -0.18204462261224977 2.423003629834546 -2.1509574616023546 -2.6161276080569866 -1.2268047047630464 0.8953148730766289 94 123 193 124 
-1.9715549697566375 -0.570326614760934 3.069101247258004 -2.2496429474863233 -2.9659093942148043 -1.221496606499354 1.1601748812603934 125 157 122 95 
-1.1652957846487975 0.07572357993242082 2.111638487663629 -2.170003951165501 -2.328029227728727 -1.1159520822116753 0.595222331521178 192 120 63 122 
-2.202661020310359 -0.6086536922523864 3.230030400914514 -2.2806056195387288 -3.3502389566667565 -1.0988114343113613 1.386913421960938 123 96 97 155 
-2.469885019244194 0.5014059610795558 2.6131665077356128 -2.118282552441621 -4.1816209913823625 -0.4420262182184583 1.8567567374031393 130 128 65 127 
-2.3409874595333133 0.4227287040206679 2.4048600888345435 -2.14418160856346 -4.367957102695236 -0.23197514060029353 2.071917954601637 133 131 126 98 
-2.3167574524122947 0.41533347999079623 2.4917666757403123 -2.149423595993655 -3.9289168412596687 -0.7087393527293004 1.7228296464829835 126 129 156 64 
-2.3380483410609645 0.2737481001658123 2.642541347215343 -2.107418218660497 -3.8701371215481486 -1.0048304982742238 1.8657999134738854 159 160 128 130 
-2.460808024429538 0.39181846167637807 2.7392110678710897 -2.1134982042125245 -4.133805585681261 -0.6911657502680777 1.967019193077481 131 158 129 126 
-2.310944405977527 0.27731680287744204 2.4952790818264057 -2.1339666043166985 -4.303036563140669 -0.46843018568317535 2.155869590231453 127 164 161 130 
-2.397042349320192 0.5925195260086218 2.0826298004930712 -2.1217973088177535 -4.524054941061647 0.2443799871880884 2.2529774452301066 100 133 98 99 
-2.338720393088165 0.3976441720899233 2.22900173096206 -2.1326073625521054 -4.447539362692498 -0.03223534131451902 2.370871817431903 102 164 127 132 
-2.4676422644221585 0.09457591927023559 1.8669300519089143 -2.0600073238179437 -4.301285321081131 -0.09756493431749161 2.8112145689761086 104 136 164 102 
-2.4873019481292555 -0.07826605310516066 1.873038318463215 -2.030551100808596 -4.002206442356013 -0.1111535314265787 3.271898531310151 109 138 136 104 
-2.420603499405048 -0.051847558938737 1.9277581426672952 -2.056537973566624 -4.1769676514718155 -0.42964069681768147 2.8989785499770977 134 135 166 165 
-2.6292976257190714 -0.2815036354692852 1.8212919219153756 -1.9842531695945531 -3.5582835568664914 -0.03916572343492957 3.6252303629638662 140 138 109 107 
-2.4798602970632304 -0.12549157813347064 1.8835522122117245 -2.0245610258452245 -3.832683715393828 -0.3863999262485477 3.4339666995049707 166 135 137 167 
-2.628230876311796 -0.6571772188857856 1.9651893181993978 -1.9290511930462713 -3.024930601199045 0.04735595276532611 3.755636382399186 144 140 107 143 
-2.486229115480987 -0.4793817959792968 1.9432724702835815 -1.9601994985044695 -3.3442531726381675 -0.23680764679062438 3.776840852425279 169 167 137 139 
-2.3349326789425278 -1.0670365018622794 2.205799030484449 -1.9602201657812706 -2.279995352745158 0.022783047756116656 3.4549276790762122 111 142 
-2.3199900935573874 -1.0272782351680212 2.194698379349095 -1.9476660681490061 -2.4816431068602913 0.037661008819180164 3.6755328086188475 174 144 143 141 
-2.67360310786576 -0.7136583970129595 1.9899737296766453 -1.9213120189950852 -2.7237964105224513 0.19568066526557965 3.590709408264212 139 106 111 142 
-2.2974963894203886 -0.9849796874182817 2.186693754567117 -1.9390009010380553 -2.7675899376349573 -0.09402135657609975 3.8600971227354552 169 139 142 171 
-2.6888596303700036 3.7689705342975572 -2.9789841306984814 -3.198458822288276 -1.1961492489541965 1.3114140423132834 -4.458428951808379 149 179 81 
-2.791254855634991 3.515714771706363 -2.725183105961548 -3.1422589384499444 -1.071956815260368 1.04935449736825 -3.7608538494162613 147 180 148 113 
-2.822185779437006 3.3153002101641764 -2.4779338884569384 -3.088466316029506 -1.028995443871962 0.9785201463292768 -3.496654778978569 118 181 146 83 
-2.749831381596032 3.6414256651408112 -2.8493587296248255 -3.176693214373314 -1.1156228571822557 1.122538143586807 -4.008803103067509 182 149 114 146 
-2.7117618791819296 3.7270593513598427 -2.913465141083034 -3.2019002713403086 -1.159743249096021 1.2045288850365157 -4.241215521622889 148 183 145 112 
-2.8669521824591104 2.2307943366212504 -1.1844840956773004 -2.8146313518325177 -0.7599765084033041 0.5270693783484486 -2.0152378115216774 225 116 90 151 
-2.85677260062364 2.027433724399344 -0.9715542023279956 -2.7495017674221764 -0.7242644743814408 0.40039675231657545 -1.7151065989072414 88 189 226 150 
-2.2676025038476793 1.796593333632109 0.09089597568003396 -2.5475576039356986 -0.9855560935692148 -0.20070023122450625 -0.9350848815302777 188 227 119 58 
-1.803918844115903 1.1032241246035595 1.2867375363880924 -2.32761109322835 -1.61635388323702 -0.9378929264166644 0.05940169495661424 154 228 121 93 
-1.9286425546315573 0.9190044019003067 1.4657879252848707 -2.271046497816606 -1.781450037976097 -1.1098804430777074 0.3350066888039705 192 229 153 120 
-2.156762746656688 0.29249634280703896 2.3197441150083216 -2.1412188949452235 -3.2555590826782033 -1.3134360959276599 1.4771646894629467 194 157 125 156 
-2.0748593935326025 0.28834547445032943 2.31319842909176 -2.184649658901406 -3.615037281062873 -1.0434127062559857 1.6137572517974392 97 128 160 155 
-2.171159602579885 0.30687094637099405 2.2800315477503226 -2.1291002077843544 -2.8490356003433286 -1.4744367047338962 1.3266345250695215 195 200 123 155 
-2.464436031129672 0.3037357110718622 2.850904685128163 -2.0952361558907886 -4.06294318144768 -0.9248727763771822 2.0897990695818627 161 163 159 130 
-2.347518917973745 0.1674519449314918 2.775717523622465 -2.0783527981029564 -3.8189710388992952 -1.2355753315712124 2.05536815458055 208 197 129 158 
-2.096074601446466 0.12855374949074436 2.5220579076518286 -2.1454938007992657 -3.553708345498413 -1.3045310173520286 1.7765595755115526 156 129 197 194 
-2.2777925887776274 0.09618157221835358 2.6388106787149286 -2.112351359947209 -4.228959532483355 -0.6772403937232744 2.210314206384923 131 165 162 158 
-2.2209348034349667 0.05758752879461525 2.386299006365642 -2.140373230631019 -4.152445818918754 -0.8328074565796024 2.3336898797794996 165 205 163 161 
-2.4574055817294385 0.32956957949711213 2.7131239785703807 -2.090801308749792 -4.013360684948612 -1.0812994615932567 2.2346161537952014 205 208 158 162 
-2.292110161390737 0.25509573893344456 2.3156291187855333 -2.139526592311678 -4.3575494829652275 -0.3069312331823498 2.4560811686076223 133 134 165 131 
-2.253023677281138 0.0996328311048399 2.3827798314749007 -2.1268337746139783 -4.255921722492284 -0.587124356493159 2.486333071976367 161 164 136 162 
-2.4141269338640305 -0.06444575551983558 1.919800062465681 -2.0627052658897216 -4.012133755297818 -0.7308910572395886 3.040398829490539 168 205 136 138 
-2.3682644762581 -0.2996054482088842 1.9837272262331773 -1.994802878801139 -3.620860569214195 -0.6084318044191456 3.6103441798566 140 170 168 138 
-2.3132932713998127 -0.2189206760725888 2.0166940984029464 -2.029060306365037 -3.806885166555418 -0.9600159205081842 3.260884880197065 207 204 166 167 
-2.1799603963843595 -0.81200297734643 2.15589993944478 -1.9572064850963755 -3.0840959503578427 -0.37111738616666584 3.9189090852971518 170 140 144 172 
-2.0837704848336664 -0.6371923372444084 2.1890377310401155 -1.9718911507144283 -3.363804990369093 -0.7431247671638801 3.801466301814311 173 207 167 169 
-2.074019638288106 -1.1658427690598487 2.315567406711041 -1.9704533796953863 -2.4788577855011225 -0.19476221804502578 3.9408782985971023 174 176 172 144 
-1.9863877820945854 -0.9929225160330237 2.2658411929915014 -1.9847475552565996 -2.7889860978712284 -0.44797980449530594 4.040228897306918 169 171 178 173 
-1.9222697029809557 -0.8073134518811864 2.2770878354221042 -1.9878197270210893 -3.0623289410577024 -0.7996880164096385 3.9911807276308005 211 209 170 172 
-2.06467268164845 -1.1855563224234376 2.3022275835029475 -1.9935812236974984 -2.200795176716962 -0.10522201449221738 3.746629019354672 171 142 175 
-1.8494095792203726 -1.3219920771975509 2.3928560269853767 -2.0375981074732383 -1.9413387989393636 -0.21633730827131592 3.7829624382465887 176 174 
-1.8650806698031672 -1.3083063553092686 2.432173632159351 -1.9949062804276925 -2.187978071126549 -0.26637537128795313 3.996247040847056 177 178 171 175 
-1.5969416283201603 -1.4402872456236577 2.5894918847427113 -2.0038120429897615 -1.9058243844211658 -0.3222375875716074 4.036109996346626 214 176 
-1.7894043175431418 -1.1372427365101667 2.362144551994847 -2.01479638382941 -2.468378043151239 -0.4825705999130464 4.137877371441888 214 211 172 176 
-3.2723797343415777 3.20091638404246 -3.0021757769903363 -3.13549876567757 -0.9636477106609922 1.486125951802989 -4.384936896194615 145 183 
-3.362098791830713 3.003778558996639 -2.7926633733076147 -3.160674772610887 -0.8823432405818109 1.2546520753940937 -3.7223192019372737 223 182 146 181 
-3.3676851845163847 2.8293028790485297 -2.55768685099715 -3.1359964746754407 -0.8437088747079892 1.1856205804360644 -3.462009831148967 186 221 180 147 
-3.3372754369026376 3.105995102148219 -2.8955492225629778 -3.1691167481122156 -0.917625543972244 1.32173570394876 -3.96748097990994 224 183 148 180 
-3.292353495292852 3.129296317400369 -2.8917217288139936 -3.15075487905818 -0.9481995731434575 1.3936202198422016 -4.190743442488866 182 220 179 149 
-3.3405656900533858 2.477193537900773 -2.0841492091888045 -3.0660303279409917 -0.7406143825354303 1.038083156124062 -2.883746007447957 254 186 117 185 
-3.282275113303644 2.2668135623483527 -1.808030084416082 -2.9932633745988952 -0.6790292385260562 0.9537408753092234 -2.5774494870520326 187 255 184 115 
-3.3623915126012207 2.659077286121176 -2.3342045812790855 -3.105736979968328 -0.797023011607494 1.1142509096735793 -3.182218553778881 222 181 118 184 
-3.2087242680527868 2.056491681953448 -1.5292644010470127 -2.9128787031717485 -0.6199973094548471 0.8578938052946526 -2.265566114893204 185 116 225 256 
-2.313897772897984 1.6317905790853022 0.29190799810694124 -2.5212532881978076 -1.0301685016438784 -0.37155305505626923 -0.6666659129281954 191 258 152 91 
-2.851824280150679 1.8241720663042102 -0.7536137285426369 -2.6869448921121655 -0.7124842905236319 0.26073119031363545 -1.420714830017559 190 257 151 89 
-2.8510096209227522 1.604088450969882 -0.49818677224757923 -2.626197986457827 -0.7262342867184691 0.10710358173850829 -1.1341870995710375 227 260 189 119 
-2.369519384174827 1.48776224333365 0.48259793972425746 -2.504767161678965 -1.104750247547738 -0.5464008858374264 -0.39959666734557353 188 92 230 259 
-2.0502168395473626 0.7589518010369096 1.6472329032703485 -2.2239816032864423 -1.984736500025988 -1.2716810995559356 0.6306526278708036 154 124 193 233 
-2.176828787549611 0.5934677209810447 1.87397385483669 -2.1795335768272257 -2.2052691480215403 -1.4239191563189029 0.9507119075127265 200 231 192 122 
-2.177881832585913 0.16083310725681912 2.536985948216181 -2.126677048615041 -3.2095545377892485 -1.5105979113941506 1.6685336254320755 196 195 155 160 
-2.219798719504808 0.1941810442512876 2.5082064333780765 -2.1262063557931414 -2.8088912839707367 -1.659428141453407 1.5870432535814534 194 198 199 157 
-2.212451083249821 0.058373402332124465 2.7194981540922747 -2.102437789209348 -3.1945064988065255 -1.6792213177048598 1.939345453103486 203 198 194 197 
-2.119637855994304 -0.0004044123829484724 2.6972943768736544 -2.1039250322138714 -3.538127181827833 -1.4898441439311696 2.0177976567843237 159 206 196 160 
-2.2888810716071255 0.11026471238914813 2.699868217700103 -2.114073931622549 -2.7796412143203533 -1.8104816514799256 1.8900613885019375 195 196 235 234 
-2.402851209263191 0.26164369385378083 2.4654883795246416 -2.148774235101263 -2.3298919663051696 -1.7312843399822166 1.5810472395080528 200 195 234 265 
-2.3231203585814564 0.36141868061663207 2.2624956689287794 -2.148192032855868 -2.323696443460464 -1.581190367898735 1.268707641852193 232 193 157 199 
-1.994289450747731 -0.31476815022411403 2.36937117953193 -2.0434405447497923 -3.6258446395703787 -1.416350884282762 3.094939927067264 207 210 202 204 
-2.14581714416215 -0.029090731226749912 2.594098117421286 -2.0670178892719266 -3.4724815218636547 -1.7113766601154874 2.776117391953265 201 240 237 206 
-2.23172381198041 0.05053870301878299 2.73234719873785 -2.0907007562383515 -3.170892758645373 -1.8248140102308334 2.270765913978197 196 206 237 235 
-2.2319527386060956 0.04874956588086028 2.1866553288993975 -2.1346738359729307 -3.859029311974992 -1.2443309171401287 2.7806739720112996 168 201 208 205 
-2.3054167832870447 0.1991866963942022 2.1415599431926973 -2.1745526024023 -4.037462980744596 -1.0130951466086648 2.554680490945624 162 166 204 163 
-2.139755425667311 -0.04127956548585035 2.6868223751689095 -2.0593161796156974 -3.549103498783667 -1.6135315003260022 2.3551621427252525 197 208 202 203 
-2.0332572892115945 -0.5535459274840564 2.2361493913476105 -1.987031958448742 -3.5559514309282423 -1.1055670449500488 3.5173293591825883 170 209 201 168 
-2.3437234685819672 0.1610800866925773 2.708323778320802 -2.0632335863166134 -3.8242644364312453 -1.3527824076215291 2.3407509957520967 163 204 206 159 
-1.8905767699512601 -0.6998387985728975 2.3161224606474238 -1.9914603388387921 -3.250734771540512 -1.1688814255308344 3.7917130831055452 173 212 210 207 
-1.8953062462801573 -0.42385823771611586 2.42724192994505 -2.0263101085465327 -3.332642548548882 -1.5024206997902427 3.4836037647731066 213 240 201 209 
-1.7459963339676823 -0.9502534751232528 2.354592887687885 -2.012404697415614 -2.7221747156351985 -0.8075119308269203 4.154279246040437 178 215 212 173 
-1.7280024077483191 -0.8212209957567654 2.385651349207568 -2.006930418708771 -2.9044292509746708 -1.17238686940439 4.038731612119242 211 216 213 209 
-1.760703564044522 -0.5177485179904083 2.478520489402998 -2.0261758285759646 -2.986722401029622 -1.5092759683906374 3.8321329029800903 212 243 242 210 
-1.5289709884946954 -1.266052699205557 2.473781239202001 -2.0503214439258066 -2.1366965228541797 -0.4935663439172228 4.212575940554555 177 217 215 178 
-1.5099544221980499 -1.08667578345684 2.4443504925660218 -2.0473553820123813 -2.364463220123527 -0.7856421417230997 4.285236041155555 216 211 214 218 
-1.5140837036973125 -0.933658332340917 2.4621293272383498 -2.0325135157454284 -2.53218025433052 -1.1236792209353732 4.245740109823003 245 243 212 215 
-1.2665745616251614 -1.3519837684207168 2.5781811904839427 -2.079394053400493 -1.8075211534986215 -0.508445104757133 4.269881600696651 218 214 219 
-1.249483534147858 -1.1940775205251482 2.5399394811379215 -2.080366191011818 -2.0105543198498195 -0.7544736141326047 4.386437223255815 248 245 215 217 
-0.923448464533683 -1.474713333328417 2.7171330105310285 -2.124397697840315 -1.4954266180278126 -0.5135847507780351 4.32918739686317 248 217 
-3.5667433507790856 2.456229757453382 -2.8988382227510803 -3.0598576626124907 -0.8313105589053649 1.6616608232722934 -4.122416912990539 183 224 
-3.7024069735007012 2.210950739566135 -2.6786678023770065 -3.1496372836034916 -0.747601383594049 1.4496395256015546 -3.4194052388696994 284 223 181 222 
-3.692604253361222 2.023843352408008 -2.472018548067087 -3.1353052372427572 -0.6988381273169729 1.3745985304429151 -3.1333405009702875 254 282 221 186 
-3.6543054057497613 2.3934530016424533 -2.898252040612135 -3.1115837184049697 -0.7857517087125717 1.5199546916752869 -3.686515509522777 221 253 224 180 
-3.6068746697721688 2.481394470483882 -2.9791188607263317 -3.0778037963423808 -0.8138465837909061 1.5895402292484175 -3.92835216462042 220 182 223 
-3.1492184994896824 1.8895401644820746 -1.3251106976948954 -2.8426816362040275 -0.5732576808656867 0.7483861941337281 -1.9491766949957112 150 226 285 187 
-3.103537324817509 1.7397083554573114 -1.1469401100046186 -2.779014803972344 -0.544911693339124 0.6265814568630694 -1.6335423053126192 309 225 151 257 
-2.861820066445131 1.4138401175473656 -0.2636918306424509 -2.584387824236996 -0.7672270163063099 -0.05175421618721662 -0.8524272312886388 258 286 190 152 
-2.445142059416023 1.1236530858158464 0.8928878426913037 -2.379839728496227 -1.3140245449791303 -0.902349869855408 0.14272738318868952 153 229 263 230 
-2.487512454015509 0.9602961924964265 1.1105113040005576 -2.325393667810614 -1.4403903212868476 -1.0788751288467726 0.42595385527036694 233 261 228 154 
-2.41354238472266 1.313416040841977 0.6843008333165232 -2.4545026884449817 -1.2016620161569644 -0.7242152762097738 -0.13146300398546526 264 191 121 228 
-2.6020436924904398 0.6389314703301662 1.6496637658459556 -2.231298780133904 -1.6946967739148306 -1.402895964939395 1.0248626342750156 293 233 193 232 
-2.697761269622412 0.38613055332652096 2.1244975594908166 -2.1919407496347088 -1.7854189617693819 -1.5363342293694053 1.3350281483261084 200 265 292 231 
-2.534962643921865 0.813064305902599 1.334844341675227 -2.277715620566049 -1.5735864806663407 -1.2488695978481417 0.720626973834118 262 229 192 231 
-2.4872945112747415 0.1777434563566868 2.652270709491708 -2.1450950663843313 -2.3174189258992137 -1.8474568873078872 1.9094987577714309 236 267 199 198 
-2.3395375400055984 0.10938522612731666 2.7341633848494054 -2.112866990291492 -2.7404998861852095 -1.9342578942413722 2.22719021502662 236 198 203 238 
-2.5592040177572124 0.15624417720415545 2.7084596443999454 -2.1460986312995343 -2.2849221205900583 -1.9314346194908265 2.2480882626157106 266 268 234 235 
-2.241227332296162 0.07677028502320908 2.6708890286449827 -2.1059912020904266 -3.1159834841189538 -1.9334574402568938 2.654192414178206 239 238 203 202 
-2.3800871526519254 0.13460344400507127 2.708933508935706 -2.1279410499995746 -2.683233541378959 -2.0224995082733397 2.5933705169518104 269 266 235 237 
-2.185202901400706 0.05967584198174822 2.7850371754778402 -2.0983464627129362 -2.976405548660841 -1.9878627100749982 3.056027816934125 240 241 269 237 
-2.0517630047913857 -0.07630565857235501 2.664302365139969 -2.0645266727327565 -3.249633155223492 -1.7820979154572991 3.210279776276871 210 242 239 202 
-2.097672397598006 0.08526166803788819 2.873666492388115 -2.1254420690846625 -2.733910959955106 -1.9770650941331667 3.450881184501129 272 271 239 242 
-1.919795666427331 -0.10822629626648471 2.69659222101244 -2.0872282039997816 -2.935936247217995 -1.7817820053186786 3.612217344328816 213 244 241 240 
-1.5830359197339248 -0.603303018910658 2.528223949762526 -2.038087770967249 -2.6092574914096014 -1.4448131597108111 4.12394482890371 244 213 216 246 
-1.775803550423697 -0.16118875265368546 2.7048835831565006 -2.096088711224878 -2.5804912792305723 -1.7148746689326604 3.9611423777532493 247 272 242 243 
-1.2638837007949963 -1.0308183091353247 2.551098642677786 -2.05556737958621 -2.1564076350131787 -1.0454696360195495 4.4082457540021895 218 249 246 216 
-1.3481905293737235 -0.6874102946444202 2.5918410133877696 -2.0518215888211944 -2.2297675570429303 -1.341056566068823 4.349633768185195 243 245 250 247 
-1.559731240009527 -0.2237311312245949 2.7394994720573376 -2.0939879821119964 -2.2143456925722145 -1.597286998161043 4.242515894055372 246 274 273 244 
-0.919296581645234 -1.2799653450767727 2.6696130287472353 -2.108476794617078 -1.6650341830007371 -0.7037051155932559 4.477254390985032 219 251 249 218 
-0.9425739180156827 -1.1110685159529234 2.659265859877575 -2.0879740585324176 -1.7950996601054192 -0.9546224877409615 4.540363203995701 252 250 245 248 
-1.0404635570789282 -0.7641860766812978 2.668233040292155 -2.0780704940478634 -1.866388502846199 -1.218727121420918 4.5284578078883335 246 249 278 274 
-0.479288479686694 -1.313537435434376 2.870939624450225 -2.128797370974461 -1.330852131809067 -0.639651525062957 4.568700219048245 248 280 252 
-0.49773476173587533 -1.166746958666211 2.8493930405606713 -2.114211114145354 -1.4613993041686906 -0.8572984401550805 4.660265094122949 251 276 278 249 
-3.7154250356049126 1.9043601568944546 -2.9833698543912472 -3.042301783111778 -0.7864263572122604 1.8063439281729383 -3.617888189155117 284 223 
-3.647359023020826 1.8252095230047587 -2.238535922184878 -3.0943673704421157 -0.6421836407134286 1.2943399124656043 -2.828997005359991 283 222 184 255 
-3.5646032870695685 1.626429453174361 -1.9923993776435414 -3.023821723831567 -0.5841710237812521 1.2073869530516812 -2.514249603428402 254 185 256 307 
-3.4551163658191855 1.42301942956254 -1.7054441576922672 -2.9389192055845954 -0.5315232229488562 1.1144903993316233 -2.192682855778127 187 285 308 255 
-3.05978623453224 1.5789318172108562 -0.9297453550512392 -2.7123409160929755 -0.5377610780851756 0.4945445920381946 -1.3228510162690261 260 310 226 189 
-2.896277636691105 1.2870073278889793 -0.08463474040928476 -2.5775105632859785 -0.8206725285451484 -0.21072217877569815 -0.5689575522582132 188 259 287 227 
-2.9213801318293355 1.1671578388836938 0.09331909658817415 -2.557047768745051 -0.8759241703568741 -0.3773181695569998 -0.28449829644662505 288 258 191 264 
-3.0238501771210973 1.3999354598152407 -0.6622552884974025 -2.6482649838509986 -0.5529087777281092 0.35167577579011255 -1.0206097829351077 311 257 190 286 
-2.989015842378384 0.7602404726407638 0.7407468863336607 -2.413185551611496 -1.1481043579417114 -0.8911807969221139 0.5696971817096723 262 318 263 229 
-3.01524809998761 0.6201404090713494 0.9977658488958694 -2.3499401728347538 -1.2418913424749256 -1.0506836442235388 0.8632407798130999 293 317 261 233 
-2.962191857120747 0.9070335114121665 0.5004112425671116 -2.4726469670570563 -1.0503949815014566 -0.7208736801132728 0.2820504795500301 313 264 228 261 
-2.9413895401802668 1.0442390281055376 0.28979229547476354 -2.52319128602036 -0.9525422923780065 -0.5492679515633326 -0.0014618123592574604 312 259 230 263 
-2.764425591318735 0.267006263101443 2.3583795481249807 -2.192348593995786 -1.8425874411516978 -1.6489378587250196 1.6514359434894166 199 267 291 232 
-2.6184806272399115 0.15105676555428615 2.7276765620758576 -2.1514078414742053 -2.232216998231009 -1.9813162076622348 2.5957057739427927 238 270 294 236 
-2.8327409487748247 0.1685902919083425 2.5662484806937393 -2.193779800103683 -1.869513119998448 -1.7376258651162133 1.9748878878938971 268 289 265 234 
-2.892361660264055 0.11941832601728535 2.6629448719264586 -2.195794273040018 -1.8698797333717043 -1.7978402796692925 2.303403518583448 236 294 290 267 
-2.3823677597467676 0.12882670062887985 2.8727663653555937 -2.118803426004023 -2.575104531255726 -2.062953472258875 2.9755036417339515 238 239 271 270 
-2.661390146466208 0.11467498818714207 2.9402248224020093 -2.127517971686887 -2.1492771471572065 -1.9914380888405105 2.9498596594374002 269 297 295 266 
-2.3617984967876278 0.16376319319061466 3.0354935180898024 -2.1341819589877087 -2.3986775149745334 -2.040108471703497 3.3537931844210203 299 297 269 241 
-2.0126391857577293 0.11080760582539294 2.9183667136677216 -2.148253301608812 -2.4270558902417494 -1.8991072272851999 3.812964468337754 273 299 241 244 
-1.878873273757123 0.16013316574186315 2.9867608852207406 -2.1718541323912186 -2.0903873103221904 -1.7686312755144367 4.123180401546422 247 275 300 272 
-1.273945424499327 -0.28402639616562925 2.7713945921396284 -2.106374021550889 -1.8576891496373347 -1.4506772631693394 4.470329199591254 250 279 275 247 
-1.7169158047220983 0.2558891056614157 3.0450786511936085 -2.2226575618349087 -1.7576807026033099 -1.6077828778529082 4.3842944597254565 301 327 273 274 
-0.12795859554725952 -1.1481176873666568 3.0706732463984308 -2.1033394950204656 -1.1672964345857333 -0.7561004837388771 4.779482679064465 252 280 281 277 
-0.2193255130871174 -0.8311785249822967 3.033156526985443 -2.085119443554126 -1.223288863241589 -0.959007115151125 4.841163557772421 303 278 276 305 
-0.5901569896788459 -0.8342390379587279 2.8290894145245127 -2.098601900358278 -1.5275135532199218 -1.0889832158339818 4.685154099212372 250 252 277 279 
-0.811178297528236 -0.357087162943619 2.876721227114506 -2.1122072650698382 -1.525065596251441 -1.2940459286878496 4.6659726634915835 274 278 303 301 
-0.09158176972944967 -1.3492714502546095 3.098291953922181 -2.1388849639361713 -1.0362942367287147 -0.5825148858442603 4.6423979894612195 276 251 
0.10859520554290329 -0.9997508605248604 3.2491799544821194 -2.061810930388152 -0.9157498613109011 -0.6560565816364978 4.916706674359872 305 276 
-3.7264640925625137 1.5877888124603436 -2.5882967126469882 -3.087179604752718 -0.7096983069813179 1.6423111694828676 -3.06613260292516 284 222 283 
-3.6546707438632158 1.3223814720516769 -2.365443025379579 -3.039957882094543 -0.659971017286577 1.5600183789536355 -2.7523965303503997 307 332 282 254 
-3.766007722336618 1.7689729007027426 -2.787830618597049 -3.1093645229223927 -0.7549860030776006 1.7287350737666047 -3.362412650893519 282 253 221 
-3.359350677995467 1.2803582332116865 -1.5238624598666672 -2.8567534776056407 -0.49180614760157504 1.0149452705404962 -1.864771381833007 309 335 256 225 
-3.0111660891142753 1.2387508521838484 -0.4176821236175652 -2.605142894617085 -0.5960992020553395 0.20175972289903274 -0.7258957676020402 287 339 260 227 
-3.0204800677152464 1.1164191205742688 -0.23482832720750543 -2.5823591593935054 -0.6515076471837619 0.04993407152016506 -0.4303449327279387 337 286 258 288 
-3.0374670256053786 0.9971906884522959 -0.054678326465013125 -2.557102779718206 -0.7051169997494271 -0.10884882959867358 -0.13260178279111623 338 287 259 312 
-3.21071286691462 0.010507945054036105 2.436689944750896 -2.2524421617297983 -1.520148108152835 -1.4990562176861812 2.0666840392676598 319 291 267 290 
-3.257380546860053 -0.0605711064041103 2.595496175933281 -2.256520984940712 -1.5443879648873249 -1.5418552251116535 2.377323162918973 320 341 289 268 
-3.1569299174795185 0.12181945380172492 2.180501509486597 -2.2485972538426147 -1.4727757913578081 -1.421554444594561 1.7591284138000072 315 292 265 289 
-3.115580484172505 0.25266640972544946 1.9005594357434157 -2.2591114804076797 -1.4075017967232437 -1.316781913343313 1.4572765411402675 291 314 293 232 
-3.0633706730264434 0.4515206446675475 1.3791303122957226 -2.29026235662364 -1.3302435932676648 -1.192268306640992 1.1593713822981795 316 262 231 292 
-2.942567916434643 0.08692047483291607 2.738793846483846 -2.197142609316108 -1.8385521169084265 -1.8185520430017585 2.634215598158981 295 320 268 266 
-2.9837446844938924 0.034016632828072706 2.994175243025031 -2.1773082244014206 -1.7806155277529736 -1.8005432723106036 2.9642133133081643 296 321 294 270 
-3.0076825333687136 0.003056603791187896 3.3105449301843124 -2.1646820665723783 -1.6926650066236784 -1.738395251936796 3.2839033452243527 323 322 295 297 
-2.6868975268385724 0.1104419583403094 3.1878350620428453 -2.1191255798533177 -2.022981604361596 -1.9499549462504357 3.2982723770774487 270 271 298 296 
-2.7053689621758332 0.14443644396549904 3.3898974893583205 -2.1371683782013653 -1.847825252631755 -1.8500387121039599 3.6260390639748854 299 325 323 297 
-2.34216991361464 0.21832319810105782 3.156608092286043 -2.159167961656996 -2.1576473657311004 -1.949116351323156 3.703836394183554 272 300 298 271 
-2.2991330499231446 0.3018307345845725 3.3429014565014787 -2.1760710628378686 -1.8767079636846837 -1.8043936576190602 4.0129469709129335 327 325 299 273 
-1.4311441959965885 0.48246496067873246 3.1849134796024594 -2.316411158835977 -1.4440130169361232 -1.4299177260049296 4.607225684108105 279 302 328 275 
-1.2343111252413885 0.7617370258909 3.2952421266398035 -2.4635099807655347 -1.1543147717477467 -1.2466070462681438 4.812215178576713 329 347 301 303 
-0.4285153292379891 -0.3658524235175849 3.0245793207314726 -2.1095073116756176 -1.223543480848863 -1.137489906377831 4.855286766747254 277 304 302 279 
-0.20901644489129867 -0.2249259400070318 3.172272892772487 -2.105458331416696 -0.9585631543668036 -0.9879445858750228 5.0572985644522035 330 329 303 305 
0.002230698268909204 -0.7074660185481997 3.244114110582111 -2.016324797437825 -0.9568392511243142 -0.8272419241949746 5.014166524337165 277 281 306 304 
0.1862983023890504 -0.06492900225972548 3.620206517065219 -1.9368830084407984 -0.7321191180640245 -0.6877595482364384 5.2159072801695325 331 330 305 
-3.533104250679152 1.0918887307141698 -2.132246221255344 -2.956246928898437 -0.610331295838953 1.474147309618707 -2.4360747379745336 308 333 283 255 
-3.3981708560476545 0.8986684036022007 -1.8592403604038663 -2.8697994169239887 -0.5657693525024685 1.3850055804441874 -2.1137985809095214 335 334 307 256 
-3.2820551162856484 1.1728453302094581 -1.3819258570829773 -2.783467820676074 -0.4692147935499297 0.9075013771674637 -1.5354685231580187 226 310 336 285 
-3.2192712828860004 1.0634868992878117 -1.178663285741786 -2.71884815342119 -0.4633735819402906 0.792652767067224 -1.2089493041238581 309 257 311 358 
-3.166402421590581 0.9362979842058322 -0.9141474646150274 -2.6552583961095086 -0.47452376947184965 0.6682102138341742 -0.8888896773706874 339 356 310 260 
-3.062237351238602 0.8733714318975859 0.13449692526906631 -2.5261446595886112 -0.776042367936522 -0.27214805495582794 0.16284105684304673 340 288 264 313 
-3.093399247532251 0.7433561033168599 0.341413641035618 -2.486886593455036 -0.8655657592220498 -0.4346115303069058 0.45222951251757526 263 318 363 312 
-3.346529253198137 0.04612010533414134 1.6989232210961467 -2.299834815076468 -1.201268433018503 -1.0092831718117588 1.593532556073291 316 292 315 360 
-3.4057766642471945 -0.106062697229205 1.9910656789330372 -2.2914233307121 -1.2714853753672577 -1.1099512873793906 1.8805050333124327 319 366 314 291 
-3.260973840127056 0.3009265399747203 1.2305754435744454 -2.3515671960119575 -1.1209384384304522 -0.884251605550429 1.30933567787587 359 317 293 314 
-3.177036484986085 0.47299217620313794 0.8523154163107445 -2.391318326351602 -1.03557649948759 -0.7452938725694338 1.025068085589365 361 318 262 316 
-3.1321948436810287 0.6038502685417285 0.5895813835448974 -2.438446162474332 -0.9521986498939679 -0.5945731084485018 0.7387834508957608 313 261 317 362 
-3.464851178989067 -0.24325568695688782 2.2876883614161754 -2.293511054606086 -1.3269109035686033 -1.1806684739623843 2.1714886064405152 341 364 315 289 
-3.2943225801727225 -0.11614633728266253 2.7432507065982934 -2.2538950668361144 -1.5403892729690176 -1.5478502680515773 2.687832387902779 321 342 290 294 
-3.3162463606068724 -0.1824655663635061 3.049803968733227 -2.23301012391826 -1.513439578091128 -1.5163826393815099 2.9959594503987255 343 320 295 322 
-3.304745882062125 -0.23190722039963682 3.4379088092938046 -2.2083514443815573 -1.4677996162625204 -1.4506434830298276 3.295523119870972 296 344 367 321 
-3.008267966799039 0.00048817443415419655 3.569944304677047 -2.159975664171276 -1.5735445232051273 -1.6305281302884465 3.583573178174567 324 344 296 298 
-2.9590301855406267 0.025493601175526823 3.9093187146633475 -2.1440815079935858 -1.436882059083796 -1.4857693234931626 3.854911048852344 346 369 323 325 
-2.688761415983675 0.18257375321357436 3.686231375006156 -2.1259087178744314 -1.6375925792838761 -1.6975865035818902 3.9196577454314143 324 298 300 326 
-2.630168905557397 0.24436098100535308 4.034187137126721 -2.109704105872536 -1.412412223684056 -1.503479563547641 4.174740524568531 327 345 346 325 
-2.2436200238300037 0.4094858642109852 3.5944449564136987 -2.179470594826262 -1.5894759200943418 -1.6253769789016808 4.279786078203532 275 328 326 300 
-2.1638877541860566 0.5298960596799699 4.055011796733231 -2.1339247047365677 -1.312497830187473 -1.4279618586611451 4.508952636379608 327 301 347 345 
-1.1156939163454984 0.9870871482657825 3.4767744135030987 -2.5219153658915445 -0.8895315840343712 -1.0799876270961524 5.015689930649453 372 302 304 348 
0.03271365620339498 0.3542485987365683 3.514340645475317 -2.1590209735595867 -0.713144531851434 -0.8494173914282341 5.270050585692652 348 304 306 350 
0.325871695947166 0.37355033803903664 3.9706938834084387 -1.9258999596516047 -0.5465851808211419 -0.5513934071367336 5.4588453963221255 350 306 351 
-3.5916218748387445 0.9626530742916106 -2.4387149965382036 -3.009734206502639 -0.7811327739175682 1.7961630193269817 -2.6840721537538297 283 333 
-3.438033888673652 0.7641495356843565 -2.200087027756938 -2.914311473093164 -0.7368335504267135 1.7162760688440897 -2.3696940163068145 332 307 334 
-3.3091822901840677 0.5635373519262596 -1.9293103833043577 -2.8569288548948713 -0.6912810354952191 1.638103135568345 -2.0537366396748666 353 352 333 308 
-3.3187410928086876 0.7955189510711762 -1.6769210512027195 -2.8189317860042693 -0.5306613761824351 1.298313157500612 -1.7815788823490526 285 336 353 308 
-3.2622043417636335 0.7312809282136978 -1.522927992200276 -2.77550574268922 -0.5073626421316939 1.2138466314879433 -1.4426756349988825 358 354 335 309 
-3.138463794033285 0.7168281342889921 -0.49328469466790814 -2.5875084434690425 -0.5512703879894013 0.38813584128580325 -0.2648818559057158 379 339 287 338 
-3.14954885918083 0.6147547397650353 -0.3226171541629039 -2.563563844983564 -0.616144329039993 0.228288772310499 0.0402465729928566 340 386 337 288 
-3.1400352008915893 0.8130783446619586 -0.6672964024426138 -2.611295097021588 -0.5037836536988429 0.5340911126053125 -0.5750424385197235 286 337 357 311 
-3.1726677638363805 0.5007645189743275 -0.14221991822575875 -2.5356583058997453 -0.6958859094348923 0.06158989675931705 0.33884750686341014 363 385 338 312 
-3.506588076123125 -0.34025481621654063 2.5064485782113444 -2.2946552482775346 -1.3651133617204043 -1.2222782611953813 2.462756137356909 342 365 319 290 
-3.529225189289713 -0.41714386161630573 2.7278129548883054 -2.283289396440452 -1.389964170600234 -1.2395552671853656 2.750506408841821 320 343 388 341 
-3.522142732264882 -0.4805917393686187 3.085011410038425 -2.2547277011089757 -1.4015749784104314 -1.2270536126832552 3.0339430098978517 367 389 342 321 
-3.249969338607972 -0.2546445388689498 3.7327587553385624 -2.1701404006945384 -1.4076088085507497 -1.357820859556457 3.575481478711276 369 368 322 323 
-2.4564647616026614 0.35982718494195304 4.465517600366964 -2.0853305663907005 -1.1942094153923253 -1.2988920206773469 4.397546806291894 371 370 326 328 
-2.8180737972822363 0.09988839547608692 4.251939675536525 -2.1113793691203733 -1.287604663710959 -1.3047354503021575 4.096036945829282 392 324 326 370 
-2.056477744057973 0.6635841568306451 4.456307247543329 -2.1330460883409685 -1.0517321218663316 -1.2314974785873498 4.709640872711572 302 372 371 328 
-0.9244423411923691 1.1854430652455334 3.9283132693007055 -2.408355234375192 -0.6183942506917846 -0.9404924669720097 5.209653038945605 330 373 393 329 
0.24942059656560123 0.9248061863999218 4.241553219904933 -2.062050701347276 -0.2617995052723836 -0.5814040278427021 5.728618608547309 394 350 351 374 
0.1811833595730804 0.6643162516323509 3.9156142691772184 -2.0895560435006733 -0.48142008867803093 -0.7160098998498735 5.492336821416775 330 331 349 373 
0.4534309970912079 0.636511213526149 4.275027951658954 -1.9062674514534128 -0.39277191915408183 -0.41909373812630896 5.714135239259183 349 331 
-3.0594811401979425 0.12586484025523567 -1.973920945114741 -2.8172611483521663 -0.8889379408815794 1.8492946447614353 -2.0199849278456252 334 355 
-3.2393068297510617 0.476437029444352 -1.743819084454934 -2.8221010051862674 -0.6556511977901528 1.570105357999612 -1.7265458573346506 355 334 335 354 
-3.1865751536188136 0.43014174676851025 -1.5756668530611126 -2.7830559962202726 -0.6343724320632972 1.510869923436744 -1.3849171358715084 336 377 376 353 
-2.96283943274824 0.05986298348465629 -1.7688852928648198 -2.766335409308174 -0.8542980958523623 1.7994754576159466 -1.714467910340707 376 352 353 
-3.1521110364558376 0.590422062771147 -1.0623088640791194 -2.6572913135663487 -0.5087676735224289 1.0309629139747334 -0.7566602664652093 380 358 311 357 
-3.120930775866135 0.5029530060086778 -0.8156341111996114 -2.608450484663774 -0.5356263790352983 0.9081242480747436 -0.4203945320346316 379 381 356 339 
-3.205972868541277 0.6695662817969403 -1.321717261039406 -2.7210490345771943 -0.4992261558346463 1.1279968768613677 -1.099438986871998 356 377 336 310 
-3.394116688140407 -0.12671072578643097 0.9480156275623289 -2.353709933567559 -1.065558839835557 -0.556408967267172 1.4576263171744244 387 361 316 360 
-3.483464044028783 -0.3557713830980201 1.4047308158434175 -2.310208259805958 -1.1514200379572515 -0.6815580556609464 1.728585540235608 366 407 359 314 
-3.315221756887311 0.06553178828063386 0.585226366756328 -2.407546162536102 -0.9742968904103066 -0.41649501181617543 1.1863874121820397 383 362 317 359 
-3.259115988801884 0.21464001626396267 0.32030432254171964 -2.453877297753614 -0.8798332570599628 -0.2649639078354661 0.9106799813890967 361 382 363 318 
-3.2078907638621943 0.3705241541768396 0.06175847261899859 -2.5001878523912793 -0.7855310758329704 -0.10458673101322033 0.6286426965345391 384 340 313 362 
-3.5793603250889303 -0.6657572519327702 2.099641435290568 -2.2733783685685776 -1.2992371714181665 -0.8654511167665776 2.275534360430508 406 366 319 365 
-3.6051498057249862 -0.7680499457631332 2.3903234034059873 -2.2644761522534766 -1.3586985806071041 -0.9283003325448425 2.547791981035671 388 408 364 341 
-3.5360235798288575 -0.5177285119303532 1.739373001854982 -2.288961206789945 -1.2296888943999376 -0.7849544147067458 2.001485926459217 405 360 315 364 
-3.4482233241795046 -0.48706559531959837 3.5268881519338953 -2.2141196090064006 -1.4007737398221556 -1.1841269043517542 3.313569017089664 391 343 322 368 
-3.325208464883032 -0.45848025348191324 3.7998472512026513 -2.1445381299524144 -1.386976655914199 -1.1196756725917314 3.587873122745058 390 367 344 
-3.1557394982826663 -0.22640855191723336 4.103725838397445 -2.144621363612249 -1.3381154236850736 -1.2384241567474756 3.827763851030266 324 392 390 344 
-2.5382317310272327 0.28472321808088447 4.582104090422905 -2.0828046372534885 -1.129438548384937 -1.1123114567445735 4.3071540842377445 410 346 345 
-2.214684685030524 0.5238880224723953 4.749343745721937 -2.083425536983289 -0.9779201174638421 -1.113652583239467 4.588365390083499 347 411 410 345 
-1.8616467183125056 0.7927457500824093 4.731961655652888 -2.1173153651288623 -0.7920766050656367 -1.0588405022277865 4.8873848985587305 393 411 347 329 
-0.7713559343113162 1.3219083673810264 4.630371370958921 -2.2027091858745753 -0.3361164399882521 -0.8012141141368752 5.3933194250134875 394 412 348 350 
0.17438473934427765 1.269442836324524 4.78762027209587 -1.9979080665133269 -0.06282007791178004 -0.44446265497552184 5.978417746520408 395 413 349 
-2.792062727518113 -0.14673299314007113 -1.5596766095031867 -2.745422949332629 -1.1191133093644667 1.952167053283324 -1.4627639477031966 376 397 
-2.8952315925811822 -0.014961383822227616 -1.5801777466822364 -2.7410237455138393 -0.8409303146874171 1.7642484168565848 -1.3861952610936334 378 375 355 354 
-3.135274403159304 0.3980692260303023 -1.3720899402586115 -2.728542601047775 -0.6349833824647677 1.4589164003657908 -1.025025860310381 358 380 378 354 
-2.842689698493988 -0.052794883492337616 -1.3665954233497297 -2.6978806772362005 -0.8535801663772455 1.742209691800751 -1.0337354898110054 399 397 376 377 
-3.1151874784375577 0.431244391278662 -0.6533006742860124 -2.5825654460145246 -0.581918937311948 0.7548761153609737 -0.09411659057313723 337 386 402 357 
-3.0934442669665483 0.3632379760105829 -1.1221998380983598 -2.667219111653189 -0.6668513144752124 1.405100493919811 -0.6400715743362103 399 377 356 381 
-3.067448781644281 0.3073687375265277 -0.8984992272817778 -2.6189843600836333 -0.6973548305643813 1.2842310220089324 -0.26209704236670817 402 419 380 357 
-3.2459595144006044 -0.05022372441367623 0.1610866783739207 -2.4590539737470016 -0.9321714228645818 0.05430612256944108 1.0747294001236654 404 384 362 383 
-3.3077677773911702 -0.19845145747488568 0.4299810385215363 -2.4166266945697172 -1.033837792160144 -0.10899028046383882 1.338801798511621 387 427 382 361 
-3.1863115781350135 0.10970892029033585 -0.10842410959415077 -2.5012613551513887 -0.8307044887186141 0.22646033508749006 0.8011560196611888 403 385 363 382 
-3.147237223811328 0.23751136976695056 -0.31453778809274163 -2.533002152611113 -0.7348176544031779 0.40438959007246383 0.5167637305470514 401 386 340 384 
-3.123807560164856 0.34378850749540907 -0.49095835826023454 -2.5586544152582453 -0.6497728876071274 0.5826466789791027 0.2188362031764701 338 385 400 379 
-3.391019204295195 -0.3797888062223136 0.792224741356138 -2.3664769360235494 -1.1329219044672176 -0.25856761677927487 1.5961321263092056 359 407 428 383 
-3.6065078718204835 -0.848171734816073 2.6926467044268345 -2.2398644402568615 -1.4059791307334635 -0.9705764300058334 2.8154267175152925 409 365 342 389 
-3.5796441975838924 -0.9106398204701259 3.085601345118693 -2.2023805509523435 -1.440130061156033 -0.9892311431089267 3.075839569649469 391 434 388 343 
-3.253205438191847 -0.3921473386817144 4.194483589736808 -2.1652746854593654 -1.3597766532058624 -1.036968181837164 3.829243943826948 369 368 
-3.464353006583136 -0.9020626711843732 3.5944353650572634 -2.134888148450707 -1.4614913901556557 -0.9834044734255667 3.3280979569523796 389 367 
-2.9948660807725576 -0.11586211680250807 4.460077465661995 -2.1309872961803666 -1.2574260248915379 -1.0970174585089745 4.048843793773262 369 346 
-1.6432095052426936 0.8967937907762614 4.9356416869544875 -2.0737003152171654 -0.5204875221750476 -0.90782242128962 5.046278475755461 412 435 372 348 
-0.7438555230663889 1.3691321663663085 5.000480443649884 -2.1289952602606386 -0.05654263221456753 -0.6369501101187335 5.582148679607267 413 437 373 349 
0.1012656663182538 1.4888892355865622 5.176543876691923 -1.994386091752663 0.06415069366225416 -0.31023647398050713 6.248365177466814 414 374 396 
0.040185735904432564 1.6182290817785692 5.534926451639497 -1.957388911546487 0.12187245792751487 -0.20934453691908228 6.521999015810861 415 395 
-2.750546338690213 -0.150466634865141 -1.3453092796975268 -2.6925564428180397 -1.138685037732597 1.9512815910709191 -1.1466825022871523 375 378 398 
-2.7829604938576002 -0.11322494295082543 -1.0845755399584365 -2.653007697161706 -1.1929492158575878 1.9701318440290496 -0.8311913372599484 397 399 416 
-2.8373439238568112 -0.051965938387455765 -1.1037138667164825 -2.65372537052116 -0.9140982751633248 1.7382854214348813 -0.6599399497191234 378 380 418 398 
-3.0628334113232154 0.16731507803154314 -0.5924992922277318 -2.56136504153892 -0.7930033293361888 0.8989620846219153 0.3977348786614633 386 401 424 402 
-3.0855841009165013 0.06811819519754046 -0.4171067858258781 -2.5341854311907954 -0.8809086544610356 0.7036989210809752 0.6907186702879115 403 422 400 385 
-3.057277353326161 0.24733344024784423 -0.7503518963093405 -2.5887482327392397 -0.7284042914372584 1.0950237082547922 0.08149352539516377 425 381 379 400 
-3.129966879883755 -0.054072389169562786 -0.20779531813275556 -2.5050965924125586 -0.9826226730097656 0.5114711150253157 0.9650166564350282 423 401 384 404 
-3.1980214115442878 -0.20825562831979316 0.07185264827792244 -2.4647668374993565 -1.0916747625902243 0.3261406092746717 1.225430620230973 403 382 427 429 
-3.535092539944363 -0.7129924315270504 1.6229195221685635 -2.292126844346416 -1.3189302407101258 -0.5092302526871784 2.10675467988095 432 407 366 406 
-3.563052845811468 -0.8343323796635573 2.0210758643417615 -2.2550662749147175 -1.4022251663432233 -0.610739093176997 2.3645861605946332 408 430 405 364 
-3.488012253530436 -0.5771012471401661 1.2567680633689133 -2.3259612679640114 -1.228377355511024 -0.39179112204014327 1.8508982055770113 433 387 360 405 
-3.6155180286692996 -0.9079025589237536 2.3381346895530544 -2.2710812000111598 -1.4711374117612643 -0.6975281333842547 2.6190357232899175 409 431 406 365 
-3.630263387689149 -0.9415365815269645 2.672125998462312 -2.2593185833733123 -1.5242954143119039 -0.7695260110892433 2.8718916137219335 434 408 388 
-2.270773276831884 0.49420642880808924 4.833448623976567 -2.0995381022596717 -0.955049241791168 -0.94577783925472 4.476080374702224 370 371 
-1.9165821061736779 0.7197112082593986 4.858839666591889 -2.0786851331051985 -0.7401682629723929 -0.9476857106871157 4.745437865123787 435 371 372 
-1.1660159069799294 1.1148519998282427 5.322945060658377 -2.018275599072555 -0.23653774873072886 -0.7492430522109219 5.194125090434447 373 437 436 393 
-0.6255800703117804 1.4506682494454652 5.315069836516027 -2.0842385247041744 0.2121485677931694 -0.4447411828150454 5.786755428363403 414 438 394 374 
-0.5343201387939853 1.5347926312409808 5.542992366913564 -2.065549382321862 0.38908430812012273 -0.25122390840094333 6.106271985413342 415 449 413 395 
-0.6260540452330657 1.617208000807603 5.906787175519486 -2.0899318426552314 0.4131175508161316 -0.11630741984581766 6.504997161119783 451 414 396 
-2.9213752217970272 -0.018384909826458056 -0.7087384374352422 -2.640114335400312 -1.3355746193962208 2.029386482874542 -0.5766593392995512 417 398 418 
-3.0076942343864252 0.024635197013265435 -0.5942548711044658 -2.660544724870246 -1.5127854769146483 2.103847199047048 -0.37522160745942124 421 416 
-2.9659398642286248 0.03520202691346852 -0.7378841581910955 -2.640967396116521 -1.085832387254122 1.8159003693908125 -0.3253402620016764 416 399 419 421 
-3.0754766521386414 0.24513248177088265 -0.9308839152719482 -2.659498080088009 -0.9586969871590629 1.5719251869263473 -0.039159848565651044 381 425 420 418 
-3.1962302851484763 0.30908808217221045 -0.8744434129338058 -2.7100269841476528 -1.261342043805976 1.748505545254443 0.21550177143454585 426 421 419 
-3.068459588947219 0.08303239421850872 -0.643825599823614 -2.673794941601986 -1.3457270819435359 1.9491824120312946 -0.062002538629727474 420 417 418 
-3.0401143571359683 0.008547588789356363 -0.4489632559938643 -2.5256378073260106 -1.1177877106347471 0.9287390287077311 0.8544661928972525 439 424 401 423 
-3.0977753161664747 -0.11457370597369139 -0.2451777361872431 -2.5100784874727315 -1.2242114902942043 0.7212580572912284 1.1077506990703547 403 429 440 422 
-3.026575483375819 0.1033729927579286 -0.6247059899695623 -2.562439352225728 -1.027996724208212 1.1426497694225 0.5804285316984861 441 425 400 422 
-3.033988503164585 0.17953932053613103 -0.7849232434665184 -2.6038625124330466 -0.9658598330043596 1.356713121599785 0.2816868546722526 426 419 402 424 
-3.1492201673768623 0.23570410741704065 -0.754828030139594 -2.661937076494639 -1.2595433689758981 1.5339577236681379 0.48031209710233647 441 420 425 
-3.2655304216083114 -0.34719827486098853 0.34719204170311346 -2.422635890218734 -1.2022606198647283 0.1490517414078959 1.4753540205243607 428 444 404 383 
-3.3591198805918943 -0.5167967022839657 0.7122289605529961 -2.3772735438036268 -1.3082973012104757 -0.017634450520412653 1.7170140264141265 433 442 427 387 
-3.182380654535677 -0.2512433889721117 0.048429925921113115 -2.471888840738601 -1.3429310087889315 0.5188427310397905 1.3501548085393154 444 423 404 
-3.5504804709147995 -0.8733300263909217 2.0016873367473376 -2.248743553567538 -1.6017213201142586 -0.436975074917231 2.430383242162897 432 406 431 
-3.633871846262983 -0.9705888172275391 2.3089139485734167 -2.2974409684158417 -1.671388995841072 -0.5562329993087078 2.6656965069619876 408 430 
-3.534006964420524 -0.7750060572490157 1.5857398119442794 -2.30453032170811 -1.5053666552177145 -0.30479508382800957 2.184836792439992 433 405 430 
-3.479127276022784 -0.6938646896802042 1.183214959057635 -2.3494120022875484 -1.4088296995257399 -0.1682332716480889 1.9514130183624436 443 428 407 432 
-3.637538857797108 -1.0113598957157472 3.0728683039276072 -2.255918283966761 -1.5591152695526358 -0.8051224820922231 3.1190645796101264 409 389 
-1.6614423164742 0.8871290471423156 4.953569311669887 -2.0746637081197896 -0.4866735438103276 -0.78067222140601 4.869912366236535 411 393 436 
-1.1768580212624788 1.112650271528097 5.313703635745494 -2.0209704583991854 -0.2196832587235074 -0.5958479236891085 4.972955904235307 445 435 412 
-1.021687655228871 1.1897572108570995 5.475463304069349 -2.017883834717431 0.05063007864926642 -0.5647532182134649 5.329231296294545 438 445 412 394 
-0.8123672223844841 1.3418599809752099 5.596449789944325 -2.0389514476297537 0.33358879428233823 -0.3453696444648763 5.444054243595661 448 446 437 413 
-3.097557675590527 0.05837021868922932 -0.42978208346761737 -2.5440941780497903 -1.4328693781110604 1.0815730168476887 0.9912375823406239 440 441 422 
-3.142098450985374 -0.07853199522371598 -0.22908796208151952 -2.525102057205148 -1.542238230182954 0.8587724857545538 1.2070870300479344 439 423 
-3.091456273985242 0.16616558931455375 -0.5939044416534897 -2.5765099890118237 -1.3361056058651801 1.3156087400964362 0.7463141382526031 426 424 439 
-3.347747732578537 -0.564856246540651 0.6827177748131513 -2.389599690175126 -1.582092201392433 0.13949124578379704 1.8025098089964189 444 428 443 
-3.4777644533185623 -0.7733387299168872 1.1309197251711975 -2.3832371751182135 -1.6772267946326598 -0.03469821850010025 2.01061131676477 442 433 
-3.2565979022180778 -0.38421123794666534 0.3264687089201246 -2.432026408341081 -1.4717113864734837 0.32779501977367786 1.5803370683582365 429 427 442 
-1.0305427546841561 1.2040667445259778 5.440590896827735 -2.0335198188781285 0.04421706181278111 -0.3977876458550529 5.0518162864296325 446 436 437 
-0.8300511150656044 1.3899455776039114 5.519604188761849 -2.0867096514984405 0.27699992191185924 -0.18126408982975112 5.083780549249286 447 445 438 
-0.9360856194010321 1.2785266987081536 5.545815443464387 -2.0630662404105515 0.4809806889818427 0.037186810032164896 5.085447992351224 446 448 
-0.9291271013610778 1.2546778292197418 5.609254021606314 -2.0415348409965355 0.5928965069742996 -0.08662857482735462 5.466066426187292 449 447 438 
-0.9082319474983016 1.26969340660761 5.88598514012341 -2.024933414203618 0.6742818260898473 -0.03618919730550405 5.916504885353712 448 414 450 
-0.9273386165280388 1.2848139751888383 5.882004206432616 -2.049574361735589 0.7483650105138251 0.2221345228997325 6.2732716022608175 451 449 
-1.1376389990994884 1.1869984405784828 6.17008650758128 -2.12150229089985 0.6172809527804725 0.15618493398067568 6.554584959402069 450 415 
