-8.408653333333333535e-01 -8.854340000000000543e-01 -1.106001333333333170e+00
-9.145936666666667492e-01 -7.660709999999998354e-01 -1.154401999999999928e+00
-5.042266666666666008e-01 -7.490276666666666472e-01 -1.257857999999999921e+00
-5.752819999999999601e-01 -7.193200000000000705e-01 -1.262892333333333283e+00
-7.572873333333333123e-01 -8.027166666666666339e-01 -1.175031666666666696e+00
-7.597749999999999782e-01 -7.401750000000001384e-01 -1.211129666666666660e+00
-3.968286666666666629e-01 -6.074743333333333384e-01 -1.354843333333333177e+00
-8.175896666666666590e-01 -6.903710000000001790e-01 -1.226442333333333190e+00
-9.501420000000000421e-01 -6.326886666666666770e-01 -1.223566000000000153e+00
-7.125393333333333024e-01 -6.526610000000000467e-01 -1.273932000000000064e+00
-6.833089999999999442e-01 -5.384579999999999922e-01 -1.345797666666666670e+00
1.943193333333333161e-01 -7.583366666666666589e-01 -1.287096333333333398e+00
-9.843333333333370572e-04 -5.159526666666666150e-01 -1.430027666666666697e+00
-5.335643333333331961e-01 -6.066316666666665691e-01 -1.335371333333333466e+00
-1.632053333333333411e-01 -7.250703333333333722e-01 -1.308479333333333328e+00
-5.434660000000000046e-01 -5.309843333333333915e-01 -1.376319999999999766e+00
-3.382366666666666855e-01 -6.592900000000000427e-01 -1.332254999999999967e+00
-1.716783333333333494e-01 -3.676690000000000236e-01 -1.503148999999999846e+00
-6.122299999999999964e-02 -3.024383333333333090e-01 -1.539020999999999972e+00
-2.926063333333333571e-01 -4.386149999999999771e-01 -1.458064333333333407e+00
-4.625076666666665948e-01 -6.412810000000001009e-01 -1.326654333333333158e+00
9.280733333333333890e-02 -6.502426666666667465e-01 -1.353924000000000127e+00
-1.153316666666666795e-01 -6.648560000000000025e-01 -1.345113666666666541e+00
-7.836530000000000440e-01 -6.355586666666667162e-01 -1.267166999999999932e+00
1.125506666666666739e-01 -7.316706666666666914e-01 -1.306767999999999930e+00
-3.955953333333333544e-01 -5.324926666666666142e-01 -1.396784333333333405e+00
-9.780200000000000005e-02 -3.604160000000000141e-01 -1.509877666666666451e+00
-2.031030000000000335e-01 -4.291676666666666695e-01 -1.469960000000000155e+00
-6.410200000000000620e-02 -4.658059999999999978e-01 -1.456403666666666652e+00
8.057499999999999385e-02 -4.908026666666666649e-01 -1.442646333333333253e+00
4.501066666666666410e-02 -1.853383333333333549e-01 -1.593113333333333381e+00
-1.479636666666666878e-01 -4.806926666666666570e-01 -1.445665666666666738e+00
-1.092303333333333321e-01 -5.890693333333333337e-01 -1.388232999999999828e+00
-4.272366666666666674e-02 -6.950253333333332728e-01 -1.329649333333333461e+00
2.447946666666666882e-01 -6.348509999999999431e-01 -1.354338666666666802e+00
-1.686176666666666657e-01 -5.441006666666666769e-01 -1.410318333333333340e+00
-2.486770000000000092e-01 -5.601213333333333599e-01 -1.396308666666666864e+00
-2.545866666666666764e-02 -5.758079999999999865e-01 -1.397204333333333492e+00
1.463766666666666688e-02 -6.327693333333334058e-01 -1.365485999999999978e+00
8.244233333333332581e-02 -5.148900000000000005e-02 -1.648733999999999922e+00
3.148506666666666676e-01 -6.034979999999999789e-01 -1.365701999999999972e+00
1.587923333333333131e-01 -6.045263333333333877e-01 -1.376995333333333349e+00
7.517899999999999583e-02 -2.573446666666666660e-01 -1.559783666666666901e+00
2.104833333333333556e-02 -3.110050000000000314e-01 -1.535273333333333268e+00
9.355299999999999727e-02 -4.109676666666666756e-01 -1.484142666666666832e+00
4.147040000000000171e-01 -9.466843333333332389e-01 -1.159089999999999954e+00
1.522526666666666750e-01 -5.303066666666667039e-01 -1.418489000000000111e+00
-6.295083333333333364e-01 -7.541590000000000238e-01 -1.231951999999999936e+00
-5.046293333333333742e-01 -1.027514666666666798e+00 -1.107647000000000048e+00
-6.612183333333333524e-01 -6.155599999999999961e-01 -1.306521999999999961e+00
-8.985699999999999799e-01 -5.735086666666666666e-01 -1.273309999999999942e+00
-3.737876666666666292e-01 -7.249416666666667064e-01 -1.290168999999999899e+00
-2.746633333333333218e-02 -7.706176666666667563e-01 -1.286450333333333473e+00
-4.255683333333333263e-01 -1.017567333333333268e+00 -1.124214333333333427e+00
-3.340593333333333192e-01 -3.856553333333332945e-01 -1.481709666666666481e+00
4.283426666666667049e-01 -1.017997666666666579e+00 -1.122777666666666674e+00
-8.325879999999999947e-01 -8.213946666666666063e-01 -1.144702333333333266e+00
3.704273333333333862e-01 -8.009426666666668027e-01 -1.245725666666666731e+00
-5.271376666666666155e-01 -1.073126000000000024e+00 -1.085725000000000051e+00
3.076180000000000025e-01 -8.547753333333334425e-01 -1.222415000000000029e+00
2.179390000000000216e-01 -8.351666666666665018e-01 -1.241575333333333253e+00
4.796293333333332964e-01 -8.936449999999999116e-01 -1.177419666666666531e+00
4.963833333333333292e-02 -7.897896666666666121e-01 -1.275131000000000014e+00
1.123701999999999979e+00 -8.564640000000000031e-01 -1.006569000000000047e+00
8.421083333333333476e-01 -9.206649999999999556e-01 -1.076040666666666645e+00
9.140260000000001162e-01 -9.425946666666665807e-01 -1.040538666666666723e+00
-4.711759999999999837e-01 -4.906520000000000326e-01 -1.409543999999999686e+00
3.315316666666666134e-01 -9.264483333333334292e-01 -1.180656333333333308e+00
-5.927029999999999799e-01 -6.456366666666667475e-01 -1.302513666666666792e+00
3.470073333333333898e-01 -7.302306666666668056e-01 -1.289385333333333383e+00
-2.260390000000000177e-01 -7.140590000000001103e-01 -1.310806666666666453e+00
-3.175263333333333549e-01 -5.061606666666667032e-01 -1.419760333333333291e+00
2.489043333333333108e-01 -1.149801000000000073e+00 -1.097078999999999915e+00
-2.681540000000000035e-01 -6.382689999999999753e-01 -1.350744333333333325e+00
7.788723333333332777e-01 -9.666003333333333947e-01 -1.070749333333333331e+00
-8.971076666666667476e-01 -6.975890000000001256e-01 -1.200044000000000111e+00
2.117099999999999538e-02 -1.014945666666666746e+00 -1.155482666666666658e+00
2.605783333333333562e-01 -7.072333333333333805e-01 -1.311595666666666604e+00
1.599513333333333343e-01 -8.953029999999998489e-01 -1.212003333333333321e+00
-4.536499999999999561e-02 -4.070280000000000009e-01 -1.487426666666666675e+00
-1.013036666666666669e-01 -2.414336666666666853e-01 -1.566538666666666524e+00
4.592663333333333320e-01 -8.195763333333333511e-01 -1.222296666666666587e+00
5.604956666666666143e-01 -9.117433333333332390e-01 -1.152641333333333407e+00
7.097360000000000335e-01 -9.448026666666667905e-01 -1.100746000000000002e+00
-6.145573333333332888e-01 -8.278853333333332509e-01 -1.192320999999999964e+00
1.488166666666666284e-02 -9.399813333333333354e-01 -1.192651666666666666e+00
-2.545129999999999892e-01 -9.849493333333333434e-01 -1.158407333333333344e+00
-7.454993333333334027e-01 -1.039249666666666627e+00 -1.054905333333333362e+00
-6.808116666666665928e-01 -8.538446666666666962e-01 -1.163254333333333390e+00
-5.394343333333333490e-01 -8.638206666666666811e-01 -1.185730666666666711e+00
-5.178646666666666398e-01 -9.281150000000000233e-01 -1.154071999999999987e+00
-3.798420000000000130e-01 -9.167593333333333705e-01 -1.180937666666666663e+00
-2.992549999999999932e-01 -9.289999999999999369e-01 -1.183351000000000042e+00
-6.330306666666666304e-01 -9.699779999999998958e-01 -1.111250000000000071e+00
-3.619846666666666768e-01 -1.058143666666666816e+00 -1.115619666666666676e+00
-2.813350000000000017e-01 -1.043824666666666623e+00 -1.129822333333333262e+00
-2.264069999999999971e-01 -1.128118333333333112e+00 -1.104149000000000269e+00
-6.139906666666666846e-01 -1.076826999999999979e+00 -1.068614333333333333e+00
-1.085196999999999967e+00 -6.654643333333333244e-01 -1.161298333333333543e+00
-1.163796333333333211e+00 -6.289946666666667019e-01 -1.156408666666666640e+00
1.043169999999999931e-01 -1.225350000000000050e-01 -1.618961333333333252e+00
2.264856666666666685e-01 7.362000000000003090e-03 -1.665460666666666478e+00
1.912030000000000118e-01 -1.301780000000000159e-01 -1.612021999999999844e+00
1.119786666666666708e-01 2.437589999999999757e-01 -1.751739666666666695e+00
3.801466666666666883e-02 1.903566666666666463e-01 -1.736363666666666639e+00
1.851466666666666538e-01 2.153203333333333358e-01 -1.740104999999999791e+00
4.736933333333333968e-02 1.023600000000000065e-01 -1.706879999999999953e+00
-4.920066666666667032e-02 -1.779939999999999856e-01 -1.596120666666666743e+00
-6.373333333333323089e-04 -4.262033333333333646e-02 -1.653272666666666835e+00
-1.938000000000000139e-02 3.852166666666666933e-02 -1.684098666666666633e+00
-1.040946666666666687e-01 4.884733333333333288e-02 -1.686566000000000010e+00
-4.127026666666666621e-01 -3.747143333333333715e-01 -1.478528333333333222e+00
-4.239586666666666503e-01 -3.006369999999999876e-01 -1.513956666666666839e+00
-3.520803333333333285e-01 -2.721453333333333502e-01 -1.535786666666666633e+00
-4.915303333333334024e-01 -2.733399999999999719e-01 -1.518032333333333428e+00
-4.774316666666666431e-01 -4.152263333333333084e-01 -1.448860666666666575e+00
-5.576159999999998895e-01 -3.773163333333333647e-01 -1.456247666666666829e+00
-6.325896666666666057e-01 -4.146449999999999858e-01 -1.423348999999999975e+00
3.016453333333333209e-01 -2.149856666666666583e-01 -1.566636000000000140e+00
3.073066666666666655e-02 -3.773396666666666843e-01 -1.502546999999999855e+00
1.663843333333333285e-01 -3.856506666666666416e-01 -1.494225333333333294e+00
6.244773333333332177e-01 -8.584839999999999138e-01 -1.168671333333333395e+00
7.551043333333332663e-01 -7.657553333333332324e-01 -1.190332333333333104e+00
6.996813333333333773e-01 -8.792973333333332642e-01 -1.138986333333333212e+00
7.629613333333332692e-01 -8.284376666666665168e-01 -1.151419666666666508e+00
9.061786666666667989e-01 -7.860449999999999937e-01 -1.132690333333333355e+00
8.362519999999999953e-01 -8.480076666666667151e-01 -1.118470666666666613e+00
6.811790000000000900e-01 -7.394656666666666878e-01 -1.224758333333333171e+00
1.053089333333333322e+00 -7.493720000000000381e-01 -1.101002999999999954e+00
8.897996666666667664e-01 -7.078506666666667391e-01 -1.184877333333333338e+00
9.825693333333332946e-01 -8.887493333333332801e-01 -1.045421333333333314e+00
1.123264000000000040e+00 -7.790610000000000035e-01 -1.053476999999999997e+00
1.192104999999999970e+00 -7.274949999999998917e-01 -1.055070333333333332e+00
3.138813333333332900e-01 -1.149470333333333372e+00 -1.091256333333333162e+00
6.567373333333332841e-01 -1.000177000000000094e+00 -1.087223333333333430e+00
1.197968333333333302e+00 -8.791039999999999965e-01 -9.589716666666666667e-01
1.948256666666666470e-01 -9.601220000000000310e-01 -1.175220000000000153e+00
1.562876666666666858e-01 -1.018834666666666777e+00 -1.150009333333333217e+00
-1.204496666666666771e-01 -9.787150000000001127e-01 -1.170551666666666657e+00
-3.860203333333333542e-01 -1.117024999999999935e+00 -1.092192999999999969e+00
-3.184936666666666749e-01 -1.149809333333333461e+00 -1.090421333333333243e+00
5.827010000000000245e-01 -9.879310000000000036e-01 -1.109433666666666651e+00
5.154733333333333389e-01 -1.041146000000000127e+00 -1.097899666666666496e+00
-1.297416666666666718e-01 -1.047645333333333317e+00 -1.138349999999999973e+00
-2.132840000000000014e-01 -1.081015000000000059e+00 -1.120123333333333138e+00
-2.504763333333333564e-01 -8.662353333333333572e-01 -1.221851666666666780e+00
-4.328730000000000078e-01 -9.569993333333334240e-01 -1.152316333333333276e+00
-4.721123333333333005e-01 -1.122060000000000057e+00 -1.078865666666666501e+00
-9.949099999999999611e-01 -8.613799999999999235e-01 -1.074290666666666505e+00
-6.446076666666666899e-01 -1.124391666666666678e+00 -1.047308333333333286e+00
-5.948080000000000034e-01 -1.152402666666666464e+00 -1.049868666666666561e+00
-5.091656666666667386e-01 -1.153772000000000020e+00 -1.064315333333333280e+00
9.200019999999998754e-01 -1.014282333333333286e+00 -1.003546333333333429e+00
-8.476800000000001001e-02 -1.118719333333333399e+00 -1.114678666666666595e+00
2.165583333333333249e-01 -1.066218000000000110e+00 -1.125555000000000083e+00
9.980330000000000590e-01 -1.038238666666666754e+00 -9.646639999999999660e-01
-6.137833333333334029e-02 -1.062947666666666624e+00 -1.134297666666666649e+00
7.041313333333333313e-01 -1.053062666666666702e+00 -1.050836666666666863e+00
3.621929999999999872e-01 -1.121453666666666571e+00 -1.092543000000000042e+00
7.812226666666667318e-01 -1.140678000000000081e+00 -1.002437333333333180e+00
6.976330000000000586e-01 -1.107310999999999934e+00 -1.034322000000000186e+00
4.409203333333333585e-01 -1.143618333333333403e+00 -1.076062999999999992e+00
8.511190000000000699e-01 -1.054829666666666776e+00 -1.008788333333333398e+00
6.115656666666666741e-01 -1.135071333333333321e+00 -1.047189666666666685e+00
-1.035027333333333299e+00 -6.161733333333333507e-01 -1.207528999999999852e+00
-9.278073333333333172e-01 -5.134773333333333412e-01 -1.299878666666666627e+00
1.619599999999999929e-01 -2.648513333333333275e-01 -1.553237666666666739e+00
2.186776666666666591e-01 -2.004879999999999995e-01 -1.579628000000000254e+00
-1.497406666666666608e-01 -8.945633333333334603e-02 -1.631318333333333426e+00
-7.297399999999999720e-02 -1.063220000000000137e-01 -1.626507333333333305e+00
-1.621186666666666609e-01 -1.542900000000000001e-02 -1.660550999999999888e+00
-2.257266666666666588e-01 -1.264229999999999798e-01 -1.611818333333333131e+00
-2.946026666666666793e-01 -3.218663333333333654e-01 -1.517454999999999998e+00
-1.321596666666666753e-01 1.175826666666666687e-01 -1.710327333333333089e+00
-2.836739999999999817e-01 -7.364300000000000013e-02 -1.629774999999999752e+00
-3.927646666666667064e-01 -1.526366666666666705e-01 -1.585757666666666621e+00
-4.763403333333333656e-01 -1.541450000000000042e-01 -1.574680333333333238e+00
-5.163613333333333388e-01 -2.080153333333333299e-01 -1.544965333333333524e+00
3.341233333333333277e-01 -7.563933333333332232e-02 -1.623646000000000145e+00
-3.594386666666666841e-01 -8.132000000000000339e-02 -1.619628999999999763e+00
-3.362073333333333025e-01 -2.091783333333333272e-01 -1.566492333333333375e+00
-2.449339999999999851e-01 -1.906416666666666815e-01 -1.582406999999999897e+00
-4.096586666666666154e-01 1.305643333333333100e-01 -1.694082333333333246e+00
-3.587833333333332875e-01 6.156233333333333002e-02 -1.675076000000000009e+00
-4.802273333333333949e-01 -1.554733333333333141e-02 -1.631995666666666622e+00
-4.018013333333333992e-01 -1.609933333333333008e-02 -1.641332000000000235e+00
-2.229303333333333415e-01 1.232909999999999978e-01 -1.707910333333333419e+00
-5.604586666666665495e-01 -3.095073333333333010e-01 -1.489991000000000065e+00
-2.751043333333333396e-01 6.085266666666666602e-02 -1.682022999999999824e+00
1.182326666666666526e-01 3.315653333333333230e-01 -1.776839999999999975e+00
-1.031106666666666838e-01 1.949220000000000119e-01 -1.736827333333333279e+00
-9.320833333333333748e-02 3.743863333333333210e-01 -1.789085999999999954e+00
2.056706666666666683e-01 4.986046666666667515e-01 -1.814650666666666412e+00
2.002629999999999966e-01 3.551099999999999812e-01 -1.779832000000000081e+00
3.253933333333333677e-01 2.048236666666666539e-01 -1.726831666666666543e+00
-2.423576666666666934e-01 -9.131999999999999493e-03 -1.658425000000000038e+00
-2.436840000000000117e-01 2.068143333333333223e-01 -1.733885666666666658e+00
-2.822299999999999809e-02 3.285206666666666830e-01 -1.777800000000000047e+00
6.113696666666667001e-01 2.932279999999999887e-01 -1.715887666666666478e+00
5.891616666666666946e-01 3.698279999999999901e-01 -1.741411000000000042e+00
3.298969999999999958e-01 4.344740000000000268e-01 -1.790793999999999997e+00
5.018920000000000048e-01 4.788909999999999556e-01 -1.781977999999999840e+00
2.611850000000000005e-01 6.247400000000000730e-01 -1.837330666666666446e+00
5.040099999999999442e-02 3.752816666666666801e-01 -1.790031666666666688e+00
-4.622273333333333234e-01 2.655383333333333207e-01 -1.731601666666666484e+00
-5.139723333333333644e-01 5.451833333333333531e-02 -1.654263333333333419e+00
-2.191060000000000230e-01 4.689689999999999692e-01 -1.807331666666666559e+00
-1.691430000000000156e-01 3.351483333333333259e-01 -1.775897666666666597e+00
3.594313333333333804e-01 3.612503333333332844e-01 -1.769206999999999974e+00
3.772466666666666746e-01 6.327576666666666627e-01 -1.829148666666666756e+00
3.383836666666666382e-01 5.692240000000000633e-01 -1.820410666666666621e+00
3.313366666666666682e-01 6.650796666666667356e-01 -1.839204999999999757e+00
5.866283333333334182e-01 5.220816666666666661e-01 -1.778941666666666643e+00
5.874530000000000030e-01 6.061713333333332843e-01 -1.796182333333333325e+00
6.547779999999999712e-01 4.230096666666666727e-01 -1.743961999999999790e+00
7.346736666666666693e-01 4.094476666666666542e-01 -1.724938666666666620e+00
6.658840000000000314e-01 6.541926666666667556e-01 -1.791889999999999761e+00
4.660916666666666264e-01 6.599116666666666742e-01 -1.823419333333333503e+00
3.740376666666666572e-01 5.146800000000000264e-01 -1.805199666666666758e+00
5.024776666666666003e-01 6.121736666666666160e-01 -1.809934666666666914e+00
2.641136666666666355e-01 5.612770000000000259e-01 -1.824828000000000117e+00
1.368156666666666688e-01 6.061893333333333578e-01 -1.840001333333333378e+00
2.091186666666666749e-01 6.516623333333333434e-01 -1.845245666666666784e+00
7.215900000000000092e-02 6.463849999999999874e-01 -1.849064666666666357e+00
-8.124333333333333407e-02 4.645870000000000277e-01 -1.811679999999999957e+00
-1.729130000000000111e-01 2.528026666666666755e-01 -1.752206666666666690e+00
7.007923333333333504e-01 2.727783333333333449e-01 -1.693300999999999945e+00
5.471536666666666493e-01 2.391989999999999672e-01 -1.710177333333333216e+00
6.531046666666666667e-01 4.993973333333333042e-01 -1.762729666666666306e+00
7.226456666666667417e-01 1.971433333333333371e-01 -1.664939999999999864e+00
7.584800000000000431e-01 3.358163333333333278e-01 -1.699800999999999895e+00
3.078986666666667094e-01 -5.363900000000000334e-01 -1.403679666666666437e+00
-3.123290000000000233e-01 6.528649999999999176e-01 -1.838891666666666813e+00
-3.931263333333332999e-01 6.213646666666666762e-01 -1.825700000000000101e+00
7.804840000000000666e-01 4.788583333333333303e-01 -1.732497333333333556e+00
-2.793486666666666896e-01 5.199573333333332714e-01 -1.814917000000000114e+00
-2.585160000000000236e-01 6.073233333333333261e-01 -1.834267666666666630e+00
-8.766666666666644847e-04 6.002299999999999303e-01 -1.841334666666666564e+00
3.830439999999999956e-01 -5.058976666666666899e-01 -1.412031000000000036e+00
5.032123333333332615e-01 -4.196763333333333179e-01 -1.441141333333333385e+00
2.813669999999999782e-01 -3.350856666666666150e-01 -1.511539666666666726e+00
3.001749999999999696e-01 -3.989199999999999968e-01 -1.477887333333333331e+00
1.963273333333333259e-01 -3.237136666666666773e-01 -1.523297333333333059e+00
2.767270000000000008e-01 -9.716586666666665595e-01 -1.163033333333333363e+00
9.805783333333334406e-01 -8.048570000000000446e-01 -1.095142999999999978e+00
6.958790000000000253e-01 -6.786343333333334504e-01 -1.257075000000000164e+00
8.120159999999999600e-01 -7.071309999999999540e-01 -1.209570333333333414e+00
1.259437666666666678e+00 -8.216253333333333186e-01 -9.635973333333334168e-01
1.416752000000000011e+00 -1.081869333333333350e+00 -7.450790000000000468e-01
1.408801666666666508e+00 -1.007257000000000069e+00 -7.795033333333333259e-01
1.001272666666666700e+00 -1.104196666666666715e+00 -9.392350000000000421e-01
8.569330000000000558e-01 -1.112182000000000004e+00 -9.872510000000001007e-01
9.290556666666667240e-01 -1.137592666666666696e+00 -9.565800000000000969e-01
1.080858666666666634e+00 -1.129666666666666819e+00 -9.001786666666666825e-01
1.237694666666666832e+00 -1.119636666666666835e+00 -8.315939999999999444e-01
-1.001698666666666737e+00 -4.216506666666666736e-01 -1.329913000000000123e+00
-8.427959999999998786e-01 -1.126286666666666658e+00 -1.002842666666666771e+00
-1.771700000000000219e-01 -9.532093333333332419e-01 -1.180909999999999904e+00
-6.959369999999999168e-01 -2.855790000000000273e-01 -1.476872666666666722e+00
-9.925880000000000258e-01 -7.889636666666666187e-01 -1.117240666666666549e+00
-6.280866666666665710e-01 -2.641850000000000032e-01 -1.500326666666666808e+00
-7.238790000000000502e-01 -1.138746000000000036e+00 -1.027398666666666793e+00
-1.265501666666666747e+00 -7.540293333333333292e-01 -1.042168333333333363e+00
-1.068716999999999917e+00 -7.445730000000000404e-01 -1.119085333333333265e+00
-7.730553333333333166e-01 -1.101273333333333326e+00 -1.026609666666666643e+00
-9.306946666666666701e-01 -3.305626666666666158e-01 -1.398907666666666438e+00
-9.251930000000001542e-01 -9.025266666666666993e-01 -1.072751000000000010e+00
-8.098573333333333180e-01 -2.247663333333333180e-01 -1.481262999999999996e+00
-1.041816000000000075e+00 -1.041829666666666654e+00 -9.713156666666667993e-01
-1.174665999999999988e+00 -1.014006333333333343e+00 -9.384529999999999816e-01
-1.008377000000000079e+00 -1.137252000000000152e+00 -9.519866666666666477e-01
-1.101098666666666448e+00 -1.132776333333333385e+00 -9.246579999999999799e-01
-1.662543333333333373e-01 -1.150520333333333367e+00 -1.102756666666666829e+00
-2.514133333333333151e-02 -1.141121000000000052e+00 -1.110235000000000083e+00
7.819070000000000187e-01 -1.029077333333333399e+00 -1.040489333333333377e+00
5.234576666666667100e-01 -1.108322000000000029e+00 -1.071965666666666595e+00
3.575996666666665935e-01 -1.063009000000000093e+00 -1.113323666666666822e+00
-6.246953333333332692e-01 -4.928873333333332885e-01 -1.382737999999999801e+00
-8.049240000000000839e-01 -4.592313333333333247e-01 -1.362254333333333234e+00
-7.783390000000000031e-01 -3.886936666666666595e-01 -1.406564333333333083e+00
-7.032826666666666116e-01 -3.682300000000000018e-01 -1.433638333333333348e+00
-9.264746666666666686e-01 -3.992133333333333645e-01 -1.363972333333333120e+00
3.576919999999999544e-01 -1.579606666666666659e-01 -1.586454333333333411e+00
4.588933333333333753e-01 2.630189999999999473e-01 -1.730142333333333227e+00
-3.623793333333333311e-01 4.873733333333332696e-01 -1.800812333333333237e+00
8.644613333333333038e-01 2.521880000000000233e-01 -1.649944333333333235e+00
8.476833333333333442e-01 4.746053333333333235e-01 -1.716003999999999863e+00
8.397160000000000180e-01 3.275640000000000218e-01 -1.678920666666666728e+00
-5.203666666666666857e-02 6.456406666666666405e-01 -1.849607999999999919e+00
-1.764900000000000357e-01 6.464796666666666747e-01 -1.845879333333333205e+00
-1.176763333333333411e-01 6.002753333333333829e-01 -1.839551000000000158e+00
5.591883333333332873e-01 -3.685899999999999732e-01 -1.457985666666666624e+00
4.065786666666666438e-01 -3.143516666666666404e-01 -1.508454000000000184e+00
4.519669999999999521e-01 -5.424383333333333557e-01 -1.382903333333333151e+00
5.039903333333333180e-01 -7.005523333333334435e-01 -1.283776666666666566e+00
5.872286666666667321e-01 -6.035553333333333326e-01 -1.324734000000000078e+00
5.294873333333333099e-01 -7.605253333333333865e-01 -1.244377666666666604e+00
6.615680000000000449e-01 -6.223123333333333562e-01 -1.298207666666666649e+00
7.254253333333333664e-01 -5.646153333333333579e-01 -1.316351666666666587e+00
6.138319999999999332e-01 -7.813346666666666218e-01 -1.215530666666666759e+00
4.559473333333333156e-01 -6.039736666666666309e-01 -1.347778999999999838e+00
7.807600000000000096e-01 -6.573700000000000099e-01 -1.247898666666666712e+00
7.974696666666666323e-01 -5.947973333333334001e-01 -1.280115999999999810e+00
8.561133333333333928e-01 -5.547163333333333668e-01 -1.286741666666666672e+00
9.231093333333332263e-01 -5.662293333333333623e-01 -1.259075666666666704e+00
7.280346666666667188e-01 -4.925366666666666782e-01 -1.356299666666666681e+00
6.537939999999999863e-01 -4.664163333333333217e-01 -1.387654000000000165e+00
9.467276666666665230e-01 -6.353769999999999696e-01 -1.209781333333333153e+00
1.023248666666666695e+00 -6.251763333333333339e-01 -1.189053666666666675e+00
8.641130000000000200e-01 -4.803383333333333671e-01 -1.326930666666666703e+00
8.080786666666667228e-01 -4.483406666666666651e-01 -1.360253000000000156e+00
8.237713333333332999e-01 -3.783749999999999614e-01 -1.393793666666666597e+00
4.549483333333332880e-01 -2.613779999999999437e-01 -1.527491000000000154e+00
7.693819999999998993e-01 -3.330676666666667063e-01 -1.431504666666666425e+00
6.472566666666665913e-01 -3.920126666666666204e-01 -1.428661333333333339e+00
9.548786666666666534e-01 -3.729393333333333449e-01 -1.357770000000000143e+00
9.709923333333333462e-01 -4.967580000000000329e-01 -1.283813333333333251e+00
5.666950000000000598e-01 -1.515816666666666424e-01 -1.560363333333333324e+00
8.988690000000000291e-01 -1.343490000000000240e-01 -1.492720666666666807e+00
3.299673333333332792e-01 -2.907210000000000072e-01 -1.528488000000000069e+00
6.961313333333333242e-01 -3.348803333333332799e-01 -1.447886666666666544e+00
9.016646666666666698e-01 -3.360123333333333018e-01 -1.393893333333333429e+00
8.057413333333333094e-01 -2.641979999999999884e-01 -1.456900333333333464e+00
1.026649666666666683e+00 -1.977050000000000196e-01 -1.423377000000000114e+00
8.211203333333333410e-01 -1.406183333333333174e-01 -1.511092666666666640e+00
7.033723333333332661e-01 -2.004796666666666394e-01 -1.511785333333333314e+00
9.368733333333333357e-01 -2.064020000000000021e-01 -1.447900333333333345e+00
1.071939999999999893e+00 -2.599486666666666612e-01 -1.376847333333333312e+00
9.330196666666666916e-01 -4.472996666666667065e-01 -1.324347999999999859e+00
1.046370999999999940e+00 -4.834243333333332893e-01 -1.264436333333333273e+00
8.904219999999999358e-01 -2.672350000000000558e-01 -1.432126666666666770e+00
8.050786666666667202e-01 1.848053333333333492e-01 -1.642463666666666766e+00
4.270486666666666875e-01 1.206419999999999854e-01 -1.687890333333333492e+00
1.033075666666666725e+00 -6.059200000000000003e-02 -1.484384000000000148e+00
1.074166333333333334e+00 -1.199673333333333286e-01 -1.443988333333333429e+00
4.757089999999999930e-01 -4.251866666666666988e-02 -1.620322666666666800e+00
3.937496666666666645e-01 -1.539200000000000117e-02 -1.641452666666666671e+00
2.506019999999999914e-01 -6.235433333333332412e-02 -1.636221666666666685e+00
1.254012333333333507e+00 -7.474193333333332134e-01 -1.012788000000000022e+00
1.475940999999999947e+00 -7.552599999999999314e-01 -8.838639999999999830e-01
1.435325333333333120e+00 -7.133473333333334443e-01 -9.361286666666667200e-01
1.329812999999999912e+00 -8.196893333333332698e-01 -9.277966666666666029e-01
1.621654666666666467e+00 -5.666283333333334005e-01 -9.174109999999999765e-01
1.585607999999999906e+00 -6.768429999999999724e-01 -8.653913333333332902e-01
1.572062333333333228e+00 -6.163516666666667421e-01 -9.162550000000000416e-01
1.363029333333333426e+00 -8.747153333333334002e-01 -8.752450000000000507e-01
1.529463333333333397e+00 -8.518840000000000856e-01 -7.868186666666666662e-01
1.470520333333333207e+00 -9.633963333333334100e-01 -7.635766666666666813e-01
1.439792666666666721e+00 -8.411803333333333077e-01 -8.512366666666665305e-01
1.552287333333333352e+00 -7.941356666666665731e-01 -8.086823333333333919e-01
1.298101999999999867e+00 -1.077014000000000138e+00 -8.141146666666666531e-01
1.369852333333333227e+00 -1.112142999999999882e+00 -7.638986666666666148e-01
1.155791333333333393e+00 -1.090099666666666911e+00 -8.795500000000000540e-01
-8.789436666666666786e-01 -1.010093666666666667e+00 -1.032906333333333260e+00
-1.022168999999999883e+00 -9.829633333333333001e-01 -1.002496000000000054e+00
-9.401783333333333381e-01 -9.653779999999999584e-01 -1.036051999999999973e+00
-1.399989666666666466e+00 -6.013570000000000304e-01 -1.082751666666666557e+00
-1.289402333333333317e+00 -9.737223333333333564e-01 -9.153393333333333937e-01
1.960756666666666759e-01 -1.120516000000000068e+00 -1.108670333333333424e+00
5.896333333333333981e-02 -1.111613666666666722e+00 -1.117921666666666702e+00
1.128823333333333484e-01 -1.143536333333333266e+00 -1.107496000000000036e+00
8.188600000000000045e-02 -1.041210000000000191e+00 -1.143550333333333446e+00
3.690733333333333088e-01 6.209133333333333171e-02 -1.673666333333333256e+00
2.678703333333333214e-01 1.343406666666666638e-01 -1.708520666666666799e+00
1.926949999999999774e-01 1.428493333333333559e-01 -1.716202666666666543e+00
-4.864216666666665856e-01 1.229683333333333323e-01 -1.682605999999999824e+00
-5.419443333333333612e-01 2.464229999999999754e-01 -1.715287000000000006e+00
-5.931723333333333015e-01 6.523533333333332573e-02 -1.646198999999999968e+00
-6.121979999999999089e-01 1.433246666666666835e-01 -1.670931333333333102e+00
-5.214403333333333945e-01 -8.227633333333332633e-02 -1.599215333333333433e+00
-4.518486666666666207e-01 3.535046666666666337e-01 -1.757604333333333324e+00
-4.223439999999999972e-01 5.432389999999999164e-01 -1.806971333333333263e+00
-4.382243333333333268e-01 6.608423333333334204e-01 -1.828292333333333408e+00
-7.552419999999999689e-01 -2.120546666666666413e-01 -1.499319999999999986e+00
-5.240456666666667429e-01 4.172743333333333027e-01 -1.765363666666666775e+00
-5.992480000000000029e-01 -7.619299999999999684e-02 -1.589641000000000082e+00
-7.251783333333333692e-01 -1.307069999999999899e-01 -1.542914666666666657e+00
-8.266539999999999999e-01 1.722500000000000142e-01 -1.639920000000000044e+00
-6.598000000000000531e-01 5.211100000000000732e-01 -1.769534666666666922e+00
-6.853509999999999325e-01 1.742653333333333554e-01 -1.668618333333333092e+00
-8.295649999999999968e-01 -4.381233333333333507e-02 -1.557701000000000002e+00
-7.183950000000000058e-01 5.661040000000000516e-01 -1.769071333333333440e+00
-5.738550000000000040e-01 5.539003333333333279e-01 -1.789874333333333567e+00
-5.611953333333333793e-01 6.277823333333333311e-01 -1.806543333333333168e+00
-7.553706666666665237e-01 1.329293333333333160e-01 -1.641022666666666519e+00
-8.367496666666666139e-01 2.449456666666666449e-01 -1.661660333333333517e+00
-7.780060000000000864e-01 6.657023333333332848e-01 -1.777267000000000152e+00
-6.169879999999999809e-01 3.000339999999999674e-01 -1.719768666666666723e+00
-6.094680000000000097e-01 3.829190000000000094e-01 -1.743842666666666652e+00
-7.740756666666667174e-01 2.955639999999999934e-01 -1.689986333333333368e+00
-7.960803333333332787e-01 3.660749999999999837e-01 -1.705846333333333575e+00
-9.668006666666667526e-01 -1.723840000000000094e-01 -1.467173666666666598e+00
-9.489990000000000370e-01 -9.388166666666668270e-02 -1.507077666666666760e+00
-5.079770000000000119e-01 5.089929999999999177e-01 -1.789277666666666766e+00
-6.393280000000000074e-01 6.601286666666666969e-01 -1.800655333333333274e+00
-5.042173333333334062e-01 6.611566666666667258e-01 -1.820693666666666433e+00
-7.105826666666666958e-01 6.312406666666666721e-01 -1.783522999999999969e+00
-9.785296666666667420e-01 3.474100000000000105e-02 -1.552806000000000131e+00
-9.010316666666665641e-01 6.610633333333333639e-02 -1.584453333333333491e+00
-8.954806666666667025e-01 1.383416666666666683e-01 -1.612530999999999937e+00
-9.953490000000000393e-01 -4.428833333333333927e-02 -1.515952666666666948e+00
-1.123720333333333210e+00 6.882566666666667388e-02 -1.525616999999999779e+00
-1.143220666666666885e+00 -1.241333333333333698e-02 -1.486653999999999920e+00
-1.218433000000000099e+00 -1.873066666666666977e-02 -1.460558333333333403e+00
-1.093534333333333386e+00 -1.537630000000000108e-01 -1.439214666666666531e+00
-1.156961333333333286e+00 -1.858573333333333188e-01 -1.404345333333333556e+00
-1.225451666666666606e+00 -1.478466666666666818e-01 -1.400212333333333392e+00
-1.279738999999999960e+00 4.930300000000000654e-02 -1.468975333333333522e+00
-1.339142999999999972e+00 -1.704266666666666430e-01 -1.349787666666666608e+00
-1.009975999999999985e+00 -2.776749999999999496e-01 -1.403895333333333495e+00
-1.250491666666666779e+00 -7.913499999999999701e-02 -1.423715666666666602e+00
-1.470692333333333268e+00 5.082466666666666383e-02 -1.402409666666666554e+00
-1.024773333333333314e+00 -2.037906666666666755e-01 -1.435896666666666599e+00
-1.083094666666666539e+00 -3.098596666666666444e-01 -1.364856999999999987e+00
-1.161318999999999990e+00 -2.680696666666666506e-01 -1.361989000000000116e+00
-1.272935333333333308e+00 -1.985413333333333197e-01 -1.359473333333333533e+00
-1.270151333333333410e+00 -3.235009999999999830e-01 -1.295351333333333299e+00
-1.232917333333333199e+00 -2.724196666666666711e-01 -1.335747333333333176e+00
-1.079037333333333182e+00 -3.851846666666666752e-01 -1.325809999999999933e+00
-1.468090000000000117e+00 -8.603066666666668583e-02 -1.342603999999999909e+00
-1.488156666666666794e+00 2.817136666666666400e-01 -1.483311999999999964e+00
-1.484604000000000035e+00 2.111323333333333385e-01 -1.460211333333333306e+00
-8.916296666666666537e-01 4.586680000000000201e-01 -1.709362666666666586e+00
-1.428916333333333455e+00 1.625426666666666409e-01 -1.461908333333333365e+00
-9.550953333333332962e-01 6.680793333333333583e-01 -1.739275666666666664e+00
-1.502098666666666693e+00 6.750539999999999319e-01 -1.581458333333333188e+00
-1.389973000000000125e+00 6.750749999999999806e-01 -1.618665000000000020e+00
-1.265779666666666747e+00 6.699999999999999289e-01 -1.656443999999999805e+00
-1.463034999999999863e+00 -2.121116666666666706e-01 -1.282332666666666565e+00
-1.219432000000000071e+00 2.751726666666666765e-01 -1.570224333333333222e+00
-1.456869666666666729e+00 6.369983333333332221e-01 -1.589080333333333428e+00
-1.501144333333333414e+00 5.138596666666667145e-01 -1.546330333333333362e+00
-1.377492666666666699e+00 -2.172596666666666565e-01 -1.312157666666666556e+00
9.866739999999999400e-01 4.723189999999999888e-01 -1.679074333333333335e+00
9.475803333333333578e-01 5.371909999999999741e-01 -1.705362333333333424e+00
9.908979999999999455e-01 3.254383333333333295e-01 -1.638131999999999922e+00
6.621630000000000571e-01 1.348033333333333583e-01 -1.656003666666666652e+00
5.760936666666666151e-01 1.564093333333333447e-01 -1.678654333333333248e+00
1.207828666666666662e+00 -2.936833333333332963e-01 -1.306883666666666777e+00
5.140529999999999822e-01 1.002773333333333294e-01 -1.668876000000000026e+00
5.380369999999999875e-01 1.460000000000000013e-02 -1.633522000000000141e+00
6.298063333333333569e-01 -1.264499999999999826e-02 -1.606842333333333483e+00
6.918916666666666826e-01 5.142633333333333084e-02 -1.619545666666666550e+00
6.413989999999999414e-01 -9.581766666666667598e-02 -1.570601333333333294e+00
8.329080000000000927e-01 1.159126666666666639e-01 -1.611750666666666554e+00
7.063290000000000957e-01 -1.222429999999999906e-01 -1.546310666666666833e+00
7.802036666666666287e-01 4.487366666666666587e-02 -1.597768999999999773e+00
1.207392999999999939e+00 -5.003499999999999615e-01 -1.189441333333333572e+00
1.222840333333333307e+00 -4.231419999999999626e-01 -1.228185000000000082e+00
1.297037333333333153e+00 -3.883309999999999818e-01 -1.215064333333333302e+00
1.410760333333333172e+00 -3.746999999999999775e-01 -1.166807333333333307e+00
1.351077666666666621e+00 -4.213703333333333467e-01 -1.169475999999999960e+00
1.472884666666666620e+00 -3.869303333333333761e-01 -1.125663666666666618e+00
1.326442333333333279e+00 -3.215546666666666553e-01 -1.239186333333333279e+00
1.291260333333333454e+00 -2.740130000000000066e-01 -1.281312000000000006e+00
1.436893999999999894e+00 -2.568013333333333259e-01 -1.220293000000000072e+00
1.472929999999999851e+00 -4.617990000000000150e-01 -1.079357333333333280e+00
1.522347666666666655e+00 -4.961803333333333899e-01 -1.028302000000000049e+00
1.407517999999999825e+00 -1.954406666666666792e-01 -1.268016333333333412e+00
1.396674999999999889e+00 -3.137943333333333418e-01 -1.209199666666666673e+00
1.401838333333333297e+00 -5.161479999999999402e-01 -1.084501666666666475e+00
1.442109666666666845e+00 -1.270663333333333089e-01 -1.285637999999999836e+00
1.208083666666666778e+00 -1.626076666666666781e-01 -1.373645333333333385e+00
1.332116999999999996e+00 -2.048919999999999908e-01 -1.299048666666666740e+00
1.292294333333333434e+00 -1.485473333333333368e-01 -1.345212333333333232e+00
1.204569000000000001e+00 -3.433033333333333076e-02 -1.434332000000000162e+00
1.163065666666666775e+00 -1.061960000000000126e-01 -1.418050666666666793e+00
1.391768666666666654e+00 -5.934586666666666899e-01 -1.040222666666666740e+00
1.264470333333333363e+00 -6.048000000000000043e-01 -1.098706333333333340e+00
1.317645333333333335e+00 -7.044289999999998608e-01 -1.007765999999999940e+00
1.365960666666666823e+00 -7.442416666666665792e-01 -9.560530000000001527e-01
1.342110333333333294e+00 -4.879496666666666704e-01 -1.133476666666666688e+00
1.514377666666666622e+00 -5.861220000000000319e-01 -9.737053333333332006e-01
1.509357666666666598e+00 -1.177163333333333256e-01 -1.255616999999999983e+00
1.540207333333333262e+00 -1.826973333333333505e-01 -1.205019333333333442e+00
1.329104666666666601e+00 -7.535633333333333073e-02 -1.363826666666666521e+00
9.243489999999999762e-01 1.186763333333333281e-01 -1.588702999999999976e+00
1.691544666666666474e+00 -2.008676666666666666e-01 -1.104507333333333285e+00
1.286397333333333393e+00 -1.755100000000000063e-02 -1.408540999999999821e+00
1.403519000000000183e+00 -6.332666666666665611e-02 -1.335284666666666453e+00
1.320947666666666631e+00 5.694099999999999856e-02 -1.425490333333333304e+00
1.200018000000000029e+00 9.213500000000000856e-02 -1.488577000000000039e+00
1.079289333333333323e+00 8.691333333333330427e-03 -1.498363333333333491e+00
1.161883333333333157e+00 2.118166666666666462e-02 -1.474249000000000143e+00
1.508201333333333283e+00 2.312233333333333155e-02 -1.322948333333333393e+00
1.277253999999999889e+00 1.111150000000000054e-01 -1.465609333333333320e+00
-1.086435333333333197e+00 -9.400290000000000035e-01 -1.002123333333333255e+00
-1.160355666666666563e+00 -9.559453333333333136e-01 -9.687706666666665578e-01
-1.136990999999999863e+00 -7.771863333333334234e-01 -1.075803333333333223e+00
-1.074161666666666681e+00 -8.812969999999999970e-01 -1.037219000000000113e+00
-1.140113666666666470e+00 -8.414939999999999642e-01 -1.036887000000000114e+00
-1.265369333333333346e+00 -8.130430000000000712e-01 -1.006985333333333399e+00
-1.333364666666666531e+00 -8.560590000000000144e-01 -9.559300000000000574e-01
-1.137493666666666625e+00 -5.092839999999999590e-01 -1.237029666666666694e+00
-1.062362999999999946e+00 -5.365129999999999066e-01 -1.245994999999999964e+00
-1.286447666666666656e+00 -6.261853333333333715e-01 -1.112602000000000091e+00
-1.218062666666666738e+00 -6.633833333333333249e-01 -1.115522000000000125e+00
-1.188757333333333444e+00 -5.524746666666666695e-01 -1.193673999999999902e+00
-1.291693999999999898e+00 -4.494513333333333693e-01 -1.216767333333333312e+00
-1.306540666666666572e+00 -5.621786666666666044e-01 -1.144022333333333252e+00
-1.159184333333333150e+00 -4.293020000000000169e-01 -1.275532333333333268e+00
-1.239025333333333201e+00 -3.990873333333332940e-01 -1.264736333333333240e+00
-1.348518999999999801e+00 -2.964556666666666729e-01 -1.281447333333333383e+00
-1.374742000000000131e+00 -4.184013333333333473e-01 -1.202953999999999857e+00
-1.374700999999999951e+00 -5.442373333333333507e-01 -1.128140666666666680e+00
-1.207737333333333440e+00 -7.324663333333333304e-01 -1.077129666666666763e+00
-1.368353666666666690e+00 -7.477333333333332499e-01 -1.005383666666666675e+00
-1.335050333333333228e+00 -7.097820000000000240e-01 -1.041746333333333441e+00
-1.345671000000000062e+00 -6.510209999999999608e-01 -1.073787666666666585e+00
-9.774883333333331814e-01 -1.095526000000000222e+00 -9.737786666666666813e-01
-1.252016333333333398e+00 -1.089842999999999895e+00 -8.857526666666667436e-01
-6.939603333333334012e-01 2.642043333333333188e-01 -1.695841666666666692e+00
-8.808870000000000866e-01 3.837703333333333244e-01 -1.692645666666666493e+00
-9.394033333333333680e-01 3.277479999999999838e-01 -1.662915333333333301e+00
-9.094036666666666102e-01 6.156523333333333570e-01 -1.739793999999999841e+00
-1.196932333333333487e+00 6.328690000000000149e-01 -1.669511333333333347e+00
-1.048011333333333406e+00 6.348976666666666935e-01 -1.710547666666666800e+00
-1.117707666666666766e+00 6.662679999999999714e-01 -1.697878666666666758e+00
-1.118855333333333313e+00 5.246353333333333424e-01 -1.668265666666666647e+00
-9.760423333333333451e-01 5.501079999999999304e-01 -1.710928666666666542e+00
-9.639929999999999888e-01 4.830070000000000197e-01 -1.698321333333333349e+00
1.075856666666666683e+00 6.695790000000000353e-01 -1.695557333333333361e+00
9.475546666666666562e-01 -6.627666666666666428e-02 -1.508593000000000073e+00
1.272622666666666680e+00 -5.321183333333333598e-01 -1.140321333333333298e+00
1.323888333333333334e+00 -6.379420000000000091e-01 -1.047582666666666773e+00
1.143476666666666475e+00 -5.480310000000000459e-01 -1.188302333333333349e+00
1.140555999999999903e+00 -6.263619999999999743e-01 -1.141647999999999996e+00
1.066166333333333327e+00 -6.728053333333333663e-01 -1.143072333333333246e+00
1.196320000000000050e+00 -6.513626666666666454e-01 -1.101171999999999818e+00
1.075008999999999881e+00 -5.426950000000000385e-01 -1.218971000000000027e+00
1.731915333333333251e+00 -1.230376666666666702e-01 -1.121812333333333411e+00
1.436118666666666543e+00 1.145299999999999790e-02 -1.353627000000000136e+00
1.396254666666666644e+00 7.391533333333333289e-02 -1.399118333333333242e+00
1.542849666666666897e+00 -4.230733333333332874e-02 -1.274584999999999857e+00
1.768326999999999982e+00 1.175630000000000147e-01 -1.216664333333333126e+00
1.621392333333333324e+00 1.104513333333333319e-01 -1.300341666666666729e+00
1.653623000000000287e+00 4.345866666666667322e-02 -1.252647333333333224e+00
1.612373666666666594e+00 -3.177699999999999969e-02 -1.241022666666666607e+00
1.708068333333333300e+00 -7.377999999999999836e-02 -1.163087999999999900e+00
1.750839000000000034e+00 -8.253666666666666096e-03 -1.169532666666666776e+00
1.674611666666666610e+00 -4.367499999999999716e-01 -9.698503333333333698e-01
1.694717333333333409e+00 -3.584003333333333763e-01 -1.007498666666666542e+00
1.502335333333333134e+00 -2.534080000000000221e-01 -1.187316999999999956e+00
1.629023333333333268e+00 -2.271213333333333695e-01 -1.128747666666666705e+00
1.589328666666666612e+00 -3.092363333333333353e-01 -1.104812666666666887e+00
1.524240666666666577e+00 -3.226313333333333255e-01 -1.135080000000000089e+00
1.584528666666666696e+00 -4.496400000000000396e-01 -1.020152999999999865e+00
1.713578000000000046e+00 -2.448513333333333375e-01 -1.064780000000000060e+00
1.616391333333333513e+00 -3.610639999999999961e-01 -1.056542666666666630e+00
1.045449666666666610e+00 6.852766666666666728e-02 -1.533578666666666868e+00
1.102717333333333327e+00 3.633326666666666926e-01 -1.614536666666666731e+00
1.053591000000000166e+00 1.908950000000000091e-01 -1.576021333333333274e+00
1.159735333333333118e+00 1.432376666666666520e-01 -1.523004000000000024e+00
1.260557000000000150e+00 2.339293333333333225e-01 -1.517224333333333286e+00
1.308472333333333237e+00 1.847223333333333495e-01 -1.480542333333333405e+00
-1.210727666666666424e+00 -8.557876666666666132e-01 -1.003030333333333246e+00
-9.172706666666665676e-01 2.594343333333333779e-01 -1.647789999999999866e+00
-1.019466666666666521e+00 3.447979999999999934e-01 -1.647831000000000046e+00
-1.081001333333333259e+00 2.935486666666666800e-01 -1.616314666666666566e+00
-1.033313666666666686e+00 4.251593333333333891e-01 -1.666520000000000001e+00
-1.158247999999999944e+00 3.206866666666666754e-01 -1.602745999999999782e+00
-1.247003333333333464e+00 4.328266666666666929e-01 -1.607956333333333321e+00
-1.054446666666666532e+00 5.683650000000000091e-01 -1.695292666666666781e+00
-1.084577333333333504e+00 2.190213333333333734e-01 -1.591319666666666466e+00
-1.109771666666666823e+00 4.485306666666666886e-01 -1.652100333333333282e+00
1.058202333333333245e+00 4.840253333333333075e-01 -1.660874333333333119e+00
9.743143333333333933e-01 6.124309999999999476e-01 -1.713968666666666474e+00
1.155192333333333377e+00 6.699383333333334134e-01 -1.670325000000000060e+00
1.233712666666666680e+00 3.564703333333332780e-01 -1.566372000000000098e+00
1.195898333333333285e+00 6.350410000000000776e-01 -1.649518999999999957e+00
1.086759999999999948e+00 5.572463333333333990e-01 -1.669314666666666724e+00
1.161356999999999973e+00 5.711479999999999890e-01 -1.647944999999999993e+00
1.180771333333333395e+00 4.588430000000000564e-01 -1.614426999999999834e+00
1.272587333333333293e+00 6.600946666666666074e-01 -1.626770999999999967e+00
9.088389999999999525e-01 -4.578000000000003074e-03 -1.545584333333333227e+00
8.199633333333333773e-01 -1.788366666666666924e-02 -1.563715000000000188e+00
1.678119333333333296e+00 -3.229326666666667012e-01 -1.040750333333333222e+00
-1.322839666666666636e+00 -8.136339999999999684e-01 -9.841693333333333404e-01
-1.218696000000000002e+00 -9.115069999999999562e-01 -9.700096666666667700e-01
-1.283862666666666597e+00 -9.111873333333333491e-01 -9.457253333333333067e-01
1.203606999999999871e+00 5.249519999999999742e-01 -1.622794999999999987e+00
1.109963666666666571e+00 4.318179999999999796e-01 -1.631136666666666457e+00
-1.238546000000000147e+00 -1.032102999999999993e+00 -9.093059999999999476e-01
-1.120392666666666592e+00 -1.056956333333333165e+00 -9.406253333333333133e-01
9.274029999999999774e-01 6.609129999999999727e-01 -1.735982333333333294e+00
1.041965666666666790e+00 6.207799999999999985e-01 -1.696120999999999768e+00
8.671846666666667147e-01 6.149763333333333470e-01 -1.742313000000000001e+00
8.811830000000000496e-01 5.398853333333333282e-01 -1.723098333333333398e+00
8.118826666666666414e-01 6.475190000000000667e-01 -1.761231666666666529e+00
-1.216530333333333269e+00 -1.120967000000000047e+00 -8.900339999999999918e-01
-1.438727000000000089e+00 -1.758190000000000308e-01 -1.310144333333333355e+00
-1.453722666666666719e+00 -2.980886666666666684e-01 -1.239917666666666696e+00
-1.400441000000000047e+00 -3.409920000000000173e-01 -1.237019000000000091e+00
-1.414324999999999832e+00 -4.738653333333333606e-01 -1.154512666666666520e+00
1.429771999999999821e+00 1.482499999999999929e-01 -1.413448666666666798e+00
1.506929333333333121e+00 1.633106666666666873e-01 -1.382089333333333281e+00
1.545494666666666461e+00 1.006453333333333228e-01 -1.337080333333333426e+00
1.629707333333333175e+00 2.512013333333333320e-01 -1.351444666666666627e+00
1.724501666666666821e+00 4.646766666666666407e-02 -1.211821999999999955e+00
1.666085666666666576e+00 1.863546666666666685e-01 -1.306463666666666690e+00
1.546448666666666583e+00 2.379633333333333045e-01 -1.390331666666666743e+00
1.842680666666666633e+00 6.169153333333333711e-01 -1.341398666666666628e+00
1.504007333333333252e+00 2.961716666666666664e-01 -1.431744666666666888e+00
1.385683333333333378e+00 2.048830000000000096e-01 -1.454753666666666723e+00
1.372956333333333445e+00 3.362549999999999706e-01 -1.504410333333333405e+00
1.420399333333333347e+00 2.781520000000000103e-01 -1.464807333333333572e+00
1.312072999999999823e+00 6.094180000000000152e-01 -1.601016666666666977e+00
1.742141666666666699e+00 1.904573333333333396e-01 -1.263611666666666578e+00
1.789579999999999949e+00 4.717180000000000262e-01 -1.333523999999999932e+00
1.787445666666666710e+00 2.671499999999999986e-01 -1.265978666666666586e+00
1.740917999999999966e+00 5.191856666666666564e-01 -1.375246333333333348e+00
1.814142666666666459e+00 6.573519999999999364e-01 -1.367651333333333108e+00
1.834234999999999838e+00 5.273106666666665943e-01 -1.322984999999999856e+00
1.757035000000000124e+00 6.152149999999999563e-01 -1.390959999999999974e+00
1.714345666666666546e+00 6.574280000000000124e-01 -1.424398999999999971e+00
1.650370666666666652e+00 6.203703333333333569e-01 -1.450185333333333437e+00
1.290325000000000166e+00 3.121929999999999983e-01 -1.531038666666666659e+00
1.547818999999999834e+00 3.712030000000000052e-01 -1.434586999999999835e+00
1.305865999999999971e+00 4.740596666666667125e-01 -1.571679999999999966e+00
1.378416333333333244e+00 4.765576666666667127e-01 -1.542496666666666627e+00
1.389973666666666885e+00 6.190386666666666260e-01 -1.571518666666666730e+00
1.277633999999999936e+00 5.381683333333333596e-01 -1.598614666666666961e+00
1.244985000000000008e+00 4.235386666666666744e-01 -1.581523666666666772e+00
1.435183666666666857e+00 6.702586666666666693e-01 -1.563118666666666767e+00
1.505433333333333401e+00 4.301260000000000083e-01 -1.472833000000000281e+00
1.546223000000000125e+00 5.086166666666667169e-01 -1.474915333333333356e+00
1.504637000000000002e+00 5.654176666666667073e-01 -1.509112666666666769e+00
1.428085000000000049e+00 5.502869999999999706e-01 -1.539933333333333154e+00
1.672631333333333359e+00 4.780190000000000272e-01 -1.401581666666666726e+00
1.624773333333333403e+00 5.369906666666666162e-01 -1.443081666666666818e+00
1.636466666666666514e+00 3.907220000000000137e-01 -1.395169333333333483e+00
1.607073333333333354e+00 6.612959999999999949e-01 -1.481421000000000099e+00
1.508548000000000000e+00 6.708066666666666622e-01 -1.530935333333333093e+00
1.539889999999999981e+00 6.347173333333333556e-01 -1.508514666666666670e+00
1.414178666666666695e+00 4.131976666666667408e-01 -1.509593666666666723e+00
1.757596000000000158e+00 3.407746666666666702e-01 -1.310825999999999825e+00
1.800873666666666706e+00 3.972109999999999808e-01 -1.304176666666666762e+00
-4.505909999999999638e-01 -7.099936666666666341e-01 -1.288762333333333343e+00
-2.751566666666666605e-01 -7.981683333333333685e-01 -1.258375666666666559e+00
-7.625760000000000316e-01 -5.235969999999999791e-01 -1.336553333333333482e+00
-1.879293333333333094e-01 -2.450696666666666579e-01 -1.561244999999999772e+00
-4.833300000000000374e-01 -8.198020000000000307e-01 -1.220327333333333319e+00
-3.528226666666666733e-01 -7.880300000000000082e-01 -1.256227333333333362e+00
-4.087293333333333334e-01 -8.438563333333332084e-01 -1.217289999999999983e+00
-6.657060000000000199e-01 -1.029157666666666637e+00 -1.077000333333333337e+00
-7.744840000000000613e-01 -9.311729999999999174e-01 -1.098627333333333178e+00
-7.975770000000000914e-01 -9.929813333333332714e-01 -1.062231333333333305e+00
1.452120000000000077e-01 1.058433333333333448e-02 -1.671033666666666528e+00
1.288816666666666721e-01 8.329133333333334221e-02 -1.698353666666666539e+00
1.055518333333333336e+00 -9.106673333333333842e-01 -1.004373333333333340e+00
1.065006000000000119e+00 -9.884689999999999310e-01 -9.606083333333333973e-01
1.143178333333333407e+00 -1.014859999999999873e+00 -9.145506666666666229e-01
-5.837566666666665904e-02 -9.190529999999998978e-01 -1.203668333333333118e+00
-2.217250000000000332e-01 -3.133273333333333466e-01 -1.526998666666666615e+00
-3.435533333333334188e-02 2.314020000000000243e-01 -1.749232333333333500e+00
1.304389999999999994e-01 5.165946666666666465e-01 -1.821909000000000001e+00
5.835899999999999421e-02 4.658813333333333140e-01 -1.812241333333333371e+00
-8.299999999999996617e-03 5.093210000000000237e-01 -1.822603666666666511e+00
-1.006715000000000027e+00 -4.929969999999999630e-01 -1.288600666666666728e+00
2.891563333333333485e-01 -1.036905999999999883e+00 -1.132012999999999936e+00
7.744439999999999102e-01 -2.096343333333333392e-01 -1.491046000000000094e+00
4.343836666666666679e-01 -1.807223333333333182e-01 -1.567343333333333311e+00
2.853306666666666769e-01 7.156033333333333690e-02 -1.685098666666666745e+00
-7.586426666666666874e-01 6.036733333333332840e-02 -1.614146999999999998e+00
-6.372349999999999959e-01 1.252999999999999557e-03 -1.614357000000000042e+00
-6.429416666666666336e-01 -1.415193333333333303e-01 -1.553928666666666736e+00
-7.523993333333333089e-01 -6.255166666666667208e-02 -1.566753333333333442e+00
-8.354770000000000252e-01 2.745266666666666341e-02 -1.584966666666666635e+00
-6.793443333333333278e-01 4.418473333333333142e-01 -1.747416999999999776e+00
-8.198766666666665870e-01 4.890606666666666436e-01 -1.732242333333333439e+00
-8.003300000000000969e-01 5.491270000000000318e-01 -1.749723333333333519e+00
-8.351553333333333606e-01 6.147633333333333283e-01 -1.755906000000000189e+00
-7.574859999999999927e-01 4.267749999999999599e-01 -1.729472666666666880e+00
-1.045591999999999855e+00 8.750533333333333774e-02 -1.555183000000000204e+00
-1.327305666666666717e+00 -4.608033333333333426e-02 -1.412303666666666624e+00
-1.278371666666666684e+00 1.312173333333333247e-01 -1.500852666666666835e+00
-1.436186000000000185e+00 -4.372200000000000392e-02 -1.373944333333333434e+00
-1.351874999999999938e+00 1.905073333333333341e-01 -1.498509333333333471e+00
-1.344235999999999764e+00 3.028733333333333277e-02 -1.439351000000000047e+00
1.164474666666666769e+00 -2.386226666666666496e-01 -1.353053333333333441e+00
1.601807333333333361e+00 -1.698056666666666603e-01 -1.176717333333333393e+00
-1.263116666666666665e+00 -5.228566666666666363e-01 -1.184207666666666547e+00
-8.966066666666666629e-01 -1.081375333333333355e+00 -1.001813333333333444e+00
9.605203333333333093e-01 6.094299999999999717e-02 -1.556590666666666678e+00
-1.027212333333333172e+00 1.719969999999999832e-01 -1.590825333333333313e+00
-9.545989999999999753e-01 1.914679999999999993e-01 -1.616526000000000129e+00
-1.148786666666666623e+00 -1.106176999999999966e+00 -9.157596666666666385e-01
-6.897310000000000940e-01 -9.182616666666666427e-01 -1.125550999999999968e+00
-3.105030000000000290e-01 3.371600000000000708e-01 -1.767601666666666738e+00
-2.368243333333333311e-01 3.841873333333333806e-01 -1.785469333333333353e+00
-3.758153333333333346e-01 3.893576666666667130e-01 -1.775359333333333289e+00
5.363156666666666350e-01 -2.889849999999999919e-01 -1.501498333333333379e+00
6.614189999999999792e-01 -2.568559999999999732e-01 -1.494021666666666581e+00
1.033289666666666662e+00 -3.423296666666666432e-01 -1.347686000000000162e+00
1.168813666666666640e+00 -3.760359999999999814e-01 -1.277878666666666829e+00
5.896716666666667050e-01 -2.343833333333333047e-01 -1.518309000000000131e+00
1.086809333333333294e+00 -4.033563333333332612e-01 -1.294887000000000121e+00
-1.368473333333333430e+00 -8.667733333333334234e-02 -1.379114666666666489e+00
-1.197565333333333371e+00 1.444226666666666714e-01 -1.531398666666666797e+00
-1.419910000000000005e+00 8.423700000000000632e-02 -1.434627333333333254e+00
1.640481666666666838e+00 -9.429433333333332723e-02 -1.193752666666666684e+00
1.626151000000000124e+00 -4.898583333333333401e-01 -9.667123333333332846e-01
1.083873333333333244e+00 2.470946666666666847e-01 -1.585251666666666948e+00
1.189055999999999891e+00 2.114246666666666774e-01 -1.536718333333333186e+00
1.087761000000000200e+00 1.321206666666666640e-01 -1.543891333333333504e+00
-1.173171333333333344e+00 3.953073333333333994e-01 -1.619842666666666764e+00
1.675913666666666524e+00 3.289286666666666470e-01 -1.353439999999999976e+00
4.927743333333333697e-01 -1.255276666666666763e-01 -1.583404999999999951e+00
-7.081496666666665663e-01 4.081999999999997956e-03 -1.602483333333333482e+00
-1.176801999999999904e+00 2.101266666666666560e-01 -1.561458999999999930e+00
-6.982503333333333062e-01 -7.175766666666666405e-01 -1.238983333333333325e+00
-1.394596666666666762e-01 5.101306666666666212e-01 -1.820354000000000028e+00
-1.331903333333333439e+00 6.370383333333333731e-01 -1.629679333333333480e+00
-1.458748999999999851e+00 5.574033333333333617e-01 -1.571031333333333224e+00
-6.051549999999999985e-01 -2.014729999999999854e-01 -1.533788000000000151e+00
2.313030000000000086e-01 -4.935233333333333139e-01 -1.433810000000000029e+00
2.324566666666666725e-01 -4.287023333333332964e-01 -1.468050000000000077e+00
-5.588069999999999427e-01 -9.720360000000000111e-01 -1.124786000000000064e+00
2.358000000000000096e-01 4.263456666666666783e-01 -1.795827666666666822e+00
-1.387753333333333172e+00 5.197636666666666239e-01 -1.585631666666666773e+00
-1.256392999999999871e+00 5.191836666666665989e-01 -1.627101666666666446e+00
-1.191644666666666685e+00 5.577689999999999593e-01 -1.655153333333333476e+00
1.280977333333333412e+00 -9.923153333333333270e-01 -8.582383333333333253e-01
7.341933333333333644e-02 -8.765919999999999268e-01 -1.225887333333333329e+00
4.492866666666666675e-01 5.304756666666666787e-01 -1.800452999999999859e+00
3.741666666666667029e-01 -4.332486666666666708e-01 -1.451998666666666660e+00
1.483259333333333485e+00 -8.754363333333333719e-01 -8.025116666666667342e-01
-1.498094666666666575e+00 4.358033333333333204e-01 -1.526794999999999902e+00
-1.445903000000000160e+00 3.957863333333333511e-01 -1.533277000000000001e+00
4.319699999999999651e-01 -3.930450000000000332e-01 -1.465616999999999948e+00
9.557023333333333204e-01 3.973503333333333054e-01 -1.668371333333333206e+00
8.831090000000000328e-01 3.969423333333333415e-01 -1.687564999999999982e+00
-1.327804333333333364e+00 5.613219999999999876e-01 -1.614694999999999991e+00
-1.782269999999999965e-01 -8.781693333333332463e-01 -1.220591333333333361e+00
4.366996666666667082e-01 3.502449999999999730e-01 -1.757656666666666645e+00
1.344777333333333269e+00 -9.528320000000000123e-01 -8.424466666666666770e-01
-1.308618333333333217e+00 3.914043333333332986e-01 -1.577330666666666659e+00
9.430499999999999439e-01 2.496543333333333392e-01 -1.628349333333333426e+00
9.751083333333333547e-01 1.850353333333333294e-01 -1.597820999999999936e+00
-1.377956999999999654e+00 4.362029999999999519e-01 -1.567412666666666565e+00
2.411179999999999712e-01 2.802420000000000466e-01 -1.756482000000000099e+00
3.061893333333333689e-01 2.782540000000000013e-01 -1.750890666666666595e+00
-1.081911666666666605e+00 -7.276300000000000823e-02 -1.479366666666666719e+00
1.454890333333333174e+00 -6.290513333333332957e-01 -9.804816666666665848e-01
1.162252666666666601e+00 3.232893333333333730e-01 -1.582675333333333434e+00
1.053238666666666656e+00 3.170189999999999952e-01 -1.616834000000000104e+00
1.207956999999999947e+00 -9.596983333333334310e-01 -9.107183333333331854e-01
1.147363999999999828e+00 2.565073333333333649e-01 -1.566836000000000118e+00
5.027519999999999767e-01 4.030249999999999666e-01 -1.763214999999999977e+00
7.449129999999999363e-01 6.087083333333334068e-01 -1.768163000000000151e+00
-8.115990000000000704e-01 -5.835966666666667635e-01 -1.290512666666666641e+00
4.008290000000000464e-01 2.005940000000000223e-01 -1.717633666666666725e+00
-8.256086666666666574e-01 -3.187543333333333617e-01 -1.431741666666666690e+00
-8.831843333333333490e-01 -4.591996666666666727e-01 -1.342782333333333300e+00
-5.457636666666666470e-01 1.796526666666666550e-01 -1.693672999999999762e+00
5.143320000000000114e-01 -4.964206666666666212e-01 -1.398395333333333213e+00
-8.614346666666666819e-01 -1.680919999999999914e-01 -1.495999000000000079e+00
-9.118209999999998816e-01 -2.128753333333333331e-01 -1.462644666666666593e+00
-8.788436666666665786e-01 -9.084666666666667278e-02 -1.526188999999999796e+00
-1.439254999999999951e+00 3.160629999999999828e-01 -1.511335666666666633e+00
7.809303333333333930e-01 -8.585166666666665947e-02 -1.545095666666666645e+00
1.542231666666666667e+00 -7.317676666666667051e-01 -8.570026666666666904e-01
7.329583333333333783e-01 5.380026666666667401e-01 -1.756243333333333156e+00
-1.400736666666666796e-01 -8.211136666666666306e-01 -1.254788000000000014e+00
-7.694266666666667309e-02 -8.364916666666667444e-01 -1.248223333333333462e+00
-8.905123333333332392e-01 -2.971696666666666653e-01 -1.426379999999999981e+00
5.286956666666666749e-01 -6.417733333333334178e-01 -1.313772666666666700e+00
5.768453333333333211e-01 -5.197379999999999223e-01 -1.374232333333333500e+00
4.103493333333332882e-01 -6.888913333333333000e-01 -1.305355333333333201e+00
3.939763333333333173e-01 -6.345410000000000217e-01 -1.338929000000000036e+00
-3.892836666666666390e-01 2.063639999999999919e-01 -1.721463999999999883e+00
-1.295970333333333224e+00 3.083710000000000062e-01 -1.556695333333333098e+00
-1.358660999999999897e+00 2.734463333333332913e-01 -1.524835999999999858e+00
-3.135926666666666862e-01 2.421326666666666627e-01 -1.739709000000000172e+00
