-0.025149112558633866 -0.030139510619809698 0.9992134032012012
-0.15955345040182436 -0.006460581435326715 0.9866758492167215
-0.001280700690861244 -0.051360767923709714 0.9985382187315962
-0.010242041362948788 -0.2822412708174231 0.9582119677135251
-0.24556313646163694 -0.015866201172603137 0.9684767330495333
-0.0857846512726552 -0.05356038288014395 0.994741786815481
-0.12025836910128858 -0.26739004406443667 0.9559113700497769
-0.35950331266692276 -0.005403712298527274 0.9331030560356053
-0.268027478121747 -0.04361853816753956 0.9623039651734433
-0.0013877759815083101 -0.007459841892118022 0.9999637271820093
-0.02000108968430097 -0.007085204322449504 0.9996674666832035
-0.16705615726461798 -0.12343176270859846 0.9770227311309991
-0.02477717156808616 -0.19956415457248614 0.9792091167671448
-0.0025730052234547965 -0.07814040723355244 0.9967116234114316
-0.19030030308445406 -0.2215430556776992 0.9520204612845998
-0.007822931088801442 -0.31798118891756977 0.947677719362309
-0.00808534505343272 -0.13854049332271245 0.9900271273908345
-0.0063210289951877 -0.0469292968438304 0.9987483129859482
0.00017985011436408548 -0.08355541598401181 0.9962816936552301
-0.05053849829225719 -0.21959905979402206 0.974233153694498
-0.14411610759883478 -0.10216694050426653 0.9840206690140922
-0.28406915968887814 -0.3281651313675726 0.9007699215276747
-0.011662326296296257 -0.004977018370101786 0.9998163698246049
-0.021487429446522027 -0.06137309011543897 0.9977739265772376
-0.04003825367589146 -0.15137926411376215 0.9872330724745294
-0.03398382327448541 -0.013949131329277175 0.9991205172179896
-0.26950118701237363 -0.1820220463903885 0.9454584815233903
-0.253991425338374 -0.35618829739895824 0.8982951633163407
-0.06340937020629746 -0.3699940158574634 0.9266102410094874
-0.26453156347243345 -0.20941555183467858 0.9402885695191098
-0.0008827147887636014 -0.025430180458067313 0.9996214663942598
-0.006602944124055754 -0.0020848885696806976 0.9999647634731427
-0.021656641953925942 -0.010167158966940152 0.9996633649689207
-0.003212218385991463 -0.0011264976330918983 0.9999901574553032
-0.017002575368143757 -0.2664479660515367 0.9634331557770661
-0.2514687445399795 -0.0772454825440976 0.9647161658457043
-0.15187017707835593 -0.003912840576034407 0.9880600261664105
-0.006533834848947671 -0.3232294901469479 0.9456907079357688
-0.07158974490961757 -0.05131094146848573 0.9955020437047175
-0.14059803766022672 -0.09116996510802729 0.9846918816101933
-0.08545093300159712 -0.26710756355048065 0.9587881377963118
-0.01766869854289772 -0.026976981683985636 0.9994795958654165
-0.30784030588648464 -0.2922570775269471 0.9053833877582889
-0.12541810751124133 -0.017478849848408095 0.9914083016866951
-0.013455016859495654 -0.19976245003494955 0.9792031357704742
-0.0936653640478567 -0.2964996726435785 0.9502262962601716
-0.23073208345274734 -0.3284851444731936 0.9157773721634045
-0.0879509234445428 -0.13831332626031823 0.984921645659311
-0.004542620684222857 -0.37838757974808834 0.9255681296778333
-0.1966722428257083 -0.3199963326349305 0.9264553959448348
-0.02920611538311269 -0.2989118639666193 0.9533768530837201
-0.001897191965349582 -0.3401856766175263 0.9400921216787765
-0.11954277841550343 -0.07185690050548672 0.990189984076696
-0.0005089525394783036 -0.0820763898621802 0.9964499229721469
-0.2274482146254338 -0.06442793199113052 0.9704622838088061
-0.18970247169366558 -0.05401694450601736 0.9801455744903742
-0.24127979935013844 -0.004053937371475653 0.9692358932477866
-0.1580667837292704 -0.06015885140063289 0.9845610685809516
-0.03657943733563028 -0.19281815266821353 0.9805485424775863
-0.07718946766438083 -0.00014503678399293248 0.9969205984778201
-0.2941856274805991 -0.004851649849526234 0.9553404102103262
-0.10903542319638887 -0.13750069566340645 0.9823387771255258
-0.1523390803086828 -0.161740532540151 0.9748760189012873
-0.012982081217168389 -0.19303361633074412 0.9798684202695319
-0.3513096352003959 -0.10573131478272808 0.9302627299710216
-0.011332945831408104 -0.0992176626988098 0.9949681282116373
-0.004014095754241075 -0.02579409666024027 0.9996226371383383
-0.17588469029159035 -0.0043906540958392965 0.9843097425540873
-0.014370639511205277 -0.022700236061741295 0.9995137610984318
-0.008550345501829053 -0.13286954859946354 0.9901925305143013
-0.04748861379625715 -0.08581149433800826 0.9940520202592944
-0.023791794078415706 -0.003351821222351351 0.9996925412588464
-0.2189848379382437 -0.18803374396895722 0.9572675604778608
-0.2629884852775322 -0.13418234010097774 0.9543940370735666
-0.3092982110122437 -0.024261920095212317 0.9502787209564307
-0.2615154033222566 -0.005721121146787736 0.9650402817163856
-0.19224338218243914 -0.08074579161394914 0.9766160384249641
-0.06334991401392778 -0.07144735565915108 0.9954032218954869
-0.34612719561551547 -0.03818675794844565 0.9361147483284221
-0.19646958794984454 -0.02128019120750561 0.9798510004923889
-0.20871431985704078 -0.23028892751472724 0.9502100717917624
-0.11736514892545488 -0.04310851960873444 0.9920993767717563
-0.1447425116378479 -0.28966991807211534 0.9440903973162655
-0.22026939913729382 -0.31100038380315737 0.9217111324775521
-0.0006604234474139516 -0.0028621333908499446 0.9999909498076924
-0.10423750765033332 -0.010266741088815708 0.9943729829680819
-0.023733704036473496 -0.22839727702945375 0.9732126087989188
-0.06939315058581341 -0.002850387883979732 0.9975187485850615
-0.037605877519928055 -0.3734912809312628 0.9252649726000973
-0.009721878173568543 -0.0633702455408103 0.9978901384019181
-0.005382390035791191 -0.28835680870502794 0.9568376352074093
-0.3694589446290938 -0.34981939485003044 0.8603555272769325
-0.006707446928422039 -0.13147342956028357 0.9907606314692146
-0.25998789538547323 -0.2734938846697946 0.925592496298659
-0.030199067546955515 -0.26456630489533167 0.9620329088414387
-0.10553755727882361 -0.38668189395445357 0.9159162662628859
-0.3323513306548518 -0.08269292095346933 0.9392349016537599
-0.09964580751302009 -0.0039041302732271354 0.9947794935421781
-0.08753910775410356 -0.15437643266378284 0.9836078380890921
-0.005265889330735055 -0.09731888830407233 0.995000314507304
-0.010569337080455451 -0.02085484053852932 0.9997055469010436
-0.2569900719806108 -0.043677533539077336 0.9649335336113289
-0.07844707511080863 -0.2873813136001589 0.9545039295224139
-0.14729946129670676 -0.255659715475298 0.9542299399034635
-0.146190415764901 -0.1682405737584586 0.9729705371914684
-0.12952811990639146 -0.29050568548636213 0.9472691104130048
-0.2917831397817264 -0.20056609092774125 0.9349390895069049
-0.34092341238217544 -0.17513602938811312 0.9234427975416085
-0.058889227906494916 -0.018881371730248904 0.9976377975813056
-0.06715837635656673 -0.0055933062736676226 0.9976694188389169
-0.3774533994977358 -0.01421592004975838 0.9257728256771516
-0.02662334968009354 -0.3767594666488805 0.9257579581999958
-0.017252586153476725 -0.19826025975713044 0.9798607397999326
-0.010072860840547777 -0.06506706846854984 0.9976590772402625
-0.04869636230243773 -0.3133282245330292 0.9476476503315437
-0.0511918563921005 -0.11208305972215121 0.9919929872178065
-0.002910171134498459 -0.16420618763011038 0.9861285943964532
-0.12943232766617083 -0.22884502712102525 0.9642856725233242
-0.006500887664183669 -0.04849058116551251 0.998569884604051
-0.0035098752311809606 -0.11734567750185718 0.9928158096561142
-0.17472015643808653 -0.35270066948725154 0.9165197635561511
-0.09798632303005089 -0.06800263534352967 0.9918779317554397
-0.07371775488619775 -0.10499610656615739 0.9911232112791706
-0.007970467403467237 -0.08521617557806445 0.9961399916705339
-0.09486676837000799 -0.03387204300760824 0.9945971263922957
-0.14651972541224295 -0.08404192449723016 0.9854322689346813
-0.15463665169997134 -0.03084679924323933 0.9873867169903298
-0.023334941653588893 -0.16298196907629844 0.986260751266661
-0.005758355594112846 -0.008884383435436728 0.9998367800113724
-0.048803184086711485 -0.13340526458346913 0.9897671467639751
-0.0019023899631515338 -0.02866914937604415 0.9995280526332119
-0.062040806654063356 -0.020349595289032265 0.997657895644542
-0.003731549480717066 -0.009913673690551694 0.999940726085534
0.002280779783591192 -0.13786941729349897 0.9897106418893926
-0.04108706972286541 -0.2979070947149341 0.9533868523565083
-0.02007211455077482 -0.11317879987784771 0.9924561603988021
-0.1858298887097209 -0.03988747668435419 0.9816896202153179
-0.14102912151583188 -0.23246352432276332 0.9621829016254281
-0.23943751521362822 -0.0959695792436546 0.9654569214722262
-0.07319477717569303 -0.011142484382335137 0.9966631720957647
-0.13546339240199862 -0.04988522935609356 0.9891086309705971
-0.25846251714463986 -0.17669676796786277 0.9495198237039271
-0.25459943801129653 -0.21171036675369242 0.9434436580235713
-0.23121107907372263 -0.2882498931084243 0.9289115519699767
-0.023725421974302524 -0.052088471055545794 0.9978120182296719
-0.2698641868609278 -0.29937227997624993 0.9150876049254958
-0.12422659164403065 -0.009163714767586584 0.9921388476446095
-0.28386854431011005 -0.23951912756945826 0.9282556943597848
-0.204035578682298 -0.1465828346757338 0.9650021115582263
-0.07265834564254704 -0.3246662945163019 0.9426153198788283
-0.05284742872974494 -0.042149289225136416 0.997693403249167
-0.1993728923496227 -0.253174622348079 0.9445936150880223
-0.06480934694881765 -0.09855212294602998 0.992947344019526
-0.382964242885208 -0.054086843963059655 0.9217720084384148
-0.3779371493304706 -0.013062189266552986 0.9248515117588813
-0.3545602755682443 -0.10356718969874522 0.9238081850333572
-0.035379695891704956 -0.2621689921626898 0.9642953699097692
-0.06416285206459776 -0.2610557291272566 0.9628560387078454
-0.15941413163364473 -0.06300383169598496 0.9848220607362702
-0.15590363688996964 -0.023786685082292758 0.9866518221266734
-0.2674551471480414 -0.009163482772017506 0.9620245195554111
-0.1640738751762094 -0.08084323336656335 0.9808681190248285
-0.0025135098442339806 -0.22302823254912896 0.9746486857791883
-0.0582773366684106 -0.05007328473649116 0.9966853604306355
-0.1437013302977765 -0.2679491528269352 0.952537764085993
-0.17740577089846893 -0.002885646362751062 0.983892634017517
-0.30441058511949504 -0.06034226166227646 0.9503223419665107
-0.23219272984090442 -0.015410340737005378 0.9719988376991564
-0.014583008780743447 -0.12446149071937293 0.9915555063830557
-0.0547632379945781 -0.004651658582396536 0.9982398784312506
-0.14260521278739777 -0.15254364706469972 0.9774257801978118
-0.1338774632332182 -0.16766896968072956 0.9754246909878628
-0.024640688979234295 -0.11553440690314147 0.9926143105696891
-0.042417281470585266 -0.005671316040249453 0.9990834383179852
-0.1428035126129274 -0.0008539801674481453 0.9895318444760294
-0.07737035916032904 -0.361117934182144 0.9267669647317841
-0.0013857001178903172 -0.3739921558252121 0.9263573769044363
-0.046788200306244976 -0.3949380196105096 0.9174243073990457
-0.27247550093083717 -0.1441831278127074 0.9496521493665875
-0.29673835059001424 -0.36571812492797173 0.8820448304749444
-0.23663152787375252 -0.14242287540544377 0.9610559545751067
-0.32918230305785134 -0.3567983400572218 0.8742474563862894
-0.08967458754668385 -0.251870636198644 0.9635527981063523
-0.10561692396500784 -0.14932372965263438 0.9830831372721734
-0.21006076020324915 -0.08487475820125238 0.9739373746044899
-0.3800193832380988 -0.1108621672793068 0.9181508142712596
-0.3702306759606268 -0.15896850629365655 0.9150800562421679
-0.017949346492374407 -0.3939325683713994 0.9187968306389942
-0.29237744896545637 -0.09087108104825489 0.9519652617066638
-0.1507453094022451 -0.11754510984667918 0.9804898405803865
-0.017624831529332495 -0.32174602507067285 0.9457177905142243
-0.00266474359208934 -0.35284370043434593 0.935357835502141
-0.11565964102611866 -0.148533755677881 0.9820090541200839
-0.11979042328542547 -0.1006366918859526 0.9876594161561112
-0.09360916120496472 -0.21174632231035276 0.9716662679233926
-0.02719353709192452 -0.32214513320127997 0.9462318368639422
-0.02167809981196612 -0.22062046682343944 0.9746048564825919
-6.360206335002852e-05 -0.09459482493868901 0.9954757143031456
-0.0020569227115389116 -0.15155345633441156 0.988061925231588
-0.34008949843329833 -0.1945595742051934 0.9172449795946382
-0.01260599709679074 -0.08531188664106401 0.9960185646893104
-0.10941234972252377 -0.37427632815208656 0.9170077137213102
-0.15797722037667966 -0.012443116670208917 0.9871596878010421
-0.06491870892353967 -0.2857419533403571 0.9549134022846267
-0.23537832171395492 -0.017835743819723048 0.970811253601852
-0.1220684045933902 -0.023650028039987874 0.9920918450167884
-0.0034932019284616297 -0.21189592664776846 0.975149213134392
-0.26896412802695807 -0.02877116862400087 0.9612875628924371
-0.03609088125399062 -0.1594106053550709 0.9849989245185072
-0.15782029009658852 -0.004386078216568983 0.9870703123743608
-0.07641087488632858 -0.0853176214316931 0.9934037106435286
-0.3055112224888816 -0.0054022801515114845 0.9516174844982743
-0.05897828873500949 -0.14595568568802175 0.9868929801651323
-0.36956073197792455 -0.19083277939239376 0.9092076173756151
-0.04218843684129342 -0.12119011442698367 0.9917309178750467
-0.24332666651631255 -0.2287555972183823 0.9386104521209239
-0.17716270445775456 -0.24929915162221952 0.9518800356453293
-0.22275360624466947 -0.01636327000170511 0.9747297392660563
-0.2789731349695834 -0.2635231459508764 0.9232974291940536
-0.21953354130886327 -0.05457066916086888 0.9740113623588288
-0.2274028549769031 -0.03145023538874246 0.9730194800179198
-0.0026809108797988066 -0.010517073033942082 0.9998959226636203
-0.24276985004340754 -0.25245942108997027 0.9364112058730344
-0.08749305227915528 -0.08338485783663795 0.992497800339804
-0.061312217587359524 -0.017722034890126845 0.9979323064716548
-0.040615328557026924 -0.009270581796617983 0.9990844263691472
-0.2511188733494687 -0.10588580917171629 0.9619581146573246
-0.14549052995129363 -0.37280821301936473 0.9163804923359304
-0.038681673674451675 -0.08746517194563831 0.9953815141366041
-0.1677139413068371 -0.19744547644028732 0.9656510624666093
-0.11440839077694659 -0.3170781924094005 0.9402253066884232
-0.03646571810804373 -0.05649907569077256 0.9977232533499866
-0.029034908243318117 -0.05372251224293078 0.9979355127914906
-0.3359295668710776 0.0037315653457754955 0.9414160827037132
-0.2536435495783632 -0.0013153830321213226 0.9669114427989809
0.0019539292646744517 -0.3000158252243436 0.953721294037364
-0.0021703102438109818 -0.02579641902035276 0.9995420250018645
-0.17892175858220105 -0.21285935974123682 0.9587996467612327
-0.1674145348280987 -0.33554010047696475 0.9270094302296213
-0.0039555555510623515 -0.19917598354008595 0.979326845732018
-0.04125387575178799 -0.2807578273629565 0.9587282961489306
-0.003207676843859957 -0.04440280739659729 0.998885808023191
-0.005452098105163007 -0.24033356804423994 0.9702219074082591
-0.04971449531204979 -0.07489187994412488 0.9954807101301989
-0.18533369891224394 -0.36766720619465143 0.910841014533312
-0.3872335712914305 -0.056184641775459634 0.9201911559492337
-0.00985181586467231 -0.004965808789223357 0.9999329233758051
-0.0011042147606947117 -0.187282748389048 0.9821178389263135
-0.006061631809953353 -0.27244344273759025 0.9618824957660251
-0.05073176222222415 -0.0013061404753634707 0.9985505933402801
-0.07617760418745881 -0.2850294966811855 0.9535347685276586
-0.21187806475083157 -0.2584448953044868 0.9399074303435229
-0.06345822035323008 -0.14125304837757774 0.987860348914042
-0.0021175794864917823 -0.06962034823381331 0.9974942728491915
-0.32056032603726414 -0.12031698762935088 0.9384666232176189
-0.3101178903621058 -0.056977257913077624 0.948053686670475
-0.3053668546618116 -0.005831624876655816 0.9518742256366448
-0.19457551224126154 -0.24983144939718627 0.9484368025045559
-0.2593329672910921 -0.24361391341228658 0.9342887226882692
-0.05939224353253499 -0.0014746573900054 0.998038458923656
-0.37567539176561116 -0.003419233847370426 0.9264579201774256
-0.21446296461819636 -0.1405690695773925 0.9648543161567547
-0.10478851816441934 -0.001942282966233627 0.9943279820636315
-0.3820776468736343 -0.25754783172078927 0.8873804791247821
-0.32877199252523526 -0.14127866063406044 0.933554780076013
-0.09163763310649388 -0.35958255765308256 0.9280431788066591
-0.057325874440295424 -0.02026469890150158 0.9981331047687839
-0.24339778145175944 -0.10178840496271775 0.9632861008868898
-0.21102320972322322 -0.3723750031532922 0.9037584178488044
-0.00772201123700646 -0.13237710949103837 0.9910943522243586
-0.04616815838328601 -0.04139260153979205 0.9977794982759844
-0.10653306697038774 -0.032213365148200376 0.9924321931288878
-0.27839412513977596 -0.1417154147987197 0.9497331563422304
-0.046499300049405376 -0.18600783887946173 0.9803345461729479
-0.04295949838241496 -0.15232617231954793 0.9872901248291976
-0.030117476122725945 -0.002372071273469958 0.9994268900605692
-0.190069574900063 -0.03299994023113695 0.9799655601637602
-0.006630775065815012 -0.016189436332894457 0.9998252780623841
-0.11719762963441685 -0.027496794643463843 0.9922218940848462
-0.1952854076442558 -0.12632759554545886 0.9724668481802371
-0.0517706922317329 -0.3493574922414175 0.934918989868871
-0.37446706927072093 -0.3076400150552713 0.8743589694001347
-0.02737022158534449 -0.09084732132338352 0.994984135207302
-0.01210815877182642 -0.03953651942393858 0.9990182212456705
-0.05094493563095616 -0.22609164835103668 0.970438832919354
-0.16870877628006958 -0.2912294644537185 0.9411355146222095
-0.0641727473619653 -0.17768746349752002 0.9819169757900306
-0.11418809412169482 -0.2217986546053149 0.9683420810734616
-0.34563487105074436 -0.015197493381158719 0.9377136607192771
-0.03217462757772495 -0.28810279529716687 0.9563395596526366
-0.026228721489073473 -0.1176634756006692 0.9926652566708601
-0.012079856259908778 -0.0007450564650274644 0.9999068454230615
-0.34072636082484453 -0.010679194083444725 0.9398152565907454
-0.02756092516231875 -0.00929551956190865 0.9995493702318122
-0.11524918375510279 -0.0028413482443963196 0.9931353155557632
-0.30228767986538374 -0.11164663236152908 0.9466115750719364
-0.259355939644678 -0.11865231187703708 0.9583589823932077
-0.13239003235215524 -0.18940915377873035 0.9727690287133107
-0.26439811396202084 -0.04988351072119609 0.9623033433751996
-0.0261817298443241 -0.07945810003225032 0.9964696636089854
-0.12171018102382694 -0.34238477724249244 0.931371087741246
-0.3668841833471575 -0.0023328181438238894 0.9291953657512089
-0.001184335417500364 -0.002170113283706719 0.9999921954199278
-0.060851935574447506 -0.03942654860919946 0.9973317032280916
-0.2698984599173074 -0.06887002782950051 0.9593787506174246
-0.26670426809362907 -0.0321804092895127 0.9618228413042831
-5.245890671026349e-05 -0.013955794461856182 0.9998974418503027
-0.005825589113272764 -0.28971988349714395 0.9562236591991395
-0.18783839749217257 -0.007120736386328061 0.9817896060923296
-0.3036345241012455 -0.02720389960071084 0.9519538741757136
-0.08113633375582971 -0.15611923412922124 0.9843977373981682
-0.023303908244263292 -0.0014510549494585053 0.9996233651421959
-0.0023686337935085603 -0.05350078216075896 0.9984664589940005
-0.07629500565966829 -0.21580936431961664 0.9734338948277901
-0.21847686086248216 -0.004293499295097723 0.97559886516649
-0.3672755423036036 -0.038048295244873305 0.9292596838317968
-0.14807205456112466 -0.05630875904323771 0.987326398903638
-0.16938567046429032 -0.027402918670210618 0.9848390702156901
-0.03265161338218993 -0.02948673193921619 0.998472047402348
-0.0509488302842891 -0.300695887009994 0.9519131956732255
-0.0026620968716284253 -0.21224652349842207 0.9761206447890141
-0.06775159096215949 -0.19542482759240384 0.9764985823361283
-0.09055582328868714 -0.09661649744199335 0.9901868260336362
-0.01411463541959498 -0.30645604699957035 0.9513107226153221
-0.10857751789785415 -0.045603191198524524 0.9928523130552249
-0.01068661747259694 -0.3431511275509705 0.9389591788178682
-0.35037224784211857 -0.27679916341049515 0.8947172682770446
-0.049293950521301005 -0.2425461917083399 0.9679367370750834
-0.0961161770047432 -0.1773486296004106 0.9794254414050833
-0.02438165205309362 -0.0495863479848666 0.998441947942654
-0.31669621875981235 -0.2543882751385221 0.9136598597238629
-0.10021457913500763 -0.3115315630827983 0.9448042835205526
-0.3029843787542178 -0.16103591027147673 0.9390603119944788
-0.22702140516963587 -0.1665267351167909 0.9566699879358191
-0.12120402622172084 -0.004520965602681886 0.9923118283123953
-0.09094234302485908 -0.012252314635733974 0.9957492819795425
-0.1867031482174566 -0.15925951706650315 0.969348888377874
-0.0007028684371855093 -0.3816381134474512 0.9240679375723353
-0.22695817795093892 -0.11317894089065281 0.9672181106541261
-0.007977987455073533 -0.038663244857918194 0.9991616379908469
-0.25962254352462905 -0.37059177065235055 0.8916086988727329
-0.34368898599921516 -0.060017055166683105 0.9370798047147766
-0.18592808822851825 -0.01848257311699455 0.9809229501344783
-0.19027099248063054 -0.03879022739814162 0.9803155701936859
-0.0355009293272891 -0.025881276019647854 0.9989924610961068
-0.08680881970571754 -0.010688590971542265 0.9957679216760141
-0.008246057861861708 -0.16673120599934266 0.9858824541731407
-0.19995418847442142 -0.2655271972487833 0.942646256435294
-0.29366977990214893 -0.023074942264177663 0.9552866156370607
-0.17743294741794918 -0.06896102498737056 0.9817093591677767
-0.287791384537059 -0.025824075967136473 0.957297331750398
-0.03414690144925716 -0.002599358678201406 0.9992697789504469
-0.3309591136791652 -0.33057196002663997 0.8838319710059341
-0.010689866238002332 -0.23289692952382632 0.9724023114025674
-0.11991743976442736 -0.21879542493224285 0.9667004153146425
-0.00039473146690792053 -0.28311185134945555 0.9589098659882903
-0.03539194855676344 -0.02008408061663075 0.998950086108402
-0.13924705618050567 -0.30302710858077375 0.9427038188308554
-0.11732995901264445 -0.2464395276097932 0.9609220136350758
-0.17884404070496537 -0.0049137243804233685 0.983277165516544
-0.010993771481985553 -0.01653483009985465 0.999745654835302
-0.3137280110809596 -0.003413803512580952 0.9494021245444367
-0.09445402790170812 -0.11995070485663295 0.9882671357240382
-0.16573163342417005 -0.0028160261969075537 0.9853280149821654
-0.06538299370719336 -0.20788094550893826 0.9758112222964541
-0.37164542135067524 -0.09297984612381287 0.9235716453369348
-0.0960056040698671 -0.0663709900365298 0.9926060380491903
-0.014230058008790389 -0.2790735223777742 0.9595086338053973
-0.2711849252382173 -0.008606085636203863 0.9619759164154955
-0.31370600515944946 -0.03480775137172587 0.9486712687263159
-0.24098048095495886 -0.04946125146604635 0.9686576348278059
-0.003216117312244791 -0.1915365962414269 0.9813805108338567
-0.0029335179587809805 -0.2563090920931538 0.9664572566451547
-0.016721931530080218 -0.17124097142626424 0.9848013122279335
-0.08710643206648126 -0.03310373714076812 0.9956279803153639
-0.17622958594172883 -0.1575863260534074 0.9715575256377602
-0.10330427189415453 -0.0050414230162971595 0.9942138228994539
-0.32766162120357706 -0.2183440930624741 0.9191872491942218
-0.2609758005733786 -0.002137331904438138 0.9638548770961787
-0.003897095656810133 -0.12829122675296345 0.9915807678853154
-0.02010536321557561 -0.2541238175018931 0.9666714050823003
-0.3607745732848344 -0.24079496156397295 0.9009882944869447
-0.26542707217124223 -0.07689440729843966 0.9596372767212072
-0.0031105812606279366 -0.2314894463875895 0.972554324925186
-0.2929946172769699 -0.2091856191820402 0.9279398980775617
-0.21636845825333842 0.002032488161961387 0.9760412982396584
-0.1903791298896424 -0.10234572711287374 0.9762900222980905
-0.012336864291194223 -0.0054756482564553835 0.9999086200686388
-0.03695837839736526 -0.08422261652979099 0.9957366354882666
-0.15424356967365674 -0.12493634325382845 0.9799280323891375
-0.3234092881782921 -0.02791183899128161 0.945218751859468
