-0.018295795860484854 -0.03415482241689619 0.9992267007224946
-0.16406226024984671 -0.006961185993751995 0.9861955431858761
-0.22317104568700438 -0.023469977792238757 0.974331134828846
-0.08616166007849982 -0.05156017968769752 0.9949146061991074
-0.27111196995147346 -0.03949006360281808 0.9616504820201077
-0.002660537942981358 -0.009063391568272024 0.9999404577792002
-0.18183676612645222 -0.11010205109848976 0.9770839925451569
-0.029565839423473288 -0.20045032524645487 0.9790785155763562
-0.18783725162789017 -0.21580362984139753 0.95638683550145
-0.016606032571535992 -0.3054547332640271 0.9520143170591758
-0.009796040183599083 -0.1376682203079169 0.9903130771529071
-0.13788967869555102 -0.0944692878552689 0.9857666053221427
-0.2626088492623975 -0.17436095039920416 0.9488947990299783
-0.253691114086323 -0.3502704650886943 0.9009022682898997
-0.018219665321571626 -0.009893824864343278 0.99973130424815
-0.0033969379781184678 -0.00040293074012154626 0.999986729495912
-0.020965604692794203 -0.2612300323518227 0.9649906939470041
-0.16583742913251484 -0.004502245182343724 0.9859838463366918
-0.004843972307736534 -0.3219440680242207 0.9463596583567919
-0.10911631088155986 -0.2613803485879397 0.9589346399908697
-0.011359605969379462 -0.20886017083459463 0.9773358265392857
-0.08445373135836658 -0.1381448180172442 0.9858990055832373
-0.029862277297839922 -0.28161468447367705 0.958770799285094
-0.0034651879101380337 -0.3325031052313111 0.9428252329072667
-0.11271016388227988 -0.06952970259926809 0.9911331152472772
-0.19636176581157677 -0.06424352547959704 0.9783187177855267
-0.20745812155091875 -0.004152629368248528 0.977592198076152
-0.04106041170566413 -0.1863975972235308 0.9816049180192392
-0.003931277956283225 -0.02561229332096676 0.999664117142672
-0.17354771450736547 -0.0028022945374118475 0.9847886083273376
-0.022363082315101784 -0.003671670680910321 0.999721946666548
-0.30977441447561754 -0.019001298161841623 0.9504943271353737
-0.2573789572869387 -0.003908849708538795 0.9661731582943223
-0.18821327103651722 -0.083383214676876 0.9781606876485327
-0.3710881028723137 -0.039291040258831005 0.9274061576577678
-0.11618353168382421 -0.04063154528868607 0.9923130199211462
-0.16515542890663518 -0.27539942113775745 0.946176583040919
-0.18910665285919048 -0.2944575526554768 0.935987728422123
-0.00034742469892921587 -0.003352823683619267 0.9999860893574861
-0.022295596274338504 -0.2286100008564551 0.9732618945387304
-0.06544290035681223 -0.00436595216482545 0.9977272180354464
-0.36704643967261585 -0.3585174413920985 0.8572756090697946
-0.008115855602836786 -0.11949006429905813 0.9925553199790378
-0.27481769788891536 -0.27202605154182086 0.921870288230983
-0.34856922702436394 -0.09540975465111606 0.9323304941649002
-0.08415345506743684 -0.1519600790235651 0.9838490136516108
-0.30170928813512926 -0.20197796636946608 0.9317382801254481
-0.35772284008425137 -0.1736711554541178 0.9175200203966292
-0.07011198528036908 -0.009538686969052336 0.9974930064933649
-0.37224309754063617 -0.01853059869247541 0.9275480778748988
-0.04597913487367497 -0.3244325493874375 0.944330949625184
-0.05119242025485033 -0.11549799548266097 0.9917207631819559
-0.0037134152809285533 -0.1639711819275282 0.9862521638926663
-0.12263697498383982 -0.21942979720646247 0.9672904930271518
-0.008711580779258871 -0.04654621857110503 0.9986538873625739
-0.15720677664645547 -0.3574222681171656 0.919246604007254
-0.008666470901009053 -0.09719716635489058 0.9950847282114195
-0.09405338529660703 -0.029289884738418412 0.9950501449609827
-0.14626886505773606 -0.09454517691016794 0.9846793465460745
-0.15409765721647753 -0.028254166422123295 0.987496881872725
-0.020961309641270187 -0.15804749322503409 0.987206036824772
-0.0023136278096766638 -0.027434192277395186 0.9995873846884215
-0.004680110075916362 -0.008934497012501501 0.9999476246884972
-0.0017168226144857193 -0.12865593086639984 0.9913971820522197
-0.035306560248270794 -0.30256074304627345 0.9524313222572524
-0.014828326091357674 -0.12147913945600809 0.9923986450228672
-0.1805689966038982 -0.04506430506191464 0.982498409637104
-0.1378993394492554 -0.24943049446719365 0.9584170756222558
-0.2521282654326482 -0.10287983952977371 0.9616588989810715
-0.1281506910628351 -0.04652266500152755 0.9905644553569788
-0.2552215590477599 -0.1769441152615269 0.9504016105749891
-0.2621972224777252 -0.2022343265266071 0.9435625940942782
-0.2286402195563766 -0.2946789407094532 0.9278366408766323
-0.27632287170716824 -0.3094630015419608 0.909522977421394
-0.12851913520297015 -0.0120068739684381 0.991621793187538
-0.06399754655736224 -0.350853739638427 0.9341823190859289
-0.04944334410737449 -0.04294010651672191 0.9978015541526937
-0.20855669429619159 -0.23029218240708055 0.9493119067587406
-0.06079221286618525 -0.10219753752209201 0.992864108837746
-0.3830502652503369 -0.053350269542354764 0.9214630447648022
-0.36839989308648535 -0.012336426810844252 0.9295259344137573
-0.03141129444482277 -0.26825460592400246 0.9627980369569026
-0.16354775639230693 -0.021961190127502736 0.9856502873659667
-0.29232161613723984 -0.01564617426616519 0.9560247148913119
-0.16522471076866357 -0.08259917943507049 0.9818451264350986
-0.1738579372107218 -0.002283480697854941 0.9847676126330004
-0.14245148135122335 -0.16059877479730209 0.976414620395683
-0.06391159844115936 -0.339981727440866 0.9368191184466095
-0.002033194873485186 -0.39347326569865665 0.9188880629130444
-0.03964557176763055 -0.3919876695057361 0.918506370920687
-0.2831185300316841 -0.3792207813664071 0.88072415058698
-0.3298855573394784 -0.3434584325026349 0.8792028573754206
-0.0985414607359564 -0.1464630477032263 0.9842111313500658
-0.011478462102400607 -0.3915635399272378 0.9199026681212301
-0.151998610871728 -0.1097677302771272 0.9817360578742033
-0.11857937466966909 -0.0991223675798494 0.9879184387959393
-0.01938633698483777 -0.23087205341038106 0.9724805819686432
-0.13749661979807748 -0.3677722958601944 0.9176520766965721
-0.12919661519390807 -0.023217259513211574 0.9913452497588164
-0.0007271712610831701 -0.21026455203254243 0.9774034743012241
-0.02929089830365395 -0.15250957681239924 0.9876457046963127
-0.0731058542541396 -0.08824247625897785 0.9934096416979901
-0.28494553586525173 -0.006659474428267545 0.9582098329957562
-0.061218839262705486 -0.1587847507998208 0.9852572668820934
-0.3657827029350766 -0.19239448670164944 0.9105911257465462
-0.2538836595399233 -0.22331691805317952 0.9398818957096112
-0.2162267576580209 -0.017201109905137024 0.9761434803125763
-0.22727565811836203 -0.06140785779541869 0.9718675758731395
-0.22405026367145833 -0.02328698380864435 0.9742795386836407
-0.2635482953112703 -0.2583365359827215 0.929388109389388
-0.08447623624730369 -0.08047256237051804 0.9929962944648076
-0.23217948764433005 -0.09282195645094767 0.9680547073218478
-0.03724969842948977 -0.07432015613954335 0.9964172563799321
-0.11562549958854956 -0.3265434999459134 0.9368632614524501
-0.03764836000109345 -0.0592957331682301 0.9974974986268084
-0.027590200559744486 -0.04976406987654147 0.9982337938915583
0.0017018363045306413 -0.02078939925675449 0.999770198656355
-0.18673324937740668 -0.23704712137351322 0.9514671743884708
-0.0028639642064900543 -0.20722026581353437 0.9781808451507978
-0.006970172334266743 -0.25317914307689304 0.9669567596515127
-0.047626292677938754 -0.07297290771372421 0.995788458735078
-0.18445809447636524 -0.38350736469024554 0.9044119763787212
-0.00900316683171365 -0.004879791222153541 0.9999235962463258
-0.013700740162121545 -0.2802030050324297 0.959660527487674
-0.07390187632726615 -0.2859592160531723 0.9540001692305686
-0.20301861578922528 -0.27478564451010334 0.938733106059978
-0.0029867771332007785 -0.06902229079398524 0.9976098783778126
-0.3030690651401942 0.001718484666033845 0.9529372198549225
-0.23943405268903037 -0.239237300637298 0.9404616934045962
-0.23538675998628006 -0.12391843211136833 0.9634483674875199
-0.060760950710015964 -0.01800829844286597 0.9979640320553165
-0.21078397775508084 -0.3846432378861625 0.8984300117450753
-0.007772414152530279 -0.13395573229490898 0.9909475213003458
-0.04644843063763419 -0.040225785777307045 0.9978443107897312
-0.260429617636022 -0.1413180521898723 0.954858658311274
-0.03220282542467454 -0.0012480782123974817 0.9993573474483713
-0.005538925529855449 -0.014615934112836624 0.9998699143024894
-0.02149941862556333 -0.0873319933039557 0.9957169623975597
-0.0643299366427284 -0.2220882609491675 0.9720377006260855
-0.16193190416521672 -0.29520669243792114 0.941610745174976
-0.02955542574703829 -0.12266747650514426 0.9920076038655367
-0.3382076249962891 -0.01126110875005579 0.940747699129487
-0.2567743184003235 -0.12053520624628784 0.9589102143785639
-0.27066337873747587 -0.04743819680044024 0.9607147520597882
-0.024060507019565802 -0.07582257491949215 0.9967689396309153
-0.12650009952707225 -0.3431301315657739 0.930730438028668
-0.3666932107046565 -0.0031366079928741805 0.9292592389978933
-0.06519488800975717 -0.04056774667657615 0.9969736787474165
-0.2883681889943252 -0.06419434392378177 0.9533264548823018
-0.2083601931528192 -0.004201460927598464 0.9778832482852173
-0.31213761478592217 -0.011254839951492155 0.9498429943482966
-0.06910979812203763 -0.15377194499569502 0.9856066296484605
-0.07635360030084483 -0.21536054961008888 0.9735146153150606
-0.1442002455830767 -0.057337602087547894 0.9878831311780993
-0.18094481528650133 -0.022709881730655142 0.9831776758178878
-0.03955542810738532 -0.03246515374436844 0.9983669466972317
-8.101499276305465e-05 -0.2123348236871437 0.9765439854553637
-0.09156297425508512 -0.09464552945734524 0.9904724074753287
-0.017980806363967813 -0.3087452890043008 0.9503848376993889
-0.006290226088933727 -0.33920554726495167 0.9405389531057945
-0.35636899565585944 -0.2592741537095892 0.8976399101927834
-0.09901165731447117 -0.17617387448680563 0.9793514989743416
-0.02641124417307504 -0.048354493498278035 0.9984602345315811
-0.3033093584078271 -0.24978587151481133 0.9191751462814778
-0.18109455511142974 -0.15689473845839122 0.9708390247818783
-0.23197362366448862 -0.12766345640055204 0.9641897981856044
-0.01001368593886786 -0.04556827794853232 0.9989075997725
-0.17670815846911653 -0.020330723828787818 0.9833185649830668
-0.2009100990147136 -0.03557183442487369 0.97880779032364
-0.19231019065352944 -0.2573451832258088 0.9469899680547567
-0.2862443345930383 -0.022342448010456078 0.9578334245003598
-0.18373640481890352 -0.07029641397682039 0.9804352022494074
-0.33088223962301044 -0.33096665816996956 0.8837128906987305
-0.01213040282324596 -0.23016732205665505 0.9730664024549278
-0.13094043443627304 -0.21453818497875018 0.9672915222335237
-0.15166370424905742 -0.3185233775456492 0.935449019232415
-0.01470649461331093 -0.018497281381558425 0.9996970409960392
-0.311231329929259 -0.002348919228945958 0.9501582800748293
-0.09819506424052203 -0.11722657498486218 0.988175478769434
-0.17341024916615572 0.0026010956668512143 0.9847989231095731
-0.0944014995790516 -0.0664088124032947 0.9929751522803962
-0.019379114727878774 -0.26828830359887484 0.9627233040609693
-0.2806763869615222 -0.0042281493563430484 0.9594074493574001
-0.006334790145531731 -0.197247211508866 0.9802402090451089
-0.01665923860466103 -0.17962286184298512 0.9834399126372707
-0.17242548644057235 -0.1510427467954309 0.9731860688916505
-0.32829719476852437 -0.22782908805773502 0.9166712272500228
-0.2563362736376955 -0.0011193543926871245 0.9655043271310901
-0.0008040389307599484 -0.13239105376149707 0.9911965142614797
-0.3493667742097262 -0.24816985715102632 0.9034000510424298
-0.27009736987533045 -0.07709525235046284 0.958533598457547
-0.0005579076397195979 -0.23153250960314656 0.9724998613552157
-0.2179361520987415 -0.0009629736288482405 0.9759048128341745
-0.16142305322240472 -0.11924631449794625 0.9792920343377034
-0.051681840355149174 -0.3751067825751469 0.9249756080664121
-0.32778785487532724 -0.20300578075233042 0.9216361073322519
-0.2859594487487989 -0.245073648540935 0.9257618763500033
-0.32946339855834 -0.24580480844438005 0.9109692875923685
-0.017690086484595628 -0.3971529030759735 0.9174202355237725
-0.2360232262226588 -0.38286875453591657 0.8928841706016808
-0.2638704444936762 -0.381306861991358 0.8858277351287157
-0.12063347401766107 -0.35634330049531504 0.9260529407861238
-0.16883260699818656 -0.3395269826472396 0.9243120999787836
-0.013669923514374233 -0.2023071431197282 0.9782610909142773
-0.01430673884685691 -0.37605464223988405 0.9256963321792857
-0.025127542590228567 -0.3635745105073922 0.9303831307711312
-0.31312772445541925 -0.08464669253176772 0.9457828002479197
-0.40171444937867556 -0.014118983099560124 0.9156241822830075
-0.36179543347132137 -0.0029600222276664843 0.9319685306656385
-0.2689909455028689 -0.29159037924099657 0.9174922177609552
-0.011151975800821159 -0.22263663230925923 0.9745291826323433
-0.11872398914777506 -0.11858950608236227 0.985709448662091
-0.12166979509571413 -0.14963576120761504 0.9808630340063735
-0.13964096951332855 -0.13275720947678546 0.9802764422969744
-0.08796426047049241 -0.15045643617566135 0.9842743588251618
-0.11268180000957942 -0.14673234921808775 0.9827278354439063
0.001296070358000616 -0.10206706008745693 0.9947560330768819
-9.307832417539038e-05 -0.09050650436992567 0.9957016870148316
-0.04263271994795947 -0.005486062996198582 0.9990749013391538
-0.023023762893082802 -0.005168189684544478 0.999721138521619
-0.1626243926007839 -0.05388079749550239 0.9849606759005942
-0.25386701461152666 -0.09832271102701849 0.9620379600188063
-0.25783853118879624 -0.12003220973208777 0.9586880115686068
-0.09846950611100456 -0.391812014973621 0.9129783530195043
-0.16891178421387293 -0.09246935222583073 0.9806292905850278
-0.12595152285316666 -0.12211542397813012 0.9835621119443773
-0.3717347497477942 -0.31110638125103685 0.8740866304394052
-0.07021968272921313 -0.28620896958368536 0.9555134134592287
-0.35358567290419857 -0.03573270189715279 0.9346963406021248
-0.3480664973452157 -0.018140857843730148 0.9372921118770019
-0.3556675266383904 -0.02985533095685402 0.9341333419798606
-0.28079167070601735 -0.029735887682878447 0.9590696547386575
0.0007381588650739354 -0.09234990143041358 0.9952721655441561
-0.00017276478264773663 -0.12659648482889202 0.9918756444099096
-0.0008894419432055662 -0.08969884084341564 0.9959024032277145
-0.35325210550652836 -0.11148495686218286 0.9286422384278593
-0.37147062365026035 -0.15463705445409837 0.9154488628819177
-0.0029684454949760576 -0.10268576208343529 0.994693991825568
-0.26881755952498815 -0.11561775540468894 0.9558577998624577
-0.21415574773725748 -0.35694795980196387 0.9088100420116916
-0.11384826803755474 -0.04404927161722447 0.9923367689824019
-0.0066494901426907 -0.12204333223086591 0.9921644794232491
-0.014051182247551796 -0.0991893459646839 0.9949198822920536
-0.007766418854253545 -0.06445948394930143 0.9978249336930569
-0.18398916945522598 -0.1109128743977373 0.9765486634357432
-0.13732508400266438 -0.05109300213275649 0.9890795055787273
-0.14833211886249933 -0.05229844119477806 0.9875232796539591
-0.004530241586353738 -0.03573204972558061 0.9992579551085116
-0.27901857900916077 -0.01528057634456984 0.9596484038992275
-0.02609134326776112 -0.3114076631186803 0.949479619091938
-0.019751856790244125 -0.2782352823619702 0.9601829133241877
-0.1634996349212087 -0.130489800022252 0.9778258928690026
-0.007799440794925481 -0.19655327837967945 0.9791813476420447
-0.0004446981191359823 -0.16402726256926517 0.9863336612985495
-7.660208187522242e-05 -0.11942295695704805 0.9924874986667703
-0.0147736118921604 -0.08681570507396832 0.9960418857450835
-0.022684704366288114 -0.09056216602499809 0.995213985929309
-0.017302555348232232 -0.0625420245343156 0.9976127623602504
-0.04663859765808685 -0.13822664104645518 0.9889869609291206
-0.1578404844999864 -0.05156050094764241 0.9861101256774915
-0.17946445997033547 -0.0571301787765101 0.9820629253456854
-0.028979217364249653 -0.08294745722678323 0.9960618861109659
-0.20146308951883196 -0.030600322672532675 0.9790179013905594
-0.17112613334536853 -0.037496547254709134 0.9841530677888812
-0.19072698150466288 -0.2577334568542891 0.9472006871973545
-0.19778694005363756 -0.25295231993165085 0.9468650222304803
-0.20342761184977312 -0.24611319527769968 0.9474120921659399
-0.17681333230040278 -0.12081808920645626 0.9767368993787209
-0.2180280213322046 -0.02199392163352012 0.9756938116293911
-0.23996749899818368 -0.004134538881357614 0.9703350416767385
-0.08397800579443675 -0.2070016207691894 0.9745465660992736
-0.12075977129725571 -0.2572685562863933 0.9585060847044423
-0.2558843678187263 -0.274879083100861 0.9264515262064268
-0.11389292586632364 -0.0922428896326595 0.9891043508124593
-0.10792873305298478 -0.09197837592752202 0.9898944683873375
-0.10301775859758701 -0.08320483340882624 0.9911679455130198
-0.28911160570984135 -0.2686288001101538 0.9187725195085328
-0.2773141852098935 -0.3139205950227362 0.9079713778504372
-0.3153975252833474 -0.29962531685335264 0.9002876529578667
-0.12994354277761017 -0.017285666242152983 0.9913600013565568
-0.1500017666562589 -0.00962946264511775 0.9884625642729818
-0.12640212600393583 -0.007563150013643825 0.9919448091517848
-0.12362490803979201 -0.001962451461806905 0.9922372435173218
-0.195966775155907 -0.11640709119548184 0.9735796712473905
-0.13352682063816498 -0.29186622261226136 0.9469816677969117
-0.14119536528503002 -0.2894525636788718 0.946473915539597
-0.2834324632061118 -0.0309288559954781 0.9572156227116138
-0.1325594412703872 -0.2549457213980002 0.9578005260188364
-0.07340850930858783 -0.2627797351722396 0.9617785348500204
-0.09363295843195887 -0.25566386573999356 0.9621195163234337
-0.2203659921388238 -0.03821096053079341 0.9745834800433657
-0.2417773253221957 -0.21864602045019388 0.9451202708602258
-0.22837425666818895 -0.2443753651688778 0.9419398050366036
-0.2581635753343267 -0.19605197119998125 0.9459109063965017
-0.101471627793596 -0.021563537592203166 0.9945644200158734
-0.1141089376363025 -0.056724808529070615 0.9917959783103478
-0.09731386280952066 -0.06236751152102453 0.993168245830513
-0.10448065527423404 -0.046721994657330686 0.993406192081994
-0.1376649839809655 -0.02701881302022835 0.9900040311973729
-0.16765472491208674 -0.031053517183787075 0.985356515370475
-0.14751229930855903 -0.07230277178630687 0.9863698353319127
-0.012886585318246145 -0.306642416363342 0.9515165754873358
-0.2925854489449634 -0.0058306460848493455 0.9559910577418006
0.002717536731362108 -0.08058644548894907 0.9967425718047752
-0.14127001440428605 -0.23993777482940526 0.959944589382226
-0.13257702633341237 -0.2682217978502792 0.9534137211171114
-0.01598746656207693 -0.00448265433239904 0.9998570021160822
-0.019410411054416474 -0.004089194731801781 0.9997702252828065
-0.29928596723272666 -0.05255851098228069 0.9523015710967349
-0.29315968395062936 -0.034627156703330816 0.954832795652631
-0.04646214790693365 -0.3938443222438527 0.9177089459518776
-0.006621819841695859 -0.40041828912382965 0.9160941458605871
-0.10549779550756437 -0.3918976294267232 0.9138386895965576
-0.04558772511844222 -0.3359865050933954 0.9406171160716864
-0.03946972499094488 -0.3248050087632528 0.9447177629555326
-0.35731452897385657 -0.06037393248137083 0.9320064691831188
-0.1519265711496392 -0.18904601552321632 0.9693013455210535
-0.02323661456979888 -0.2791881501939964 0.9593160857758422
-0.20589193892344113 -0.11178733931693717 0.9718719189309494
-0.19606326131984655 -0.10558123846519207 0.9748837658801826
-0.30210214703409033 -0.2483582752609053 0.9201990422059232
-0.0024184988687557464 -0.1985938614837233 0.97994253096508
-0.001963157228446283 -0.1662251822366058 0.9856899778132457
-0.010328524252433132 -0.40071964859968207 0.9158553448611896
-0.056776485401485145 -0.3007985180034713 0.9517459928244669
-0.02828544138115847 -0.3954917726777595 0.91802163766585
-0.3689302580018535 -0.12362725598808823 0.9203009947142138
-0.3566975192286147 -0.1003114580378518 0.9288164998925963
-0.23657149403237362 -0.0020163728988434886 0.9716104705366112
-0.13723117694645764 -0.16145638844540608 0.9760906410441504
-0.24628347394205144 -0.051866428594459196 0.967734297429625
-0.029526797928216164 -0.22814174066923645 0.9731564110621893
-0.0401281297782858 -0.23010430259744838 0.9722991083933012
-0.08424177902561739 -0.28213106085110373 0.9547852787879264
-0.17302554493902858 -0.27582410080908554 0.9446226188806306
-0.14587833544708875 -0.18467281122968324 0.9709069983405264
-0.15153813391467727 -0.21449545007446605 0.9645424134826973
-0.2245297191483393 -0.15206561021809395 0.9618940920096944
-0.21367080006168024 -0.1227783503948374 0.9691590384454914
-0.2095071462595544 -0.09218623532552253 0.9729516386943793
-0.16055936828013803 -0.10640248601671393 0.9801110537184556
-0.09218741566531213 -0.22491616791740318 0.9685623955118214
-0.1419696007613034 -0.21563567127476266 0.9659882838136882
-0.06424219437920053 -0.1882367858735415 0.9797767805082547
-0.39872543197126403 -0.02178800207554299 0.9167845857140966
-0.10057717325336867 -0.10655230482941026 0.9891299701894909
-0.09345042494746998 -0.10557277781596187 0.9899753661184273
-0.06636088653641463 -0.1256767923786535 0.9898116166945333
-0.04515824539447917 -0.12796204993122928 0.9904874799843346
-0.03544790464986045 -0.11089980515554589 0.9930423833350086
-0.03112933606491521 -0.140128464442781 0.9890084068841555
-0.33109325460683964 -0.2840201667062152 0.8998233659838584
-2.7619985177164234e-07 -0.1743591437842923 0.9843160983557775
-0.36515697371477673 -0.15827995572112113 0.91739168792475
-0.30153023275297686 -0.09988049105203019 0.9481822114097223
-0.1252941548012894 -0.06795782238923008 0.9895144692019179
-0.30871016005241714 -0.012136396202062883 0.9508009022253161
-0.14887338494410055 -0.03294743310081749 0.9880603543150399
-0.13204417262181387 -0.038026016587586406 0.9904166445401982
-0.011931240748296986 -0.051084118350341046 0.9985948151811317
-0.023044672920310115 -0.1781014173113822 0.9830284218058655
-0.07282517602236704 -0.13268574066257768 0.9883624743284977
-0.06325721043237093 -0.11884627789313093 0.9908780377340747
-0.04796880533497103 -0.11906756715624199 0.9916931169085265
-0.06722389020995066 -0.08894395369176028 0.9936299211807278
-0.06956091723100287 -0.07550563995550916 0.9946923971618955
-0.18175576544106484 -0.07858682221159391 0.9801494541816153
-0.19655215272923957 -0.10831963119331676 0.9744860423555471
-0.16416085164898991 -0.03301714668495504 0.9857500793977141
-0.2324016839573153 -0.020478975858722326 0.9716756754441148
-0.21586954543104483 -0.01625606852215037 0.9761411476137645
-0.18199086791353108 -0.005340553654070849 0.9830895990383497
-0.03457767803376271 -0.11178768112974623 0.9928867268234061
-0.025224756024400156 -0.1609976131710929 0.98659752921983
-0.045011204659270505 -0.08567755174412434 0.9952727053023376
-0.037212858562072064 -0.06475285691453546 0.9972034153546666
-0.060164464277776455 -0.061412484979593965 0.9962895999497141
-0.27006940377484356 -0.04878297528437489 0.961338907372455
-0.018901231460190418 -0.11415355548482618 0.9930478776821966
-0.023405340764279862 -0.14737186316192855 0.9888041364794947
-0.08496140018790362 -0.11712208982444326 0.9893413396939457
-0.21854734385112828 -0.17837163798158256 0.9593790075071221
-0.01386214835526774 -0.015010049351546997 0.9997827227857785
-0.015575153942577392 -0.09104852466747486 0.9957228856433804
-0.23883973740654918 -0.033859325505477 0.9700000821544745
-0.26598071591674904 -0.05114957739250038 0.9626135499502356
-0.05974227623478986 -0.03413036934299091 0.9975680305063598
-0.06485599561560275 -0.05003231977430473 0.9963657870484808
-0.0487733344385079 -0.0555983543903712 0.9972462292533566
-0.1576746170204147 -0.005396574655616819 0.9872386409104259
-0.1730237795354534 -0.007956140697752214 0.9848811634758745
-0.2583562175418676 -0.31859545977441905 0.9116692946604535
-0.30325188681613635 -0.2801495153876016 0.910435154343685
-0.21629604329874672 -0.23129610730820216 0.9466858359777293
-0.0990442486949799 -0.3207110128785786 0.9418746868197659
-0.03168118489582531 -0.012053512705557644 0.9994007529888776
-0.033859078287483683 -0.01621251170471072 0.999294939900614
-0.07860537139984061 -0.04114422945773751 0.9960119258268892
-0.048242225481729885 -0.10651070513478023 0.9929753830210807
-0.3742553441879837 -0.07993855180347932 0.9235736494205496
-0.017947696488478136 -0.02039687948211313 0.9996114583005116
-0.1574890234683294 -0.239932264032301 0.9578873654897895
-0.16331615263994012 -0.24957417855852607 0.9544078607500391
-0.25193664809664346 -0.055419269141504426 0.9660402447235501
-0.18398089575122686 -0.09925751019411286 0.9778451605393469
-0.053122826323394254 -0.2684974957269623 0.9614934584421664
-0.06291585218596296 -0.22603243606241202 0.9720004414511462
-0.16711376956324328 -0.2280397759401286 0.9589658190215299
-0.17220495560534269 -0.029213380961885048 0.9845065621771834
8.670623928586424e-05 -0.020056489501951297 0.9997596336586091
-0.08533050174456121 -0.03199363039898672 0.9958388413463621
-0.14085791124057637 -0.06096403768554499 0.9881217453146977
-0.0027943187596396416 -0.025056753689991943 0.9996712626074998
-0.15404060840032602 -0.05603857052300762 0.9862983432090872
-0.17239287016058802 -0.03247923446738986 0.9840606011321829
-0.3838194012696945 -0.055154051721432534 0.9217274672212645
-0.38288239092355086 -0.32476126487236595 0.8642834286020109
-0.12486424251048427 -0.17192202502172593 0.9771038353299328
-0.14150348766959153 -0.16654966407757243 0.9756721982186846
-0.38144338327883964 -0.04603272164394555 0.9231545495543583
-0.0681901305469221 -0.011822914613413843 0.9975979283178222
-0.06055017398035916 -0.0073446797889694234 0.9980939843109272
-0.01945132171719883 -0.30387565195685 0.9517912121390885
-0.16043416744647765 -0.0023945945094978626 0.9869151373166283
-0.15423266393319066 -0.0030785051607289384 0.9879528912336155
-0.10083315727964966 -0.04811816750223995 0.9935295214455594
-0.07099718030058105 -0.04982567915996937 0.9959101640316707
-0.17394333471116039 -0.39282851594436186 0.9026260937892844
-0.18223471225088417 -0.3990721851346429 0.8986258765264763
-0.2741435575198069 -0.0572245386163708 0.9596019434370289
-0.013360243827855502 -0.0098746749828174 0.9998597740917823
-0.0181317817578868 -0.10141015316279257 0.9945365942785515
-0.014251187176313752 -0.10664444059324968 0.9941534388691818
-0.020669841378811154 -0.10916038537045956 0.993805282538602
-0.0005483196117404022 -0.20900700841101125 0.9778916763035852
-0.0022099426375903615 -0.19718326186116275 0.9800074010442713
-0.007251938251327974 -0.24548531362240403 0.9690603963332983
-0.008148196693461604 -0.2527104144862213 0.9675064141713494
-0.0005509610717762294 -0.16788527243555607 0.985806179566289
-0.0030243584388427733 -0.1712508166854771 0.985203467984231
-0.0018417624127697616 -0.1972404980028413 0.9802117673517006
-0.2733196444976193 -0.09593161096842927 0.9567607661052805
-0.2757815559056384 -0.11088074960103873 0.9534725159518194
-0.2843928872627503 -0.38830029542795863 0.8765518428380863
-0.28332961373375054 -0.39021188798191453 0.8760353367898897
-0.36378470640590777 -0.18701682980642284 0.9124535616738251
-0.3615195671995305 -0.16610490266390862 0.9173819492249738
-0.3884423843477462 -0.06375243284787342 0.9188654602255606
-0.39356854076073366 -0.09241897065887628 0.914528028907316
-0.39368812505482 -0.10281414281841547 0.913448156331948
-0.3736450285178738 -0.10131016901402913 0.9217826065349695
-0.003781682698938331 -0.0674221520167137 0.9976800969494724
-0.07059178417723026 -0.07403378671395189 0.9946212462868667
-0.06715502789225943 -0.0802781046537608 0.9944171231761422
-0.09815580792449546 -0.07764237623857384 0.9919698208983218
-0.03796165436456635 -0.003573236635156307 0.9992110858786959
-0.0939116754432476 -0.3071616646852744 0.9466785136770236
-0.2594255937964953 -0.24620539862971066 0.9336267890140045
-0.2719465531200754 -0.2510584446035818 0.9289856756505626
-0.22768342263162686 -0.10029546341447867 0.9673077483460341
-0.25433002640027325 -0.14574269691873026 0.9556837050840198
-0.22931416353603343 -0.10669757393372883 0.966561922588772
-0.10836624401925819 -0.28631658674752797 0.9513922541012364
-0.09853437052303891 -0.2972467442290112 0.9494035472391845
-0.1466051504370835 -0.28614850516205953 0.9460746338614737
-0.09868221715811237 -0.2927307292445933 0.9504580595597418
-0.21960306584773712 -0.002246038565240917 0.9755446859561507
-0.3116064963763319 -0.0014919496499435098 0.9500877261333388
-0.07930267131648114 -0.10672605365501463 0.99109475502986
-0.09222510109241468 -0.16711699325272494 0.9815754205932797
-0.09543613761034482 -0.12938050697678716 0.9869676589266759
-0.0011416792456281802 -0.31397259892960144 0.9493430927976153
-0.007861654047916743 -0.31505502632239407 0.9486956251124312
-0.022333630986204625 -0.31133092217215413 0.9499551034612097
-0.06630658048576596 -0.014155015834780743 0.9976862194340672
-0.11305545697912063 -0.10991350537807126 0.9870743008993262
-0.08707770849254871 -0.12170275324137424 0.9884734752041453
-0.06907153545616415 -0.1079039116976145 0.9916179679959998
-0.05037349300510583 -0.09332640241367625 0.9941296599996747
0.008046672676108058 -0.3120705969038328 0.949996267531066
-0.0004342778353407684 -0.32151401531428714 0.9460409609561611
-0.03762157046346948 -0.311225375310775 0.9486499093859374
-0.39393127398656425 0.00024764342227549737 0.9189121348155923
-0.36385405131383336 -0.005660517659218518 0.9313167318289184
-0.398030876326753 0.005628969661559226 0.9173542803680061
-0.3912374509758629 -0.00395172357277748 0.9200062344799234
-0.28906616414567443 -0.15686416206884704 0.9441965405244839
-0.1947478109745815 -0.031315062348666704 0.9803201961351726
-0.15952189416801968 -0.010840073181277199 0.9868468569609113
-0.006149183487256793 -0.0012087296668238435 0.9999795237483622
-0.0029525285478739656 -0.004096337769071964 0.9999818499226177
-0.3011957035441757 -0.15584983302243866 0.9407399808002499
-0.293628433491341 -0.15718182489248778 0.9426924828301433
-0.29770830910012086 -0.1213966879731486 0.9468054686374955
-0.008400608169829696 -0.02828409988855339 0.9995531093728341
-0.0011863009389509933 -0.04204945481904019 0.9990870924306033
-0.004815274990296528 -0.25175792857088386 0.9663904010989888
-0.0064054588694986815 -0.008278341867267263 0.9999366957856843
-0.1204519296455792 -0.21074929196504133 0.9700849085724123
-0.135150021338119 -0.2035714017832197 0.9695418237125037
-0.1252394720237131 -0.23152236801660248 0.9639756487998831
-0.16585101818397616 -0.21270243547682097 0.9625737921891191
-0.2980195888538447 -0.15322377787877253 0.9413653847356253
-0.31043725594021004 -0.19901194107907424 0.9293218005692436
-0.0005406911231704833 -0.0014353307212696242 0.9999984306415853
-0.0024892960774880336 -0.0007477054700788806 0.9999949632929334
-0.0010607430713384907 -0.0013789094834526505 0.999998269081941
-0.03009206866065807 -0.11281477287978428 0.9931086065321815
-0.29233288781804895 -0.001068833555928309 0.9561430879593218
-0.19341969355606056 -0.25082514302671455 0.9483015903134869
-0.08142138531098386 -0.01104447799326505 0.9964659978136482
-0.17799319449263662 -0.1867200746889298 0.9651440333353094
-0.1871568023557046 -0.33130123589134514 0.9245824814188897
0.004024757315562199 -0.36096370441280023 0.9322667958764209
-0.11017096056879752 -0.008968750908819698 0.9937186442951296
0.0006606860159446478 -0.0497546372393881 0.998713140631722
-0.03949475726046197 -0.31568343658879655 0.9479777771948169
-0.1510832200942272 -0.29614984270294936 0.9430637167523119
-0.1843119306500165 -0.31132253363513057 0.9322497701177188
-0.027223801803642617 -0.19353095425484876 0.98060116640836
-0.03447769420942185 -0.16139530734149157 0.9858832416572958
-0.250969472765519 -0.14094112295134395 0.9574990440607631
0.0016303167153373995 -0.21473401845818502 0.976664857029128
-0.008058233739245434 -0.2243457905818417 0.9743018882806218
-0.012876735718642819 -0.21868919331053832 0.9756393042635368
-0.0038144059921672623 -0.3867417239432228 0.9217304624286844
-0.27357340691776677 -0.23941160679197662 0.9309195619345743
-0.24308262917929785 -0.21815705079437803 0.944744508103601
-0.04049756075298329 -0.10473146274980127 0.9934491612274926
-0.027887253578129864 -0.03060172702009256 0.9991065256218362
-0.032655362545249235 -0.005886306123692131 0.9993303442445127
-0.06024528784194431 -0.3032381492499993 0.9505113161336818
-0.004484498152731453 -0.3516920065439426 0.9359226400690696
-0.20222836740292746 -0.15419025591073302 0.9669950667491634
-0.16804929264050197 -0.15340023004049938 0.9737469998027568
-0.19621898308561983 -0.014653790324665957 0.9803118941783672
-0.22235023739703183 -0.01625169015150307 0.9745081768995167
-0.21838857575297677 -0.009423036338305135 0.9754300268740115
-0.07945812536640232 -0.005864632173951043 0.9967777326440042
-0.01478304031747566 -0.0025489072852663873 0.9998772531013737
-0.010771980127595646 -0.1489613085684658 0.9884804067041352
-0.14264263801405652 -0.018714792858957243 0.9890608608960527
-0.08749995200243615 -0.22102537786103238 0.9694902966346001
-0.09455425810216586 -0.18841553565272237 0.9765780922423136
-0.012963612799391662 -0.085269063766406 0.9961895425970202
-0.05405205068795548 -0.04740692010616777 0.9973763217438164
-0.0024308310902291116 -0.26715281169335503 0.9636407604662082
-0.004431092240701397 -0.24559305723699298 0.9687796762249365
-0.05846038501636028 -0.27766670858736303 0.9583759753683794
-0.02625760087680206 -0.2135443290405789 0.9761073617275847
-0.08931100535550816 -0.0685855312383104 0.9935275839114496
-0.0483233428835314 -0.15569689425501684 0.9865402286428441
-0.10488506363986591 -0.3371402788219839 0.9354753519566807
-0.10214164895295344 -0.3138714250644991 0.9439287611579219
-0.27834817282906194 -0.19036091787053358 0.9414008407956663
-0.22846141361935088 0.004610407618092673 0.9731622772386777
-0.37709671792682425 -0.006067135756057296 0.926073523344414
-0.3315105503006939 -0.006418215102509941 0.9432634851844321
-0.25750863311410516 -0.007136316048352036 0.9662230892768372
-0.2491544276114709 -0.005017507673860043 0.9682124195103854
-0.2213329566514089 -0.254680972470335 0.9408912433335623
-0.3568540591625458 -0.16183054862607732 0.9199794798999451
-0.01699703882478303 -0.19366753191427374 0.9809151276094151
-0.008906718745868002 0.0006840816742156584 0.9999455751915349
-0.011892793381439342 -0.07242355403241862 0.9972359567361796
-0.00028269945594774763 -0.03817071320396348 0.9992350123176543
-0.0010264983477026284 -0.028870016270936757 0.9995654276794821
-0.22811802108914625 -0.3198984654126181 0.9175618120995349
-0.0632870293157522 -0.36142287149687763 0.9301065388931092
-0.0742268527723227 -0.41264746085760995 0.9078169671265022
-0.10925616370121087 -0.031200099402514943 0.993357114493694
-0.029463531230256364 -0.0009634219627516624 0.999528749652115
-0.01613253275579435 -0.002056314574412617 0.9998318170501247
-0.006872702445247121 -0.0009736022960088867 0.9999630879587266
-0.04216374746561138 -0.08423497349023758 0.9955495839663863
-0.0361991365753644 -0.059609378158734745 0.9975579002969887
-0.01694862789438067 -0.21690948330326792 0.9759268160385591
-0.005536843702253738 -0.21330747205176168 0.976844471307644
-0.01031752524489716 -0.19025108947549016 0.9816789092524314
-0.32681504587356347 -0.3611510152223689 0.8733470430127452
-0.07295721738407925 -0.025944983581970053 0.99687548757926
-0.01628376658942013 -0.07358458989459779 0.9971517224650039
-0.06538646279700863 -0.0003297055999190944 0.9974848227150922
-0.06275398259559786 -0.006813005011266539 0.9977578066418509
-0.1049199119724271 -0.2680456573757526 0.9573356702312124
-0.2677889625960426 0.009903007268213988 0.9632665332009513
-0.08135794295710497 -0.007238262274406684 0.996655053175698
-0.3496781088661568 -0.0013799355579476537 0.9367098818656349
-0.01744446253695902 -0.011045431668496733 0.9997619723683075
-0.014457891098760419 -0.024878138478570903 0.9995672648991933
-0.19220346104720404 -0.12059976072870188 0.9730945484431592
-0.011025414467570056 -0.27931356608626423 0.9599768956364837
0.0010090127243915566 -0.3699841147707994 0.9287918182310966
-0.00879177217009634 -0.3498320327446029 0.936360735426494
-0.3097317919882228 -0.1742839769969159 0.9345575249067202
-0.10410911282498765 -0.008131000219679147 0.9942414965699188
-0.07333671158837822 -0.010940741319734527 0.9969726753298497
-0.012044375423946846 -0.03396816778747887 0.9991272714733754
-0.004133653034401811 -0.042816168471185814 0.9990562402115211
-0.02974914157474527 -0.3222431371679141 0.9460869018292214
-0.02011747752813482 -0.32401814011081465 0.9458367898938503
-0.023972920742493055 -0.32853919663985853 0.9441052431428393
-0.2591000654338015 -0.13990301691031823 0.9554895701963578
-0.15005078008616948 -0.029008648707954356 0.9881905777262974
-0.09323189894674051 -0.008934303237362816 0.9953349375571063
-0.05265983428975552 -0.011927712811362188 0.9983755032849397
-0.10441427407717398 -0.235466231841564 0.9654724533746298
-0.0006334014292164983 -0.006989649389233789 0.9999721163225188
-8.652795931452835e-05 -0.012566348318050697 0.9999056868425414
-0.00014589322073929644 -0.009996533657714088 0.9999460115920009
-0.264608874085377 -0.13144342164761863 0.9551408982708417
-0.2614068869286889 -0.10816171514620423 0.9588560535075734
-0.32666988086769744 -0.048433387725016055 0.9434171516932361
-0.33537300652789614 -0.015599680804389972 0.941937592783514
-0.3034895459952017 -0.01865942318728339 0.9525732764918315
-0.329012649728506 -0.018275642922129395 0.9437362923920593
-0.2934160628752407 -0.0016015045755075478 0.9558291674043952
-0.22576313077461346 -0.014333380880129042 0.9735668675605531
-0.0071448156462454 -0.17638734892382082 0.9842005375616908
-0.01155642420503902 -0.17598458261135394 0.9840700129919645
-0.043088564040095576 -0.18164258755921198 0.9814814788246856
-0.028749524100544585 -0.22898275676129937 0.9722519811597032
-0.20892081827999748 -0.1962307939018771 0.9569514381824669
-0.22901688693476752 -0.3571079284154564 0.9053853250333551
-0.18914716441301427 -0.26770171997693787 0.9446004681322835
-0.18297265683079278 -0.26334060409108373 0.9468271729476593
-0.0659001279667718 -0.35880462465933904 0.9310717838746526
-0.32444672505884414 -0.033895821865042274 0.9447698771247081
-0.0018058252158332886 -0.1616880895995451 0.9866432688510741
-0.2359799822492487 -0.18367233514972903 0.9535843928569702
-0.014075984548373674 -0.19501518550354624 0.9803227742603081
-0.0021331447824942933 -0.01835141221807024 0.999825128015123
-0.0007388446542582771 -0.01710130274476655 0.999845583955056
-0.34346309164312044 -0.21616979974126707 0.9130731618171933
-0.15350893378312497 -0.2910062935823356 0.9442998531798062
-0.2912371605874399 -0.025219425498655305 0.9563171003432311
-0.0432788990298051 -0.1347331892159456 0.9898581859369607
-0.003236298728165791 -0.04636800023014904 0.9988532425345181
-0.04725354827420141 -0.0017085547345017794 0.9988571667870442
-0.2755913315952113 -0.33716309225324165 0.8997672847674997
-0.07389667829460052 -0.2681990460629355 0.9603669387020409
-0.01244254115948497 -0.029916728228908045 0.9994657792187024
-0.017962177130093508 -0.042154208954002126 0.9989318445616602
-0.0011323430728172256 -0.015139188135103175 0.9998435991391466
-0.013141097722811806 -0.0028453153379740053 0.9999089293429065
-0.0073005168226277055 -0.23882993073213737 0.9708736523083779
-0.0023755210191413745 -0.20646752667523582 0.9784487591021822
0.005415284865340794 -0.38428751682392687 0.9226279063485728
-0.25814150664781477 -0.007650009059232821 0.9657892486858977
-0.25262569518418265 -0.12606110534443146 0.9593167561858509
-0.02140721017221073 -0.24318835126005894 0.9694505086642593
-0.03328089056354711 -0.24341415048756845 0.969350896750779
-0.005006993922656233 -0.014577252477027422 0.9998803567344594
-0.018385517706280368 -0.3731366943554154 0.925900839618545
-0.03184119551749545 -0.06535004301276365 0.9973270456105293
-0.09557163319620511 -0.3049511813151488 0.947555292016133
-0.2706341874784408 -0.01771183985724556 0.9617647693054044
-0.29868094928559025 -0.033532735050811086 0.9535913974949637
-0.27349481750236376 -0.05368377523359851 0.9603539661042388
-0.16530460728420304 -0.2523101338621374 0.9532045286536198
-0.12227550075597712 -0.25471352977673645 0.958477231113499
-0.0235403652955442 -0.3246364085423064 0.9455240758199963
-0.026124375118172616 -0.0006830089605773371 0.999650581450594
-0.04020947067604976 0.0010172741506724438 0.99913767350244
-0.0055247353957030496 -0.005887034946673254 0.9999671541558757
-0.00880855539280379 -0.3077882299879649 0.9512125049372319
-0.22259443216218447 -0.275479521356035 0.9342103303128008
-0.000891726121239957 -0.1697964145488943 0.9854687923801498
-0.2707690478431498 -0.2299450741070017 0.934434953856471
-0.01246433804067377 -0.059676403158411696 0.998122678170074
-0.01817464271064116 -0.2471772222314482 0.9687889271217789
-0.17160198434839205 -0.18733292728334341 0.9671518716102796
-0.178858420229006 -0.13868221060863467 0.9731669767223714
-0.06252181723664493 -0.3331007724694971 0.9401708030265392
-0.013502788129911281 -0.1510783732472081 0.9883616718696965
-0.06459581828288553 -0.16998946124851877 0.9831000246555539
-0.0748283012945683 -0.1657806113759488 0.9832027794350903
-0.33492771603145205 0.00037553671163828713 0.9420421538369044
-0.05046693475801379 -0.1834339302386177 0.9816208698675198
-0.050567326422368726 -0.26923394636756603 0.9615968106415352
-0.004446429590408001 -0.13388070146480752 0.9909776790947644
-0.010444790239237542 -0.1541288727705521 0.9878831489454031
-0.18432745622634994 -0.3965916889611371 0.8992794972415656
-0.07283770287070776 -0.25577705176291254 0.9639873660889764
-0.05424197028278677 -0.35489560418807076 0.9332819563401442
-0.06829242674805197 -0.2954558590739555 0.9519422711935644
-0.0649314815858059 -0.2600147091977865 0.9634039066662763
-0.09172978717771667 -0.21059842845650553 0.9731630876359221
-0.11597396748047373 -0.17917278921120475 0.9768279184977692
-0.04484953594082801 -0.04873848144230081 0.9976936619180509
-0.28130747656264354 0.0033247456213404483 0.9592056224471006
-0.12364518736068099 -0.057024831458427516 0.9903128143998131
-0.1247453809235579 -0.0664880257758412 0.9894520668304444
-0.30652818812285526 -0.013709993622166974 0.9516721379858442
-0.29091395066529674 -0.025568628122807774 0.956407383142543
-0.038638966088932275 -0.3186223594168085 0.9470795971253837
-0.07585702642082454 0.003929326109302473 0.9971109402227496
-0.0766717138216141 0.0011859934187109233 0.9970519005882063
-0.2488239808440347 -0.36954392438681516 0.8950341849494335
-0.012056220837033046 -0.3605661126669413 0.9321072276369979
-0.14660058359309694 -0.008463898519211374 0.9890728311704198
-0.15382805037442956 -0.06104080630226759 0.9861597900133173
-0.2913199155066836 -0.024598509818278776 0.9563072625593326
-0.2954175857527492 -0.024500453190342632 0.9549775183588622
-0.3385795311917292 -0.23618320114056693 0.9105067164838392
-0.2172204171218158 -0.292354167271655 0.9311380070360169
-0.25293149703022344 -0.07491357147943918 0.9637513214286079
-0.26175864510179964 -0.09876031733553542 0.9600358791182129
-0.09165842270711595 -0.2567139950560777 0.9617903609523979
-0.028917329443396592 -0.04412652276613937 0.99860333858455
-0.12289567609562302 -0.0035606800230326774 0.9921077664674653
-0.27363598742187173 -0.002035053937170603 0.9613522816411055
-0.3087626473964216 -0.009639623269837845 0.9506398635573032
-0.3249224862218647 -0.00837057587597543 0.945533129208361
-0.36391047620946326 -0.05060027976546164 0.9297513561954329
-0.34612607676342183 -0.26139748409613284 0.9009272787616176
-0.3584645149840211 -0.25879084532981134 0.8969217069500999
-0.22765673172095058 -0.13100953082986802 0.9648731229679336
-0.30743148002478016 -0.10162005756642778 0.9459652274439688
-0.044020566484193384 -0.0038396816332325447 0.998970658222843
-0.02888680422004959 -0.0036667844639405056 0.9995758330543715
-0.03711902500878013 -0.34840089964758375 0.9366102669816826
-0.20342952659005611 -0.19569533099973946 0.9590695967978158
-0.31121560789966024 -0.2175997171281454 0.9246693203095522
-0.11343217416298884 -0.08856745154610562 0.9894238975492972
-0.09652342234993604 -0.01419176668418736 0.9952159892651831
0.0004588002175576467 -0.1252115399933274 0.9919836923360654
-0.12339030072665648 -0.049975405429536796 0.9906824988949845
-0.2272808749170983 -0.298327783851615 0.9268805127124035
-0.014642326874460371 -0.021581068248334875 0.9996441858598677
-0.07827990156148948 -0.20703916074868786 0.9751591564342356
-0.0004951084763170355 -0.06465786128523397 0.9976514865314281
-0.00756742884288003 -0.24120768613557436 0.9703806547656969
-0.22028844521292143 -0.206421199908852 0.9528351070317285
-0.2283990314629562 -0.25759130131987956 0.9388260650877323
-0.09016524197981014 -0.17225281146334498 0.9809077093917471
-0.10993169982505858 -0.0016116112616005895 0.9936010268214479
-0.05942622729951489 -0.11069418755506923 0.9920447677990883
-0.07591813053580286 -0.1747618305155445 0.9816161316512861
-0.24724622018221948 -0.04284921920425823 0.9679056998084076
-0.2133614236537424 -0.04429623219320692 0.9757661137745873
-0.21656824317037407 -0.06284878290111165 0.9734732661110105
-0.250628386022896 -0.07192105723398344 0.965257647484129
-0.2249203954627423 -0.08857887682659436 0.9689728310950307
-0.0007854537867586349 -0.20570286700583532 0.9786086817943991
0.0030779075346116127 -0.2754862371354378 0.9609491677210154
-0.053852763055678675 -0.06293925514529311 0.9964416526041401
-0.010659591842115712 -0.1817509188458554 0.9830283026277402
-0.007478632615830237 -0.05303253841423905 0.9985510196899772
-0.00840914568419177 -0.05152221814669327 0.998548293236497
-0.21472988177293867 -0.004588533666841864 0.9766427716732385
-0.21600041212631202 -0.13137191072764579 0.9667000602194323
-0.05437838933640712 -0.008289161858002556 0.9983969478617258
-0.0021855591968772724 -0.2407429388571516 0.9701078672198624
0.00306309057267677 -0.2526461824314775 0.9675337590063602
-0.3887959496672234 -0.2940481936442128 0.8731224895326058
-0.022229103360180753 -0.008615586022551651 0.9997104429523116
-0.00628277322042312 -0.0022366392469259718 0.9999614212016658
-0.07533651069533888 -0.3982324026729512 0.9131141074459482
-0.32536269039101445 -0.23755385123029946 0.9151769294281604
-0.24180265413618673 -0.0952302212752917 0.9655985125662957
-0.14637035776624396 -0.11477376657925434 0.9824811703294566
-0.003360715898278129 -0.3017884496754092 0.9533265519576395
-0.14444573521627635 -0.15164727422842045 0.977790425039195
-0.21410048527841521 -0.039964025247938365 0.9758345852322458
-0.17086333683793511 -0.0016215503749173134 0.9852678973945084
-0.0130074455058133 -0.008055956579789187 0.9998827381879363
-0.355728392940001 -0.2222597128506479 0.9070346442620107
-0.02638305551337878 -0.3329584819324476 0.9422748883696166
-0.3775933213311529 -0.034366147178109874 0.9248699358030636
-0.35823448341547787 -0.1627633683261396 0.9179455838232622
-0.30816529843129864 -0.15083593495509456 0.9390591605707718
-0.05291921317227042 -0.20417323762121908 0.9774336110112363
-0.060790491006280284 -0.2811929648330305 0.9576803544914242
-0.13281737855882583 0.0002877431010856836 0.9911270429003397
-0.12797748541655304 -0.005294798202414129 0.9917557665728115
-0.06218419269401614 -0.03833252297273125 0.9973252316457522
-0.07328641627735832 -0.062337332529755554 0.995349488516003
-0.03346931565752354 -0.07892516897977364 0.9962639705994422
-0.2761639405164735 -0.02588721962768252 0.9603000952017527
-0.1214270709035883 -0.1244903006431661 0.9846509125946054
-0.24613254072932034 -0.1706233342826819 0.9539887014253097
-0.012507637692718504 -0.009867852889074907 0.9998144889708588
-0.2876533173430791 -0.03936429877267396 0.9567952179860257
-0.06831924596559433 -0.06740680266530788 0.99492772002079
-0.03429687266518604 -0.015621066363806441 0.999289585278515
-0.07607833145840666 -0.06725010957780293 0.994812758583289
-0.040789012157303496 -0.2732683508560855 0.9610412417009192
-0.25183844686519014 -0.004283615645915406 0.967744971431795
-0.009469062031094 -0.00680131971539798 0.999927778734006
-0.003995298047131856 -0.010823848937299596 0.9998993259873092
-0.05465304837949932 -0.010484387626199786 0.9984205707133121
-0.0050997503664212095 -0.003900210348621715 0.9999702684245921
-0.35163335808710744 -0.319106592868687 0.8794910550635986
-0.21953782729372454 -0.0810605113781046 0.9720941141408728
-0.20373016262428703 -0.0014367511777145054 0.97880993096575
-0.3181268431701002 -0.34256561886556325 0.8839006256700436
-0.011317653547317771 -0.2627421766016859 0.9647588229445645
-0.3932958426472931 -0.23386828557710315 0.8891670587466901
-0.028936552427317335 -0.0920953117629062 0.9952666040317605
-0.20937502278716655 -0.16401258890958306 0.9638518614430481
-0.3283621428833025 -0.0886509635440764 0.9403650705803556
-0.03625100832450586 -0.03191450427848604 0.9988197044713818
-0.2918250128534873 -0.01937100417266802 0.9557542540387454
-0.196406732732767 -0.19881934671317772 0.9600652946026162
-0.1888916708943164 -0.16338392875059154 0.9678393165728387
-0.1527863811205954 -0.0025641907063900047 0.9880381035797701
-0.19995342288611848 -0.026608274096057233 0.9785106266260587
-0.17533221599804075 -0.31044547553918644 0.9339398716208813
-0.021704403399659643 -0.1596184251766692 0.986719909304378
-0.02416060470710561 -0.15172283853937066 0.9880674347552345
-0.38414092303854097 -0.30374873626658594 0.871878429899866
-0.08501642669482207 -0.016059866442424582 0.9959424261141845
-0.10382070763289628 -0.22758343565214045 0.9681096085012155
-0.040508700423318555 -0.18306229386193745 0.9821859269485514
-0.3623688424907031 0.0014570474745855455 0.9318501605767605
-0.2709333598023847 -0.14586915212463236 0.950612895539739
-0.004157004687484672 -0.0012596350330717862 0.9999819298721234
-0.1117700102599036 -0.32121775648607337 0.9403656430994656
-0.016016687433184684 -0.12439171042128358 0.9920354391748635
-0.2560408987824028 -0.2998407710581597 0.9183223298308819
-0.05806054016236053 -0.0209056116553588 0.9978646272012571
-0.000989332648430232 -0.0006511608046378413 0.9999983999813425
-0.01119410273741268 -0.019872596345430038 0.9996861704934652
-0.17068873269353044 -0.13263762356908704 0.976344548812256
-0.23141042288848512 -0.006578748571271615 0.9724131588484614
-0.028804507613311856 -0.23054270993809886 0.9722403370564346
-0.004889701140167895 -0.06908391920869601 0.9975983115834102
-0.033678092299601003 -0.0025418713229203886 0.9992818952670248
-0.07771341166963645 -0.1514518011345789 0.9850998436487239
-0.07359468836941395 -0.11245153660146467 0.9902802046171544
-0.04504821491280776 -0.2581404082017578 0.9644581677396694
-0.04613065360312036 -0.01577163701120992 0.9987936282433432
-0.00396069445817363 -0.2633181090759215 0.9646340073953371
-0.04355132573413412 -0.19234899109378925 0.980307673303364
-0.0980746981469248 -0.3067883927137729 0.9466842171276949
-0.1440195700258757 -0.014083347658795087 0.9892086178036356
-0.0916481032951203 -0.004409216963081026 0.9957279552639601
-0.3149758557420359 -0.15973548154558312 0.9347377703724234
-0.09628197550229439 -0.37476651309441245 0.9219435768172686
-0.0010161273317686001 -0.004315945885049697 0.9999899807399728
-0.14009294030065372 -0.032269854111496 0.9894846972682956
-0.20669053728309703 -0.35386019098376087 0.9121447487946561
-0.26667264770541604 -0.00931948313949937 0.9636648749331932
-0.29836065122752914 -0.04816244072629304 0.9529640668762894
-0.0019347296678508064 -0.07673321993567964 0.9969546531107415
-0.13560898213885597 -0.3082490665400967 0.9414057539900689
-0.11418264242758834 -0.0004038895048429637 0.9934534282314946
-0.13742465196665699 -0.09508487955369721 0.9859377275631427
-0.1391964980183184 -0.1030726342379554 0.9848537550765337
-0.22502586402609834 -0.29502497570538416 0.9285942864146454
-0.20171227999976082 -0.30843704880850137 0.9289938106534854
-0.16075895461996706 -0.1888257432549775 0.9687456687771118
-0.003997351473143902 -0.024881910238362885 0.9996605941010832
-0.007043752278387552 -0.023285236938271874 0.9996943678509035
-0.3383326326259028 -0.043011342561039785 0.9397811850373352
-0.21234158612579046 0.001976491787771256 0.9771910215759043
-0.05318216366641125 -0.024258935226056568 0.9982539492343334
-0.07394327183761364 0.0022910388357139273 0.9972433310353335
-0.029518069127429658 -0.003017884529189226 0.9995592610019778
-0.07396939098140055 -0.20713858141937966 0.9754793399855451
-0.0920046419923515 -0.007389368493427974 0.9953979812475154
-0.09522829507139353 0.000610833958010249 0.9953106573528847
-0.04436344063276467 -0.3078459321286328 0.9499853912020052
-0.30993107925812513 -0.013462792510583533 0.9505797345806173
-0.05627044816232827 -0.15695250177303077 0.985984519750283
-0.016391094917158913 -0.33650550475317076 0.9408498957407448
-0.050183077643476015 -0.0036717047205284885 0.9987332701339694
-0.2068149465938369 -0.21698024486168743 0.9537517690316362
-0.24798506559838726 -0.12634817115345776 0.9604453260827358
-0.0845898371613362 -0.03504169744241437 0.9957894956076996
-0.27879612609796584 -0.008900524769700989 0.9601157492931848
-0.1725252710779139 -0.23887941449630734 0.9538747995209812
-0.10199798039045921 -0.12573700197205406 0.9867824286012159
-0.0338711134552338 -0.2430517244246952 0.9694216899949023
-0.18904763724374452 -0.2871877528120239 0.9389831286581742
-0.13887291856454134 -0.27438390663917145 0.9513555766493783
-0.3302090526516702 -0.04667645774265245 0.9424872267844632
-0.001113058041129362 -0.11328982428238317 0.993541838569478
-0.00028611415943318564 -0.14709340174486163 0.988987605071739
0.008179450058433175 -0.25782351360436667 0.9661161482147219
-0.015495731943677662 -0.01004245402842492 0.9997659969478866
-0.1409865382853545 -0.14432771505984318 0.9794015891534054
-0.3734117471446043 -0.2645603325048118 0.8885871334303156
-0.05796192994246713 -0.4003044395374583 0.9140306761522459
-0.09421013047925089 -0.0569490926131507 0.993716065241888
-0.09071350445480553 -0.03477931048211127 0.9951387876247243
-0.054967937489539244 -0.15022346880130777 0.986976382378223
-0.0429217282653413 -0.005998166057460768 0.9990604074015851
-0.33635198671856315 -0.296699714373754 0.8933024097821771
-0.05645412666493181 -0.2840403094643538 0.9571488103637641
-0.3467579968497755 -0.02551981022503639 0.937456390486452
-0.14533314602904188 -0.125575059720296 0.9813577036438554
-0.12350463265488974 -0.12893417605557445 0.9838638213147263
-0.1000958601781557 -0.14108605951484327 0.9844234450164591
-0.088008574975955 -0.07616280875639425 0.9923535345147539
-0.1868725770734626 -0.09468956969084331 0.97746738478058
-0.0013248197507936196 -0.03134526165767207 0.9994368072268646
-0.011802192621560055 -0.04763838549310616 0.9987850343637844
-0.1200794131273449 -0.07022834832793276 0.9901410756014704
-0.10544501005124952 -0.051294555994643574 0.993056749054884
-0.010397098625742037 -0.0006442210805088985 0.9999339629957534
-0.01873557919441891 -0.01034685000274843 0.9996565471327874
-0.1921802595363363 -0.007955044929039866 0.9806775355033263
-0.24945851153719353 -0.1825433558289251 0.9509552467291011
-0.3071653352870184 -0.0033487767348725117 0.9516054706364501
-0.36430584474883754 -0.19260617945750869 0.9096674445297166
-0.09487167786833667 -0.40435074921185477 0.9095634103482751
-0.01889050953805125 -0.023830133726432473 0.9992987096703154
-0.020189887302308886 -0.03987625693500796 0.9988406674336543
-0.038417846868182504 -0.37421234961976096 0.9253038805290407
-0.4012073650403308 -0.025059510877848783 0.9156440579146551
-0.35100529926828244 -0.12968368574126726 0.9254416555715926
-0.1330727864700676 -0.24278215849905976 0.9601884787788871
-0.07715729909017716 -0.2079836075736909 0.9749528003111235
-0.10852363563212788 -0.06607005982446082 0.9918118973301836
-0.10012250613566274 -0.0009628328887879887 0.9947567985840142
-0.00042248580050560744 -0.007508928495454724 0.9999524670055816
-0.013892602505413095 -0.005917783802117625 0.9998237177490376
-0.005925535997741038 -0.0054032047791702995 0.9999528999635263
-0.25053526218841743 -0.03788737007048283 0.9671400039121347
-0.25606790920475436 -0.04666572565655028 0.9654957593537045
-0.2581596942983812 -0.043357614198737 0.9650422884786297
-0.10501119941790953 -0.0856718441948098 0.9907644796178077
-0.006478650146937522 -0.006339466054481933 0.9999347420271586
-0.024524159290699805 -0.11111545976921704 0.9934685069715606
-0.03723314127979395 -0.056200974870391114 0.9976687086077995
-0.19709132309798122 -0.17912751351447584 0.9634137692615076
-0.08613320586402795 -0.35760911484273555 0.9298015574535313
-0.0721258783227543 -0.07216754189847337 0.9947811574265167
-0.03499830703736209 -0.01648139327463179 0.9992420231924068
-0.20015370236147664 -0.2116120539159637 0.9563689283051815
-0.0001483141226339545 -0.01087659729400104 0.9999255171452982
-0.009311842762224938 -0.014773962050249749 0.9998437867508508
-0.39482593932689425 -0.047408543986844846 0.9173173225427742
-0.12227790580745714 -0.15812970785293592 0.9798111046288118
-0.06507861258420002 -0.020793805046539812 0.9976610250678735
-0.04001296963544996 -0.010945711299390098 0.9991209217052193
-0.0032916878415590674 -0.03029850932355705 0.9994891739131746
-0.008598295578783667 -0.010170555321820714 0.9998973050033276
-0.25381639959099866 -0.11221624845225962 0.9603766894656512
-0.0014289201853513063 -0.05193812983926068 0.9985339976105547
-0.02750462998855872 0.00014957120403564166 0.9996166069510094
-0.047389968276427503 -0.0024939206247558284 0.9987972625544544
-0.06098653039066519 -0.005212599690093742 0.9980344023968089
-0.10743126382484451 -0.14495664978785308 0.9832777602304189
-0.3840047044587729 -0.006615310930973521 0.923204762828113
-0.0018830191342870254 -0.004918792991341858 0.9999858794228087
-0.0017734086433748317 -0.0025555188732297274 0.9999941776376606
-0.17305311482078994 -0.007417087223984844 0.984832820256793
-0.17293205781657695 -0.0022938461572359647 0.984930879262352
-0.06767009338063529 -0.07836144085139998 0.9945667985330217
-0.033823201088103445 -0.06230587607222296 0.9974753968940643
-0.1385181213736009 -0.20046348385334326 0.9696253777023026
-0.3031051850750729 -0.03562319734595021 0.9522905772638247
-0.0009559306155936967 -0.0006698618378366616 0.9999989620899947
-0.2145741205504352 -0.15489108704660182 0.9641994339820427
-0.25806207892424354 -0.017978690435334236 0.9657018053172519
-0.08663449524457198 -0.036917294332933684 0.9955355173268083
-0.09135678602568223 -0.019696132188743616 0.9955998384021765
-0.18580738525828858 -0.3265028116217013 0.9267466019825293
-0.17872769337065533 -0.3332416072300752 0.9254916493955331
-0.0007316337146123606 -0.050245716620998734 0.9986419945145141
-0.0007883346093546048 -0.041213318588047484 0.9991112875902053
-2.5695448536359124e-05 -0.04611892105447372 0.998905144496595
-0.10950510137613412 -0.0016738317907342573 0.9939767883601539
-0.1313445761863818 -0.0007808807014076888 0.9912266281027586
-0.1677723938332426 -0.2011794245536113 0.9650653401208528
-0.049059670844574306 -0.1578197760503404 0.9862037111431776
-0.047804482807919886 -0.19332734540748855 0.9796684370934594
-0.20906477011680719 -0.15749417366545665 0.965071666580787
-0.24578538430666805 -0.01338044158169408 0.9689292008658333
-0.02504028086661891 -0.0062089775393220055 0.9996604066841592
-0.07912052565091214 -0.18619083943268916 0.9788307726535966
-0.0037565973048476597 -0.2807792280529577 0.9593962115578786
-0.04155750240991125 -0.22861942284923648 0.9719585230024715
-0.07442394344669238 -0.04340409412187217 0.9962648039716842
-0.3788076778367204 -0.008773160568862064 0.9254300171022289
-0.354087273669478 -0.012635220799153198 0.9349904621697794
-0.004700952401857663 -0.11320343191172862 0.993366178625196
-0.01992472878387706 -0.07186418186177733 0.9971870736380554
-0.0069482479335987776 -0.07346642426001176 0.9972390846847704
-0.2842564036795721 -0.07977553143332233 0.9551597942749525
-0.31413070913274377 -0.13559768289493182 0.9386580592258179
-0.08591238337410652 -0.01373905974040166 0.9961329930980316
-0.020554340774966692 0.00023731219746707098 0.9997817813187101
-0.009100916624188913 -0.0014129046169161585 0.9999466645666114
-0.19324001860546317 -0.0007978079571142382 0.980888330059698
-0.27823195809523904 -0.2939538280374031 0.9142974862717412
-0.33033994073185946 0.011156883674299768 0.9437959826994197
-0.08706628501671422 -0.025306990719240606 0.9957275135728153
-0.003014012848467471 -0.017413456365453953 0.9998399608358146
-0.06477215847165951 -0.00777934655884324 0.9977426908698179
-0.31318415979974834 -0.0025846178391976107 0.9493458046368609
-0.21870122389267715 -0.010171329291404903 0.9754926488694989
-0.03167086642103922 -0.20294064876994924 0.9785947210048894
-0.22696726196111872 -0.30643476081677784 0.924380836247212
-0.27301666877776404 -0.01690755495701333 0.961214557154181
-0.011475847507861833 -0.048833490351312375 0.9987409903949123
-0.06735596741368499 -0.00039793868486474605 0.9976348699015228
-0.017992837036557657 -0.0023097154069058063 0.9998037263570994
-0.050238197412053445 -0.24801604447431055 0.9674284423489604
-0.03005772091892929 -0.28352015098029576 0.9577905055848874
-0.07624417775214284 0.002872734586808482 0.9970844073510367
-0.06840242998803726 -0.18439605494380357 0.9804018777736206
-0.002261627497844202 -0.015824586783268566 0.9998704909821762
-0.025016549494238916 -0.38234942064548444 0.9228379689447689
-0.07519540393532129 -0.0032600748612918065 0.9971216088627374
-0.010130981562461987 -0.2828496736215544 0.9590172174053053
-0.16142420870681942 -0.19197230007171054 0.9680332463082384
-0.32583035410579236 -0.12232134872083819 0.9368392152919714
-0.05971920485354898 -0.23174844778828985 0.9698921635311922
-0.09420846766262062 -0.24891010669656816 0.9636182308164443
-0.055806026993843516 -0.1635204642879159 0.9848542079111376
-0.2635449032328198 -0.0029274077756546715 0.9646227240521179
-5.520029086864959e-05 -0.058449082891259496 0.9982353062025352
-8.53299509552121e-05 -0.0520931589624244 0.9986335429102418
-0.04822282998095586 -0.3418114868478697 0.938101515375754
-0.0015781765016608755 -0.0724455358579667 0.9972433841955295
-0.09689126282352561 0.00024063328369866932 0.9951607259438111
-0.2350526134412753 -0.3334753757597102 0.9126868786323716
-0.03482185109146729 -0.04025983113584499 0.9985338344785797
-0.32062000317443634 -0.05546675831502977 0.9455562854377753
-0.31286128616760234 -0.024770648892515727 0.9483644640327237
-0.26092727718934255 -0.09337069538395158 0.9608148013335421
-0.029183407894634326 -0.027830286895933094 0.9991085980401211
-0.005102603094934333 -0.034120796972492394 0.9993876092405322
-0.24208219734729833 -0.12838293697188838 0.9616112866686296
-0.048645980930497004 -0.0006106942295520998 0.9988092264783127
-0.012335053402961474 -0.3588280626096474 0.9332404081310021
-0.10279517967339621 0.0005094420540051284 0.9946482919710978
-0.07359257958538393 -0.005977596070767444 0.9971838781196359
-0.18839523981410136 -0.3044888313477532 0.9336013449302601
-0.02651157135116893 -0.02128855409975455 0.9992875726950359
-0.3041452031587721 -0.014558838299212888 0.9522250401818766
-0.27146409639546426 -0.06232156754785657 0.9604163857434493
-0.005216039960709065 -0.04851000513163549 0.9987761641813115
-0.0012239848085946136 -0.15676333001969117 0.9873876570952141
-0.03430670480534573 -0.010406379180914426 0.999315077335873
-0.03792013628965975 -0.018247757998346513 0.9990947498182501
-0.08489381734077828 -0.37639482535284796 0.9224672247064502
-0.14126416122009824 -0.14661184192320503 0.9783929325424529
-0.09779798406852672 -0.18556862169465757 0.9772992493943211
-0.009684592826909016 -0.09692796910142673 0.9952110000307921
-0.22391382436965235 -0.06467429458042587 0.9716895127256545
-0.022233911737743903 -0.3217512617784807 0.9463807718462562
-0.009575556825161115 -0.1601562529674695 0.9868907651054142
-0.18645345002476393 -0.010129058026880137 0.9823432686452155
-0.012873235978698843 -0.17559876598281624 0.9839443697868309
-0.2181057836949672 -0.06870394215232398 0.9734535605169967
-0.22672061026814203 -0.17183473941686717 0.9552076057737828
-0.1274285468380923 -0.03143894514997186 0.9912926923183286
-0.14760568143544386 -0.06029485137394107 0.9870431210162359
-0.37316573657449525 -0.10133772477128351 0.9219836858651874
0.00017811872799943412 -0.3032785913210652 0.9525818022807218
-0.20899111717433416 -0.027372939591515745 0.9769816030924401
-0.26174108566742954 -0.11921700435071067 0.9575732346168357
-0.37121724826730745 -0.02900247602372109 0.9275599647753099
-0.3591286035318556 -0.018060437256052643 0.9330509628732678
-0.35658814994264504 -0.3566747475294135 0.862548180830521
-0.0026742662124678873 -0.035152039112959534 0.9993630749116912
-0.0726753362400516 -0.17956440786380756 0.9800002849973071
-0.0023640779021827443 -0.12896475234891266 0.9915713468441191
-0.022966176270189577 -0.24647310134287717 0.9688226863832227
-0.3175645215326687 -0.05457945493291626 0.9466415160488025
-0.00620798423082507 -0.34641105397371647 0.9380380595746534
-0.058477474846687236 -0.35312719197270676 0.933743451615247
-0.27501674673709353 -0.10467476882932661 0.9548294420799991
-0.0692466956389712 -0.15870509260460755 0.984891768565469
-0.0017420548415535023 -0.33065089156094024 0.9435084551752819
-0.000586371351448645 -0.06135830496915584 0.9980833593997837
-0.038462754367608744 -0.12481903270006654 0.9914188553236754
-0.08169649685583565 -0.00258261675088145 0.9965121176125024
-0.19186311510028642 -0.1744793725554005 0.9657510544325484
-0.0071484429079530995 -0.2589094563336869 0.965370630632387
-0.013377570905265531 -0.17413142040251722 0.9846281596263248
-0.0008315944474945464 -0.2515248391013956 0.9678430879875796
-0.038084672429062154 -0.3932899500280593 0.9183072387828621
-0.17368433088014662 -0.15733660436081587 0.9717557880954182
-0.15987131716466135 -0.11462447384505017 0.9795416568933144
-0.008476322411535562 -0.10142003084490844 0.9947727826404191
-0.11217118065045421 -0.04250106844150594 0.9925771804842803
-0.002479805275953892 -0.07923941871474967 0.9968127924408704
-0.018007786455312657 -0.13984622058779192 0.9897266849498428
-0.0066146423884669596 -0.3207115760715003 0.9462726674299231
-0.26750619412416177 -0.006369624003553016 0.9627310970797597
-0.307649216729405 -0.02068226836985206 0.9511873105587416
-0.353297581329904 -0.09135712928879647 0.9309422128968573
-0.28602324323014794 -0.17612505280651636 0.9401212651093191
-0.06086226709241318 -0.12198987175397355 0.9902046191686132
-0.2847245655197497 -0.19110676007189606 0.9376083974602164
-0.2893096764990271 -0.26990275361317995 0.9183480047612204
-0.03994875917975129 -0.24317613365920357 0.9690041076937709
-0.33913658405007324 -0.07299488158869424 0.9375892734869296
-0.005503568416317897 -0.2557223168100533 0.9666513330336793
-0.3844429358562094 -0.1981575417362424 0.9015971467700198
-0.37001646739216115 -0.18703085696688096 0.9099207634229671
-0.3626947950441129 -0.18079800590023323 0.9141546581881745
-0.3301943091632415 -0.3403366820507413 0.8801961557837699
-0.010306216492617912 -0.30330152663656623 0.9523672244094016
0.0014743016048791293 -0.30582016375690674 0.9518307581864781
-0.1940853071830657 -0.019997586150586607 0.9807551300849168
-0.0056958234631214666 -0.04102408661226143 0.9990757836873466
-0.008067511065948997 -0.012961917269983279 0.9998820777899653
-0.009506334401496633 -0.4007408318529835 0.9161406548639631
-0.08869572871437241 -0.32601487927599854 0.9404622452721607
-0.33136507869199844 -0.13464903723226046 0.9336281422418019
-0.010338923674669692 -0.12836696494988478 0.9916331165834468
0.0003681786199389317 -0.0709285589825287 0.9974611635583105
-0.024397218188163934 -0.14094153478786697 0.9894389816338733
-0.000722139086652866 -0.16832518804031363 0.9857311540015159
-0.042108985935267525 -0.004442418905701374 0.9991020270363596
-0.31670764876079166 -0.1720462619585258 0.9322778468065721
-0.17447645506666085 -0.142422288475605 0.9741951783064123
-0.18261700160257857 -0.1667038173346504 0.9684266541995489
-0.37379382215534823 -0.08284548871933894 0.9238005902462468
-0.3619435659678027 -0.06425744561967617 0.929774416485598
-0.3263518088355152 -0.13491943588659736 0.9348266575205983
-0.1611367076946835 -0.35803328317455463 0.9194332273182676
-0.18458062597724667 -0.008954936545130337 0.982682860680552
-0.11107705927163404 -0.00047139457410541315 0.9938027921493051
-0.08119450747454363 -0.305219118477902 0.9487759160996653
-0.3189840567562411 -0.14051837835857323 0.9370181887220425
-0.161503273350851 -0.18162169775741563 0.9699274166308758
-0.2812896656549898 -0.02234251031130949 0.9587951236142425
-0.07359243813174796 -0.14885775638991877 0.9858707248708451
-0.06529873666330842 -0.13952916111983335 0.9879688904571317
-0.019109362365239076 -0.20100453406010924 0.9791946745733818
-0.22778126635439827 -0.16392011159678005 0.9595629456539139
-0.13532658050635107 -0.007168619758764878 0.9906710026944509
-0.35492218103605655 0.00524469174072745 0.9345940725480654
-0.27310871059917213 -0.20704457553002814 0.9394018601189081
-0.21724662374889622 -0.28596151024484384 0.9320936005352674
-0.29905266383359075 -0.029723458776792673 0.95348887431621
-0.22922960522427813 -0.3440999702989812 0.9102668710823998
-0.010428087942566203 -0.02212974271011559 0.9996488580383409
-0.0007952657068078384 -0.1198696949170967 0.9925710065471136
-0.07946593147474756 -0.13290767749083346 0.9879003850783915
-0.08264351917139097 -0.00012274422100915454 0.9965770454680967
-0.3201464338494504 -0.0023320896904752775 0.9473464867415569
-0.051750514528732174 -0.009059017159727734 0.9985277472471237
-0.06116606259839385 -0.0060818343731862045 0.9979354981749471
-0.2241272010587803 -0.08334364679513513 0.9706821849360059
-0.010881359593013994 -0.07116666476727011 0.9972881076180362
-0.0431432180079327 -0.0004794598775569404 0.9990566385238435
-0.1194008087925943 -0.3457382660654906 0.9300297791705509
-0.06642059917149874 -0.29438459550897206 0.9531140592646764
-0.04019741944237965 -0.10446101939068145 0.9934519911654175
-0.16324039901200452 -0.016934544736886666 0.986426530893508
-0.2289995371232144 -0.034386877701308695 0.9723813869165805
-0.38932713326464347 -0.1574299398573845 0.9068725626473096
-0.3106903339885171 -0.002789766981423974 0.950037861110569
-0.0017910742727090603 -0.013203430306213057 0.999908561612093
-0.2649012257153669 -0.0020644245618515822 0.963653581791152
-0.36387704995256326 -0.07154891968241958 0.9276541684665344
-0.14171130747695923 0.00026142235120321124 0.9893869368342818
-0.05482786399785266 -0.08398736992694135 0.9948852381192421
-0.38130975097803343 -0.20174817446108925 0.9018440087452039
-0.04269008345086397 -0.007751956463035266 0.999035592982214
-0.3246949499029981 -0.07894360758262323 0.9423608704791341
-0.005516093236573492 -0.13364801203359547 0.9910084715353124
-0.010780436338850312 -0.030601807502870775 0.9994727072258938
-0.004691778280201791 -0.2963218262228603 0.9549808873728218
-5.7821524935633116e-05 -0.286352215309721 0.9578986310440213
-0.10661026258016354 -0.16913592694128476 0.9798032836103948
-0.006999815823445366 -0.07866980048922619 0.9968590007959617
-0.3119478373232387 -0.13987564267009064 0.9396555355018728
-0.07345090480504363 -0.027592855027711676 0.9967411791404798
-0.1984739273968584 -0.0023344935639919243 0.9799121023887714
-0.18316630139774387 0.0032789357095067504 0.9822920578088358
-0.028288958053732584 -0.012117711649017909 0.9995260046034273
-0.0019595295850122676 -0.13330561289622006 0.9910708720014398
-0.04424750810777673 -0.012929841730574218 0.9989096515648386
-0.24214588678891516 -0.08587384743863902 0.966272392943045
-0.07824246417771907 -0.10404567781838761 0.9912254637306731
-0.2600405921378271 -0.06121559295945324 0.9628995046651786
-0.07269530130253472 -0.07145934074425045 0.9947890667293638
-0.24895704316227812 -0.016409259365728634 0.9681676915652903
-0.2550750223982553 -0.02615191483842762 0.966185825673846
-0.15404223220546542 -0.3744139787830224 0.9143626955089734
-0.007146606788423777 -0.046457486806803804 0.9988874972215998
-0.16104221490022957 -0.19469656625145462 0.967532975365754
-0.09069993435889062 -0.006055338802821042 0.9957099560098465
-0.13285535763877315 -0.3565318563889144 0.9247306296270535
-0.1554651832973106 -0.3465325567607817 0.9250210813871078
-0.0791327387420402 -0.158598147521092 0.9840549954237121
-0.019203168148441686 -0.02929175224142011 0.9993792350589721
-0.049926144509477376 -0.0031486516029624657 0.9987012503431647
-0.031232648226393624 -0.26906671006720073 0.9623341920729844
-0.31410560647235974 -0.08642650009944122 0.9447999987962008
-0.042475807170944804 -0.04629996209873241 0.9979237744685658
-0.022971131619234385 -0.04300556315030955 0.9987850527091877
-0.014480338868973675 -0.04541375948121177 0.9988335379652868
-0.32043266783727353 -0.062496741080653596 0.9451864874261974
-0.40253343153112436 -0.014729829405178608 0.9143988904143617
-0.032693740241477795 -0.11447250720770669 0.9926759240472337
-0.23592840992536282 -0.3072360516931422 0.9216728827245655
-0.11115132490759735 -0.034003258649684176 0.9930390904936349
-0.0004754770399768408 -0.08395842709612428 0.9963080603670876
-0.019459398210129396 -0.1353468982624376 0.9904549111327335
-0.07954338161217088 -0.25164657853151257 0.9644986537367631
-0.17272540454467628 -0.009514266741608437 0.9849232695822409
-0.0029946988128508032 -0.3043303654146267 0.9525165133327309
-0.036651570067911705 -0.13114211312622662 0.990658725459917
-0.316874721463747 -0.18562541123289225 0.9297406998360885
-0.03364259170854049 -0.18301310031867962 0.9824163227023328
-0.11804164153569897 -0.19063480324960658 0.9741213045889893
-0.3080510976966449 -0.04869475725259313 0.9498494564581036
-0.27050172177689913 -0.2605032777618566 0.9266763588096958
-0.021886358982992755 -0.00040432864093671437 0.9997477067234912
-0.07775056540275324 -0.30095923705460237 0.9502030727741768
-0.005620907806164398 -0.06985808971882937 0.9975403948840897
-0.25288367207004153 -0.03444221088750466 0.9667046911301738
-0.19404978096055625 -0.06520534555320573 0.9786891119487963
-0.24290132681683752 -0.3157113128800794 0.9172163081848625
-0.19079454742438134 -0.008022181546365751 0.9813138969420149
-0.3237206534272891 -0.06484095301806257 0.9438695061018455
-0.17955029921937332 -0.13101763632645796 0.9743945486346983
-0.04757833682970207 -0.2702077778454889 0.960653696695882
-0.0024452306913541957 -0.10435390861784968 0.9944820717331598
-0.16486763821119274 -0.026562702996823527 0.9857834755705183
-0.33064861404012136 -0.012181252039325548 0.9429008495180089
-0.2141907793290386 -0.03673082158575657 0.9759724553153586
-0.007688814385106339 -0.14504293459452378 0.989266000703361
-0.07111435123336068 -0.012512618669803835 0.997385276839183
-0.15527062342028125 -0.004581787594975231 0.9878111392322081
0.005390312939981145 -0.2566440508732532 0.9660381016990276
-0.14122512045736946 -0.04081229868899138 0.9890718198230283
-0.11992504300168323 -0.18454704169234837 0.974405342699027
-0.22660443605930192 -0.07118330789795202 0.9713317223823635
-0.07975803832267575 -0.02390891276901344 0.9965063973681137
-0.2519600199384614 -0.2715885341089837 0.9269701530392895
-0.1906328374947176 -0.3336574008816848 0.9229318516054807
-0.04976241298140234 -0.034184444200214784 0.9981557219893045
-0.006555836451349088 -0.28426239568465295 0.9586646636118091
-0.3824927369132256 -0.17758954759403495 0.905994942388508
-0.12886800100897106 -0.00925063249571464 0.9912418987332207
-0.09680557569109179 -0.23024476692307244 0.968121414415298
-0.26957044035310657 -0.2156060085804192 0.9380536442043341
-0.17395463724746318 -0.009605393495876587 0.9842013144132684
-0.03639899005123498 -0.1995900570124594 0.9791157280394679
-0.0281725093006763 -0.07117862941617091 0.9967871024125958
-0.3772701489487406 -0.26663417010759416 0.8864352225196203
-0.0423516716389711 -0.03164017578317033 0.9985920741076246
-0.03966143030650041 -0.23292411074286812 0.97154151436965
-0.1765838092458072 -0.22829958102793865 0.9573490740083581
-0.03625292473639628 -0.03221360178512017 0.9987969299682145
-0.1250782108073517 -0.16777864931885794 0.977352782654593
-0.14962863104008653 -0.0766118754720417 0.9856994318763381
-0.004608855242155693 -0.32578943078767614 0.9452129520274898
-0.2527692519934134 -0.2629913233733492 0.9310357752575146
-0.0005167225132518195 -0.4052371529010349 0.9141958398659794
-0.3716697774593626 -0.1315847510875833 0.9189165805962194
-0.2208868720591357 -0.2690459453882383 0.9371328270140477
-0.1829629684136025 -0.028823602550733757 0.981769582929716
-0.19600587797773533 -0.10388442001778414 0.9750793488254051
-0.10382796039706159 -0.16488904385993863 0.9805364931001629
0.006641650367948331 -0.3480540952196381 0.9371774531471903
-0.23438396175221962 -0.012981107092506496 0.9715946052357525
-0.07709339398980525 -0.04021374547772 0.9958639219844583
-0.009271960725192027 -0.27941086035393914 0.9600438705539454
-0.008329761359362921 -0.09695087121133089 0.9952471734376356
-0.059706908269586946 -0.21705045264729841 0.9741241700140038
-0.22630139442928904 -0.2768586876218537 0.9330972714238266
-0.1440938546952078 -0.17973702695001903 0.9729981512757898
-0.012707071392961181 -0.2472473832244005 0.9687709743746238
-0.04858069618511189 -0.15014508690330006 0.9873696579984543
-0.21570690804042622 -0.23432361003181748 0.947917629899567
-0.10554604696180422 -0.2650256694916641 0.9584080005235428
-0.39911565956905565 -0.02533715421245311 0.9165432989560179
-0.2188297013138954 0.001965550602113941 0.9756645182016583
-0.06724747970347135 -0.24031068490169258 0.9676844398979294
-0.29043268542032696 -0.12399888293697602 0.9475763982039572
-0.23839785962704052 -0.05243826281133665 0.9695613974513627
-0.2222587098119961 -0.028427181660856702 0.974545865440805
-0.1236026305929506 -0.08887439815307162 0.987188653571277
-0.0360405075881991 -0.26599626344770827 0.9628522762685944
-0.00018934458984736665 -0.02773650008071253 0.9996139802274766
-0.24065982019033114 -0.27778510585911376 0.9298303032537436
-0.0013463414734512869 -0.09997647537426488 0.9947910128562063
-0.176625031728587 -0.16154264253370912 0.9706116199736858
-0.24039399706142128 -0.0476476097108249 0.9693327697139459
-0.027322472950084213 -0.37989180396098604 0.9246159513441096
-0.01962355387435353 -0.15667414197654825 0.9873723115305033
-0.22057513810862123 0.0018536204478895 0.9753069839849056
-0.18640941417056048 -0.045908929673800045 0.981222905701586
-0.018749164334117187 -0.2159484707214787 0.9760286760535138
-0.18095551561218276 -0.2527094401274974 0.9503267997486048
0.0005423531765648759 -0.18672444969353805 0.9822393864033168
-0.20647977818918387 -0.12583405536905115 0.9702311688703589
-0.26687719631289764 -0.36801146860040895 0.8906501813247741
-0.031421471295743526 -0.015432004128920282 0.9991629411061185
-0.2705515152584633 -0.15790826104124792 0.9488691018142642
-0.011330148993458123 -0.10773538766210575 0.9939842461128682
-0.11094483446709917 -0.3043028269962352 0.9458701855638374
-0.06578874485081704 -0.05893502114415615 0.9960595258037535
-0.1723663209810792 -0.007922172772692611 0.9849997899679565
-0.004002663365723841 -0.2844745083939615 0.958271449455694
-0.009265393982202982 -0.07878478915839114 0.996660375894634
-0.14010829705166147 -0.02620324683399332 0.989778190962665
-0.0009937589409995653 -0.005406536192173964 0.9999775120761065
-0.1197975255041781 -0.3689257102564252 0.9215737900806944
-0.2710543170190953 -0.33531981605120337 0.9019553274187382
-0.042002911812166 -0.03358367579967443 0.9985406408172411
-0.004549764360106866 -0.3516303813707923 0.9361277138329854
-0.3296984086451208 -0.3333905964831968 0.8832605628093676
-0.020346668938076434 -0.051438450859126995 0.9982510576502684
-0.06348017615018445 -0.023339015966210377 0.9977094220450817
0.011165695164652788 -0.38151397606808995 0.9239682069155171
-0.019093510013102874 -0.2880052941964264 0.9569017065448394
-0.0030535111085649284 -0.25224150664474304 0.9676116246474492
-0.3344939299388262 -0.3260652475946212 0.8841916263436609
-0.01088546682583563 -0.1598973989211011 0.9868610427075168
-0.08376417308193593 -0.18108355220782577 0.9797273253594844
-0.14425216589678982 -0.28829241913110754 0.9457659619105429
-0.0021167948113251867 -0.08314604522972546 0.9965214141036356
-0.27071148505244996 -0.18481172399980028 0.9443975693804918
-0.054746206935464954 -0.059882422614191244 0.9965475479342524
-0.38773941696412934 -0.015894079999097685 0.920964125225327
-0.010074174439767348 -0.05537555848711321 0.9983699924334922
-0.00015488115451788403 -0.027739930178519362 0.9996118580466679
-0.01744047781288554 -0.19370655002228102 0.9808997178898096
-0.3791626326800748 -0.05785401950158956 0.9234927301578117
-0.008511792548595541 -0.06464059809889501 0.9978606619650596
-0.015082495263225302 -0.16818157633815844 0.9856240552490388
0.018697396641113938 -0.35405454022372285 0.9350377365653301
-0.0018505710677470136 -0.2885985125680135 0.9566309728050513
-0.023477604021593376 -0.24166024498740207 0.9697769639573683
-0.28039207795065235 -0.1998681435960016 0.9385446528943862
-0.022928969113897982 -0.26820785474817516 0.9630170940559858
-0.13177495476758086 -0.3811166233941873 0.9150467297245706
-0.3035180542606447 -0.07205261697989314 0.9488814759137881
-0.04710381410140683 -0.02441636666744875 0.9983262712440267
-0.14410116419383964 -0.2964451722643508 0.9441019558845959
-0.10995609233074148 -0.011263211370788158 0.993653798401161
-0.18073738402894915 -0.2871383377384704 0.9397976477820263
-0.07557960530445614 -0.04518581069173273 0.9960861359936578
-0.2928221959512615 -0.21038726074037528 0.9326593108481627
-0.28543849921971765 -0.06221202675105353 0.9561360875797573
-0.3094784497555058 -0.2439860906002144 0.9187363746703435
-0.3259737415409599 -0.2277067293932447 0.9175075466612658
-0.10727491108827562 -0.013363463979985689 0.9940658336908514
-0.28776408300618855 -0.2653638476183149 0.9202029746672742
-0.05593627032492016 -0.012241370849877966 0.998329451134868
-0.30932491986426114 -0.0724448354159779 0.9480971738956038
-0.15491160043620467 -0.005887082354255388 0.9874709937227448
-0.0010615463029064463 -0.0036109426112100012 0.9999903330894103
-0.10929369140534646 -0.016664208268720334 0.993722623028092
-0.04388651233836105 -0.005955015409972316 0.9990186986438493
-0.1742564918539563 -0.06714629396688118 0.981848746203532
-0.29883025470214564 -0.08467112317604336 0.9504558045980781
-0.009733616150029625 -0.3183015593102621 0.9465985770996512
-0.3125054385896445 -0.15691798218480701 0.9366174358570765
-0.07328785059981446 -0.13826458266525138 0.9876742000445486
-0.012474531895582812 -0.2764048493518613 0.9605963292791957
-0.39936872512721233 -0.10854814475068093 0.9103388753104136
-0.3294404906115008 -0.3182713058910363 0.8887733206562121
-0.38622880229026096 -0.03983014299295026 0.921438995418593
-0.0008255281057270507 -0.0025508410628334952 0.9999948135416898
-0.03528293694256859 -0.37687824072453197 0.9255245955167433
-0.26940229833654955 -0.07659093277300476 0.9598525960270714
-0.06299170703633092 -0.21084094762705965 0.9752557608133017
-0.13715417672946623 -0.3379740774846798 0.9310661795305042
-0.10217972126864072 -0.029932531156344123 0.9935410884566285
-0.005728070695962776 -0.30382507196763253 0.9526535092314299
-0.2907861504642046 -0.3297730635493472 0.8979721950192165
-0.11466696544130875 -0.3273172089488277 0.9378184797027971
-0.13895620834895503 -0.0819099010578967 0.9868819940078342
-0.1631272995819273 -0.3119305073326676 0.9356877040338653
-0.013899758954264006 -0.25217965920242186 0.9674092101003755
-0.053298894944154636 -0.23367119289829336 0.9708004629392432
-0.13220053013779148 -0.2535137482439072 0.9582336334522095
-0.14297184933777754 -0.26281234875908993 0.9540133244352794
-0.07459436819288316 -0.013981317961225214 0.996966134829547
-0.01902272383188517 -0.1948899787944854 0.9806151761190494
-0.27614876037309066 -0.32238848073193027 0.9053868340750363
-0.3047813849308894 -0.11737012831467984 0.9449923211706583
-0.18754004596107599 -0.13436625797800447 0.9725042643406202
-0.09565257191057559 -0.035894886675654394 0.9946945394782052
-0.3240389623643867 -0.3639910966634975 0.8730371442246619
-0.02508767140169523 -0.020822174282947366 0.9994650749319265
-0.14349731862005607 -0.07153887582204727 0.9869830604468566
-0.020857178037358513 -0.32453398424296037 0.9456410030621457
-0.20998529382809197 -0.35768692550885317 0.9095563650944465
-0.25287832091088 -0.3580038137382449 0.8984727822696378
-0.220785125213083 -0.18341000864462398 0.9578157974876397
-0.3464391933452758 -0.10125729327469508 0.9323896632938501
-0.06280348662855573 -0.02364646561841623 0.9975276643970897
-0.01581054665977597 -0.10536980874903705 0.9941831484260825
-0.29685043541421535 -0.10904876037246519 0.9486700524117541
-0.0029392646863277104 -0.03635133520535159 0.999323094972309
-0.3303304910470205 -0.35637655908771804 0.8740006243720829
-0.04824117893463868 -0.3017451522021372 0.9521560636896593
-0.013840493786616106 -0.02460057577438359 0.9995997618680851
-0.05431146646696351 -0.04078838480062678 0.9973222452510679
-0.18180867705535428 -0.0035216414636761472 0.9832359155070778
-0.29183630086346013 -0.022527480447406205 0.9562028561729471
-0.08048482941836703 -0.00395511856546199 0.9967353039246312
-0.0033684515083494578 -0.016794580428414297 0.9998190771319266
-0.20298756819185207 -0.001209917595814019 0.97873424851339
-0.13370905097945124 -0.25338786663211565 0.9580771242058784
-0.2861869294378023 -0.10751232902435018 0.9520382225286197
-0.104657371043312 -0.21977056807630316 0.969768102083056
-0.008651180098171141 -0.3494529747830888 0.9369010902368491
-0.08181325163959292 -0.41549930688570363 0.9058749076180472
-0.028195634923796436 -0.058766642917318514 0.9977524284581766
-0.24687811457580747 -0.2058687687258203 0.9467043744724368
-0.25095616209211624 -0.004422928093670444 0.967454359059352
-0.04326298399646603 -0.0729824665220098 0.9960885432466741
-0.007803474072534694 -0.018165482937770334 0.9998013406802605
-0.001397774906553293 -0.002141799677968388 0.999994873642231
-0.04297337485059334 -0.015068923445900472 0.9989179122099128
-0.054024277402314316 -0.000774721561216276 0.9984899068259598
-0.3475719642532821 0.0004608038691789936 0.937492499360457
-0.033561605093216824 -0.21389587432792748 0.976123883909596
-0.3069921741788457 -0.21269240074082202 0.9265199557233742
-0.07336757334901266 -0.007791848850851764 0.9972318648361647
-0.13564715718848894 -0.0010975077005889993 0.9906720356356492
-0.04270143882715936 -0.08413987144005211 0.9955254881735796
-0.11035731426561547 -0.0019203057003838485 0.993683176646296
-0.0031894216828499584 -0.07833927611154996 0.9967961752375067
-0.32195125258094576 -0.0019754218283162253 0.9466826139449452
-0.19507901879071118 -0.1179003418808465 0.973653485646943
-0.04158676011215143 -0.3061288599076848 0.9505722660026582
-0.3725628236017492 -0.2519322993147968 0.8930382442118828
-0.03363010517054961 -0.3021436250522204 0.9523311642137345
-0.36061113588348054 -0.08182904473166448 0.9283938988348134
0.010056834410632187 -0.2793617365903056 0.9598931464861127
-0.01663279080695185 -0.0010580663515143912 0.9998541157739942
-0.06935276772150215 -0.2555106751055736 0.9641078409185222
-0.021910225089397457 -0.22809101519299782 0.97339172751156
-0.13756907560228615 -0.0024345304326364708 0.9904702146504897
-0.041755341774406325 -0.07965529054179331 0.9958777182546088
-0.2761749370698287 -0.25674774591840305 0.9248370783546578
-0.3036235388594374 -0.0035297521204078093 0.9527641884932039
-0.26845881040430597 -0.15789528399293543 0.9502618976314812
-0.031925653166532175 -0.16275221237871698 0.9860951847458629
-0.12579321497937085 -0.02725906519797259 0.99112154975472
-0.18214043494295723 -0.06271727689913188 0.9800932307230471
-0.053273112788117354 -0.03282819380154411 0.9980032718846595
-0.1418760360710639 -0.0023834914060706382 0.9898682083408767
-0.2846142412051401 -0.094731924023658 0.9538941924337117
-0.21501720178480874 -0.02145270069084711 0.9762903943150238
-0.21000367027612019 -0.03760603258147998 0.9768989941446362
-0.33281076452881747 -0.1779573945875396 0.9252953315567367
-0.07711265633855562 -0.08611495085003303 0.9932306447841021
-0.2212386672171334 -0.016360459188239557 0.9750734963524113
-0.38659204168141753 -0.0074868806340701154 0.9221325980658323
-0.06535995033127964 -0.25278287076185896 0.9652422499988269
-0.2539818752591622 -0.10840879526774615 0.960785231250381
-0.007467511536778716 -0.000766645295869858 0.9999681385318592
-0.11181468369990011 -0.21456162274328663 0.9702143839662446
-0.32148888630352657 -0.047464409329130916 0.9457229015387955
-0.3459175438080512 -0.13581117871234397 0.9283124024474906
-0.0026160712173555842 -0.3974844922588822 0.9171160110098254
-0.12030746947733445 -0.015017727936349212 0.9925841902687274
-0.029516907496972777 -0.04482828496458163 0.9984941461415432
-0.11577939288455702 -0.021688474207117576 0.9926338450818775
-0.2709627903789358 -0.01123910373768553 0.9624309826385432
-0.057297968881347416 -0.41891218173175093 0.9061511758081882
-0.34641376596664575 -0.00738332840579016 0.9379595992978158
-0.10800411063799085 -0.09956975944988522 0.9891241023747083
-0.1589823001522824 -0.06064779745150496 0.9852911738451964
-0.2134955999888621 -0.23429550723791145 0.9484329020825425
-0.174946531436117 -0.024294512928223117 0.9841252862980627
-0.38918925146826877 -0.22190056878936418 0.8937107840665395
-0.06823389838835224 -0.01630234757523429 0.9975176530032995
-0.3294167397592207 -0.007285376452531057 0.943806543791272
-0.20042801843396693 -0.046622511127010796 0.9785183012746919
-0.20765295344104034 -0.052441556590381445 0.9766724802298908
-0.006073222616139608 -0.35627355846764874 0.9342148753869475
-0.08091349164374993 -0.36198442989108043 0.9284520543294633
-0.03259243950330668 -0.04170104871367684 0.9984396190096415
-0.044958494295087095 -0.18928558328612574 0.9808921650545867
-0.030187055046302612 -0.022002612014109187 0.9992044477628014
-0.040265689624781574 -0.01447707961973099 0.9989782584163748
-0.25652471546010985 0.004096633254603891 0.9664962615982382
-0.3132888057393831 0.0006150147717080714 0.9495924979472423
0.000161613999685092 -0.0998759594631142 0.9949877506129251
-0.13451048014835534 -0.01781365127040746 0.990607415421282
-0.396623619374361 -0.13110608516299538 0.9085075419640386
-0.06653308119536011 -0.3952553179211374 0.9155190123571119
-0.02012953910400435 -0.05482598913550774 0.9982842818022233
-0.14810254380393045 -0.042993325171971776 0.9878797228954461
-0.015664563860374237 -0.03574955473162059 0.999173420016165
-0.012614701032578605 -0.06811579799485325 0.9974603134547357
-0.09699245204752027 -0.2862753485086732 0.952762353332895
-0.09411732059476108 -0.008185568108549007 0.9955248800535165
-0.39669598334084993 -0.3600480926491321 0.8443915622587553
-0.23474959449087882 -0.06131273973810279 0.970017459672543
-0.21817433114098306 -0.021717741252216777 0.9756655382468564
-0.14603612156866316 -0.08522362356810681 0.9855970825621589
-0.2714379734475014 -0.25940663060622987 0.926717684788836
-0.3819464342302955 -0.24618315687703207 0.890466905700952
-0.012251666955535857 -0.03547454353863261 0.9992596277140052
-0.05254135821787076 -0.09212309354246703 0.9940902679975615
-0.015017376335698652 -0.001470927472868931 0.9998616077704456
-0.10766625749523459 -0.020327533089316237 0.9939528054395128
-0.03958921233171306 -0.34714874242352906 0.9367214074211873
-0.024799696568595538 -0.26893863454538386 0.9628378686999608
-0.09564948280065136 -0.012635846879067013 0.995331967868936
-0.1576081174133688 -0.39277536847926603 0.905966599711141
-0.051860935615335856 -0.29257790782112264 0.9548222637973056
-0.03165387721457253 -0.054898646687716844 0.9979338754256082
-0.010198189153562659 -0.004068706053794699 0.999913784909932
-0.050079681065733565 -0.0035577140518500863 0.9987388652540985
-0.29291086395213023 -0.2798464545245674 0.9142614573086836
-0.01704571537946963 -0.1314526759794255 0.9906801527447483
-0.0038311486957251176 -0.09909114001735142 0.9950692802124483
-0.09260611388582908 -0.04081858928871387 0.9948255086159391
-0.17544160718205887 -0.004969908152992889 0.984448761692866
-0.16085044841557913 -0.08620129120713708 0.9828958565491035
-0.2445671453438003 -0.034642319386724296 0.9683700672731825
-0.04104873290909923 -0.28931424967146124 0.9562738250195127
