-0.01825903718470998 -0.03410711855481473 0.9992290193416187
-0.16396178525114843 -0.006948406945270643 0.9862123930440576
-0.2232799725410213 -0.023503687906575824 0.9743054342453965
-0.08623058857002437 -0.05161251430537262 0.9949059570509595
-0.27123348469625186 -0.03953288048623258 0.9616145512271932
-0.0026674944776784062 -0.009084321489933017 0.9999402514886411
-0.18192374185324361 -0.11000402930572982 0.9770789323969006
-0.029517697492707478 -0.2003405431747029 0.979102512556341
-0.187725990039558 -0.2159199504925346 0.9563825386555891
-0.016591708332410818 -0.3055783264533391 0.9519749939718971
-0.00976884201742711 -0.13775717753365455 0.9903010173398821
-0.13779863371571635 -0.09438618465348178 0.9857873751352676
-0.26250433725774275 -0.17426129296448348 0.9489421508143827
-0.25356398322959245 -0.3504163698848159 0.9008815434997188
-0.01824898706187787 -0.009914662626703761 0.9997305687452788
-0.0034072439291702008 -0.00039872414500606243 0.9999866966621225
-0.020995554041628603 -0.26134674305947897 0.9649585217517547
-0.16593967738992885 -0.004482281074907673 0.9859667881680562
-0.0048590047889620815 -0.3220729055214918 0.946315838719453
-0.10919717105799734 -0.2612708607389191 0.9589553734622336
-0.011332316390537198 -0.20874796370197765 0.9773601808281193
-0.08437200660613445 -0.13824584555489983 0.9858919171466647
-0.02990176224714742 -0.2817323083336464 0.9587350965135226
-0.0034615756583777006 -0.3326340761628267 0.942779148943533
-0.11278897600233327 -0.06959062232376602 0.9911199232800069
-0.19625434573406003 -0.06417672867878385 0.9783447419595376
-0.2073503984548961 -0.004140251648412301 0.9776151600741254
-0.041106398179191525 -0.18649837583947887 0.9815839152824767
-0.003915708231353599 -0.025648148586929546 0.9996632659705202
-0.17364483304215098 -0.00281624266198711 0.9847714973384537
-0.022396687553382096 -0.0036783022727002335 0.9997211752939775
-0.30989546343205165 -0.018960476504657448 0.9504557775579872
-0.2575008508624559 -0.0038814454845231645 0.9661408755931754
-0.18830506487451487 -0.08330358509168465 0.9781498770458883
-0.3712269968071642 -0.03923721261335691 0.9273529869351017
-0.1162639708075087 -0.040678755535184796 0.9923017065857955
-0.1650474743801407 -0.27552184537945174 0.9461599165504083
-0.18898594906986546 -0.29458435574293884 0.9359723734376225
-0.00034391744819209575 -0.0033371647286114326 0.9999861440961715
-0.022329741498066127 -0.22872309936290158 0.9732346151820138
-0.06550250542735563 -0.004373609150635327 0.9977232894276938
-0.36717421391157995 -0.35863918294094826 0.8571702262369512
-0.0080955821033599 -0.11940612733974579 0.9925656214695675
-0.2747139705670966 -0.27192008502459464 0.9219326103411531
-0.3487029644923178 -0.09548108309803631 0.9322733324385801
-0.08407557582621342 -0.15204698950425075 0.9838423032282952
-0.3018297855033571 -0.20207525622192915 0.9316783193963697
-0.35785431922473976 -0.17376179199312253 0.9174517709794313
-0.07016881447619995 -0.009517774592096776 0.9974892273841758
-0.37238231179657616 -0.018561537663356286 0.9274917058208294
-0.045913855879976706 -0.3245633505057317 0.9442892999976402
-0.051134079546255755 -0.11558709538454502 0.9917134460712103
-0.003701795582011464 -0.1640666986188001 0.9862363675285241
-0.1225457560238598 -0.21932591898920747 0.9673257126825975
-0.008728963944187354 -0.046492662188962405 0.9986562440776539
-0.15709741042820438 -0.3575597767879093 0.9192119870089059
-0.008644494510656223 -0.097125140869286 0.9950919782735398
-0.0941251330022224 -0.029241054403881576 0.9950448325762082
-0.1463561087930547 -0.09461631507421564 0.9846596155982439
-0.1541904270937387 -0.028294840861385406 0.9874812866812381
-0.02099354879504308 -0.15814177861196982 0.9871903027470805
-0.0023018952144644423 -0.027389367979573573 0.9995886507581314
-0.004666536232711878 -0.008909417420096252 0.9999479156001365
-0.001722205361280447 -0.12857052850206938 0.9914082856278065
-0.035356559638164906 -0.3024465969132618 0.9524658101826067
-0.01485995358143079 -0.12139088720071355 0.9924090135258306
-0.18066726570383537 -0.04511266757395718 0.9824781869316728
-0.1379837376803938 -0.24954646644731926 0.9583748606513177
-0.25225324256313364 -0.1027993590537296 0.9616348460127866
-0.12823401139688534 -0.046463259112550684 0.9905565119155508
-0.2553344401196366 -0.17703815856674673 0.9503539079736624
-0.26231185976515975 -0.20233193451414724 0.9435099508744317
-0.2287425124733846 -0.2947993273711278 0.927773357114013
-0.2764366554440391 -0.3095823658009652 0.9094479737540213
-0.12860256781940477 -0.012028635443383338 0.9916107490056904
-0.06405620981298175 -0.35098662066744485 0.934128517946847
-0.04938603325778028 -0.042885201303739864 0.9978067834456984
-0.20865973650494574 -0.2301755307034526 0.9493176691759709
-0.06084926505405615 -0.1022728385976967 0.9928529039186301
-0.3831849990188906 -0.05329377881772501 0.9214104207947504
-0.3685295886502861 -0.012295708638776838 0.9294751795163786
-0.03145230375530112 -0.26837318367885976 0.9627637416042699
-0.1636439994195515 -0.02192115244108395 0.9856352532956583
-0.2922061989351795 -0.015673282174520634 0.9560596328182471
-0.16511635674999775 -0.08267322299156236 0.9818571998774994
-0.17396051910129048 -0.002279723590758045 0.9847495594044812
-0.1423584797980822 -0.16070351660682156 0.9764110513307014
-0.06383816470526196 -0.340121401595034 0.936773551698177
-0.002045345954692522 -0.39362264709725364 0.9188242039674408
-0.039690588535147245 -0.3921342521435052 0.9184420083483678
-0.2832253640843358 -0.379356457938122 0.8806316178403305
-0.33000548780271427 -0.34357961225412126 0.8791107461820474
-0.09845594516100883 -0.14636705397932526 0.9842340573882369
-0.01150494401710538 -0.39170883651217797 0.9198406252037081
-0.15189740637407445 -0.10985203119376151 0.9817423758349645
-0.11865987571542334 -0.09919523072130186 0.9879015192802985
-0.01935370360960354 -0.2309952108492784 0.9724520708557763
-0.13740565024066861 -0.3679102238472953 0.9176105434805896
-0.1292815596503907 -0.0232524773612958 0.9913333921127672
-0.0007332468137466081 -0.2101494874032033 0.9774282843913985
-0.029330058572786824 -0.15241236058600324 0.9876596029018112
-0.07302872513964392 -0.0881628423201615 0.9934224473256152
-0.28483709242939415 -0.006649240194568526 0.9582422091789856
-0.061293762205888745 -0.15868879543789158 0.9852681427644224
-0.3659148484203099 -0.19248964090510087 0.9105181193884998
-0.2540110899973481 -0.22320000392945952 0.9398753846823805
-0.21633285501309274 -0.017224986090212988 0.9761196139301472
-0.22738654038468992 -0.06146422507630614 0.9718381609759948
-0.22415821516919965 -0.023322078606443853 0.9742539371080121
-0.2636620858655829 -0.2584513328002154 0.9293240979783713
-0.08454452203399393 -0.08053859337974115 0.9929851726005565
-0.23207480068710323 -0.09274380169182177 0.9680873941273941
-0.03729435777718867 -0.07438438794694406 0.9964108214006132
-0.11553347513886776 -0.3266819347860399 0.9368264950756668
-0.037694790376074865 -0.05935277599219561 0.9974923781060872
-0.027548047403391427 -0.04981189961899079 0.9982325907757477
0.0016981626728018266 -0.020747644768766452 0.9997710803060477
-0.18684090104599674 -0.23693234011705033 0.9514747358954097
-0.0028471920856077563 -0.2073289721842656 0.9781579220760233
-0.006947629178514017 -0.25330235764315684 0.9669247343941445
-0.04756394972714357 -0.07303881178065436 0.9957866433524258
-0.1845497664200096 -0.3836456699867693 0.9043348118853808
-0.009022993042352165 -0.004891796582281606 0.9999233612517757
-0.013722261383870981 -0.2803225930473855 0.9596253767643347
-0.0738314833031699 -0.2860817803260812 0.953968965957194
-0.20289702447297284 -0.2749086740079037 0.9387235250893031
-0.002984060088744078 -0.06908338697530246 0.997605675071363
-0.3031918715058089 0.0017455254587781406 0.9528981980906683
-0.23930888287281743 -0.23936505880863518 0.940461223864271
-0.235277464058709 -0.12399847454782713 0.9634648577795908
-0.06069596671703473 -0.017976405533700376 0.9979685861445318
-0.21087961146581952 -0.38477897363035596 0.8983496544840763
-0.007790842909765484 -0.13404025893851299 0.9909359834134399
-0.046498734548311035 -0.04017795958582229 0.9978439159651643
-0.2605430649816881 -0.14140253601765054 0.9548153187975474
-0.032246393456576386 -0.0012396716781686659 0.9993559616430785
-0.005552996347977787 -0.01464246293702904 0.9998694521994318
-0.021461358792384717 -0.08740217255111908 0.9957116546992972
-0.06440552158720535 -0.22197640244222597 0.972058332368078
-0.16201991394282259 -0.29532806471582007 0.941557690557507
-0.029594615010100158 -0.12274905996846261 0.9919963842054121
-0.3383382147498321 -0.011283363878599779 0.9407005795430574
-0.256890396650447 -0.12061482207373335 0.958869230612688
-0.2705562107178862 -0.04749534588582514 0.9607421863730379
-0.02409531324730707 -0.07588779703822866 0.9967631610039709
-0.12658404619030533 -0.34325755642268074 0.9306721938161702
-0.36682444579337536 -0.003116480714662315 0.9292076065340575
-0.06525550725231294 -0.040614451602712986 0.9969678387462483
-0.288266462149985 -0.06425962325020503 0.9533528792683553
-0.20847169084017042 -0.004173756420813284 0.9778596716796659
-0.3120395388320413 -0.01121143036029819 0.9498757962091126
-0.06917117077766152 -0.15386614260355228 0.9855876879660825
-0.07641716528751749 -0.21546534637075626 0.9734865207709914
-0.14428833968688526 -0.05739306690094173 0.987867102495493
-0.18084658863151873 -0.02267382863333314 0.9831966366077216
-0.039510290095740246 -0.03250599997900522 0.99836742068988
-6.833577129995351e-05 -0.2122161877780909 0.9765698435687773
-0.09148076372167072 -0.09472622661463585 0.9904723472520212
-0.018009603382046123 -0.30887079695182634 0.9503436008467678
-0.006311567734960195 -0.33933562560127134 0.9404919932607054
-0.35649647732958506 -0.25937791553564105 0.8975595236797566
-0.09908563991183743 -0.17626907936694122 0.9793269634182381
-0.026446356480853226 -0.04840646587471328 0.9984568051207117
-0.3034260076446152 -0.24989374625284744 0.9191074952424255
-0.18119137891885542 -0.15698511589729566 0.9708064474482679
-0.2320848703936835 -0.1277483923712099 0.9641518894704848
-0.01003228253428028 -0.04561761858345326 0.9989051740131403
-0.1766024019138055 -0.020369891453698545 0.9833368113843747
-0.20101986100400437 -0.03552294540774807 0.9787871043032729
-0.19240359992994852 -0.25745583609074496 0.9469410488208149
-0.28637044021975805 -0.022373501200475605 0.957795102534362
-0.18383558809716327 -0.07035798256321314 0.9804122655998098
-0.33100178265129815 -0.33108592984930607 0.883623682116989
-0.01215205848333706 -0.230279182097396 0.9730397366358997
-0.13103204192841045 -0.21442291188064314 0.9673047858103754
-0.1517522939726382 -0.31864646792612805 0.9353928767097888
-0.014672472133065632 -0.018531565931044117 0.9996969166303715
-0.3113616100550574 -0.002359101730954672 0.9501156713167209
-0.09826892532241974 -0.11730765103651117 0.9881585760487486
-0.1733073960537292 0.002611504228474224 0.9848170555802702
-0.0943170005709596 -0.06646934069978697 0.99297918215765
-0.019341975592274026 -0.2681721173775562 0.9627565003676782
-0.28080238222686676 -0.004236454374242854 0.9593706305809497
-0.006349811004942707 -0.1973538132436778 0.9802187148936753
-0.01662597523970164 -0.17972041948560183 0.9834227048602497
-0.17232646965402781 -0.15094392151696498 0.9732190481791818
-0.3284198384596104 -0.22793682084105069 0.9166007055717038
-0.256223378448178 -0.0011246432646044651 0.9655343457039074
-0.0008003207647842226 -0.13247804439779887 0.9911849316390828
-0.34949123402559423 -0.2482812602514271 0.9033215110305254
-0.27021693686235015 -0.07702284339132295 0.9585058119458437
-0.0005691045123102079 -0.23164719557788968 0.972472611611099
-0.2180410476863582 -0.0009659125298848476 0.9758814368382347
-0.16151713867113526 -0.11932725113876745 0.9792667404462324
-0.05160636459723115 -0.3752623245822511 0.9249169208286943
-0.3279303553078251 -0.20289211793346873 0.9216106253776735
-0.2860929035497023 -0.24496002705857087 0.9257508874322167
-0.3296062758882913 -0.24569804577548165 0.9109465888112039
-0.017720528065014812 -0.3972990813035631 0.9173565069479122
-0.2361278012914884 -0.38300241088107245 0.8927994225540089
-0.2639822346040727 -0.38144179517140914 0.8857365872744436
-0.12055058600003729 -0.3564799007136832 0.926011310647302
-0.16872236925307252 -0.33966595788835685 0.9242813421472391
-0.01363639042725958 -0.20219935690822372 0.9782839002348981
-0.014333414055233562 -0.3761970508812752 0.9256381809977341
-0.02516157805436309 -0.36371190829843064 0.9303286234607338
-0.31325369240483975 -0.08471431961742998 0.9457351557406751
-0.40185939134213017 -0.01409735942962016 0.9155610615070789
-0.3619243082739652 -0.0029264307784875702 0.9319187055077439
-0.26888973366966873 -0.29149466686474756 0.9175524218788854
-0.011180854971442961 -0.22252447862728206 0.9745545357180428
-0.11864016001333398 -0.11868337347913638 0.9857083245610739
-0.12158539669181202 -0.14974123295186903 0.9808574943180729
-0.13954364743129086 -0.13285907621219525 0.9802765902358062
-0.08788517034183137 -0.15055480561534446 0.9842664592114936
-0.112592584594834 -0.14682364497120173 0.9827245098048656
0.0012881420547027236 -0.10199192691458721 0.9947637768352777
-8.40472630461884e-05 -0.0904380842056823 0.995707926206422
-0.04268483054228017 -0.0054698840462822475 0.9990727788346843
-0.023062230083292175 -0.005153592158954071 0.9997203350020422
-0.1625202193178602 -0.053926311802766434 0.9849754428188522
-0.253982105691979 -0.09839895922562099 0.9619998945492947
-0.25795727349103476 -0.12011552556959343 0.9586457592999319
-0.09839181678893523 -0.3919749597757831 0.9129169647337823
-0.16900028221615712 -0.09238171916244999 0.98062237444884
-0.12604669474905378 -0.12202673428225912 0.9835610025461137
-0.3718662234537358 -0.3112240455101654 0.8739890742316817
-0.0702802549041782 -0.2863278889454986 0.9554734361421835
-0.35371896590865837 -0.035775950086177 0.9346443787113162
-0.348198357496491 -0.01817042279555268 0.9372426780948199
-0.355801045114931 -0.029892076887215072 0.9340814433704144
-0.28091937224630376 -0.02977319436407671 0.9590312004440185
0.0007232190650146161 -0.09227764991645791 0.9952789012948137
-0.00015404245332799676 -0.12651162248908068 0.9918865115436791
-0.0008751045953773503 -0.08962637717489313 0.9959089655623785
-0.3533815122027648 -0.11155756503546468 0.9285844259149203
-0.37160262965615726 -0.15472609231664766 0.9153804242070739
-0.0029781638135432343 -0.10276373032021763 0.9946859404032735
-0.2689344973678445 -0.115699640794787 0.9558151138223234
-0.21403080339762548 -0.3570910374295183 0.9087834923459245
-0.11393302165804599 -0.04399048124318353 0.9923297006743668
-0.006619923750728788 -0.1219503922298457 0.9921761492927803
-0.014018835398599227 -0.09910759587437522 0.9949285226013557
-0.007748110103811751 -0.06439308599659858 0.9978293851531594
-0.18409057330106737 -0.11099094146773424 0.9765207714363481
-0.13741389139833363 -0.051145659895044174 0.9890645025223214
-0.1484220044115182 -0.052351848602345416 0.9875069996571013
-0.004544600926815419 -0.035687142105686104 0.9992595046160324
-0.27890988256631555 -0.015251261840141516 0.9596805326021839
-0.026050261551456698 -0.31152973883154056 0.9494407920169381
-0.01972406738387106 -0.2783519872880802 0.9601497390739555
-0.16340372105246775 -0.13039367114707404 0.9778548506896921
-0.007828208423534952 -0.19644454827012445 0.9792029904573761
-0.00046367721188435334 -0.16392629569520784 0.9863504907355994
-9.97538510887273e-05 -0.11933164755390815 0.9924985202308537
-0.014808491568245504 -0.0867396250532793 0.9960480292508177
-0.022722070269245238 -0.09048679889871618 0.9952200200454592
-0.017339912025640117 -0.06247915757398012 0.9976160766387954
-0.046698916626524645 -0.138137868692323 0.9889965725036507
-0.15793064947103752 -0.051613220060256974 0.9860929871417129
-0.17956153282165838 -0.05718554362647543 0.9820420237352318
-0.02894187209309035 -0.0828742207565462 0.9960691000794339
-0.20135408155376078 -0.030560361038895298 0.9790416470126531
-0.17102476870116073 -0.037450542312059465 0.984172499898465
-0.19082379123445262 -0.2578478078905593 0.9471502085362752
-0.19788616859158442 -0.25306988109113226 0.9468130230731313
-0.20352521324455827 -0.2462250771292642 0.9473621933136251
-0.17691088228849777 -0.1208983720304057 0.9767093878863932
-0.21813509081193566 -0.02202529573600762 0.9756692386847855
-0.24008310828086865 -0.004151712067714725 0.970306440120371
-0.08404438844070897 -0.207106793662476 0.9745185803911941
-0.12084036904509782 -0.2573841177968192 0.9584650159916384
-0.2559940226963849 -0.2749907169394709 0.9263882646842385
-0.11397189878743308 -0.09231400845411192 0.9890886754762884
-0.10800670591866338 -0.09204933770575555 0.9898794240608073
-0.10309380523884396 -0.08327199030239042 0.9911544501567322
-0.28922954635683085 -0.268737253132015 0.9187038655103182
-0.27742271941790564 -0.3140399406750519 0.907897144049895
-0.3155181648441927 -0.2997381774137832 0.9002080204718577
-0.13002703393329143 -0.017314742281209758 0.9913485851012637
-0.15009384727042788 -0.00965092217630386 0.9884484203609534
-0.12648502253589242 -0.0075796938419529685 0.9919341509037589
-0.12370515259940987 -0.001972284014327578 0.9922272540728805
-0.19606318131008446 -0.1163162981575128 0.9735712044814074
-0.13361352902464543 -0.2919869598960271 0.9469323542847365
-0.14128320088420332 -0.28957345073110446 0.9464239659312339
-0.2835458564563759 -0.0308841139797516 0.957183552296438
-0.1326452108254114 -0.255056255735262 0.957759339410028
-0.07347014616313283 -0.2628937718326444 0.9617427564608004
-0.09370263908483795 -0.25577818334847346 0.9620824502718811
-0.22047501326261143 -0.03825440947374333 0.9745571916505334
-0.2418860881744952 -0.2187480333659016 0.9450689716175501
-0.22847869562090423 -0.24448547166147852 0.941886044128014
-0.2582767858297288 -0.19615038430292472 0.9458597398353039
-0.10154561707888166 -0.021596967702280548 0.9945561745956157
-0.11418842028697208 -0.05678014335840579 0.9917837102062266
-0.09738740737089997 -0.0624250936836878 0.9931574612393291
-0.10455675233463604 -0.04677221108185239 0.9933958632819466
-0.13775160709026157 -0.027056939724063773 0.9899909844173632
-0.16775153159672854 -0.03109370920670079 0.9853388281309903
-0.14759978945113747 -0.07222634015192782 0.9863624150296824
-0.01291153701926342 -0.3065310575241226 0.951552190180734
-0.2924707256578932 -0.005824845548306639 0.9560262702338873
0.002730036630420512 -0.08065487847963775 0.9967370254287591
-0.14136964623330375 -0.23982172124174403 0.9599590442458599
-0.13267086623209273 -0.2681086685496611 0.9534325954337775
-0.01601383848396181 -0.0044915856740396385 0.9998565435242442
-0.019440933835312563 -0.0041003248161548675 0.9997695913512448
-0.29917890811726927 -0.05261562327199713 0.9523321348507934
-0.29305031933270326 -0.034674321296847686 0.9548647281532491
-0.046409393800508625 -0.39398964253718544 0.9176493943179297
-0.00663671942891386 -0.40056967587688186 0.9160280136886106
-0.10557163028109932 -0.3920376829837678 0.9137702674787154
-0.04552911151443213 -0.3361167826664551 0.9405735334887533
-0.03942331084686645 -0.3249333340023659 0.9446756807460694
-0.35744842260246323 -0.0604310084402897 0.9319515659493022
-0.15183144109600052 -0.18913682890915437 0.9692986151961162
-0.023272213251897513 -0.27907314587494525 0.9593487588801084
-0.20599571907132921 -0.11186464486061146 0.9718411212655151
-0.1961611257391698 -0.10565868752347596 0.9748557732305518
-0.30200363500114336 -0.24825355451636769 0.9202597739116175
-0.0023936190395143922 -0.19848631310329476 0.9799644442004276
-0.001940701048485731 -0.1661259108376973 0.9857068072078858
-0.010352535448256565 -0.40086819501058607 0.9157902195322564
-0.05671259685720677 -0.3006882536202942 0.951784736054877
-0.028315857185096344 -0.39563940443628465 0.9179572452074328
-0.369047986210748 -0.12351894349880736 0.9202684746273166
-0.35682824718219885 -0.10038278483738457 0.9287587282420143
-0.23646515736431098 -0.0020034422188659477 0.9716364442881013
-0.1371357179420735 -0.16154483411480275 0.9760894960605997
-0.24617277750077107 -0.051925374211331005 0.9677593866351195
-0.029567529670774275 -0.22825277915967052 0.9731292123796329
-0.04017435207526285 -0.2302173808398215 0.9722705132580294
-0.08431581573868858 -0.28202077037716167 0.9548114129285925
-0.17313055620767137 -0.2757134904359951 0.9446357850418822
-0.14598321990984262 -0.18456126004111129 0.9709125558663549
-0.1516390864657787 -0.21438486881632138 0.9645512499926417
-0.2244193685061331 -0.15215895928048076 0.9619051862488174
-0.2135596226917701 -0.12286413988245926 0.9691727786716381
-0.20938964911571925 -0.09226968101275677 0.9729691276457823
-0.16045338156623173 -0.10648894280802726 0.9801191027451844
-0.09210265451374093 -0.2250311812552205 0.9685438337258545
-0.1418809362973057 -0.21574305496473678 0.9659774371089654
-0.06417271733096457 -0.18833455666308505 0.9797626165584468
-0.3988726102128503 -0.02182037645600137 0.9167199516871639
-0.1006512943419958 -0.10662930097005577 0.9891141905930986
-0.09352249916396442 -0.10565011141644383 0.989960366143141
-0.0662890280610736 -0.12577310960199314 0.989804270876819
-0.04509674826851247 -0.12805734565953525 0.9904780280086614
-0.03540477388014435 -0.11098244679934506 0.993034730634836
-0.031084652461352218 -0.14022477108139686 0.9889962127909505
-0.3312162355936696 -0.28413008073157214 0.8997436165661477
9.340974592715984e-06 -0.17425575356036824 0.9843344588749855
-0.36528811576991554 -0.15836996062217154 0.9173241256825726
-0.30165542705109905 -0.09995493541651226 0.9481346764753326
-0.12538367974877523 -0.0678955199869735 0.9895074629150866
-0.3086075717943302 -0.01212151773509561 0.950834453525065
-0.14895855376955097 -0.032891413891024 0.9880494340683783
-0.1321251167524335 -0.03797650633694637 0.9904077928058542
-0.011906326763137697 -0.05102856463090571 0.9985979700925658
-0.02307078092976891 -0.17799596244407437 0.9830469631697921
-0.07289402421028782 -0.1325935746624989 0.9883698335378028
-0.06331557953338053 -0.1189281761465007 0.9908645339780713
-0.04801967462212761 -0.1191490990273903 0.9916809081152119
-0.0672842493827412 -0.0890139480530674 0.993619608641324
-0.06962260194528731 -0.07556964109766981 0.9946832595577769
-0.18185250541125667 -0.07865252429223799 0.9801263121516302
-0.19665255841473867 -0.10839856452079936 0.9744570982391485
-0.16425502747468798 -0.033060008666064795 0.98573300819025
-0.23229472679175137 -0.020441926616619463 0.9717020922632436
-0.2159809182533419 -0.016284529465112486 0.976116106221945
-0.18208364931593568 -0.005353819885744083 0.9830723895803731
-0.03453090576206586 -0.11169651345140658 0.992898664954342
-0.025181313649173635 -0.16090010725596043 0.9866146035788602
-0.044952668326407576 -0.08560134797992525 0.9952819530264074
-0.03716218628922824 -0.06469189306751479 0.9972092918426498
-0.06009517763186163 -0.06134934526569754 0.9962977145343823
-0.2701940666721863 -0.04872597198653998 0.9613068714114936
-0.01886585237680732 -0.1142348784357024 0.9930392353809078
-0.023366442371046448 -0.1474668202090615 0.9887909524091438
-0.08488008779610412 -0.11703264549868748 0.9893589782074361
-0.21865221786308595 -0.17846765104377665 0.9593373758371553
-0.013889200409653232 -0.014977197824483887 0.9997828482954544
-0.015602376535487756 -0.09112006304441547 0.9957159434833153
-0.2389532702842675 -0.03389900420309965 0.9699708083279772
-0.26610219854626943 -0.05120003672064799 0.962577392209596
-0.05980338736966731 -0.034090729947229045 0.9975657489408747
-0.06492183923029941 -0.049978582312408655 0.9963642286036195
-0.048829677754787346 -0.055534717747848565 0.997247052363141
-0.15777038081475975 -0.005412789829846029 0.9872232981742891
-0.17312624036756136 -0.007970171752383053 0.9848630991536722
-0.258465428750844 -0.3187144770926892 0.9115969215664904
-0.30336791474243746 -0.28026133038357703 0.9103622682631128
-0.21638889471674977 -0.23117909876678763 0.9466932910652034
-0.09911894949971868 -0.3208332628886296 0.9418253210250442
-0.03172241287422981 -0.01207415244162118 0.9993992057634596
-0.03390302253009571 -0.016240207414041863 0.9992930127504575
-0.0786722763518814 -0.041191642680918295 0.9960047157746353
-0.04829334255443497 -0.1065882590826355 0.9929646175747983
-0.3743819808154467 -0.07987574520739776 0.9235278785981784
-0.017977454349547072 -0.02042880531766141 0.9996102803022137
-0.157578536365082 -0.24004427313322646 0.9578447041611563
-0.16340780202472388 -0.24968510112965037 0.9543632854713978
-0.25182409475059725 -0.055355916401754586 0.966073316118275
-0.1838799239498261 -0.09917091633935962 0.9778730355850599
-0.05317515523456395 -0.26861632913420264 0.9614574662727949
-0.06297460207155689 -0.2261413726307923 0.9719713814142541
-0.16720343997886883 -0.22814967174179132 0.9589241647971037
-0.1723006531871156 -0.029252811529824396 0.9844887014275937
8.900200607013051e-05 -0.02008660404101824 0.9997590329061121
-0.08539892800095301 -0.03203622609626916 0.9958316375961798
-0.14094818594476854 -0.061020992807380624 0.9881054146158116
-0.0027868541147784897 -0.025090295878810325 0.9996704475128475
-0.15412666339148146 -0.055975299894562944 0.9862885477809593
-0.17248547266902567 -0.03242087037914968 0.9840463554464074
-0.3839579686028216 -0.05520680268745253 0.9216667464627921
-0.38301620073799014 -0.32487364327335255 0.8641821644040464
-0.1249447125144545 -0.17202018632189536 0.9770763593859838
-0.1415885686158826 -0.16664664873427398 0.9756433840717867
-0.3815768172451455 -0.04599337655799604 0.9231014910619031
-0.06825175971844911 -0.011845034775700446 0.9975934715566498
-0.06060870689143756 -0.007359726154191311 0.9980903376865019
-0.01948315102393999 -0.3040016201061296 0.9517504243802257
-0.16053532598454273 -0.0023825397389746427 0.9868987682963501
-0.1543301043427026 -0.0030802903447098603 0.9879377162062168
-0.10075074560357142 -0.04816099967534001 0.9935358469721651
-0.07092675144762507 -0.049870853886262986 0.995912952522878
-0.17403632563912022 -0.3929686712662103 0.9025473676045603
-0.18232411623353917 -0.39921238595155295 0.8985456835875658
-0.27403257842967516 -0.05728905531942599 0.9596298789003536
-0.013381400164531264 -0.00989697774959193 0.9998592749684074
-0.018106094976514733 -0.10148750349775909 0.9945292030771202
-0.014224425125408436 -0.10671851325772909 0.994145903054139
-0.02063416832257588 -0.10923968511199508 0.99379734704289
-0.0005372007951274113 -0.2091131007666567 0.9778690609609836
-0.0022026501184021995 -0.19728619279393533 0.9799867535236801
-0.007236911076444597 -0.24560537624961676 0.9690301634049043
-0.008129940760066337 -0.25282748009128886 0.9674760610262413
-0.000554049236343339 -0.16797747176825842 0.9857905145371353
-0.003034182376116989 -0.17134608814755065 0.985186919070917
-0.0018497389166695407 -0.1973462960549923 0.9801905149321124
-0.2732139555049176 -0.09600606651336217 0.9567835710106692
-0.2756749596710049 -0.110959823184714 0.9534942215436846
-0.2844955789333496 -0.38843468410546295 0.8764592210257609
-0.2834378314692815 -0.3903506829333402 0.8759387660971244
-0.363919753976108 -0.1871090125956845 0.9123810060356092
-0.3616493669126014 -0.16619617376806442 0.9173144357256888
-0.3885825204075536 -0.06381113123778723 0.918802284707992
-0.393709397933673 -0.09248846801676679 0.9144605471983465
-0.3938286276400445 -0.1028849023850372 0.913379799626487
-0.37377966848147864 -0.10138260653605698 0.9217202113380709
-0.003793455308850979 -0.06748174192565162 0.9976760405614246
-0.07051621925966911 -0.0741016183476622 0.9946216046098437
-0.06707761871444026 -0.08035189528230398 0.9944164437234743
-0.09807509317234149 -0.07771565659175193 0.9919721234005777
-0.03791018311380272 -0.0035561570065594525 0.9992131143326823
-0.09383222888110396 -0.3070530212116643 0.9467217399678679
-0.25930278261910883 -0.24632581533817535 0.9336293151389048
-0.2718269921229791 -0.2511870381369262 0.9289860934633821
-0.22756493071571432 -0.10037637186500341 0.9673273328827822
-0.2542078507219719 -0.14583229513469625 0.9557026659529904
-0.22919884046030822 -0.1067686819495269 0.9665815100851028
-0.10827700303638706 -0.2864427652753423 0.9513645610729183
-0.09845422896294474 -0.2973713367417255 0.9493729672341102
-0.14650922783224724 -0.28626874531823265 0.9460532387965894
-0.09876166766918182 -0.29262636575022066 0.9504820313386527
-0.21970966997138183 -0.002255790458332393 0.9755207204548006
-0.3117333396085701 -0.0014916343039222781 0.9500462104416184
-0.07936886457509752 -0.10680306682317808 0.9910812116684666
-0.09229566395575328 -0.16721529329708754 0.9815521248499873
-0.09550845052623347 -0.12946500765094585 0.9869496466700902
-0.0011322585020722888 -0.313862542826956 0.9493795656244105
-0.007842458600610546 -0.31494725814342456 0.9487316321437395
-0.022291499124656517 -0.3112175269308989 0.9499933339155007
-0.06636517402742706 -0.01412387446439909 0.9976827855476983
-0.1129664829850209 -0.10999973138806146 0.9870749557077559
-0.08699624702302389 -0.12179561046066655 0.9884692856892877
-0.06899727299942807 -0.10799059354206263 0.9916137657753772
-0.05031355630916226 -0.09340463083068333 0.9941253938117928
0.008059104565271546 -0.3121976452565857 0.9499545153942961
-0.0004171364563942381 -0.3216409052911253 0.9459979222705039
-0.03767195737671976 -0.3111122239595373 0.948685100779147
-0.39407288727154033 0.00024862467233830127 0.918851547176544
-0.36398344274043104 -0.0056554606635656375 0.9312663065664564
-0.3981740112023234 0.0056461106810981754 0.9172922021376848
-0.3913800830599319 -0.0039593644733539315 0.9199456689279699
-0.289188500985769 -0.1569506421733677 0.9441448469948647
-0.19485532615041867 -0.03127987000877882 0.9803000217096848
-0.15961862569690013 -0.010812357484351623 0.9868315682725262
-0.006166945155531439 -0.001214466602290984 0.9999794089978338
-0.002963601223320349 -0.004111017188463641 0.9999817584482613
-0.3013143862071609 -0.15593924857365063 0.9406872989146388
-0.29375044923550186 -0.1572731821071584 0.942639377262743
-0.2978307095595264 -0.12147384413161214 0.9467572062876268
-0.00837998026077571 -0.028242072737039433 0.9995544809320285
-0.0011793288295120403 -0.04199510188216661 0.9990894006274836
-0.0048289359231424925 -0.25163884765045436 0.966421410934253
-0.006380979262962741 -0.008256547575208458 0.9999370373725186
-0.12053297261047136 -0.21085172173512565 0.9700526800273968
-0.13523268915115041 -0.20367015100669336 0.9695096484478156
-0.12532160932717457 -0.23163030433003462 0.9639391385356356
-0.16594401412148038 -0.21280598357804245 0.962534984780728
-0.29791387585134316 -0.15312852813583216 0.941414456519763
-0.31033718501650087 -0.1989081996708924 0.9293775661913667
-0.0005347277188803565 -0.001429164776769038 0.9999984430118549
-0.002476735252068825 -0.0007443469453768473 0.9999949977498092
-0.0010495489779575131 -0.001365430122288872 0.9999983007828026
-0.03013357509504392 -0.11289455017993054 0.9930983215018871
-0.2924627129200355 -0.0010392601354230347 0.9561035202822845
-0.1935276556665946 -0.25071261134559353 0.9483094559122812
-0.0814888167603875 -0.01106671122315962 0.9964602620711944
-0.17809683267968934 -0.1866171195539653 0.9651449267493047
-0.18724989910554174 -0.33142309768109474 0.9245201143365145
0.00403819980818515 -0.3611010430318951 0.9322136688779664
-0.1102487874663847 -0.008987503572852086 0.9937098733037891
0.0006702848480881402 -0.049805935360677164 0.9987105897366064
-0.03954012748869417 -0.3158120573894716 0.9479331575254293
-0.15117184639083753 -0.2962682438926545 0.9430124631605109
-0.18440492235627948 -0.3114468997775157 0.9321900021413662
-0.027172840913231557 -0.19363392634941845 0.9805823195515542
-0.03442137698000951 -0.16148824082563976 0.985870047082309
-0.25086542156286346 -0.1408477805654677 0.9575401593550416
0.0016536637868837076 -0.21484576588856613 0.9766403115698923
-0.00803465897674389 -0.22446343837270513 0.9742750617438886
-0.012858582593533745 -0.21880528029964172 0.9756135893469422
-0.0038080261160497895 -0.3868868615233498 0.92166971479082
-0.27345301670528444 -0.23954083996152403 0.9309218610183091
-0.24295569295393799 -0.21827737124285876 0.9447495404016509
-0.0404566930992953 -0.10481115518706827 0.9934424590351006
-0.027929106873542792 -0.030561151952614614 0.9991066141093723
-0.03270251710529131 -0.00586072094985373 0.9993289654422979
-0.06017769873733262 -0.303365091913502 0.950475204098983
-0.004502341200387605 -0.3518247574491457 0.9358727713414418
-0.2023314394964147 -0.1542809441648195 0.9669591472050003
-0.16814417326158534 -0.1534916754014285 0.9737163068607887
-0.1961105250028362 -0.014677818926300865 0.9803333007899236
-0.2222390230433008 -0.0162896616742207 0.974532982079902
-0.21827839460485796 -0.00944242663204742 0.9754545638655304
-0.07938587021272041 -0.005838173874943809 0.9967836731538382
-0.014751233139933994 -0.0025270365924525908 0.99987778516577
-0.010735290944844593 -0.14905040626551708 0.9884674187717423
-0.14254514563269657 -0.01874196320984736 0.9890744485159018
-0.08756973721446912 -0.22091193920906763 0.9695099214764739
-0.09462175783591893 -0.18830482253230355 0.976592984882214
-0.012987068865759767 -0.08533962577643515 0.9961832206644592
-0.05410679052491225 -0.04745782931954137 0.9973709589186032
-0.0024244632954930653 -0.26703370891142825 0.963673868179977
-0.004411617743736712 -0.24547503927901415 0.9688097479365962
-0.05853137770588292 -0.2775524843018594 0.958404822873618
-0.026206750791424482 -0.21365693084940945 0.9760841633935278
-0.08923139464719348 -0.0685202514050087 0.9935392932322331
-0.04837482069312683 -0.1557903261757925 0.9865230132206543
-0.10496232765990879 -0.3372659071182331 0.935421540247663
-0.10221654712614694 -0.31399408115855393 0.9438799891273862
-0.27846545074162626 -0.19045615838088187 0.9413470406696508
-0.2285738222938949 0.004622204018052748 0.9731358899392845
-0.3772347180980469 -0.006082012291832868 0.926017347533382
-0.33163519353533194 -0.00643409295649846 0.9432196560157514
-0.25762898780516424 -0.007145395735952691 0.9661910199070625
-0.2492723447147045 -0.00502759707742858 0.9681820901787538
-0.22121359798508014 -0.2548030348296609 0.9408864270852221
-0.35698379193356383 -0.16192074776089496 0.919913451361791
-0.017026973731853964 -0.19377690628248384 0.9808930756035202
-0.008929697638610287 0.0006827316340507075 0.9999453735407638
-0.011862111269162 -0.07248672990029813 0.9972317549974449
-0.0002839193475229047 -0.03812174153959889 0.99923689242909
-0.0010259047201581113 -0.02882193077155797 0.9995668265660385
-0.22799245088072037 -0.3200352864491051 0.917545474559273
-0.06334626844996039 -0.36155649320541616 0.9300507110425826
-0.07428819317302811 -0.41280048582916934 0.9077425808270774
-0.1091727107776408 -0.03115732698276509 0.9933676741075994
-0.029416989080372383 -0.0009638494326376951 0.9995301299407816
-0.016102677095799822 -0.0020566143495328983 0.9998323016715928
-0.006853358617444234 -0.0009727970382791697 0.9999632231718034
-0.04212456079322369 -0.08430425030656391 0.9955454090724398
-0.03615550330230995 -0.05966476267849467 0.9975561950341314
-0.016973693908429267 -0.21702133897295342 0.975901581923859
-0.005554520723378913 -0.21341950243636432 0.9768199682496681
-0.010339708116306622 -0.19035521543881959 0.9816585494011801
-0.32692967537402484 -0.3612679600786217 0.8732560005350776
-0.07288425364027667 -0.025974474500432346 0.9968800856096088
-0.016311920149166832 -0.0736494860074668 0.9971464948949608
-0.06544487886788392 -0.00031703020811435707 0.9974810108136227
-0.06281044930125293 -0.006794837986584754 0.9977543927167645
-0.10483244656457816 -0.2679357011715852 0.9573761436205381
-0.2679122189263061 0.009913313786658563 0.9632322384480478
-0.08128867064926351 -0.007222661573147282 0.9966608426319701
-0.34980480679750614 -0.0013761379027680076 0.9366626792667817
-0.01740563770332561 -0.011017495160369841 0.9997629677578401
-0.014425169839457873 -0.024839049542525343 0.9995687217030271
-0.1920937137227589 -0.12068283015366087 0.9731060097810501
-0.011049042425603083 -0.2794345124383886 0.9599415104868438
0.001025775663756455 -0.37012081514485906 0.9287374543531779
-0.008766622804901586 -0.3499588505821168 0.9363136797893119
-0.30985490839817753 -0.17437359980384842 0.9345001454349982
-0.10402610632487963 -0.00816028592146037 0.9942499804400419
-0.0732648054871234 -0.010972430030113545 0.996977641535732
-0.012016801897525896 -0.03401142093266519 0.9991261432866488
-0.004109306666852208 -0.04286307755256649 0.999054342051387
-0.029787628498404144 -0.3223724301807952 0.9460417533311385
-0.020149448358113164 -0.32414619258031946 0.9457923392172374
-0.024003611619488302 -0.3286675700989632 0.9440598871067083
-0.2592169731998837 -0.1399852701749047 0.9554459341035997
-0.14995140374914798 -0.029057628077920093 0.9882042852175804
-0.09315571885625153 -0.008952655956405556 0.9953419331402443
-0.05259756841422141 -0.0119592045494596 0.9983784308573008
-0.10449062230086917 -0.23534966599775756 0.9654927098191265
-0.0006231747421397743 -0.006969912667541896 0.9999722627474817
-7.564337168863012e-05 -0.012538949080574235 0.9999060356068147
-0.00014492824192573837 -0.009969405966579858 0.9999462859068513
-0.26473644211415004 -0.1313445597037262 0.9551192956678867
-0.26153213613310483 -0.1080777898474232 0.9588314871025642
-0.32679584993697397 -0.04837141590049035 0.9433768145191439
-0.33549957118931845 -0.015587462258577333 0.9418928220844844
-0.3036076074965173 -0.018634174660334686 0.9525362324326611
-0.3291395768677474 -0.01824127517039996 0.9436927965576689
-0.2935422714545924 -0.0015811448762567508 0.9557905431045893
-0.225880569931416 -0.014305452099603686 0.9735401104733653
-0.007161266488426127 -0.1764867273217442 0.9841826534463266
-0.011579982973473997 -0.17608590067935292 0.984051664816894
-0.0431415194068514 -0.18153944330107682 0.9814982950692229
-0.02878535665416051 -0.22887094375892847 0.9722773136569481
-0.20881242227914137 -0.19632714960065767 0.9569554306366916
-0.2291200638511962 -0.3572347912047475 0.9053093705733741
-0.18924339045587266 -0.26781392632446493 0.9445495239154877
-0.18306963231724893 -0.26345506524175083 0.9467767201476878
-0.06596075925330325 -0.3589376365725929 0.9310163623760621
-0.32457207617938044 -0.03385029649937965 0.944728551914172
-0.001814061604337104 -0.16178168900473144 0.9866279532143073
-0.23586092679831328 -0.18377331319514148 0.9535945179733524
-0.014040251139490522 -0.19511897011208598 0.9803026940501336
-0.002127921923201693 -0.01831497310342733 0.9998258134966752
-0.000723296405728588 -0.017067363373336066 0.9998461815994589
-0.34359009415741837 -0.21627234115993565 0.9130012697258022
-0.15359753780746527 -0.2911298605773786 0.9442475045930124
-0.29136241156218484 -0.025254390641110364 0.9562781244137071
-0.04332823472938359 -0.13481896397432921 0.9898443971433982
-0.003242855155753191 -0.04631433071417855 0.9988557245203096
-0.04719182086307726 -0.0017094219524079839 0.9988601012679535
-0.27570053050514554 -0.3372858147668185 0.8996880319944499
-0.07382400705176446 -0.2680901227984129 0.9604030365819101
-0.012462681469856799 -0.029956985630028445 0.9994643317585503
-0.017989823965001185 -0.042202326231024066 0.9989293296129994
-0.0011419771855231994 -0.01510890108955559 0.9998440507970342
-0.01311616945645902 -0.00283695241917533 0.9999092835561798
-0.007316615168485467 -0.2389448687072276 0.9708453216961441
-0.002386496891920244 -0.2065765625164663 0.9784257814396584
0.005459317314627026 -0.3844161956028955 0.922574151962689
-0.2582650745160904 -0.007637326725426926 0.9657563959950679
-0.2527399797219927 -0.12613961770634186 0.9592764470918848
-0.02136987798617794 -0.24330437246144576 0.9694222989291135
-0.03323330974082211 -0.24352944071468446 0.969323657113893
-0.0050170628138791 -0.01460450791798726 0.9998799123819081
-0.01835321586061547 -0.37327165387112143 0.9258471785881597
-0.03188096696301445 -0.06541119387450743 0.9973217913581062
-0.09564357720584198 -0.30507213532065924 0.9475092202168075
-0.2705204637597892 -0.0177497672682753 0.9617961351342902
-0.29880782474127854 -0.03357361194211036 0.9535503138696819
-0.27361375275373845 -0.05373604747202357 0.9603172613762473
-0.1651940761568282 -0.2524253734011359 0.9531933215385534
-0.12218332653080323 -0.2548255429206492 0.9584593158348658
-0.023574339989913765 -0.3247611505301117 0.9454804929069162
-0.026161833536912003 -0.0006819888950475928 0.9996496089326005
-0.0402563575821053 0.0010182526958791625 0.9991357944227484
-0.00551104926837731 -0.0058690012779175306 0.9999673380129332
-0.008829326650399687 -0.30791155035496093 0.9511724902758532
-0.22271087570916243 -0.2753693457742209 0.9342151895783382
-0.0008775869817559316 -0.16988942434846235 0.9854528196286716
-0.27065806932789677 -0.2298372845568765 0.9344937755373148
-0.012489486778824246 -0.05973439480850818 0.9981189135269322
-0.018129105163071042 -0.24706850877147396 0.9688175874794087
-0.1716932873879677 -0.1874332166390309 0.9671163414198731
-0.17875594313883705 -0.1387794407411593 0.973172037948909
-0.06257964023572411 -0.3332281277409656 0.9401219366817027
-0.013526588827093752 -0.15116947940538245 0.9883474597215202
-0.06465526732408888 -0.17008689658172513 0.9830793296971272
-0.07489254339725536 -0.16587606604420477 0.9831818566056634
-0.3350466695692591 0.00039077354494608757 0.9419999318380932
-0.05040857279760023 -0.18332862849197087 0.9816436160986528
-0.05051034490452909 -0.2691218813056476 0.96163126337209
-0.004435431987975242 -0.13396726269532616 0.9909660675755201
-0.010463200207409033 -0.15421977807519038 0.9878688090020383
-0.1844139348906988 -0.3967330161900099 0.8991996417387634
-0.07276329565413307 -0.25590178876824404 0.9639600002691511
-0.054293133303743246 -0.35502705931894935 0.9332291114062575
-0.06836309482722432 -0.2953504600466325 0.9519699830624416
-0.06499790905788387 -0.2599105270686762 0.9634276225818788
-0.09164847722260294 -0.21049082703408006 0.9731941284803767
-0.1158846722043165 -0.17907402079224408 0.9768567233922619
-0.044799816104974174 -0.04878300217982134 0.9976937401657298
-0.28143038220829036 0.0033388539039507755 0.959169602808322
-0.12354836839318857 -0.057079644377982554 0.9903217984983206
-0.1246510815797219 -0.0665524036073633 0.9894596832945521
-0.30664959243553624 -0.013733904364229539 0.9516327704153368
-0.2910330194757697 -0.025600145848259974 0.9563704026515812
-0.03868227724542474 -0.3187448843948848 0.9470367019983744
-0.07591923218720328 0.003934346083475923 0.9971062043822894
-0.07673544754912613 0.001182744154366441 0.9970470205436667
-0.24892983382242864 -0.3696760841864315 0.8949503955707252
-0.012038530732957594 -0.3606933887024503 0.9320583091198826
-0.1465038558124186 -0.008490965842524715 0.9890869813687451
-0.1539165379341469 -0.06109803668658588 0.9861424953458419
-0.29143826786324933 -0.02463386939213927 0.9562703794603241
-0.29553326455541606 -0.02453670413719948 0.9549408796773434
-0.3387048396877398 -0.2362881197356114 0.9104330786282222
-0.21732319794082053 -0.29247304563634535 0.9310768549902637
-0.252817203777714 -0.07498635953057814 0.9637757389454997
-0.2616465218348204 -0.0988386684925058 0.9600584837171555
-0.09158679900699081 -0.2568237193458328 0.9617679802337208
-0.02895697925460878 -0.044175298723454624 0.9986000515975234
-0.1229767134741444 -0.0035413260121757977 0.9920978257371194
-0.2735230360738222 -0.002052743213765259 0.9613844548150036
-0.3086490738289069 -0.009656705414881322 0.9506766421638155
-0.3250500553519719 -0.008380401681743543 0.9454892921793244
-0.36404497668967883 -0.050652928043698406 0.9296959660446678
-0.3462541435234703 -0.26150472984993384 0.9008471579944414
-0.3585916240174763 -0.25889996877140775 0.8968396250598429
-0.2277676775277291 -0.13109173870259774 0.9648358842609689
-0.3075540635417717 -0.10169361810682229 0.9459175994489375
-0.04406919091228362 -0.0038473001473773474 0.9989684960341761
-0.028926479748221854 -0.0036768630810440047 0.9995746563543738
-0.03709707337747635 -0.3485298059229036 0.9365632833923495
-0.20353160291029765 -0.19579597208811864 0.9590275170823161
-0.3113359604050688 -0.21770231376285423 0.9246048193584478
-0.11334001594961086 -0.08864505456283898 0.9894275809505184
-0.09659244186252124 -0.014151300318533738 0.9952098997007452
0.0004581216710016157 -0.12529849994907086 0.9919727484122977
-0.12329559974493781 -0.05001453881949251 0.9906923628335699
-0.22717795610267785 -0.29821802902029154 0.9269412137292551
-0.01460531704175212 -0.021622296924211575 0.9996438505125541
-0.07835510775892973 -0.20693085910193973 0.9751761969384471
-0.0004926894497374752 -0.06459582086988808 0.9976555234538985
-0.007530288519078798 -0.241333901384244 0.970349657992129
-0.22018011625396824 -0.20632624367274696 0.9528808294453731
-0.22828825976156333 -0.25747931982950234 0.9388838887891332
-0.09023504536307055 -0.17235015986002827 0.980884267114297
-0.10984887275096966 -0.0016091896134153238 0.9936102222002724
-0.05935619681001059 -0.11060173433948393 0.992059340603442
-0.07584204304120523 -0.17466127729964487 0.9816399946336378
-0.2473716840292407 -0.042804470458147816 0.9678757204371854
-0.21347755219944048 -0.04424366191983943 0.9757431840145828
-0.2166833717054997 -0.0627854853285933 0.9734518134596345
-0.2507544057495049 -0.07185349186756489 0.9652300630699161
-0.22503715452037595 -0.08849628462856812 0.9689533589290816
-0.000788509403139753 -0.20580853976945163 0.9785865198165306
0.0031071034203465045 -0.2756084757775577 0.9609141077199227
-0.05379302886776783 -0.06299364098126772 0.9964414727254299
-0.010641272593724275 -0.18184931063811366 0.9830103534317043
-0.007460680266018452 -0.05308627454585713 0.9985483135193801
-0.008382067982794488 -0.051574440528978326 0.9985458407215734
-0.21462147795717643 -0.004584853604107808 0.9766666792934467
-0.21610558609916966 -0.131273717184176 0.9666899931744135
-0.054430681998504434 -0.008264120002718455 0.9983943211790227
-0.0021872361846460198 -0.2408592097536646 0.9700790707401585
0.003054296619373441 -0.25276094187472203 0.9675038862583558
-0.38893006945375036 -0.2941621827682235 0.8730246332946496
-0.022190688169750485 -0.008633353887353524 0.9997111513235227
-0.006264681509038317 -0.0022236422626129007 0.9999615659045437
-0.07526528915067918 -0.39840117880523573 0.9130465682801343
-0.3255046099494708 -0.23743822468512465 0.9151566800188424
-0.24191681468070123 -0.09530401028781818 0.9655627434774708
-0.14647534343271026 -0.11469244439033272 0.9824751122061771
-0.003320274655081291 -0.301908917646143 0.9532886438297283
-0.14435619270334052 -0.15154709165994137 0.9778192804991619
-0.21398999502519395 -0.03991466657718198 0.9758609180916655
-0.17096394751856572 -0.0016378212034436114 0.9852504703933307
-0.013029667637411464 -0.008071615135165187 0.9998823259388685
-0.355872815284413 -0.22214261144736147 0.9070068828536375
-0.026340668236210875 -0.33308333216331365 0.9422320498222306
-0.3777340133597842 -0.034407434406280725 0.9248110849638661
-0.358374845868327 -0.1626472944516066 0.9179115451344648
-0.30806793917244235 -0.15093036349294245 0.9390760320808048
-0.05285376136575551 -0.2042778319839367 0.9774153780735197
-0.0608465165117272 -0.2813143502884989 0.9576412518690686
-0.13272421624602423 0.0002989948581880046 0.9911395631051818
-0.12788869690829538 -0.00527858580632981 0.9917673464871354
-0.062248414648625634 -0.03828962327810387 0.9973229015394615
-0.07335572914140755 -0.06226630895897216 0.9953488763383153
-0.03350663622068732 -0.07885268391391816 0.9962684872910085
-0.2760487725538898 -0.02584352253852079 0.9603344652800663
-0.12134199887094742 -0.12439722006562576 0.9846732470454058
-0.2462455472185958 -0.17071744691974092 0.9539428320834484
-0.012532283712067363 -0.009844973240084853 0.999814410875675
-0.2877696677718358 -0.039304801248919594 0.9567627723516574
-0.06839248412682028 -0.06733275006882704 0.99492775163184
-0.034339854800636 -0.015649661234937492 0.9992876740840958
-0.07614334386292242 -0.06731001695181654 0.9948037709739341
-0.04083523082103156 -0.27338402387198796 0.961006468769422
-0.251963262075775 -0.004247944437708784 0.9677127342723274
-0.00944883602868459 -0.0068196940325756916 0.9999278483060752
-0.00398053130579389 -0.010845791805496477 0.9998991501947649
-0.05470950232993262 -0.010506616287287105 0.9984172622513645
-0.0051141941189012784 -0.0038874182556089365 0.999970246135797
-0.3517588019325973 -0.31922069591799773 0.8793997092175535
-0.21942102713090697 -0.0811354844846618 0.9721143338032453
-0.20383273739940083 -0.001442807316969083 0.978788619568139
-0.3182469146450977 -0.34268793343359066 0.8838102322188709
-0.011307103460937423 -0.26285997537428096 0.9647269357086302
-0.3934351248521634 -0.23396828220153118 0.8890793746880634
-0.02897525726878596 -0.09216662091871652 0.9952589082297801
-0.2094804489520111 -0.164103591473964 0.9638135755311912
-0.3284885196180738 -0.08855549909882673 0.9403300799462259
-0.03629134990202936 -0.031869084764039 0.998819706863855
-0.29194751212035197 -0.01934348099697377 0.9557174840579049
-0.19651297280295105 -0.19870740434832748 0.9600668616437247
-0.18898809292630814 -0.16328416700494075 0.9678374251881087
-0.15288163136885333 -0.002574977308222022 0.9880233860088969
-0.19984812936164117 -0.026659101510734404 0.9785308147211995
-0.1754271487647922 -0.31056660420833704 0.9338819227434423
-0.021657381886825162 -0.15970939687804922 0.9867062728074043
-0.024112848276405727 -0.15181486166544847 0.9880545199801564
-0.38427361586866504 -0.3038586972834083 0.8717819020886545
-0.08508676894744144 -0.016015251761586934 0.9959371686097873
-0.10389465298478193 -0.22769009155415476 0.968076690650501
-0.04055575619486604 -0.18316604551023402 0.982164709258898
-0.3624990325114092 0.00145565950096958 0.9317996314754069
-0.2710644185801346 -0.14576865720678708 0.950591090618418
-0.004141965918669537 -0.00126455711615826 0.9999819871771992
-0.11167618167622886 -0.32111546532051716 0.9404118453876658
-0.01604218892586142 -0.12447387192516722 0.992024757161967
-0.2559206877307806 -0.29997142969394935 0.9183133452752562
-0.05799277304305682 -0.02094379609597046 0.9978677944980557
-0.0009876128753861038 -0.0006503206106148873 0.9999984022423393
-0.011215076602057244 -0.019830769427933166 0.9996867758857305
-0.17078586403595278 -0.13272156339898894 0.976316246442171
-0.2315266286162901 -0.0065557229213827955 0.9723857244169293
-0.028842657173555587 -0.2304272977391117 0.9722666412494455
-0.00489578072187614 -0.06914383375443954 0.9975941478615171
-0.03362761323562509 -0.0025521324359198843 0.9992835807531171
-0.07776720158149256 -0.15134968428399925 0.9851113577685593
-0.07364945456830166 -0.1123644501576619 0.9902860646737617
-0.044985963649940154 -0.2582554188495909 0.9644303700311467
-0.04607509070511653 -0.015809168666833552 0.9987956205971226
-0.003934953752416395 -0.26320252132094885 0.9646657354072546
-0.04359941392171053 -0.1924485378815809 0.9802860618410748
-0.0981462547252908 -0.3069140615156529 0.9466361974909623
-0.14392759124952692 -0.014049043163437839 0.989222538454642
-0.09171859057442248 -0.004421156771834664 0.995721436104256
-0.3151095268510841 -0.15962716933913254 0.9347113826405926
-0.09635304258699154 -0.37490295742157415 0.921880837337976
-0.0010120641101880885 -0.004331633827373656 0.9999899182200783
-0.14000146527176896 -0.03223588368985426 0.9894987980588671
-0.2067869733269725 -0.3539880486099215 0.9120734672953464
-0.2667967499004112 -0.009343804170510627 0.9636303787025613
-0.2982564688038563 -0.04810607527859103 0.9529996034374634
-0.0019256426911216198 -0.07666776372140924 0.996959726657592
-0.13570395633754845 -0.30815115238765334 0.9414242250907396
-0.11425711082247043 -0.00039770239365717467 0.9934448957286363
-0.13751160663606155 -0.0951562006018346 0.9859187882660283
-0.13928378180484832 -0.10314676132823974 0.9848337220222216
-0.2251284773822148 -0.29514028582292007 0.9285329334138221
-0.2018095645490888 -0.30855649458117645 0.9289331635682223
-0.16085014889164037 -0.1889283758346078 0.9687106284870438
-0.004006598173377324 -0.024917401027619652 0.9996596791607817
-0.007056848790556064 -0.023320329241950866 0.9996934638845698
-0.3384616459226655 -0.04306103615587323 0.9397325690639994
-0.2124484243641114 0.001980003902540724 0.9771678531410032
-0.053237391875729 -0.024294049351069606 0.9982501714083035
-0.07400611812593762 0.0022941537456388143 0.9972386805195728
-0.029559007896291057 -0.0030228386358682143 0.9995580440377704
-0.07403322860017154 -0.20724470847055623 0.9754520389454345
-0.09207033068257178 -0.0073662536925453125 0.9953920999466042
-0.0952962252851906 0.0006149549097495974 0.9953041743354576
-0.04441140702942541 -0.30796620164315236 0.9499442619584071
-0.3098173665739879 -0.013494791571761209 0.9506164290773491
-0.056198418272474404 -0.15704823622960895 0.9859734575248628
-0.01635958381282734 -0.33663722573293275 0.9408034251129196
-0.050235088100811905 -0.003678462060894553 0.9987306433239038
-0.2069152070213562 -0.2170867026766526 0.9537059234368136
-0.24810125276721848 -0.1264293879119312 0.9604047504219427
-0.08465947449487587 -0.0350848071915699 0.9957820919398418
-0.27892033922564424 -0.008920767217547702 0.9600795728061335
-0.17241366982864714 -0.23900726898109692 0.9538630806029949
-0.10207159862249902 -0.1258210987118306 0.986764161307258
-0.03382825862413388 -0.2431770291303785 0.9693918600613004
-0.1889479138479536 -0.2870690416927704 0.9390396578837532
-0.1387840066408285 -0.2742709124470876 0.9514012566573197
-0.3303357133547164 -0.04672531534562131 0.94244052979731
-0.001098698936458495 -0.11336926892904993 0.9935328240170763
-0.0002800855677566449 -0.14718250934173574 0.9889743881622817
0.008179967056107405 -0.25793749304610275 0.9660857911183516
-0.015466723674472837 -0.010063528182638094 0.9997662398964353
-0.1410727995540754 -0.14441741284661672 0.9793760288029855
-0.37354286395727376 -0.2646647281135526 0.8885011480719973
-0.05788702936389882 -0.4004685112203985 0.9139637711612846
-0.09428716432457522 -0.05688920657879317 0.9937122339750233
-0.09079142924456404 -0.03473404816098031 0.995133300407222
-0.054893959069114755 -0.15032664948756966 0.9869648714666905
-0.04297186277346303 -0.005974759627851896 0.999058406732233
-0.3364731272116293 -0.29681357393417035 0.8932191706551015
-0.056507961511674136 -0.28415901567009133 0.9571104984627941
-0.3468908011869078 -0.025555026196071515 0.9374064149029712
-0.14542228695551498 -0.12565747475172243 0.9813340273760331
-0.12358577127889046 -0.12901887606706702 0.9838426006447574
-0.10016634822174508 -0.14098961595817025 0.9844301596415506
-0.0880777185522369 -0.0760859834266024 0.992353338074208
-0.18697429696308662 -0.09476172308861416 0.977441020001372
-0.0013324284997582746 -0.031298647457428656 0.9994382679876045
-0.011829405545470474 -0.04758524192855321 0.9987872623452085
-0.11999470406055351 -0.07016205827144498 0.9901561019410022
-0.10536216606980676 -0.05123476343618352 0.9930686804898139
-0.010421552601407787 -0.0006371344096566048 0.9999337158865393
-0.01876930856532945 -0.010323001759106158 0.9996561683803443
-0.19227938874074726 -0.007975719546152438 0.980657983335988
-0.24957297834101524 -0.1826384473842531 0.950907090353458
-0.3070499807571486 -0.003357058838179044 0.9516427462930789
-0.3644499803292113 -0.19248665308887772 0.909635196753637
-0.09494004822590552 -0.40449798622061695 0.9094910007493427
-0.01892401062881058 -0.02378798956298124 0.9992990923151112
-0.020226332152503457 -0.039826351265996714 0.9988419382477166
-0.038355323690616346 -0.3743602108113017 0.9252468083966922
-0.40135544098178216 -0.025095181640778955 0.9155783499635259
-0.3511323147427888 -0.12957316964636167 0.9254090856298677
-0.13298044389606242 -0.24290025679041805 0.9601715167473638
-0.07708553950630313 -0.20808974284160475 0.9749359150135617
-0.10860505036213315 -0.06600052131802565 0.9918076716926505
-0.10003920015393218 -0.000949415679447367 0.9947652256781115
-0.00041287546518134385 -0.007527307488877232 0.9999523347384864
-0.013867177562301209 -0.00593257168389717 0.9998239868230961
-0.00590900418783687 -0.005416991984245335 0.9999529252618247
-0.25042667933573 -0.037839858785407875 0.9671700607254703
-0.25619050436661167 -0.04661880913874548 0.9654655995257809
-0.25827296792157667 -0.04331274138080122 0.9650140755594449
-0.10492995048624182 -0.08558821051339532 0.9907803860017342
-0.006495535657154074 -0.006317070823949716 0.9999347777256444
-0.024557449872071403 -0.11119402471493872 0.9934589295257672
-0.03727502997766831 -0.056146210870676595 0.9976702499703631
-0.19718533952138897 -0.17901863107279206 0.9634148745156716
-0.08620168613815063 -0.35774231393919453 0.9297441192264856
-0.07218916036688944 -0.07222994248970713 0.9947720768232634
-0.03504306598535197 -0.016511238862348912 0.999239975180905
-0.20025511698941803 -0.21171571590035196 0.9563248780037884
-0.00014654737604503912 -0.010898920835682797 0.9999252765710905
-0.009290461701747958 -0.014799250168709373 0.9998436166643014
-0.39497065883027027 -0.047456805906926726 0.9172526841689899
-0.12235813793957673 -0.15822481989736928 0.9797858174311846
-0.06513905058174221 -0.020824713082350944 0.9976564578437431
-0.040060058894067885 -0.010965250863453565 0.9991188324602185
-0.003283529045626817 -0.030336403313454465 0.9994880580425358
-0.008614067116970445 -0.01019037679790562 0.9998969703241521
-0.2536987040003783 -0.11229026879614759 0.9603992380354276
-0.0014352444521058987 -0.051989629720438545 0.998531320474932
-0.02745752891089396 0.00015895044612649432 0.9996179110090245
-0.04733344673575667 -0.002486830070276565 0.9987999751681785
-0.06091873604326271 -0.005211276847594454 0.9980385708536069
-0.10750737574676801 -0.14504719626274123 0.9832561586409633
-0.38414543736780477 -0.006631148537014207 0.9231462334976364
-0.001885419758267584 -0.004934943767776504 0.9999857965351885
-0.0017792909340858182 -0.002564836014126206 0.9999941438828694
-0.17315200837260866 -0.007396517209019998 0.9848156440998811
-0.17303285742888533 -0.0022788240074512085 0.9849132638555484
-0.06773073293319248 -0.07842715207841561 0.9945575298037006
-0.03386691474473113 -0.06236498847368176 0.9974702451523968
-0.13860265643529204 -0.20056748500750535 0.9695918884761536
-0.30300001208280203 -0.03557512173402944 0.9523259209590631
-0.0009469692613598809 -0.0006716802235482514 0.9999989697746631
-0.2146785219795696 -0.15498024942691585 0.9641619742422048
-0.25817271887600823 -0.017941234419702894 0.9656730013345018
-0.08670323270475008 -0.03696023289414604 0.9955279714972524
-0.0914287422446465 -0.019727650570034252 0.995592638492679
-0.18590093258617826 -0.326627019292039 0.9266842388974497
-0.1788234545473197 -0.3333670224986292 0.9254281502508593
-0.0007326065745652618 -0.05029586730104533 0.9986394805189719
-0.0007908454710862514 -0.04125909695728266 0.9991094057439198
-2.240530024396946e-05 -0.04616629765168728 0.9989029663974232
-0.1095779597660231 -0.0016769260858656738 0.993968779208923
-0.13142741705208705 -0.0007834406398122414 0.9912156784034526
-0.16786253884088226 -0.2012809978600585 0.9650285913566529
-0.0489988606866085 -0.15791943117199744 0.9861908511917532
-0.04774367662591919 -0.1934297606665208 0.9796512569000739
-0.2089615528179504 -0.15740256398893807 0.9651090764055206
-0.24567566764029597 -0.013405743853197372 0.9689567417950219
-0.024994400789380436 -0.006184433307215312 0.999661719514064
-0.07918180957597995 -0.18608460932504323 0.9788460904608737
-0.003744028719884874 -0.2806619894373687 0.9594306390203068
-0.04150262094869617 -0.22873569666983604 0.9719335924418668
-0.07434935186875433 -0.04335113537234784 0.9962727198575407
-0.3789451417456584 -0.008784001693902506 0.9253737613416654
-0.3542185927495315 -0.012659136459892764 0.9349405083081459
-0.004677551609359403 -0.11328056631917528 0.9933575260041517
-0.019896122432285033 -0.07192805553132826 0.9971830625657389
-0.006926758861460555 -0.07353106675308636 0.9972344915996124
-0.2841502277133421 -0.07970562040489704 0.9551973128967666
-0.3142737677749027 -0.13549742240108506 0.9386248153572675
-0.08583721765542994 -0.013710679084376834 0.9961398945215151
-0.02052273668650073 0.00022959339767205912 0.9997824371778723
-0.009077993448984975 -0.0014199166323127172 0.9999468655873482
-0.19334276186970795 -0.0007880198374165503 0.9808681441919487
-0.27811780268419783 -0.2940841739054895 0.9142904826668187
-0.33046752972981175 0.011172326441680255 0.9437512343191568
-0.08699095142702139 -0.02534782817382542 0.9957330934112015
-0.003026721210050865 -0.017372137958216835 0.9998406497768778
-0.0647050686225107 -0.007797580877827544 0.9977469237713038
-0.3133150073407274 -0.002574213826527881 0.9493027560409868
-0.21881389659055908 -0.01014876111901803 0.9754676843326515
-0.03170605320362939 -0.20282726377196533 0.9786171626109359
-0.22707249053347106 -0.30654831809635874 0.9243175053529734
-0.2731425219629496 -0.01693884412485509 0.9611783386191055
-0.011498553801117509 -0.04888515864240943 0.9987382164011962
-0.06728788515535761 -0.0004020230090641048 0.9976394839898577
-0.017952979293284137 -0.0022939149851848115 0.9998044875624966
-0.050174213427931755 -0.2481320546167338 0.9674021116489734
-0.03001097441926726 -0.2836434535654529 0.9577555535048985
-0.07630623902414262 0.002883952948629168 0.9970796460957925
-0.06846349194465605 -0.18449573704385697 0.9803789337403859
-0.002266172607176335 -0.015852609802314722 0.9998700404575607
-0.0249788730447054 -0.3824918079503804 0.9227801123799445
-0.07525991600394091 -0.0032735815625944058 0.9971167177731859
-0.010153708848353355 -0.2829672062521554 0.9589823854572228
-0.16151328577569773 -0.1920740911439905 0.9679983010277305
-0.32596574699071684 -0.12222077063665371 0.9368054027999715
-0.059648990360508705 -0.23186582387181662 0.9698685177275038
-0.09413180325989841 -0.24902384640319983 0.9635964352223575
-0.05573729328191141 -0.16361311276208307 0.98484277986623
-0.2636674824496672 -0.0029415621937649984 0.964589268889071
-4.164846509342244e-05 -0.05838504476145603 0.998239074231624
-8.078667370151083e-05 -0.05203399480461296 0.9986366441964932
-0.04827204767719539 -0.34194014172763554 0.9380522095791018
-0.0015621119307535842 -0.07250967934427661 0.9972387675903615
-0.09696230539169792 0.00023799894438763695 0.9951538304684376
-0.23515480445840575 -0.3335970831662717 0.9126162531185782
-0.034866912130025 -0.040307291432505644 0.9985303672254788
-0.32074600490111593 -0.05552078975241997 0.9455104960395615
-0.3129852267232447 -0.024803585452588043 0.9483227899345952
-0.26081651128339106 -0.09344254399965599 0.9608379866420563
-0.02922361696577028 -0.027867789686277025 0.9991063910865543
-0.005114540602383969 -0.034162662678158394 0.999386126633921
-0.24219542444580927 -0.12846178084109233 0.9615723555214464
-0.04869764251124919 -0.0006087950206452238 0.9988067225402906
-0.01231005242782828 -0.3589650529256174 0.9331881787594333
-0.10286605672876514 0.0005245935462368637 0.9946409813350924
-0.07365033632458481 -0.005967675625698385 0.9971796890651419
-0.1882846159751881 -0.30437663536535176 0.9336604107639628
-0.026467100070870834 -0.021330680092656054 0.9992878700502194
-0.3042721497923494 -0.014582248991926287 0.9521842203899635
-0.27158610082374446 -0.06237780086318027 0.9603783474321296
-0.005202913359392496 -0.04855879009032329 0.9987738736799228
-0.0012242504994941221 -0.15685626391427832 0.9873729388388889
-0.03425872280311819 -0.01037765678968807 0.9993170364390084
-0.03786907178744984 -0.018216192833013217 0.9990972793746143
-0.08496118145789108 -0.3765333420911104 0.922404654356758
-0.14136720018815752 -0.14651712247311638 0.9783923328765208
-0.09771693020957305 -0.18566260196584203 0.9772895820789239
-0.009703104048110228 -0.09700363965860843 0.9952034758864118
-0.22379755671833496 -0.06474040343103375 0.9717119817005714
-0.022271920086238524 -0.3216419176506768 0.946417122126143
-0.009549187510704289 -0.16005540382544364 0.9869074354402592
-0.18634384305905827 -0.010114596370486156 0.9823642785400558
-0.012907387515206285 -0.1754961529454137 0.9839622854523109
-0.2182141609594027 -0.06876504368174131 0.9734250420946629
-0.22682697749995379 -0.17172821519879977 0.9552015811761426
-0.12751226904114796 -0.031481219457624686 0.9912806279325422
-0.14769645079047358 -0.06022858913260304 0.9870336505726537
-0.37329977923387303 -0.10140692132383347 0.9219219658511194
0.00017976651716655813 -0.30316364614552643 0.9526184630302332
-0.20910580232227455 -0.027328886567034187 0.9769583703583531
-0.2618538470168045 -0.1192947640717488 0.9575328298223309
-0.3713567098578055 -0.02896259349924011 0.9275055138018267
-0.359261187849391 -0.018029282832356695 0.9330006413445336
-0.3567133778187372 -0.35679041888029506 0.8624487935760096
-0.0026547857648997215 -0.03519400306696019 0.9993616597175793
-0.07276431549441481 -0.17945807260740748 0.9800132467590497
-0.002374626622242432 -0.12905196125801122 0.9915600126563164
-0.022944568301981546 -0.24636053625505486 0.9688519002700232
-0.31769653820673893 -0.05463248570735287 0.9465942857328391
-0.006226277495845831 -0.34654557643300005 0.9379883660913019
-0.05853418450472944 -0.3532586467516753 0.9336903071862279
-0.27514302724921225 -0.10458493328895808 0.9548030269239749
-0.06930865765939638 -0.1588000831043002 0.9848721657179512
-0.0017487720917944308 -0.33078187025690026 0.943462633912493
-0.0005943487038989081 -0.06129882652999912 0.99808702610295
-0.03850952210902436 -0.12490251357704761 0.9914065714656567
-0.0816244551754837 -0.0025760719617644165 0.9965180621410651
-0.1917682408360519 -0.17438693199889416 0.9657866946150535
-0.007117381891915454 -0.25903558897595247 0.965337111514954
-0.013361216284758453 -0.17422962128489458 0.9846110603953495
-0.0008438332616108224 -0.25163546978485885 0.9678143877716473
-0.03812596367943094 -0.39343564949158516 0.9182432662841337
-0.17379647353024605 -0.1572336272296795 0.9717525257547537
-0.15997529127843602 -0.11453920782394166 0.9795347380898177
-0.008494339680030247 -0.10149539924707197 0.9947649707027971
-0.11224858188412759 -0.042449992246493984 0.9925706563990614
-0.002482500702662091 -0.07917348827599073 0.9968180448843041
-0.018041798414275983 -0.13975037789186665 0.9897396524437443
-0.006629772528681846 -0.32060358221971713 0.9463092161352569
-0.26738985510718805 -0.00636042954959643 0.9627635435599009
-0.30754106474629667 -0.02072216803251575 0.9512214911561017
-0.3534277030724653 -0.09142721931106007 0.93088608280825
-0.28590982669440945 -0.17622939495014064 0.940136314868912
-0.06093316939077302 -0.12189905217753323 0.9902115050272446
-0.2848645033527238 -0.19099158595195267 0.9375895168151305
-0.28942400485096526 -0.2700126396491595 0.9182798562112001
-0.03999442985265658 -0.24329010444642452 0.9689736969880436
-0.33926727147639046 -0.07305715812018049 0.9375372707625371
-0.005497996448624881 -0.25584033030544984 0.9666202141275613
-0.38457895808204584 -0.19825531075781286 0.901517858343986
-0.37014815401003576 -0.18712812956070882 0.9098474007507675
-0.362825905287072 -0.18089175016173953 0.9140842719968264
-0.3303099162433586 -0.3404566455316905 0.8801066117636023
-0.010280307063750573 -0.30318994720331494 0.9524031024944499
0.0014938475744174428 -0.305949525910119 0.9517892530558864
-0.19419008063721055 -0.019963806106322732 0.9807351415470684
-0.005677256523686094 -0.040967760355644305 0.9990782167304711
-0.008044316240519003 -0.01292940123667723 0.9998826929698762
-0.009512126538997754 -0.4008947415874301 0.9160734264960896
-0.08862104173285773 -0.3261505457887887 0.9404223789757794
-0.3314907595873982 -0.1347318384915482 0.9335717259161813
-0.010358062481776925 -0.12845263240014265 0.9916218610320466
0.0003559005512687514 -0.07099115295719262 0.9974567340764817
-0.024431860924150717 -0.14102963353399772 0.9894256158740289
-0.000716343951157314 -0.1684183130519267 0.9857152954858414
-0.042157633081545444 -0.004425871205181467 0.9991000611912116
-0.31682586997330314 -0.1721385611131057 0.9322207779379709
-0.17457196165170022 -0.142509706672256 0.9741653757305787
-0.18251533520385338 -0.1667881529807421 0.9684313841828721
-0.37392922505240805 -0.08291162323389417 0.9237400136750169
-0.36207634504496755 -0.06431554432453086 0.9297188352527666
-0.3264771720007776 -0.13481241021778123 0.9347984728550429
-0.16122450314937556 -0.35816378011873423 0.9193671782746577
-0.18447921011380816 -0.008925840795686216 0.9827022259867859
-0.11115350396826149 -0.00048065097711099194 0.9937942690818349
-0.08126017602499329 -0.30533724253028033 0.9487323961357906
-0.31910373455218644 -0.14060194590548233 0.9369650358478726
-0.161593474431941 -0.1817222157806993 0.969893667574726
-0.2814004522691377 -0.022312201491363832 0.9587633875139409
-0.07367718014011668 -0.14876678467088555 0.9858782036941535
-0.06535849521925159 -0.1396185165892439 0.9879523734227715
-0.019138057511551423 -0.2008971499463501 0.9792162141061405
-0.22767037411253083 -0.16401544703323087 0.9595730860148375
-0.1354123508804929 -0.007130075743089497 0.9906596037018871
-0.35505375724213906 0.0052412375791516625 0.9345442198394389
-0.2732229739135172 -0.20714493049028204 0.9393466599911531
-0.21711913156781554 -0.2860903384804376 0.9320839440818819
-0.29917376890919795 -0.02976323242215677 0.9534497334855014
-0.22933485749492347 -0.34422498313926136 0.910193284327987
-0.010403923500974648 -0.022165132338610737 0.9996483340037592
-0.0007873475065561376 -0.11995522906440048 0.992560713917333
-0.07953208642895943 -0.1329951675602969 0.9878833482940413
-0.08256815403906655 -0.0001232850041575275 0.9965833194762456
-0.3202729562875208 -0.002348089009577166 0.9473037791311151
-0.051688300880568666 -0.00903265628980559 0.9985312294330075
-0.06109960794777773 -0.006059319435987871 0.9979397283498875
-0.2242355161840423 -0.0834118189135716 0.9706514003468253
-0.010855391999380317 -0.07109650317809667 0.9972934207838552
-0.043193129959994865 -0.00046785189445393673 0.9990544994950784
-0.11931228732150881 -0.34587938089870657 0.9299888288589668
-0.06647944772739067 -0.29450130743785485 0.9530739976542416
-0.04024596565651156 -0.10437870224858808 0.9934587203458781
-0.1633369814381816 -0.01696377106351905 0.9864100924492357
-0.2288893621235358 -0.03443504497267746 0.9724056951305314
-0.38946705183146046 -0.15751800839881253 0.9067973767759091
-0.3105842990181996 -0.002787042683076304 0.9500725991745604
-0.0017832526608435317 -0.013228816400239134 0.9999082432617917
-0.2650240252629431 -0.0020252917113358594 0.9636199854951495
-0.36401155541167357 -0.07149217988692387 0.9276058880079198
-0.14161682542103468 0.000262477592463937 0.9894005049540702
-0.054882044697299 -0.08405548202733973 0.9948765347408904
-0.3814470114264427 -0.20184340557748234 0.9017648601134645
-0.042633392585306545 -0.00777237846151268 0.9990378720017765
-0.3248142380201128 -0.07885887472473611 0.9423269800874462
-0.005529801373975274 -0.13373371278416413 0.9909968707608399
-0.010753303994710632 -0.03054994119440254 0.9994746021470253
-0.004708137984713432 -0.29644425742058716 0.9549428970452346
-6.750836152305808e-05 -0.2864737935714911 0.9578623606577682
-0.10668618158993545 -0.16923329289868044 0.979778289660319
-0.006983016876664475 -0.07873759894823959 0.9968537888201234
-0.312071114435199 -0.1399607659966904 0.939602069346933
-0.07351526226949033 -0.027630148573353563 0.996735426654577
-0.1983691117319647 -0.00234315553011751 0.979933361435576
-0.1830628732942235 0.0032804823932715524 0.9823113808243702
-0.02833115174465183 -0.012081531255848701 0.9995252618366242
-0.0019644266719590904 -0.13339273896735193 0.9910591768763434
-0.04429564740749457 -0.012903043209117794 0.9989078785246633
-0.24225821273111217 -0.08594303947248585 0.9662381826706923
-0.07832668085554789 -0.10395838958277773 0.9912280425343795
-0.2601643011481435 -0.061141753322163414 0.9628708841758935
-0.07275819216420358 -0.07152117224467182 0.994780063291853
-0.24908367531864184 -0.016367896970101724 0.9681359176272918
-0.2551982303436543 -0.02611091517790678 0.966154488633174
-0.15413147187384724 -0.3745478653675341 0.9142930096670876
-0.0071600633279911554 -0.04650649467930687 0.9988851322692209
-0.16113244731897292 -0.19479581379292502 0.9674980780617243
-0.09061786359902269 -0.006033644290140596 0.9957175939295301
-0.1329391346715743 -0.35666132368536846 0.9246688254143072
-0.1555550454405201 -0.3466609877448493 0.9249580204261448
-0.07920705241865365 -0.1584966223125828 0.9840654548579044
-0.019233521705914563 -0.029331409517382723 0.9993774997121375
-0.04986207568152989 -0.003159014830466741 0.9987044379369918
-0.03118123272433109 -0.26895276585458344 0.9623677957499789
-0.3142394784405122 -0.08633068976671224 0.9447643927314239
-0.04243189088341 -0.04634015549060858 0.997923793164775
-0.022930368592257985 -0.043048558959233756 0.99878415337796
-0.014447490908938591 -0.04546055429442789 0.9988318999864507
-0.32056326893986054 -0.06255444172960256 0.9451385120542306
-0.4026769353549628 -0.014699202059185018 0.9143363301456215
-0.032733589463538736 -0.11439247921171487 0.9926838734824092
-0.2360308833900975 -0.3073556460127414 0.921606939663851
-0.11122949081378121 -0.03404567512399135 0.99302892224758
-0.0004827742903287178 -0.08402737443184272 0.9963022661942459
-0.01942337612315465 -0.13525373309759858 0.9904683934785053
-0.07960771772008154 -0.2517617172160559 0.9644633969262844
-0.1728206751237082 -0.009526437358788482 0.9849064865310632
-0.0029910302485170208 -0.3042186475749835 0.9525522835403424
-0.0366973073697369 -0.13122602416697218 0.9906459658630381
-0.3169948044503496 -0.18571760223632885 0.9296814999031479
-0.033684405681929624 -0.18311727650206344 0.9823955420617324
-0.11812315193723139 -0.19073627707094135 0.9740916479547912
-0.3081716037344422 -0.04864317285304761 0.9498131059510264
-0.270615929057428 -0.26061415530267007 0.9266120103152617
-0.02191994722250361 -0.00039701455818289157 0.9997469791430988
-0.07781394800820296 -0.30108188450859175 0.9501591409835587
-0.005630053501651594 -0.06991854947493543 0.9975361249927487
-0.25277610724487654 -0.034492035371687796 0.9667311212581824
-0.19415036747363174 -0.06526507047259845 0.9786652532337466
-0.24300851466440315 -0.31582987722244305 0.9171472802783391
-0.19090090294354128 -0.007987795744862313 0.9812935552537683
-0.32384519548537405 -0.06477020347815489 0.9438317625616524
-0.1796532015680599 -0.13092122623002458 0.9743886373639379
-0.04763539059799908 -0.2700846322647159 0.9606855886551531
-0.002421174156623714 -0.10443051375741941 0.9944741199546615
-0.1647647810484251 -0.02660694532948064 0.9857995419029172
-0.330773924624749 -0.012156966265624304 0.9428572987817803
-0.2140820981563354 -0.036781149198017137 0.9759944802674488
-0.007671607195491826 -0.14513322752389304 0.9892529325996916
-0.07116986179164671 -0.012497670704523659 0.9973815201883922
-0.15517318171151068 -0.004587220222987039 0.9878264732458996
0.005395832505064972 -0.2565231137431536 0.9660702680928858
-0.14113717378190677 -0.04075836608058608 0.9890866505265942
-0.11983179901522344 -0.18463936261245076 0.9743994006686202
-0.22671243902578164 -0.07124514770835023 0.9713020710504406
-0.07967996838737643 -0.023867786692866873 0.9965136662907276
-0.2518356407517304 -0.2717145675937212 0.926967163210339
-0.19072454688474602 -0.33378056369132697 0.9228685264909605
-0.04981571632926615 -0.034227705640526365 0.9981516027337681
-0.006563921427108622 -0.2841411728052095 0.9587006292989118
-0.3826313147764465 -0.17747245095477612 0.9059595679485468
-0.12877709947710292 -0.00926815348506173 0.9912535879377883
-0.0968768349792049 -0.23035408583016295 0.9680883745777933
-0.2696855022176966 -0.21570633385776136 0.9379976490747696
-0.1738501543254197 -0.009622557666621304 0.9842196607389289
-0.0363422741710613 -0.1996932511862192 0.9790968652375989
-0.028136930896705808 -0.07124009411408903 0.9967837386258733
-0.3774024999896159 -0.2667407188294171 0.8863470513377021
-0.04229121022810136 -0.0316744790496754 0.9985935717263732
-0.039607182234363325 -0.2328109539734665 0.971570934748133
-0.17649048457114977 -0.22819761619423834 0.9573907055376513
-0.03620795975408531 -0.03217234026923217 0.9987999082354869
-0.12517027584618545 -0.16767382191137956 0.97735908171733
-0.1497282155791217 -0.07653507972730715 0.9856903568250637
-0.004614814091413888 -0.3256850931359312 0.9452489405440532
-0.2528803966853839 -0.26310409586280165 0.9309739009563326
-0.0005231163817022129 -0.4053920466162121 0.914127334843545
-0.3718029054953541 -0.13166484962539385 0.9188514192649776
-0.2209886332571738 -0.26916203779751513 0.9370756490657712
-0.18285140513623457 -0.028861086135008814 0.981789328114201
-0.19610895264724762 -0.10395928053888275 0.9750507344721178
-0.10373417210770115 -0.16497392307437922 0.9805322216363309
0.006668452967017273 -0.348190967031376 0.9371265389140903
-0.23427534760138513 -0.012961351038379889 0.9716211251099657
-0.07716590632739534 -0.04015964789980346 0.995860525769036
-0.009297112686066034 -0.279528736044608 0.9600093949730342
-0.008350062918599412 -0.09702561202412963 0.9952397484601256
-0.05964017228827169 -0.21694039734222856 0.9741528622940322
-0.2264094880304603 -0.27674384391151485 0.9331052462522219
-0.14399902112806334 -0.17964227864858903 0.9730297876768271
-0.012731300682958042 -0.24736018022382203 0.968741933628318
-0.04851647357885219 -0.15004895881862096 0.9873874969367554
-0.21580790504648878 -0.23443381034226893 0.947867534506985
-0.10562036308019082 -0.2651388940175786 0.9583686042588736
-0.3992636500419107 -0.02537177418945639 0.9164780476615061
-0.21894020376455092 0.0019827954592270334 0.9756397583158224
-0.06733077184859959 -0.24019911528392454 0.9677064444041497
-0.29032936551169186 -0.1240818874142917 0.9475972742431518
-0.23851025084409877 -0.052488737697576573 0.9695311061794777
-0.22236948922990168 -0.02846525209869206 0.9745195568477917
-0.12369482062455459 -0.08879919119284573 0.9871839329233594
-0.036085112232036726 -0.26588198664510965 0.9628822466520824
-0.00019322850401794239 -0.027773203251430737 0.9996129666363349
-0.24077876905348608 -0.2776639577349231 0.9298358622246943
-0.0013309862554570335 -0.10005406890704574 0.9947832611227462
-0.1765261050733519 -0.16163894399946946 0.9706136813014937
-0.24051456575312996 -0.047588851180994575 0.9693058448460982
-0.02735730253850092 -0.3800322478543807 0.9245573475583942
-0.01965122408898138 -0.15657579777269687 0.9873874133509759
-0.22046806049110923 0.001864452398173409 0.9753312349367872
-0.18650641512082408 -0.045843536374326366 0.9812075992966165
-0.01877820051082102 -0.2160582558251047 0.9760038879885752
-0.1810511667380672 -0.2528244332778993 0.9502781324888007
0.0005442908958462468 -0.1868244478654091 0.9822204202252663
-0.20637888810942118 -0.12573762184182677 0.9702652463482141
-0.2669850765121969 -0.3681441539730983 0.8905632511272361
-0.03137490791305623 -0.015462797750972639 0.9991639417226904
-0.2704346825967577 -0.15800381215426645 0.9488866159676206
-0.011352213394501794 -0.1078128139604884 0.9939756297395186
-0.11102223103582239 -0.30442520980752197 0.9458218499159528
-0.06584929437833249 -0.05899135648533357 0.9960522226074753
-0.172469078049398 -0.007931590075739733 0.9849817817539002
-0.003978300128375627 -0.28459450817808546 0.958236000106107
-0.00923951891354336 -0.07885273467579046 0.9966552667550469
-0.14001220213376347 -0.026249129344123653 0.9897906303260179
-0.0010000503790400322 -0.005387169285719509 0.9999776121903441
-0.11988010035987025 -0.36905775089468934 0.9215103488218366
-0.2711664310738809 -0.33544123043437335 0.9018766823904529
-0.04205142800345807 -0.033625807911885484 0.9985372002336445
-0.004554576357360314 -0.35176519846741794 0.936077155742948
-0.32982175988293905 -0.33351147244167045 0.883169128163923
-0.02031280954795193 -0.05148943712221672 0.9982491350782386
-0.06354034858498948 -0.023375132223039857 0.9977047694831945
0.011174692102812135 -0.38165886538608584 0.9239083964271478
-0.019057680722738807 -0.2881286053811248 0.9568653862882904
-0.003070852712552419 -0.25235419472799114 0.9675822579297835
-0.3346140453851455 -0.3261863919556521 0.884101737755831
-0.01091725948802174 -0.15980190947059475 0.98687620782746
-0.08383222312160564 -0.18118164951446694 0.9797034425486527
-0.14434873140021404 -0.2881859116417409 0.9457837906199235
-0.0021009065406374064 -0.08307622910549813 0.9965272947587767
-0.2708497629364804 -0.18470614581247657 0.9443787500569757
-0.054800971641749026 -0.05993957819600611 0.9965411307627287
-0.38787202260444054 -0.015853051546067507 0.9209091089019572
-0.010093277835562294 -0.055430038756239614 0.9983667915342025
-0.00015170244909628997 -0.027776853504763936 0.9996108394854855
-0.017468330211063362 -0.1938114930603237 0.9808785542081376
-0.379300091433322 -0.0579093022195674 0.923432965712651
-0.008531823500817786 -0.06470045990734173 0.9978566299484627
-0.015052139862785531 -0.1680816927347557 0.9856416134309094
0.0187267554460442 -0.3541876862653616 0.9349868416276557
-0.0018473909732719962 -0.28872156496615603 0.9565939246880639
-0.023512522222307472 -0.24177369058319245 0.9697479152149355
-0.28027463670537295 -0.1999819368359382 0.9385556417901114
-0.022899919836752738 -0.26832721392559816 0.9629846192478078
-0.13186014990630582 -0.38125079937498 0.9149787422157843
-0.30364081435995915 -0.07198119582358763 0.9488477188198096
-0.04715311294165749 -0.024381334353791178 0.9983248159421294
-0.1441904130566806 -0.2965622619787559 0.9440516928117607
-0.1098710682226394 -0.011235891207596441 0.9936635499949342
-0.18084054443176187 -0.28703433541208345 0.9398096792132112
-0.07550177077981896 -0.0452228983328993 0.9960903912328596
-0.2929407988491946 -0.21048551629308387 0.9326000537944271
-0.2855618538674349 -0.062269054626617984 0.9560956471023372
-0.3096001842966108 -0.24409675134251083 0.918666151746641
-0.3260972195258371 -0.22781185968682202 0.917437759967519
-0.10734755112651562 -0.013335898056836557 0.994058390789822
-0.28787964443950353 -0.2654775017968419 0.9201342347699945
-0.055991284787696445 -0.012206825120611194 0.9983268097927058
-0.309221693032576 -0.07236860046721988 0.9481367649088656
-0.15481603153984938 -0.0058623679553370805 0.9874861738162908
-0.0010509624583140587 -0.003621821377151928 0.9999903059650599
-0.1092061913789034 -0.016629368716052702 0.9937328688139375
-0.043833405995187376 -0.0059315714859978965 0.9990211853402213
-0.1743438832041627 -0.06707662262343056 0.9818380521133029
-0.298957018405747 -0.08473946045569279 0.950409975969943
-0.009707128005305427 -0.31843021836454666 0.9465556615847786
-0.3126504145515256 -0.15680488873179915 0.9365881994747044
-0.07321158984258457 -0.13817179365357832 0.9876929162492748
-0.012496833990352226 -0.2762895212625551 0.9606292903912348
-0.3995114921969741 -0.1086191430425477 0.9102679484957535
-0.32956180361096343 -0.31838997357041615 0.888686073356095
-0.38635938615150045 -0.03978119664378248 0.9213864899464744
-0.0008221500459281242 -0.0025606455201864107 0.999994791750278
-0.035321855481740785 -0.3770180399755813 0.9254663129460461
-0.2695221771131814 -0.07665585201779927 0.9598138664316966
-0.06304987049046912 -0.2109478975251955 0.97522895231388
-0.13723869568027205 -0.33810292456094165 0.9310071034511072
-0.1020926472497048 -0.02996181731396617 0.993549192059924
-0.005737876109310036 -0.3039503656725924 0.952613574815776
-0.2908981094892121 -0.3298947254118683 0.8978914530162023
-0.11474561078153102 -0.3274441880889789 0.9377646755034992
-0.13904505748860418 -0.08197608572451576 0.986864047283476
-0.1630310692600399 -0.31182162531651314 0.9357408974296001
-0.013927278138638966 -0.25206801481669017 0.9674379811737571
-0.05335238684941672 -0.23378224261722902 0.970770871784388
-0.1322832864874119 -0.2536265735378235 0.9581924724568492
-0.14306607563581578 -0.26270075790744296 0.954030049742535
-0.07465392431166176 -0.01395265351942473 0.9969620983231924
-0.01905554210115931 -0.19499330579272162 0.980594059144633
-0.2762601952846641 -0.322507404973368 0.9053106838597711
-0.3049019017497202 -0.1174471873928446 0.9449439943256089
-0.18763216648053077 -0.13426332316903503 0.9725008054316419
-0.09572439847207437 -0.03593911209306986 0.9946860668611498
-0.3241570808177221 -0.36411506421843515 0.8729418507392444
-0.02504321811076302 -0.020788114561679078 0.999466913316471
-0.14358505787399084 -0.07160045471127179 0.9869658928282626
-0.02088927302876765 -0.3246575203097379 0.9455979883942621
-0.2098630731616007 -0.35781296786722155 0.9095351825095217
-0.252751586171912 -0.3581460997489185 0.8984519655167257
-0.22089052232463668 -0.18350427866087038 0.9577735581065592
-0.3465720593647258 -0.10132772105959956 0.9323327799773167
-0.06286632866977204 -0.02360468323781401 0.997524721164318
-0.015839287321753295 -0.10528680141119792 0.9941915217084856
-0.2969726378574986 -0.10912437382480754 0.9486232384761375
-0.0029478352035131245 -0.03639410804189034 0.9993215216251676
-0.3304460954943269 -0.35649723547639006 0.8739079490092524
-0.04829791763254869 -0.3016320297273896 0.9521891213690814
-0.013862614140324404 -0.024635053915644207 0.9995986139276297
-0.05424945403392278 -0.04082263366345912 0.9973242406318031
-0.18190735798096475 -0.003525398271209381 0.9832176991551661
-0.29196035396273556 -0.02256130977503077 0.9561642856390249
-0.08040955172286841 -0.003962240471588762 0.9967413785453306
-0.0033540497330406217 -0.016822522859986207 0.9998186601945444
-0.20309436149828602 -0.001189964584966613 0.9787121755517469
-0.13379464340197508 -0.253502287376501 0.9580350289555234
-0.28607734139113994 -0.10742354499297849 0.9520812995515697
-0.10456939624878563 -0.21987847137368596 0.9697532358957697
-0.00866644127479167 -0.3495872835458865 0.9368509592037408
-0.08173739876705075 -0.41567856535946945 0.9057998065649427
-0.02823413488053919 -0.058705334855846295 0.9977549728812756
-0.2469917451416859 -0.2059697639242098 0.9466529099621008
-0.2508428424224171 -0.004414162420056998 0.967483852072712
-0.04331168182493718 -0.07291335815604513 0.9960915201297752
-0.007821998083383602 -0.01813453069238978 0.9998017637667749
-0.0014005246758226723 -0.0021308726763746796 0.9999948937095718
-0.04302295152384423 -0.01509619844385747 0.9989153810632188
-0.053959934285544145 -0.0007607445957339968 0.99849341695128
-0.3477025445950817 0.0004615044512248032 0.9374441816312638
-0.033603821324957546 -0.21400401120736412 0.9760988000296464
-0.30713035779524733 -0.21258718749487143 0.9264984647063432
-0.07342667791151729 -0.007777544328425172 0.9972276434864135
-0.13573353674965288 -0.0010876763583131683 0.9906602517795171
-0.04274940406178934 -0.0842076221887284 0.995517734335562
-0.11027232059233484 -0.0019242831028863394 0.9936926383361767
-0.003191037323460217 -0.07840516468752678 0.9967910094705933
-0.32184622139681185 -0.0019689058261549894 0.9467184043340887
-0.19518078292425103 -0.11797795371597729 0.9736237802046558
-0.04153990173292484 -0.3060188466021457 0.9506098143876852
-0.3726929500492677 -0.2520365944358764 0.8929547375427339
-0.033591684857385215 -0.3022687024225779 0.9522929240515075
-0.3607376332940782 -0.08175224248373947 0.9283516436572495
0.010062753094337233 -0.27924172115611395 0.9599280845290767
-0.016661359006513752 -0.0010584223666565197 0.9998536434513802
-0.06941316689366117 -0.2556263126519072 0.964072934659053
-0.021938724668535872 -0.22820202737389159 0.9733651371211243
-0.13765810616819743 -0.002406445745590539 0.9904579566352104
-0.04180295591151265 -0.0797220361667921 0.9958704117428872
-0.27631630999878487 -0.2566330925715164 0.924826843277487
-0.3037552062915464 -0.003530684296725393 0.9527223195888442
-0.2685769703136648 -0.1579848362669677 0.9502137613710345
-0.03196807248259248 -0.1628490280184908 0.9860778831790136
-0.12570505722244718 -0.027302423789218322 0.9911315842575722
-0.18203278814472554 -0.06277778272018943 0.9801094217542802
-0.05320977654599342 -0.03278733965156688 0.9980080205191352
-0.14196784828202588 -0.0023648592426975825 0.9898551330277653
-0.284738314221003 -0.09480603594893612 0.9538499273553543
-0.21512877643905354 -0.02148671550919612 0.976265138781843
-0.21011256305628337 -0.03764909027730516 0.976873993476678
-0.33294738624549075 -0.1778402313113085 0.9252688913130962
-0.07718350541535941 -0.08603052999757099 0.9932325173691867
-0.22134913323649427 -0.016391958804494147 0.9750479676846392
-0.38673531521917887 -0.007510407086658926 0.9220724711029039
-0.06528465539207996 -0.2528952064047129 0.9652180200745857
-0.2538747750436603 -0.10831866817038902 0.9608238112027672
-0.007488882631801465 -0.0007604923263736593 0.9999679856463938
-0.11189372818670558 -0.21466774519489437 0.9701818938893815
-0.321617281451029 -0.04751370199914505 0.9456768871366168
-0.34604314954165194 -0.13589254567412182 0.9282538301808536
-0.0026221530155260595 -0.39763721004356234 0.9170499453275267
-0.1203891519350204 -0.015044240871732785 0.9925739207179175
-0.029473017966107018 -0.04477698347161737 0.9984977656072634
-0.11585537101115755 -0.021641485263230235 0.9926260415459116
-0.2710861974535667 -0.011226205735679704 0.9623964673763128
-0.057354185994932895 -0.4190688729462518 0.9060753744407318
-0.34653878369962937 -0.007360018068711989 0.9379136999629513
-0.10808159617305586 -0.09949295009822967 0.9891234267555825
-0.15888978990236385 -0.06057953085910429 0.9853103635180898
-0.2135991333658792 -0.23440609126545978 0.9483824110551384
-0.17504460900261476 -0.024328727701052825 0.9841070549119056
-0.3893273708631285 -0.22200311214596083 0.893625387500125
-0.068295564736463 -0.01633007023675746 0.9975130009025684
-0.32955149607488604 -0.007267053725427362 0.9437597493309183
-0.2005318350856514 -0.04667140002201946 0.9784947695959103
-0.2075371342272509 -0.05249422438209575 0.9766943538862165
-0.00608570528278445 -0.3564088421652128 0.93416330753154
-0.08083130874645675 -0.36213052076483404 0.9284024219859773
-0.03263303504121182 -0.041655063857495116 0.9984402293340928
-0.04500740181592491 -0.18938771422987108 0.9808702758395307
-0.030227271667854112 -0.021962726041430063 0.9992041239097292
-0.04031457371908494 -0.014447349741462077 0.9989767319818241
-0.2566460570561581 0.004100315366999763 0.9664641141618932
-0.3131750344135729 0.0006205991861362916 0.9496300975156392
0.00016145046523321477 -0.09995384984195403 0.99497995810882
-0.13459377974038214 -0.017773883360482592 0.9905968561451982
-0.3967651302084335 -0.1311854084739579 0.9084344943744636
-0.06659393797063173 -0.39540304360982015 0.9154509650956241
-0.02009382276184683 -0.05476747884932736 0.9982882351355605
-0.148189522650075 -0.04293156740918556 0.9878694206227159
-0.015622966029442697 -0.03579361056428919 0.9991725108421342
-0.012638992028728075 -0.06805091361385728 0.9974644566459835
-0.09706427854691603 -0.2863954546885873 0.9527190527155505
-0.09418992413252121 -0.008203883340675894 0.9955178894717185
-0.3968328468661598 -0.36016502991324323 0.8442777079685513
-0.23485990960489098 -0.061369245187417286 0.9699872669494441
-0.21828256208111438 -0.021748874630532006 0.9756407042921622
-0.14612492221567944 -0.0852907726460194 0.9855781764616071
-0.27154927609310825 -0.25952243635579897 0.926652829924956
-0.38207978933717707 -0.24628992461486698 0.8903803990899484
-0.012276326238301433 -0.03542773137453587 0.999260998652878
-0.052604323507539484 -0.09204797599844541 0.9940939410396631
-0.01504512717493299 -0.0014554019684541214 0.9998612178406623
-0.10757895688404989 -0.020363689868142795 0.9939615616061712
-0.03963053198416869 -0.3472789477236098 0.9366715105133697
-0.024834808414164085 -0.2690552690770311 0.9628044621367818
-0.09572190619030907 -0.012660452984918356 0.9953247208278238
-0.15770095885668406 -0.39291176150034324 0.9058915036022266
-0.05180623411144249 -0.2927024527581129 0.9547871691341802
-0.031696402618769964 -0.054953968222550366 0.9979295034150145
-0.010221177534059241 -0.004055353464541809 0.9999136075701162
-0.05013262767840159 -0.0035690545243128825 0.9987361821145159
-0.2930264492139498 -0.27995564385281585 0.9141911732469941
-0.01707030031428571 -0.13136539624964916 0.9906913432636569
-0.0038255265803126904 -0.09916845693678102 0.9950616283072613
-0.09268373260890121 -0.040769329241351675 0.9948203409454098
-0.17554025917259344 -0.004989505410388282 0.9844311279214242
-0.1609419914470449 -0.08626980175301885 0.9828749253790344
-0.24445349923464632 -0.0346930166739176 0.9683970239167347
-0.04099692275749879 -0.2894338298542758 0.956239958067179
