-0.01855493746009013 -0.03449112243087334 0.9992100178592616
-0.16477016140906187 -0.007051229535594303 0.9860758161787817
-0.22240302775171297 -0.023232355864306855 0.9745109779659751
-0.08567567243645693 -0.05119119704883723 0.994974864809522
-0.27025488753893473 -0.039188159462792214 0.9619020337857729
-0.0026114939999827345 -0.008915834745800003 0.9999418683887933
-0.18122332364529176 -0.11079286095513556 0.9771179716321541
-0.029905084727753172 -0.20122373087031728 0.97890796105636
-0.18861902385948567 -0.21498582315228731 0.956414705923562
-0.016706988490563554 -0.30458292514106916 0.9522898972003774
-0.009987750436391768 -0.13704106347849396 0.9903972585807711
-0.1385311661826887 -0.0950548705416627 0.9856186973985391
-0.26334490188727416 -0.17506299017927657 0.9485587539387725
-0.25458508103837896 -0.34924174839584105 0.9010445516019172
-0.018012959467420403 -0.009746930037042077 0.9997363731599483
-0.003324279492915452 -0.0004325877291008548 0.999986950012706
-0.02075444179290376 -0.26040687449877775 0.9652159959626065
-0.1651165935152455 -0.0046429531996633544 0.9861030219634555
-0.004738096873497155 -0.32103574695608156 0.9466666441373534
-0.1085461485279089 -0.2621515799356678 0.9587866596178857
-0.011551852082614172 -0.20965036144408125 0.9771629829716264
-0.08502883732171497 -0.13743344683607575 0.985947371485986
-0.02958397522898934 -0.2807853826360072 0.9590208150326526
-0.0034906561879242833 -0.33157959628072387 0.9431481411916485
-0.11215447327450684 -0.06910018464045864 0.9912251477029378
-0.19711864067642654 -0.0647142581176188 0.9781336449369497
-0.20821644644792084 -0.004239708823142877 0.9774294103574133
-0.040736152313951376 -0.18568686334526766 0.9817517611710606
-0.00404104776063544 -0.02535950146259764 0.9996699775758444
-0.1728628765137094 -0.0027039608811662134 0.9849082956894094
-0.022126164612118165 -0.0036249186360517494 0.9997272782236885
-0.30892063667526687 -0.019288995985954963 0.9507643482968704
-0.2565193375437378 -0.004102010631415946 0.9663991068096974
-0.1875662811345999 -0.0839441192289591 0.978235461957293
-0.3701085314136881 -0.03967021941560016 0.9277784030252
-0.11561641072723142 -0.04029872333571957 0.9923919348728458
-0.16591506686541688 -0.2745366424147491 0.9462914202096467
-0.18995584514482683 -0.2935637698780445 0.9360929052419026
-0.00037215132763253746 -0.0034632213635175813 0.9999856803222406
-0.022054832117363633 -0.22781229462456157 0.973452792919401
-0.06502274854510781 -0.004311992266209064 0.9977545802515698
-0.36614550497642423 -0.35765862244070784 0.8580135233901387
-0.00825873403302697 -0.12008152076010814 0.9924820281678008
-0.27554774153699574 -0.27277196050392644 0.9214287267522572
-0.34762550448333446 -0.09490668196298198 0.9327308453356092
-0.08470158445956626 -0.15134807431202657 0.9838950534825774
-0.30085888767221575 -0.20129147570815364 0.9321582377597477
-0.356794724744847 -0.17303159105891242 0.91799815863385
-0.06971130209912896 -0.009686120933478861 0.9975193078664627
-0.371261394295884 -0.018312579045656797 0.9279430281320892
-0.04643880729351102 -0.3235103778662279 0.9446221587505194
-0.051603487321455546 -0.11487000258158009 0.9917712544482441
-0.003795309125153388 -0.1632978675301545 0.9863626079971227
-0.12327907457219459 -0.2201609640388531 0.9670405438545464
-0.008589073276748668 -0.04692364680706664 0.9986369983081842
-0.15797559077350415 -0.35645382642168233 0.9194872300033393
-0.008821367609393152 -0.09770477643808509 0.9950331016910952
-0.09354755501145856 -0.029634078519996186 0.9950868831553699
-0.14565362225879316 -0.09404354359881156 0.9848171813224751
-0.1534436786515024 -0.02796747666015693 0.9876058044469787
-0.020733996305050493 -0.15738260601428075 0.9873159906758199
-0.00239633894893537 -0.02775018964183203 0.9995782628559324
-0.0047758083028889104 -0.009111313090122726 0.9999454993147496
-0.0016788684623721276 -0.1292576143067581 0.9913182670216877
-0.03495402329771458 -0.3033649218042089 0.9521865944307655
-0.014605361953507668 -0.12210113114151991 0.9923247164043045
-0.17987599435839297 -0.044723301428241206 0.9826397819169185
-0.13730409967399634 -0.24861243305410563 0.9587124319218612
-0.2512474145912905 -0.1034464451836312 0.9618261554044834
-0.1275632448198402 -0.04694137181895738 0.9906194447500712
-0.25442531310677885 -0.17628080956369963 0.9507354777211114
-0.2613883355097357 -0.201545650325064 0.9439311741402463
-0.22791831474951282 -0.29382926335283904 0.928279884852819
-0.27552010603633614 -0.30862078127414494 0.9100482802689267
-0.12793083675837535 -0.011853444956294286 0.991698941214458
-0.06358383473406545 -0.34991610085949104 0.9345592417396147
-0.04984732765351653 -0.04332714148983883 0.9977640965242663
-0.20783140750732662 -0.23111228168592735 0.9492691821068334
-0.06038996214854757 -0.10166659722285129 0.9929422386967214
-0.38210044798881004 -0.053748089983936924 0.9218314581894443
-0.36748480054716115 -0.012623444722728878 0.9298817146761111
-0.03112213672928893 -0.2674182007826444 0.9630381708429583
-0.16286995587130013 -0.022243111849435976 0.9857551532018503
-0.29313465182706544 -0.01545510206038793 0.9557771721020494
-0.1659869910596816 -0.08207783826734749 0.9817586043576735
-0.17313452663402362 -0.0023099667501797387 0.9848938496692714
-0.14310655951096557 -0.15986037073579965 0.9764378531926786
-0.06442764267397408 -0.3389987891966623 0.9371371429589854
-0.0019476355400086774 -0.3924197805229662 0.9193354453088795
-0.03932851358360062 -0.3909542271441873 0.918957058917005
-0.28236436570887435 -0.37826292649948284 0.8813724812389302
-0.32903880096420557 -0.3426027866879788 0.8798483984127531
-0.09914409020474053 -0.14713948339146737 0.984047838135194
-0.011291788406213211 -0.3905384034539932 0.9203374835971342
-0.1527112000048457 -0.1091737550961105 0.9816899195406731
-0.11801174405716984 -0.0986086011874317 0.988036550375178
-0.01961623282105669 -0.23000390771001736 0.972679845997709
-0.13813554219067561 -0.36680256629177604 0.917941333419593
-0.1285976316945854 -0.022968946914535868 0.9914280299384383
-0.0006843527106036927 -0.2110751580853831 0.9772273186087013
-0.029014902665524048 -0.1531945051293975 0.9875467135998297
-0.07364954046625882 -0.08880380409711958 0.9933181422135201
-0.28570940312821724 -0.006731577945379843 0.9579804917512496
-0.06069067289029287 -0.15946081283516103 0.9851791688869361
-0.36484976580721296 -0.19172295572397935 0.9111026304960338
-0.2529869071578449 -0.2241380591660486 0.939925007261924
-0.21547855257487739 -0.017032773834662108 0.9763105446179521
-0.22649356828786554 -0.061010369300661026 0.9720733540206511
-0.2232889070523901 -0.023039534226349 0.9744587253850339
-0.2627452044559461 -0.25752636878131324 0.929836318880107
-0.08399491628288798 -0.08000709779269681 0.9930738232740647
-0.23291690401240306 -0.09337262292230818 0.9678225732408203
-0.03693489117827574 -0.07386735753331904 0.9964620444259443
-0.11627224193128097 -0.3255690407600813 0.9371192014258404
-0.03732101895764876 -0.05889356476661298 0.9975330888369215
-0.02788730007307527 -0.049426934086844385 0.9982419051707336
0.0017277357071470547 -0.021083769654223233 0.9997638217713568
-0.18597594377096102 -0.23785362854516598 0.951411906810554
-0.0029821877928760073 -0.2064537539619596 0.9783412253904273
-0.007129016295496818 -0.25231073162418105 0.9671808058436555
-0.04806546468450926 -0.07250857814552238 0.9958005030429856
-0.18381172254674957 -0.3825317118775014 0.9049523084423698
-0.008863392639635164 -0.004795154662710099 0.9999252049761993
-0.013549044337471524 -0.27935972273459897 0.9599067499382299
-0.07439676371244329 -0.28509643613998653 0.9542178871469048
-0.20387312252507672 -0.2739193792598209 0.9387977743968334
-0.0030059318123908637 -0.06859152449309508 0.9976391631104371
-0.3022027573569199 0.0015278448744650587 0.9532106507704712
-0.24031502649271386 -0.23833646013161924 0.9404618215086473
-0.23615619643453645 -0.12335443951736635 0.9633304685045618
-0.06121904452823053 -0.018233130284417472 0.9979314346037498
-0.21010921308336747 -0.38368524123139897 0.898992962485924
-0.007642484653328241 -0.13335971447659828 0.9910281443464005
-0.04609392713654691 -0.0405627823939158 0.9978466629932775
-0.259629538173118 -0.1407223167203972 0.9551619613977562
-0.031895727825849006 -0.0013073357548508827 0.9993669408510312
-0.005439724636100917 -0.014428902006137306 0.9998730899622429
-0.02176761412085942 -0.08683737603316695 0.9957537834439337
-0.06379766712024895 -0.22287535923053092 0.9718907568470355
-0.16131097802550057 -0.2943501942153655 0.9419822607429966
-0.029279108267517263 -0.12209219535895847 0.9920859136162364
-0.3372866734712392 -0.011104239116107978 0.9410778895582375
-0.2559553922897004 -0.11997364318446162 0.9591970114546333
-0.2714175846327975 -0.047035875757724936 0.9605201996036874
-0.023815138183080703 -0.075362767784482 0.9968091632993724
-0.12590789336508548 -0.3422307744192625 0.9311384116750727
-0.3657690040382533 -0.0032782163556680324 0.929620826689821
-0.06476753381570477 -0.04023849335243085 0.9970142976519888
-0.2890824426775173 -0.06373569897292246 0.9531396545732624
-0.2075740858984195 -0.004396722122902927 0.9780481040054495
-0.31282855894210204 -0.011560792853748433 0.9496106176761122
-0.06867708741763455 -0.15310772571115258 0.9857389002585075
-0.07590535831090726 -0.21462141266858636 0.9737111350225065
-0.1435790075597413 -0.05694650196906894 0.9879950675132715
-0.18163706745852545 -0.02296400993639049 0.9830429318722537
-0.03987348781453712 -0.03217735012643372 0.9983632829348336
-0.00017038301681688875 -0.21317015721011642 0.9763604924822705
-0.09214160157767505 -0.09407731057313017 0.9904716494128514
-0.0177779403413734 -0.30786081296325574 0.9506735928493302
-0.006139796010835325 -0.3382880849714388 0.9408680613448972
-0.3554689030205878 -0.2585416524306091 0.8982032952393149
-0.09848992670164115 -0.17550241034673306 0.9795229947855181
-0.02616369588626251 -0.04798807196392606 0.9984840454094515
-0.30248643900179367 -0.2490249478569808 0.9196489512093596
-0.18041162210396108 -0.1562572934065271 0.9710668500665296
-0.23118897408693762 -0.12706447656544653 0.9644549309817678
-0.009882573868559752 -0.04522040504408108 0.9989244440949019
-0.17745231186610982 -0.02005495768451506 0.9831889773405205
-0.20013624681600822 -0.03591634006002193 0.9789521491531805
-0.19165116085880587 -0.25656442189639006 0.9473325345567553
-0.2853548271275524 -0.022123492374517238 0.9581017933087642
-0.18303691692529023 -0.06986226447687051 0.980595526513755
-0.3300380853716499 -0.33012441678109183 0.8843381624021321
-0.011977711709639103 -0.22937838293250676 0.9732530798308131
-0.13029498825004296 -0.21534952130450766 0.9671960438544528
-0.15103897144262507 -0.3176550770944584 0.9358421091658298
-0.014946347407796497 -0.018255573794929193 0.9996977036360727
-0.31031246593181194 -0.0022771418588254932 0.9504567986357633
-0.09767426996487556 -0.11665489136168715 0.9882934455449578
-0.17413513875196665 0.0025277208507567396 0.9846700439060273
-0.0949967620970544 -0.06598227266639607 0.9929457551230972
-0.01964075700829025 -0.2691062850636032 0.9624879956247261
-0.2797882362642145 -0.004169618665571324 0.9596652323927568
-0.006228902926447019 -0.19649554607337463 0.9803905738436673
-0.016893667038328366 -0.1789350634993348 0.9835601696465742
-0.17312296740643798 -0.1517389367034686 0.9729515967936162
-0.327431407777708 -0.22706877370841413 0.9171652127083445
-0.2571304479970686 -0.0010820281499269433 0.9652919137159383
-0.0008302522688189968 -0.13177765178984574 0.9912774435869108
-0.34848817416143224 -0.24738367676322504 0.9039502458171005
-0.2692554031449927 -0.07760469118712947 0.9587273594638966
-0.00047905596970505837 -0.2307242037338812 0.9726905377407011
-0.21719644434209914 -0.0009422558415303765 0.9760685056374303
-0.16075989215472994 -0.11867585834402253 0.9794687302608287
-0.052213375652441094 -0.3740099163107123 0.925385683385708
-0.32678400376258493 -0.2038046890491237 0.921812276088971
-0.2850185904332992 -0.2458730017284168 0.9258363299978534
-0.3284560192702066 -0.2465558445683593 0.9111260739212977
-0.01747548956018238 -0.39612145438632224 0.9178668776762181
-0.23528533474134938 -0.3819253144985277 0.8934778489480598
-0.2630813577503453 -0.3803541241108078 0.8864662396536361
-0.12121687003167174 -0.355380311187856 0.926343521542654
-0.16960803863907772 -0.33854742314766145 0.9245256205794894
-0.013905930903828986 -0.20306558738995706 0.9780993897942303
-0.014118912929812585 -0.3750511075685362 0.9261035286822169
-0.024887778525851455 -0.36260637761672515 0.9307648037693734
-0.31223911129579934 -0.0841698354745202 0.9461164013753024
-0.4006915364114408 -0.014271387594396995 0.9160667033280858
-0.36088653794906567 -0.0031967196867345614 0.932317748773229
-0.2697028465372752 -0.2922637367741585 0.9170661992074997
-0.010948466632225831 -0.22342659383255445 0.9743492227773969
-0.11931469961976393 -0.11792766088683468 0.9857158224030723
-0.12226421868694044 -0.14889237097012226 0.9809003041790753
-0.14032564394652397 -0.13204004762396654 0.9802735888046946
-0.08852131185128592 -0.14976317736814526 0.9843285001855063
-0.11331059567086028 -0.146088462786069 0.9827496685613881
0.001351966392774522 -0.10259668682321317 0.9947009002774146
-0.00015671774177217787 -0.09098869708020899 0.9956572787701827
-0.04226531651205058 -0.0056001269329296974 0.9990895890705787
-0.022752556507387178 -0.005271104950809553 0.9997266476942873
-0.1633582782678736 -0.05355999191036365 0.9848553736482215
-0.25305534082524206 -0.09778509310270822 0.962304241246598
-0.2570007750983782 -0.11944454005823495 0.9589836027982114
-0.09901553498637947 -0.39066523134494235 0.91340660753048
-0.168288296819111 -0.09308628615312968 0.9806765783838967
-0.12528159942378514 -0.12273944347746649 0.9835683828613254
-0.3708069197107196 -0.3102761379226781 0.8747698924629566
-0.06979255332701234 -0.2853700886946754 0.9557933406109691
-0.35264513698850547 -0.035427721751110086 0.935060493756635
-0.3471361085351315 -0.017932379590530758 0.9376386234827969
-0.3547253816268839 -0.029596196269007696 0.9344971103398568
-0.2798911914103626 -0.02947290210600035 0.9593388094446648
0.000843424601065365 -0.09285883959073282 0.9952242371628681
-0.0003047460627529155 -0.1271946024507992 0.9917983210535388
-0.0009905071403205875 -0.09020960249120284 0.995855633669839
-0.35233914407083605 -0.11097296445969791 0.9290472274507485
-0.37053877651157496 -0.15400884168163562 0.9159283487300327
-0.0028999290008049987 -0.10213602159545634 0.9947501684471175
-0.2679929456710823 -0.11504047803955515 0.9561564499028824
-0.2150351766128834 -0.35593845626746484 0.9089934338997133
-0.11325084784908196 -0.04446358511365655 0.9923855722370944
-0.006857811724642244 -0.12269808204619607 0.9920813657883558
-0.014279204000677663 -0.09976557902993889 0.9948582339655838
-0.007895482709234004 -0.06492752020179102 0.9977931126803868
-0.1832740827857587 -0.11036241597952962 0.9767435880563954
-0.1366989722497215 -0.0507217924854885 0.9891842225668525
-0.1476982749925836 -0.051921872331392546 0.9876369755607973
-0.004429023796785391 -0.03604859875571 0.9992468326880524
-0.27978388963782885 -0.015487021168069375 0.9594208528781178
-0.026380692164063593 -0.3105472942200138 0.9497514180353628
-0.01994771370442551 -0.2774122504752523 0.960415273226671
-0.16417546963816007 -0.13116721800817163 0.9776198266112811
-0.007597057185499525 -0.19731788864045852 0.9790280106008394
-0.00031092029023798405 -0.1647387840101474 0.9862140079440512
8.654965565328888e-05 -0.12006624260664536 0.9924090168710293
-0.014527729826424408 -0.08735193418390702 0.9959979199547597
-0.02242141485414814 -0.09109306457769857 0.9951708422649486
-0.01703929406048772 -0.0629849670340084 0.9975889294705172
-0.04621354844328734 -0.1388519528328782 0.98891815852038
-0.1572046352352155 -0.051188767315070355 0.9862298770213425
-0.17877989635582892 -0.056739798576886435 0.9822090287832452
-0.029242451174962807 -0.08346367557600418 0.9960103942963371
-0.20223134067937562 -0.030882018759924055 0.9788491228048659
-0.17184015561285765 -0.03782064106134637 0.9840149599159452
-0.190043947652548 -0.2569265758392177 0.9475540592990275
-0.1970870108815069 -0.25212303828500965 0.9472288893969664
-0.2027392236331796 -0.2453240803128419 0.9477613531406874
-0.1761253643617548 -0.12025193876368144 0.9769292012221457
-0.2172728765520764 -0.021772698651086286 0.9758657986475847
-0.23915276629458251 -0.004013526850217722 0.9705351890821423
-0.08350999107102228 -0.2062600325018484 0.974742245042332
-0.12019152982440066 -0.25645364082449906 0.9587934009092104
-0.2551109632766319 -0.27409171319087283 0.9268944907092146
-0.11333612555727034 -0.09174147240222284 0.9892137409925001
-0.10737888592272635 -0.09147797633844239 0.9899994371659775
-0.1024815347513879 -0.08273129810408596 0.991262080050687
-0.28827922025215375 -0.2678633615502878 0.9192534565984501
-0.2765481425169341 -0.3130782210709123 0.9084915299704657
-0.31454596070402346 -0.29882865164774264 0.9008456363559788
-0.12935482284091226 -0.017080663751601843 0.9914397341873242
-0.14935270826015296 -0.009478213134974019 0.9885613912335569
-0.1258176038764097 -0.0074465080722522 0.9920192658551219
-0.12305920258198536 -0.001893143752491416 0.992307040583179
-0.19528688647507825 -0.11704685626398662 0.9736376288523465
-0.13291528086367846 -0.2910144211534959 0.9473268359948165
-0.14057601412107307 -0.28859992244751814 0.9468234791613137
-0.2826344135229737 -0.031243531384773905 0.9574398833976402
-0.13195447999773655 -0.25416590436580955 0.9580887778377468
-0.07297399859366506 -0.26197563066889784 0.9620289488247982
-0.09314157761804845 -0.25485752217388247 0.9623789150160312
-0.21959717299885612 -0.03790462551938248 0.9747673990009437
-0.24101025036505289 -0.2179265428137144 0.9454793489275616
-0.22763793561553092 -0.24359908695168916 0.9423160221345884
-0.25736485873402276 -0.19535772255631878 0.9462690826438829
-0.10094996121268218 -0.021327855792476813 0.9946219225232155
-0.11354851582504932 -0.05633467202924839 0.9918815552997196
-0.09679538845528142 -0.061961575835287094 0.9932434323178245
-0.10394409126563652 -0.04636793333975076 0.9934782090894484
-0.13705427439954473 -0.026750043809156483 0.9900951361034899
-0.16697202920004178 -0.030770119211479083 0.9854801266865844
-0.1468953204040292 -0.07284149512198379 0.9864208287493951
-0.012710699959489348 -0.3074268494267432 0.9512642395589087
-0.2933934951231041 -0.005871502037574487 0.9557415742828184
0.002629408382950118 -0.08010394104950991 0.9967812192438229
-0.14056789745200485 -0.2407545719950992 0.9598405246263513
-0.13191605125582223 -0.2690177389929315 0.9532788061559404
-0.015801538701451585 -0.004419686729538787 0.9998601645541964
-0.019195229593592857 -0.0040107306766642165 0.999774599261813
-0.3000397049654978 -0.052156134263060296 0.9520848277072316
-0.2939295977730343 -0.034294912657325635 0.9546065064373653
-0.04683379874861265 -0.3928190912142826 0.9181259699368048
-0.006516836406403036 -0.39935018125075866 0.916557566379017
-0.1049770019853382 -0.39090912652938514 0.9143180561120302
-0.04600075528728655 -0.3350674839776265 0.9409221416077967
-0.03979671483935423 -0.3239000295120923 0.9450123743418721
-0.35636967373506884 -0.05997139520295074 0.9323911567750727
-0.1525960405473946 -0.18840648866163265 0.9693189895925801
-0.022985853639625034 -0.27999763463197985 0.9590845935782849
-0.20516035798047563 -0.11124246411351905 0.9720872214345624
-0.19537297798722245 -0.10503503625727495 0.9750795123985394
-0.3027957147904742 -0.24909575649413945 0.9197686498031719
-0.002593870827946617 -0.19935164039158398 0.9797868780963828
-0.0021213788752569556 -0.16692440708298675 0.9855704379395037
-0.010159349404562243 -0.39967180412776115 0.916311668604825
-0.057226640478956835 -0.3015750479381502 0.9514712852556725
-0.028070926768739107 -0.3944498098270223 0.9184729683141364
-0.36810054239957135 -0.12438943820395845 0.9205274862073805
-0.3557748890680528 -0.0998083164568556 0.9292212798815603
-0.2373209081552868 -0.0021075343605707164 0.9714261906775566
-0.13790274702654207 -0.16083383807967852 0.976097202918712
-0.24706340929574586 -0.051450810129081495 0.9675558518189544
-0.029239600732060982 -0.2273586004968488 0.9733467314662264
-0.039802208901934324 -0.2293067689709988 0.9724991662105177
-0.08372034573235175 -0.2829069436201681 0.954599690183713
-0.172286216115796 -0.27660195457454473 0.9445277947517888
-0.14513980133307255 -0.1854574011983589 0.9708657319159278
-0.15082647026683696 -0.21527409088412666 0.9644779653333004
-0.22530632924342595 -0.15140791714974883 0.9618140057506114
-0.21445418931901206 -0.12217326214745976 0.9690601797693021
-0.2103342008083481 -0.09159827544170747 0.9728264578106482
-0.1613046972045483 -0.1057938539189414 0.9800527854523755
-0.09278354916970877 -0.22410699117000496 0.9686910895622448
-0.14259432374461328 -0.21487829124092273 0.9660628265065375
-0.0647317183602598 -0.18754752551448423 0.979875206205412
-0.3976866918817989 -0.021559700145491585 0.9172376094401672
-0.1000545803071067 -0.10600943769503592 0.9892400804714003
-0.09294221891950598 -0.10502747478263191 0.9900800134245341
-0.06686737716699485 -0.1249975968920034 0.9898619792721663
-0.045591549365645974 -0.12729035895292443 0.9905528574007498
-0.03575187370326048 -0.11031724030465785 0.9930955021850519
-0.031443982456901776 -0.13945011912453364 0.9890932545930646
-0.3302249878666784 -0.28324420304220665 0.9003822384037341
-6.805168014742679e-05 -0.1750874177781758 0.9841857130979319
-0.36423119914491797 -0.15764488319461054 0.9178650249869603
-0.3006468822378675 -0.09935541929474388 0.9485149928048855
-0.12466316897501072 -0.0683967666488768 0.9895627165154256
-0.30943279590379863 -0.012241213694321037 0.9505633782286788
-0.14827308016076649 -0.03334216152070011 0.9881363258279275
-0.13147347316362681 -0.03837498242502828 0.9904781854539796
-0.012106877012050139 -0.05147574627769401 0.9985722294811448
-0.022860814007064287 -0.17884367953423444 0.9828968028440952
-0.07233980168427477 -0.13333521246693786 0.9883093196010744
-0.06284564808171293 -0.11826877890390837 0.9909722501029595
-0.04761014507660734 -0.11849267385593519 0.991778291804953
-0.06679841636896841 -0.08845052226155421 0.9937017965574602
-0.0691259938097817 -0.07505437775404836 0.9947560586215168
-0.1810735279335506 -0.0781235333674269 0.9803112191005068
-0.19584393372917192 -0.10776294942002575 0.9746884120369155
-0.16349687373279934 -0.03271499827196029 0.9858693659042791
-0.23315462887986718 -0.020739852153022435 0.9714884374787844
-0.21508424890485728 -0.016055462540846818 0.9763163303582433
-0.18133682247573824 -0.005247053960379923 0.9832100461528785
-0.03490726091424464 -0.11243009817439895 0.9928015914286243
-0.025530989028455034 -0.16168483487446866 0.9864760322027051
-0.04542383071796532 -0.08621469963693355 0.9952066189876144
-0.03757008487448703 -0.06518262526465693 0.9971613882731969
-0.060652892622586635 -0.061857577381400866 0.9962315428793815
-0.2691903931592778 -0.049184583709316755 0.9615627478881515
-0.019150558278700273 -0.11358033995692914 0.993108054060679
-0.023679559364863424 -0.14670223973933286 0.9888960568782592
-0.08553440026122325 -0.11775238046636763 0.9892155598156156
-0.21780746508955928 -0.17769432187624465 0.9596703238445925
-0.013671425503533733 -0.015241654513558175 0.9997816715985831
-0.015383219551494185 -0.09054411193817978 0.9957712737037846
-0.23803963443232515 -0.03357973695823766 0.9702048795897977
-0.26512374074091477 -0.05079373302861192 0.9628666380668621
-0.059311451509256985 -0.034409786293706376 0.99758362036943
-0.06439194386510201 -0.0504109886751038 0.9963761093461249
-0.048376076356063155 -0.056046956514112393 0.9972397413274883
-0.1569996132318694 -0.005282297201331902 0.987345867121241
-0.17230122553636712 -0.007857210503740013 0.9850074619882866
-0.25758584832918857 -0.31775578536845284 0.9121761820553899
-0.30243333149067303 -0.279360706620014 0.9109456793717634
-0.21564335144543723 -0.23211766999659778 0.9466316093709495
-0.09851745705960051 -0.3198485215493861 0.9422204156923888
-0.031390525232613646 -0.011908003524385242 0.9994114658961267
-0.0335492526649011 -0.01601724646995122 0.9993082766406994
-0.07813366826681167 -0.04080995870740208 0.9960621166857233
-0.04788191251981038 -0.10596399979397829 0.9930504425380747
-0.37336217628139307 -0.08038094100675906 0.9238940992831827
-0.017737903058354626 -0.02017180078866165 0.9996195885813255
-0.15685761273760981 -0.23914207442760066 0.9581858846619103
-0.1626697161004159 -0.24879169216933528 0.9547198252503952
-0.2527295557989589 -0.05586572237506375 0.9658054086981808
-0.18469235358707672 -0.09986776706960707 0.9776468225049365
-0.0527539934810469 -0.26765962096487944 0.9617453637309855
-0.0625016089471674 -0.22526415665120506 0.9722037238960042
-0.16648145935191733 -0.22726478605777456 0.9592572386054676
-0.17153023569396733 -0.028935413114175097 0.9846314119380022
7.052108658179701e-05 -0.019844189940730506 0.9997637871619739
-0.0848480270978104 -0.031693300572608704 0.9958890107248796
-0.14022132562191272 -0.06056244400873034 0.9882357500680387
-0.002846945136904911 -0.02482027546815658 0.9996769012859266
-0.15343391521586208 -0.056484415065253715 0.9863662966970486
-0.17174024574994573 -0.032890368572016423 0.9841598482864636
-0.3828414871897126 -0.054782009821468095 0.9221530205154116
-0.38193817634032995 -0.323968007532623 0.8649928380107607
-0.1242967619947188 -0.17122975294254822 0.9772958697856137
-0.14090360344468617 -0.16586581066904832 0.9758735788695378
-0.38050191608234035 -0.046309973104441626 0.9235264466242583
-0.06775560596444077 -0.011666958798085655 0.9976289475430409
-0.060137517457777706 -0.007238604151069321 0.9981193538220263
-0.01922711121703587 -0.30298814228635335 0.952076732983098
-0.1597209875486891 -0.00247957338491242 0.9870295076577099
-0.15354564454563777 -0.003065920495571872 0.9880589416998484
-0.10141385660493374 -0.04781628227392513 0.9934841382618894
-0.07149342109999114 -0.04950731646603482 0.995889880398993
-0.17328749502131363 -0.3918395189410683 0.9031774062609863
-0.18160369849998015 -0.3980822148631902 0.8991878264111135
-0.27492499764977985 -0.056769883938152056 0.9594035108643043
-0.013211086105410916 -0.009717434967455191 0.9998632065288878
-0.0183128290789435 -0.10086490234327272 0.9945880700876197
-0.01443984157790355 -0.10612219580581839 0.9942059776133881
-0.02092132834599573 -0.10860122726545525 0.9938605059430196
-0.0006267077790531722 -0.20825881779858044 0.9780499762435558
-0.0022613287973419645 -0.19645782620188032 0.9801518643168318
-0.007357829932814186 -0.24463895983585904 0.9692719605607625
-0.008276893180243064 -0.25188469863658836 0.9677189644067681
-0.0005291882790615498 -0.16723510349361542 0.9859157915033375
-0.0029550974321972696 -0.17057900318204122 0.9853192398392293
-0.0017855397794854957 -0.19649456548823258 0.9803604575925267
-0.27406372170216303 -0.09540695371886274 0.9565985064270762
-0.27653113448575534 -0.11032470305784146 0.9533181997241439
-0.28366768081504323 -0.38735117674353364 0.8772011335975923
-0.28256534394574145 -0.38923154654432657 0.876712077148721
-0.3628313961148197 -0.18636631700605555 0.9129618363416191
-0.3606033643852449 -0.16546094924688837 0.9178549296901144
-0.38745389737461633 -0.06333858208225657 0.9193080162405833
-0.39257439589416837 -0.09192880106005391 0.9150008263191758
-0.39269632899265633 -0.1023149700192389 0.9139271458658064
-0.37269506041360223 -0.10079941284120876 0.9222196926597981
-0.0036986852239007735 -0.06700202983967667 0.9977083517272802
-0.07112432593359043 -0.07355561032476908 0.9946177409230547
-0.06770061642384394 -0.07975786128706404 0.9944208121739501
-0.09872457700757196 -0.07712580079599873 0.9919524588315608
-0.03832448654861175 -0.003693636976213226 0.9991965174328116
-0.09447126697159146 -0.3079265921878516 0.9463720421166145
-0.2602902682069801 -0.24535598473070785 0.9336060375464359
-0.272788565766396 -0.25015097924395 0.9289795829905333
-0.22851678858439192 -0.09972579805437981 0.9671680854713832
-0.2551901694213155 -0.1451111452950692 0.9555478642907104
-0.2301255846113992 -0.10619687450505927 0.9664223416842304
-0.10899443818917603 -0.2854272626792069 0.9515849374467628
-0.09909881510271423 -0.296368133151682 0.9496168140607499
-0.14728008062804449 -0.2853013158182787 0.9462230365229345
-0.09812240338093625 -0.29346537548993873 0.9502875841416677
-0.2188512825007893 -0.002177287669903777 0.9757124883534488
-0.3107118564449723 -0.0014941775528296236 0.9503786587547964
-0.07883593872982007 -0.10618300894151907 0.9911892259189337
-0.09172751115869242 -0.16642374972507862 0.9817381644196705
-0.09492621742114472 -0.12878461991707232 0.987093412906679
-0.0012080929967027607 -0.3147479454790535 0.9490847432155008
-0.007996905533082957 -0.31581399434128765 0.9484407080342948
-0.022630599849377722 -0.3121297585268738 0.9496840870409666
-0.065893464812376 -0.014374558528325242 0.9977100170922651
-0.11368209896921172 -0.10930586865183252 0.9870682395829457
-0.0876516267065895 -0.12104821234956929 0.9885015300708329
-0.06959488374655924 -0.10729280112188148 0.9916463296841305
-0.05079583908437328 -0.09277502402490087 0.9941588153017119
0.007959011215824352 -0.3111743413980354 0.9502888778019367
-0.0005549787570831098 -0.3206201635922653 0.9463423370089035
-0.03726690825551352 -0.3120214109146561 0.9484007404645445
-0.3929322825017834 0.00024073363660171817 0.9193368793062598
-0.3629412930685861 -0.005696146425223547 0.9316703425141467
-0.39702070220013963 0.00550810659453005 0.9177895531388454
-0.39023132660546944 -0.003897841155132678 0.9204307701351
-0.28820316490510317 -0.1562542088373396 0.9445584049741846
-0.19398960148869115 -0.03156312085184779 0.9804611459273617
-0.15884012729898148 -0.011035352438368024 0.9869536291971412
-0.006023959365599509 -0.0011682829275727533 0.9999803010021256
-0.002874464093585951 -0.0039928453141868745 0.9999824642198433
-0.3003581674729146 -0.15521902041258254 0.9411089209368382
-0.2927677105673547 -0.15653751043060754 0.9430641838591477
-0.29684478241776896 -0.12085250581256601 0.9471433807688374
-0.008546034532777556 -0.028580389403664985 0.9995432379581121
-0.0012354519511310704 -0.04243262465613288 0.9990705427849058
-0.004719127679993206 -0.2525954385613546 0.9661709350070226
-0.006578042375815746 -0.00843199348893207 0.9999341894813301
-0.11988033963771984 -0.21002675584037842 0.9703103383756602
-0.1345671029089734 -0.20287499658056385 0.9697669033087388
-0.12466085273060153 -0.23076195034391542 0.9642309100928952
-0.1651954573097645 -0.21197240221093572 0.9628452123510294
-0.298763223376253 -0.15389409051990677 0.941017814112307
-0.3111417818320918 -0.19974259892623553 0.9289264735271401
-0.0005827345361568978 -0.001478802095327657 0.9999983367403494
-0.0025778525995476514 -0.0007713838393738742 0.9999947050239616
-0.001139664055961902 -0.0014739421773224796 0.9999980175763502
-0.029799440956333374 -0.11225228706151152 0.9931803372651932
-0.29141728826228497 -0.0012772785398286863 0.9564201071362108
-0.1926583827164418 -0.2516175499468835 0.9482437598476118
-0.08094607190353906 -0.010887768331258076 0.9965059617660287
-0.1772634442614499 -0.1874442426077264 0.965135816785034
-0.18650013477970187 -0.3304413901763068 0.9250193594062993
0.003930043301079859 -0.35999514359308465 0.9326390932048851
-0.10962233470639929 -0.008836565305145741 0.9937798687788549
0.0005930179730323626 -0.049392995866318984 0.9987308737279186
-0.03917482921772356 -0.31477606427336824 0.9482903151914379
-0.15045804897684523 -0.2953144009038951 0.9434225996703163
-0.18365577803955435 -0.31044480757692094 0.9326683602702054
-0.027582978528425926 -0.19280486100870217 0.9807327151111462
-0.03487438678748441 -0.1607404414246464 0.9859750879459688
-0.2517022924521729 -0.14159869634715283 0.9572071870002956
0.001465713369400901 -0.21394589064101263 0.9768365874221644
-0.008224374967258133 -0.22351628153612463 0.9744895146589171
-0.013004683038462448 -0.21787054428829844 0.9758191818229878
-0.003859299698445551 -0.38571811814933143 0.9221561558680336
-0.27442029644399735 -0.23850086521190114 0.9309003375240897
-0.2439761285536673 -0.21730872221881692 0.944705984271996
-0.040785539499580595 -0.10416976905711943 0.9934956491596382
-0.02759219169062826 -0.0308877558918702 0.9991055885385067
-0.03232297816301432 -0.006066650404641101 0.9993398036272753
-0.06072113441251991 -0.30234328570877006 0.950763625535303
-0.004358724661645816 -0.3507555868252905 0.9362721959960891
-0.2015014353418802 -0.1535507191102196 0.9672462667216781
-0.16738007916009653 -0.1527552594116413 0.9739615692616663
-0.19698319781978493 -0.014484391282584908 0.9801597934698035
-0.2231334962974981 -0.01598413312276642 0.9743320597331643
-0.2191645315024629 -0.009286358753971522 0.9752559538236864
-0.0799674547739188 -0.006051152314133567 0.9967352966114551
-0.015007282298296542 -0.002703097415265754 0.9998733655437347
-0.011030506705177264 -0.14833331513580172 0.9885710623584607
-0.14332928013165191 -0.018523414456501453 0.9889642037604655
-0.08700936866928091 -0.22182199103122122 0.9693509649597611
-0.09407899393386 -0.18919466237799004 0.9764717128812923
-0.012798256940597172 -0.08477161684740406 0.9962335907868372
-0.05366611924371947 -0.04704799764876108 0.9974136029107514
-0.002475721013590857 -0.2679920916877478 0.9634058697820879
-0.004568298248963691 -0.24642392252952897 0.9685664903493678
-0.05796033779449193 -0.27847058403336666 0.9581710686411944
-0.026615741226922462 -0.21275085021919612 0.9762692959746281
-0.0898720677344964 -0.06904561626276069 0.9934440222151621
-0.047960418632919506 -0.1550380920926028 0.9866604666470224
-0.10434015614448286 -0.33625385260304 0.9358522545132726
-0.10161337684673176 -0.31300595184472446 0.9442703249039155
-0.27752061185445825 -0.18968895809705505 0.9417775524082075
-0.22766914009243627 0.0045272812820427045 0.9733469455157431
-0.376123043578011 -0.005962249347659111 0.9264673660623775
-0.33063146056493675 -0.006306287622137489 0.9435707298939713
-0.25665974820711007 -0.007072294038179834 0.9664476662688439
-0.24832307957368385 -0.00494638718523428 0.9684247490132448
-0.22217307913823567 -0.25382030321914595 0.9409223207724716
-0.3559383579041233 -0.16119416906325243 0.9204420314668362
-0.016785970501562074 -0.19289616906415574 0.9810693032846867
-0.008744715579424191 0.0006935993014523939 0.9999469491050909
-0.012109077607181967 -0.07197817458549931 0.9972651176583647
-0.00027409885837875216 -0.038515945470208736 0.9992215380410199
-0.001030682556083157 -0.029209011546528704 0.9995553528113569
-0.22899947270813215 -0.31893607573990757 0.9176736197816938
-0.0628693114788976 -0.3604801256400148 0.9304976600885588
-0.07379414835339372 -0.41156717340963833 0.9083380879104387
-0.10984425079566713 -0.031501538380539325 0.9932818565185408
-0.029791636121913 -0.0009604089148203354 0.9995188210215842
-0.016343008599777574 -0.0020542013706060847 0.9998283206773558
-0.007009077643152602 -0.0009792793170095263 0.9999621010652955
-0.04243999570457072 -0.08374650801730005 0.995578418750268
-0.03650674062010697 -0.059218881487836675 0.9975694569637774
-0.016771924987584893 -0.21612074981211615 0.9761033678146375
-0.005412242385417344 -0.21251753520513925 0.977015899023428
-0.010161119488124109 -0.18951676035453016 0.98182132068635
-0.3260056096072831 -0.3603251153235312 0.8739854514145998
-0.07347148577562682 -0.02573708980959537 0.996842500938755
-0.01608527116379832 -0.07312702526927928 0.9971881065549654
-0.06497485649367463 -0.00041902545870110006 0.9975113726554321
-0.062356052747957455 -0.006941029624280672 0.9977815529504372
-0.10553594274343261 -0.2688198435752171 0.9570484373303807
-0.26691974229779264 0.00983035593251167 0.9635066875377694
-0.0818462875467847 -0.007348246982367239 0.9966137610240493
-0.34878450996704835 -0.0014066957497299042 0.9370408423649688
-0.017718172473470576 -0.011242380671392684 0.999754744953668
-0.014688572458959633 -0.025153709463242822 0.9995567549204719
-0.19297579109930088 -0.1200147309511699 0.9730120994676693
-0.010858850495272118 -0.27846065959485616 0.9602247313919973
0.000890887889397094 -0.36901991720024463 0.9291728635959952
-0.008968926796938392 -0.34893793071427315 0.9366905064738984
-0.3088631519791708 -0.17365179795062335 0.9349593441480718
-0.10469394014163928 -0.007924622464288315 0.9941810012028685
-0.07384336935671552 -0.010717425191443676 0.9969371193476421
-0.012238711849900078 -0.033663316690808874 0.9991349928833746
-0.00430529397224286 -0.042485448781155226 0.9990693643779507
-0.02947778089538919 -0.3213310831422844 0.9464031982242533
-0.019892035169760687 -0.32311469378063074 0.9461482948689935
-0.02375652305521825 -0.32763361346845943 0.9444230934089295
-0.25827555387747125 -0.13932298967159074 0.9557949102146348
-0.1507511486997677 -0.02866333251086846 0.9880927436065317
-0.09376866754510234 -0.008804968194713858 0.9952850821553795
-0.053098672101648065 -0.011705749512167664 0.9983544250095299
-0.103876508990659 -0.23628651323362232 0.9653280081387936
-0.0007055016315894857 -0.007128796900856521 0.9999710390027685
-0.00016326401668617996 -0.012759511639717717 0.9999031492196159
-0.00015269646055272998 -0.01018778865493509 0.9999440103824977
-0.2637090720741912 -0.13213977310452435 0.9552904931800797
-0.2605236859225527 -0.10875284871948664 0.9590268747891142
-0.3257818592333247 -0.048869847967780995 0.9436992902918796
-0.3344801055679571 -0.01568579125775406 0.9422514853239422
-0.30265682411459005 -0.018837380604416084 0.9528328925530948
-0.3281178590851854 -0.018517704746059602 0.9440409282139691
-0.2925259918242371 -0.0017450020911848017 0.9560996937056867
-0.22493563671950012 -0.014530069180151437 0.9737539172432874
-0.007028845034261015 -0.17568665200107939 0.9843256128874133
-0.011390386076370539 -0.17527037484450972 0.9841982782729592
-0.04271575606474198 -0.18236815813995924 0.9813619530189474
-0.02849715779110827 -0.2297696382523099 0.9720723511757738
-0.20968290112311594 -0.1955527748162386 0.9569214524592391
-0.22828884594881269 -0.35621249920440545 0.905917453450629
-0.18846845175785762 -0.26691014889517245 0.9449571362833554
-0.1822889102369075 -0.26253347809576644 0.9471802138174302
-0.06547249954154957 -0.35786594843900266 0.9314601068166327
-0.3235632056869171 -0.034216396506657136 0.9450591532884072
-0.00174777378598157 -0.16102826264372222 0.9867503730103098
-0.23681781283569941 -0.18296078229277016 0.9535107696845213
-0.014327695301241788 -0.19428377769378127 0.980463092784336
-0.0021699666275318934 -0.018608312299666977 0.9998201709662876
-0.0008484615025274168 -0.01734057776130248 0.9998412428380565
-0.34256760968514505 -0.21544699938462084 0.9135764433914277
-0.1528838560793868 -0.29013435760203193 0.9446663069332325
-0.2903535648710817 -0.0249728657176543 0.956590091083926
-0.04293108419703068 -0.13412840996541198 0.9899544382255732
-0.003190077904702651 -0.0467463324254014 0.9988354784646355
-0.04768870506440133 -0.0017024409187872934 0.9988361247280466
-0.2748210821922651 -0.33629736836922475 0.9003223740032075
-0.07440875423984991 -0.26896626933606 0.9601107306304418
-0.0123005475938803 -0.029632903217361162 0.9994757974930849
-0.01776726224986266 -0.04181496943761391 0.9989492898785727
-0.0010644250766639032 -0.015352701332486113 0.9998403245764239
-0.013316846782249727 -0.0029042756132959782 0.9999063688412859
-0.007187023218014706 -0.2380194676691591 0.9710719825498518
-0.002298135859201587 -0.20569854527929635 0.9786095490581866
0.005105223103160441 -0.38338055411313793 0.9230045044006613
-0.25727032880801287 -0.007739371746802353 0.9660191940652411
-0.25181941557159565 -0.12550730160262402 0.9595988739350632
-0.021670269948750223 -0.24237039610709551 0.9696478212473194
-0.03361629210052969 -0.24260092714538783 0.9695413511301487
-0.004936005581224742 -0.014385094288160866 0.9998834122485553
-0.01861268921374046 -0.3721871837809213 0.9262762540667708
-0.031560794153624214 -0.06491889992640319 0.9973635875719802
-0.09506419694892237 -0.3040977368991123 0.9478779418983009
-0.27143446755490835 -0.01744479112772017 0.9615425753223261
-0.2977861556266905 -0.033244557872477036 0.9538790789011551
-0.2726558200495794 -0.05331515334895259 0.960610953275177
-0.16608310424214068 -0.2514973106755407 0.9532809656314821
-0.12292412448634543 -0.2539243194786293 0.9586014171335264
-0.023300797522458155 -0.32375636272359637 0.9458295405086627
-0.025860284807223688 -0.0006902009877235419 0.9996573091839891
-0.03987892867112358 0.0010103722629448955 0.9991507201420115
-0.005621225497596292 -0.0060141762350785204 0.9999658110984857
-0.008662163513364032 -0.30691857808464595 0.9514928881078665
-0.22177435710504392 -0.27625412910174113 0.9341738225366746
-0.0009914082337239352 -0.1691405359586509 0.9855805381022562
-0.2715502551778843 -0.23070385028478896 0.9340178295088775
-0.012287034968353702 -0.05926753883358937 0.9981488464106087
-0.018495662358286345 -0.2479433013216758 0.9685854478047278
-0.17095797667798887 -0.1866255326712908 0.9674004038176583
-0.17957941615415246 -0.1379975509044597 0.9731295183446768
-0.06211444645204323 -0.3322031279303404 0.9405129306161587
-0.013335000416962004 -0.15043600359967185 0.9884610018049671
-0.06417679146163706 -0.16930255444476947 0.9832445952469782
-0.07437536794911409 -0.16510752504426535 0.9833489480097951
-0.3340888255586853 0.0002681508767621491 0.9423382226914864
-0.050878242392660304 -0.18417592170357003 0.9814590787347044
-0.050968886473554374 -0.2700233618373288 0.961352347239282
-0.0045239615214558125 -0.13327033245711623 0.9910588089545302
-0.010315011331777965 -0.15348797829610955 0.9879834020932119
-0.18371708957850005 -0.39559383664520553 0.8998390811789327
-0.07336212615104934 -0.2548970437882154 0.9641781080524612
-0.05388116178954015 -0.35396804950426924 0.9336522882869086
-0.06779484936821883 -0.2961973904250126 0.9517457109480755
-0.06446306166342491 -0.2607487856671102 0.9632351786644646
-0.0923027553208148 -0.21135651042584924 0.9729423873193037
-0.1166031349879449 -0.17986864368699973 0.9766230578847902
-0.04519998212589084 -0.048424646812793626 0.9976927024504864
-0.28044127310288863 0.003225367732698977 0.9594578069919115
-0.12432717998424199 -0.05663858254612297 0.9902483538258362
-0.1254094297984945 -0.06603446530384817 0.9893972138050398
-0.30567189495264874 -0.013541418890053359 0.9519480320010804
-0.29007400099630737 -0.025346377686458314 0.9566665087728192
-0.03833354437341284 -0.31775793970071803 0.9473802001258828
-0.0754184330204664 0.0038939326275680315 0.9971439644336979
-0.07622234966859665 0.0012089011385142646 0.997085924414102
-0.24807702012286625 -0.3686110981469241 0.8956211350183432
-0.012180742516372016 -0.35966886365346046 0.9324501197033832
-0.14728229697520978 -0.008273079569630023 0.9889721049492998
-0.15320407946777218 -0.06063728931444398 0.9862806170081243
-0.29048501676248756 -0.024349176187365595 0.956565692670127
-0.2946016763361142 -0.024244881928702368 0.9552342613838535
-0.33769533586342354 -0.2354430325810581 0.9110224735683031
-0.2164953291725135 -0.29151537049725346 0.9315662057510501
-0.2537357655460272 -0.07440089033054907 0.9635776823032178
-0.26254858382903523 -0.0982077613910965 0.9598746331668081
-0.09216286440340335 -0.25594039403970253 0.9619464036389812
-0.028637779631659276 -0.043782626067051696 0.9986261433577193
-0.12232453512753587 -0.003697069116365606 0.9921771812724854
-0.2744312498789292 -0.0019104089310448952 0.9611243749558386
-0.30956223919781223 -0.00951926774734661 0.9503794804304526
-0.32402276842924194 -0.008301302003235074 0.9458403634864072
-0.3629618082060763 -0.0502291358968393 0.9301393892852882
-0.34522200775834877 -0.2606405084044846 0.9014886178388394
-0.35756700928387775 -0.25802052830957395 0.8974968759042371
-0.22687407300378762 -0.13042968213697878 0.9651336232321628
-0.3065667483228097 -0.10110134717522765 0.9462987103381358
-0.04367778018792505 -0.0037859789772702276 0.9989856795032824
-0.028607077795704622 -0.003595727324968441 0.9995839747672708
-0.03727371584968142 -0.34749138895900983 0.9369396574944046
-0.20270968345431117 -0.19498561655086194 0.9593639712591965
-0.31036674276247256 -0.21687623539404868 0.9251209174923235
-0.11408154761120967 -0.08802036154479992 0.9893965312770697
-0.09603677101872199 -0.014477047816907968 0.9952583147860762
0.0004635857898252605 -0.1245985238987693 0.9920601155607869
-0.12405722245356747 -0.049699729325997456 0.9906120507424386
-0.22800567782841735 -0.2991006197289624 0.9264500580045107
-0.014903242741370329 -0.02129040000138298 0.9996462661621895
-0.0777495731334828 -0.20780229177067447 0.9750372804966957
-0.0005121538650081452 -0.0650950435575046 0.9976226956810227
-0.007829226184823629 -0.2403175235799271 0.9705973616066482
-0.22105097270138807 -0.20708956025672076 0.9525108841460441
-0.22917924508333923 -0.25837995036126554 0.9384155802531136
-0.08967298809566403 -0.1715662405612996 0.9810715212280213
-0.110515212788313 -0.0016286729379011643 0.9935356128281143
-0.059919849194326004 -0.11134581862142358 0.9919406927302101
-0.07645438222999996 -0.17547040143372666 0.9814462881170128
-0.24636137387246418 -0.04316457012127098 0.968115195407802
-0.21254266028325464 -0.04466664976931846 0.9759260908380163
-0.2157574163519157 -0.06329429674072516 0.9736226666123694
-0.24973966443046766 -0.07239711212944913 0.9654499670730505
-0.22409880044023314 -0.08915970868601814 0.9691079435727348
-0.0007639107053316575 -0.2049576195101317 0.9787638103162224
0.0028721496458577033 -0.27462438459771277 0.9611946303261537
-0.054273754442578856 -0.06255589265894254 0.9964423147649838
-0.010788668938862047 -0.18105738683513486 0.9831538320536007
-0.007605195994295606 -0.052653680269694504 0.9985698006701398
-0.008600017852265393 -0.05115408483992732 0.9985652649238302
-0.21549385855401396 -0.0046144685285130094 0.976473043180518
-0.21525943976956735 -0.13206300117999853 0.9667690255956295
-0.054009759782261246 -0.008465683682518972 0.9984151566070752
-0.002173779684552796 -0.23992352949933407 0.9703094104179762
0.003125085345458174 -0.2518367789211517 0.9677430033146796
-0.38784856325018213 -0.2932431836040761 0.8738082727384135
-0.022499933315413834 -0.008490317958331538 0.9997052841024517
-0.006410320574810634 -0.00232826873104237 0.9999603564632786
-0.07583738591390532 -0.3970429565559248 0.9135858144928376
-0.3243610246396548 -0.23836803045601132 0.9153162315724782
-0.24099736545110337 -0.09470983217774508 0.9658487204688821
-0.1456300303253031 -0.11534681696116399 0.9825221245369916
-0.0036458095974001106 -0.30093865144029347 0.9535920975417028
-0.1450767119653158 -0.152353255036543 0.977585115491441
-0.21487889071309926 -0.040311814439430854 0.9756475207924368
-0.17015386238702157 -0.001506839450454541 0.9853897340259808
-0.012850773275592687 -0.00794555954639817 0.9998855770188552
-0.3547100977234465 -0.2230833600350092 0.9072267598041033
-0.026681719027040435 -0.3320780588281469 0.9425749548300477
-0.376601233832921 -0.03407516872845941 0.9252821722136981
-0.35724657554153366 -0.1635788111774454 0.918181739356879
-0.3088507289030143 -0.1501702830210305 0.9389385358716474
-0.053380521788193 -0.2034356048432561 0.9775606266689061
-0.060395418739074586 -0.2803366863491016 0.9579541134693201
-0.13347406446765595 0.00020841750974252672 0.9910379205127489
-0.12860335565525655 -0.00540909404614278 0.9916733396029478
-0.06173138126880318 -0.03863495215881259 0.9973410966049363
-0.07279768500736428 -0.06283799587938682 0.9953528563064304
-0.03320620201328375 -0.07943609915720082 0.9962315048970505
-0.27697482180524186 -0.026194946541822212 0.9600564637316078
-0.12202652309086483 -0.1251462153922101 0.9844918717939917
-0.24533534170358706 -0.16995949891017734 0.9543096773894865
-0.01233389530910118 -0.01002914118183498 0.9998149387949266
-0.28683269077647666 -0.039783607026881364 0.95702216821542
-0.06780325004655749 -0.0679283493459419 0.994926506260245
-0.03399382984583388 -0.015419461838455033 0.9993028126429399
-0.0756199373204865 -0.06682771153010808 0.9948753714700355
-0.04046311084910256 -0.27245241556975064 0.9612847665562597
-0.2509580351526217 -0.004535093126658678 0.9679704865970163
-0.009611657915372987 -0.0066717773231115855 0.9999272201218821
-0.0040993997582485075 -0.010669154997825886 0.9999005029530058
-0.05425503785559456 -0.010327675074835894 0.9984435533533751
-0.004997919960447522 -0.003990395946155139 0.99997039199889
-0.3507483835980074 -0.31830157005421383 0.8801309190835638
-0.22036067073189453 -0.08053189022064457 0.971949653212436
-0.2030070593028129 -0.0013940721684045517 0.9789590971378497
-0.31727909144406863 -0.34170195257471553 0.884534056623344
-0.011392016667787741 -0.2619113385724862 0.9649821775649514
-0.3923122110242426 -0.2331623004272075 0.8897814943831559
-0.028663686636814636 -0.09159256529590468 0.9953202332444457
-0.20863146592165543 -0.16337079532080248 0.9641196686267749
-0.32747025859338863 -0.08932374051249867 0.9406091137089575
-0.03596658596285193 -0.03223470168682036 0.998819345001893
-0.2909616565169716 -0.019564851470217536 0.9560116882897488
-0.19565734468163348 -0.1996079400936778 0.9600518592923852
-0.1882120817842153 -0.16408633546251256 0.9678508253130633
-0.15211495503675443 -0.002488168948402651 0.9881409547095733
-0.20069422797052391 -0.026250540350734607 0.9783673081628719
-0.1746628201046866 -0.30959111917121285 0.9343455523646642
-0.02203571973800466 -0.15897721264847287 0.9868150047836993
-0.02449723543542404 -0.15107397168896933 0.9881574321579212
-0.38320367902738667 -0.3029721187495619 0.8725550563793781
-0.0845207314619305 -0.01637420447389327 0.9959788406411071
-0.10329925556665037 -0.22683120373956345 0.968339901209056
-0.0401769461393208 -0.1823306747696 0.9823342024427684
-0.3614505035642649 0.0014668226283956417 0.9322044722894183
-0.2700098063259417 -0.14657631069792232 0.9507637992746835
-0.004263029787654855 -0.0012249337877142485 0.9999815034121297
-0.11243124942402337 -0.32193819598061013 0.9400378306805106
-0.01583690111897251 -0.12381242484779192 0.992110037000023
-0.25688648208215537 -0.298919614702923 0.9183826293086683
-0.05853808950077338 -0.02063650097187295 0.997841754008993
-0.0010014574447709237 -0.0006570843687832326 0.9999983837461048
-0.011046245000343772 -0.02016745412346958 0.9996817037590852
-0.17000365062247558 -0.13204560829304154 0.9765423749636089
-0.23059135866314523 -0.006740980484154836 0.9726050775008601
-0.028535762554678167 -0.23135528960958401 0.9720536174128915
-0.004846836899817502 -0.06866148418227203 0.9976273280642304
-0.03403387133392704 -0.002469548011313065 0.9992697790361257
-0.07733432116427572 -0.15217113858572037 0.9850174437688354
-0.07320903713768 -0.11306464389064125 0.9902379935256587
-0.04548656630203131 -0.25732980501453984 0.9646523324421344
-0.046522354610836716 -0.015507031870321705 0.998779162311525
-0.004142150349420793 -0.26413254458953256 0.9644089035319737
-0.04321227763037337 -0.1916469992720329 0.9804588041201507
-0.09756999480295249 -0.3059016928517486 0.9470204479944326
-0.14466758676705385 -0.014325074598559825 0.9891096119698813
-0.09115115722211128 -0.004325042744314256 0.9957734339250122
-0.31403359719689433 -0.16049765719140957 0.9349207073595271
-0.09578079177060414 -0.3738037100809734 0.9223830803018447
-0.0010447739545793994 -0.004205342125279207 0.9999903975684059
-0.1407375802746268 -0.03250926661618093 0.9893843907059304
-0.20600997250723674 -0.3529576088332961 0.9126442100835647
-0.26579734790697235 -0.009148010496123024 0.9639063866470563
-0.29909443048430473 -0.04855953441528398 0.9527122081411361
-0.001998778171631909 -0.0771945864120287 0.996918487139215
-0.13493936079952523 -0.30893859820438746 0.9412737671749875
-0.11365756730266242 -0.00044750959922536346 0.9935130539872741
-0.1368114238788998 -0.0945819266753313 0.986069987945153
-0.13858097621926585 -0.10254991637289475 0.9849936707883001
-0.22430177190360226 -0.29421116363872885 0.9290240680350829
-0.20102665032291397 -0.30759494307898205 0.9294183280703382
-0.16011570359949448 -0.18810179164646884 0.9689907016458916
-0.003932162309109701 -0.024631700242925197 0.9996669219247596
-0.006951419809354287 -0.023037829655147703 0.9997006124677705
-0.337422728399726 -0.042661066695046046 0.9401217386268866
-0.21158810470903802 0.0019517283078803707 0.9773532172304333
-0.052792795610362334 -0.024011380200612633 0.9982801833563332
-0.07350017688160715 0.002269076886080139 0.9972757477226327
-0.029229436790847208 -0.002982956667887253 0.9995676842802594
-0.07351922549898594 -0.20639006951563188 0.9756702345332563
-0.09154177142407173 -0.007552222034365497 0.9954389894689115
-0.09474945948717707 0.0005817861870353711 0.9953559267506165
-0.044025439821801744 -0.30699805205082636 0.9502734371512335
-0.3107321573970841 -0.01323720531995536 0.9503196357645843
-0.05677817630111209 -0.15627735152815145 0.9860610886394843
-0.01661301521861864 -0.3355773738444464 0.9411752360261338
-0.04981637855430346 -0.003624063255014824 0.9987515345383027
-0.20610787869923178 -0.21622952704251927 0.9540725483971896
-0.24716542168485917 -0.12577532685138598 0.960729208148162
-0.08409883234602074 -0.03473774718962311 0.9958410533164116
-0.27792022454103976 -0.008757843208176882 0.9603690786733176
-0.1733092047791066 -0.23798019993518774 0.9539545976925909
-0.10147884701619557 -0.12514396785837756 0.9869099668218212
-0.034173186724378066 -0.24216783871987907 0.969630175139542
-0.1897500956507779 -0.2880237791635323 0.9385818829622713
-0.13949920730332505 -0.2751796400984049 0.9510314030652582
-0.3293157942481293 -0.046332083384166396 0.9428143394929964
-0.0012142886728548996 -0.11272967445519037 0.9936047700395908
-0.000328604060037303 -0.14646524312887013 0.9890800018061773
0.008175794902776111 -0.25701963501047903 0.9663288287215485
-0.015700218761482462 -0.009893891797715089 0.9997641696754673
-0.14037818419767592 -0.1436951301477527 0.9795801991735734
-0.37248669011569135 -0.26382389480597435 0.8891894471398495
-0.058489367969218733 -0.39914707998317445 0.9144982729857183
-0.09366718148467305 -0.05737109368565114 0.9937421709666581
-0.09016419086140859 -0.03509832269076544 0.9951766995849604
-0.05548928118559614 -0.149495974581688 0.9870559241111415
-0.04256825539864977 -0.0061631854667975675 0.9990742282553762
-0.3354972384023051 -0.2958965064899954 0.8938855034058414
-0.05607447220585394 -0.2832028674137734 0.9574171150963954
-0.3458211708363288 -0.02527153967034409 0.937806589355054
-0.14470449270798266 -0.12499385180831694 0.9815231187456441
-0.12293247488756373 -0.12833690176365847 0.9840120359068122
-0.09959931018952685 -0.1417651805143896 0.9843748158707311
-0.08752186667207484 -0.07670349263051768 0.9923539838339955
-0.18615557892187717 -0.09418099378964091 0.9776516082031084
-0.0012711840776675242 -0.03167384508842405 0.9994263082639031
-0.011610334799664014 -0.04801303622324293 0.9987689955118532
-0.12067634767257727 -0.07069551665370692 0.9900340356537827
-0.10602891309745337 -0.05171601706389677 0.9929716213292691
-0.010224695046907569 -0.0006941827618384822 0.999935646421006
-0.018497826634030407 -0.010514950262500728 0.9996590661392042
-0.1914819973815582 -0.007809500653174717 0.9808142854497924
-0.2486509595757941 -0.1818725378559115 0.9512922732467148
-0.30797807834913654 -0.003290381981652011 0.9513412998540569
-0.3632909932670472 -0.19344596194543104 0.9098909343713019
-0.09438942044185052 -0.40331145811729413 0.9100706898619784
-0.01865441681827028 -0.024127122159232565 0.9992957597952078
-0.019932988465422692 -0.04022799678091657 0.9988313658113718
-0.03885771764939745 -0.3731710776024634 0.9257027687099774
-0.40016220456058693 -0.02480794910660059 0.9161046000125997
-0.35011170626426863 -0.13045999053423188 0.9256680565671448
-0.1337226414132894 -0.2419500817037505 0.9603057800608102
-0.0776629886320858 -0.20723514415794878 0.975070197336354
-0.10794961896240882 -0.06656017295249887 0.991840580683434
-0.10070953334496567 -0.0010573952854987813 0.9946967486681214
-0.0004902386156563634 -0.007379356665537739 0.9999533610957503
-0.014071832251844286 -0.005813537615636462 0.9998217448021715
-0.0060420863152164765 -0.005306003965179516 0.9999526799758519
-0.25130012383244005 -0.038222135336213575 0.9669267714183627
-0.2552031838861189 -0.04699638895581145 0.9657065980199645
-0.2573608196813835 -0.04367387025554538 0.9652396618384712
-0.10558386971048338 -0.08626135522886459 0.9906509771444636
-0.006359607966219335 -0.006497350277314313 0.999934419539604
-0.024289448774410815 -0.11056151599455738 0.9935353309465224
-0.036937823354169196 -0.05658701104855928 0.9976574020247094
-0.19642858390645174 -0.17989414888935282 0.9634040241399
-0.08565024027013243 -0.3566691950195553 0.9302039204275955
-0.0716796694990473 -0.07172754740493886 0.9948444178012034
-0.03468274258733336 -0.016270974483802783 0.9992561938630488
-0.19943857344644628 -0.21088106107082794 0.9566771008711646
-0.00016077001332311463 -0.010719214486898027 0.9999271681058085
-0.009462582146920558 -0.014595674433326126 0.999844885524128
-0.3938047727445257 -0.04706824016802563 0.917770247113728
-0.12171205881752825 -0.15745889681004843 0.9799877945351126
-0.06465248323198793 -0.02057588765650107 0.9976927921695901
-0.039680979077078474 -0.010807954074802692 0.9991354112523185
-0.0033492037417654007 -0.030031367592836547 0.9994969046782841
-0.00848710429414707 -0.010030812081718953 0.9998996065052389
-0.25464521000204837 -0.11169453152280535 0.9602159029176621
-0.0013843360343962175 -0.051575115285057545 0.998552625250334
-0.02783669389058807 8.344591353053449e-05 0.9996072002287044
-0.047788385307027455 -0.0025439056782974316 0.9987778439708516
-0.06146438944233802 -0.005221925353491831 0.9980045939405018
-0.1068948114167395 -0.14431843464327798 0.9834286014776497
-0.38301173862526605 -0.006503655171960506 0.9236150766634984
-0.0018660941068617603 -0.00480492604754628 0.9999864394867433
-0.001731937103434605 -0.002489830880837578 0.9999944045932672
-0.17235578605280252 -0.0075620886271065505 0.9849529051512389
-0.1722212163090119 -0.0023997534921096015 0.985054046448512
-0.06724257683837197 -0.07789816007797613 0.9946313730265245
-0.033514996873229896 -0.06188909364551123 0.9975112075141227
-0.13792211378451183 -0.1997301732095119 0.9698595343067167
-0.3038462381374773 -0.035962089879831016 0.9520400071405498
-0.0010191102644668778 -0.0006570417996711239 0.9999989003072534
-0.21383780506125244 -0.15426231913962699 0.9644614810841059
-0.2572820416581002 -0.018242637017715918 0.965903431024755
-0.08614984111248472 -0.03661455525421861 0.9955880911362557
-0.09084944699280172 -0.019473920285255544 0.995650012557482
-0.18514729850682646 -0.32562613663824963 0.927183461696407
-0.17805229686438237 -0.33235675218236055 0.9259362973523962
-0.000724772108253525 -0.0498921984919831 0.998659488165285
-0.0007706323629902034 -0.04089058922210313 0.9991243620865018
-4.888973648283021e-05 -0.04578491643322863 0.9989202929228569
-0.10899138442461431 -0.001652016096056982 0.9940327506615352
-0.13076056122727242 -0.0007628368553674579 0.9913031616169301
-0.16713652216815864 -0.20046291428335886 0.9653224593567589
-0.04948829918559443 -0.15711701986985585 0.9862930270048662
-0.04823287835664175 -0.19260545009466404 0.9797881216339399
-0.20979195681727647 -0.15813964265215258 0.9648059219394473
-0.24655818793765583 -0.013202120988690133 0.9687338867170809
-0.025363736104187358 -0.006382016612404537 0.9996509005571446
-0.0786888195747366 -0.1869386707774569 0.9787214849846476
-0.0038451695214146626 -0.28160484119793133 0.9591522557211044
-0.04194395943316397 -0.2278002380020093 0.9721325092390163
-0.07494975688398539 -0.04377742217662277 0.9962081919594644
-0.3778376548365757 -0.008696708186662632 0.9258244890740239
-0.35316092981239167 -0.012466621385928356 0.9353406302834786
-0.004865881396597252 -0.11265973593341944 0.9934265585992635
-0.02012638905803695 -0.07141385318716698 0.9972148928262964
-0.007099740269380308 -0.07301067769887708 0.9972710315778217
-0.2850041318363975 -0.08026806937412842 0.9548937402958022
-0.31312285619487434 -0.13630287862269166 0.9388890319404549
-0.08644218900492415 -0.013939117170990686 0.9960837359420667
-0.020777152291891976 0.00029173078755264867 0.9997770607038751
-0.00926252677159638 -0.001363469455486712 0.999945195339366
-0.19251581560447167 -0.0008667688080945977 0.9810295482159299
-0.27903569107933596 -0.293034093727827 0.9143438849101178
-0.32943978197196805 0.011047987036630336 0.9441096850406243
-0.08759719512476184 -0.025019136406024406 0.9956875003547015
-0.0029244158571261167 -0.01770475597739332 0.9998349316557112
-0.06524503303071162 -0.007650808984281065 0.9977124094203628
-0.3122616261483232 -0.002657917436696547 0.949647327410457
-0.2179070270894423 -0.010330325783474115 0.9756672508501872
-0.03142278731755351 -0.2037396174018935 0.978435116659182
-0.22622478788547065 -0.3056333310439644 0.9248244988591366
-0.27212996261948486 -0.016687124293211036 0.9614679400255897
-0.011315759454242303 -0.048469202136484826 0.9987602513785563
-0.06783584804683612 -0.0003691482724169951 0.9976019154283791
-0.018273823586678076 -0.002421105842850073 0.9997981924009451
-0.05068918939501681 -0.24719771740822927 0.9676122775435435
-0.03038681236210003 -0.282651345106915 0.9580349435161077
-0.07580660325261594 0.002793641567026871 0.9971176028161941
-0.06797188703187805 -0.18369309474416493 0.9805622459530201
-0.0022295833305505048 -0.015627017336008915 0.999873593572156
-0.025281677224766718 -0.3813463689540401 0.9232428929958961
-0.07474057965145739 -0.003164853544272481 0.9971556852156026
-0.009970761320536163 -0.2820207418245484 0.9592612696618613
-0.16079587099169426 -0.19125426420149283 0.9682776778642981
-0.32487611041673214 -0.12302908594397387 0.937074433557079
-0.06021309939772817 -0.23092225684774753 0.9700567987182797
-0.09474851179998424 -0.24810821031384073 0.9637699525732341
-0.056290455321094494 -0.16286718555762159 0.9849334668604587
-0.26268028782003333 -0.002827613260640793 0.9648569969365385
-0.00015073230702978836 -0.058900497670770074 0.998208346026433
-0.00011736023374134438 -0.052510257150032214 0.998611350687164
-0.04787597626268962 -0.3409043834110164 0.9384468720684115
-0.001691412762683941 -0.07199339490170993 0.9972755235333758
-0.09639048105814944 0.00025920088214429295 0.9952088614489373
-0.23433176341755635 -0.33261667221008817 0.913181603612555
-0.03450417076395083 -0.03992523743711625 0.9985578797629531
-0.3197310105828628 -0.05508572112484453 0.9458770553640128
-0.3119882976594625 -0.024538810944278164 0.9486562458930426
-0.26170770505064783 -0.09286398963506684 0.9606495898856405
-0.028899962204188414 -0.02756591240728782 0.9991238795128419
-0.0050184426778444756 -0.033825638054333335 0.9993978878009754
-0.2412835672874111 -0.1278269061291769 0.9618836863733657
-0.04828174722424419 -0.0006240849198203776 0.9988266321901665
-0.012511259092433594 -0.35786156536827135 0.9336064471565834
-0.10229547659391257 0.0004026300437499608 0.994699336198093
-0.0731854133040846 -0.006047525802876511 0.997213093400727
-0.18917441978082614 -0.3052787432934861 0.9331821722934158
-0.02682502562924782 -0.020991620495806287 0.9992851364116537
-0.3032500983875743 -0.01439384180157474 0.9525109545061
-0.27060341056650716 -0.06192499068528403 0.9606826388212262
-0.005308579353474104 -0.04816607070135498 0.9987920773203822
-0.00122211989871213 -0.15610829053822725 0.9874905627522224
-0.03464495379673255 -0.010608860034568972 0.9993009783899997
-0.038280126730886835 -0.018470286312774163 0.9990765818009453
-0.0844187013193413 -0.3754172799794697 0.9229055692586735
-0.1405382823137796 -0.14727852361667174 0.9783953237844526
-0.09836886077736474 -0.1849063324006175 0.9773658950008964
-0.009554085208654858 -0.09639444808199911 0.9952634700368184
-0.22473179503819074 -0.06420878238978568 0.9715296873471615
-0.021966005558806755 -0.3225214348203803 0.9461232182773984
-0.009761422417539406 -0.16086689403161022 0.9867722137648978
-0.18722587241431488 -0.010230991112342866 0.9821939470922623
-0.012632647836315142 -0.1763214483965661 0.983817055528009
-0.2173414105210037 -0.06827308427627693 0.9736530149952584
-0.22597503998243385 -0.172580045252814 0.9552483392684177
-0.1268382300905387 -0.031140901101760717 0.9913768938551485
-0.14696574019994627 -0.06076179452040106 0.9871086565623489
-0.37222000683685114 -0.10084981404573974 0.9224160922391195
0.00016657894790449425 -0.3040881015480731 0.9523221439900766
-0.20818314764207851 -0.027683201333426964 0.9771437725278118
-0.2609457928977945 -0.1186686823194909 0.9578560299014616
-0.3702340585803991 -0.029283317790052773 0.9279412525588795
-0.3581931775817296 -0.018280015804850027 0.9334036739469233
-0.35570516365490573 -0.3558587783043946 0.8632443023359737
-0.002811602988115917 -0.03485618684932124 0.9993728552669777
-0.07204909799197716 -0.18031220099800313 0.979907352087084
-0.0022897164965358045 -0.12834989566991786 0.9916505083108649
-0.02311847329786969 -0.247266296813702 0.968615402207234
-0.31663306814512177 -0.05420546118232638 0.9469722672761587
-0.00607900693689595 -0.3454619284110739 0.9383863701502617
-0.05807751604802026 -0.35219954176977086 0.9341158433425234
-0.27412745043561765 -0.1053066986123929 0.9550130331930948
-0.06880976044292522 -0.15803518171505415 0.9850286829421765
-0.0016947226661614228 -0.32972719511637505 0.9438295503124986
-0.0005301305869992847 -0.06177759777977658 0.9980571758383882
-0.03813300491359944 -0.12423037562699747 0.9915045682453877
-0.08220423750783004 -0.002628753335577469 0.9964697354532366
-0.19253157828243753 -0.17513071512824407 0.9654979509249422
-0.007367247506634632 -0.2580206057750433 0.9656050391390215
-0.013492860880796084 -0.17343891226455696 0.9847477378987322
-0.0007453068209954141 -0.25074454965260695 0.9680441650766378
-0.03779367129090032 -0.3922622095700914 0.918755410006986
-0.1728938031284733 -0.15806173727686487 0.971776501643701
-0.15913895703658149 -0.11522458915563451 0.9795887295756088
-0.008349297368157085 -0.10088864074652101 0.9948272874341595
-0.11162560399227871 -0.04286100215859839 0.9926223559315168
-0.002460797749831415 -0.0797041701972686 0.996775358944822
-0.017768077939907163 -0.1405214542960763 0.9896343302993302
-0.006508078804889003 -0.32147157186582986 0.9460142042152123
-0.2683250050249319 -0.006434251490807832 0.9625013404354379
-0.3084111510759821 -0.020400978455844567 0.9509450111923936
-0.3523794079657565 -0.09086281943353161 0.9313354320207206
-0.28681973634059954 -0.1753912861737364 0.9400134941439299
-0.06036271243209704 -0.12262942768072127 0.9901548822448247
-0.2837399607412663 -0.19191564299357405 0.9377381824985462
-0.2885027671880921 -0.26912722742138856 0.9188254508680148
-0.03962679000080798 -0.24237245718930403 0.9692169155090847
-0.33821480492484807 -0.0725558434125831 0.9379534661654759
-0.00554284102322005 -0.254890039776264 0.9668692670961259
-0.3834825153376842 -0.1974675201939004 0.9021526588421682
-0.36908685454932255 -0.1863444903455197 0.9104347004688109
-0.36176928815779585 -0.18013653364022744 0.9146477585326261
-0.3293782695754896 -0.33948982313452475 0.8808237417484037
-0.010488764880912611 -0.30408721134900507 0.9521131547720784
0.0013365438629630046 -0.3049079657858954 0.9521214589398312
-0.19334643017540176 -0.02023570918239026 0.9808948413708347
-0.005826708664199816 -0.041421145949622706 0.999058308677463
-0.008231038520002435 -0.013191160680659989 0.9998775939226359
-0.009465469552119514 -0.39965450765734545 0.9166118311091261
-0.08922145177486622 -0.325058636482012 0.9407406021851813
-0.3304784197915259 -0.13406512590572606 0.9340232235922756
-0.010203993631619118 -0.12776293753624288 0.9917117262910772
0.0004547390530884066 -0.07048724425495535 0.9974920118091635
-0.02415308248389577 -0.14032061117076303 0.9895323245681303
-0.000762995703699033 -0.16766848863042658 0.9858421099950748
-0.04176600266428261 -0.004559082860002878 0.9991156420851208
-0.3158740280772735 -0.17139566889263627 0.9326774072888644
-0.17380294091571566 -0.14180584218790002 0.9744035236548546
-0.18333281364722642 -0.16610958092758715 0.9683916955286722
-0.3728381516768915 -0.0823789943264867 0.9242250593078459
-0.3610068696783443 -0.06384782310883004 0.9301638178177906
-0.3254681094182483 -0.1356727513103458 0.93502247630467
-0.1605174998322105 -0.357112542628161 0.9198958427751599
-0.1852952987571337 -0.009160023070817746 0.9825452608640527
-0.11053805217844768 -0.0004061352794175249 0.9938623174672364
-0.08073139166127155 -0.3043857372498407 0.9490807570901713
-0.31813988214545624 -0.13992913849745825 0.9373904296905144
-0.1608671333891422 -0.18091278352733492 0.9701634015566133
-0.28050915129959486 -0.022555921024922498 0.9590173321995533
-0.07299514692952064 -0.14949858522487147 0.9858165323022529
-0.06487742634107596 -0.13889913096913775 0.9880841862083077
-0.018907103549763205 -0.20176107236463273 0.9790416665020549
-0.2285622243684495 -0.16324791454618667 0.9594893975707526
-0.13472187538048994 -0.007440300293169692 0.9907505087971697
-0.3539943214679193 0.0052690130882979665 0.9349435083601042
-0.27230241828381896 -0.2063365134869989 0.9397883899000197
-0.218142769621032 -0.2850541486045638 0.9321585076492624
-0.29819875009692115 -0.02944314613441248 0.9537630120804146
-0.22848709578334214 -0.3432177757515639 0.910782282234371
-0.010598434570364815 -0.021880256084016947 0.9996523860606448
-0.0008510620110375403 -0.11926679370454897 0.9926428580041168
-0.07899946272583107 -0.13229073163361033 0.9880192984515339
-0.08317481504717095 -0.00011893163659105375 0.9965322744359691
-0.319253858755757 -0.0022192881181526164 0.94764583449052
-0.05218905114730973 -0.0092448368300659 0.9985027790255684
-0.06163437814764132 -0.006240511823378369 0.9979052365520765
-0.22336355994167667 -0.0828631148758236 0.9708974610760548
-0.01106438992143172 -0.07166117744023143 0.9972501372716301
-0.04279132421934594 -0.0005612971630273535 0.9990714762539497
-0.12002371949997438 -0.3447435171298127 0.9303153479286053
-0.0660057486555537 -0.2935615835513523 0.9533945991251045
-0.039855277405714186 -0.10504097508160547 0.9934037257293705
-0.16255931859208786 -0.016728479285002054 0.9865414228271981
-0.22977538981773732 -0.03404745781674938 0.9722087402055153
-0.3883407447541275 -0.15680934112607736 0.9073987547111173
-0.3114370247465385 -0.0028089333831558534 0.949792012734953
-0.0018462182421512467 -0.013024452237583218 0.9999107416158567
-0.26403594925903123 -0.002340050191629704 0.96388855560426
-0.3629300156477956 -0.07194796498281542 0.927991717056901
-0.14237665147007733 0.00025401387792617786 0.9892905612893855
-0.05444588622626039 -0.08350715361554131 0.9949458719855105
-0.38034103687527476 -0.20107631691142477 0.9023984151790713
-0.04308973675119227 -0.0076079787855601036 0.9990191891077584
-0.32385338941387865 -0.07954067422544095 0.9425975549711033
-0.0054194447664141715 -0.13304370839151142 0.991089533575203
-0.010971721977986189 -0.0309674668465055 0.9994590286329298
-0.004576459881648725 -0.29545831053335647 0.9552470871805716
1.043485776707341e-05 -0.2854949579033568 0.958152714962596
-0.10607485038062357 -0.16844921022232268 0.9799779340603477
-0.0071182464850298366 -0.07819178509552978 0.996895287244996
-0.31107800215149 -0.13927521832099746 0.9400299206972369
-0.07299727824818181 -0.027330007944902535 0.9967812138131504
-0.19921241058355674 -0.0022734159843562415 0.9797611973851706
-0.1838942041667425 0.003268113222585396 0.9821550682493273
-0.027991474166575103 -0.012372788725666477 0.9995309544967829
-0.0019250027399134323 -0.13269125643290505 0.9911525909247025
-0.04390812308106724 -0.013118762120420324 0.9989218711791609
-0.24135369893056094 -0.08538597030408321 0.966511721991681
-0.07764889333237984 -0.10466061611145042 0.991205879348451
-0.25916908121964216 -0.061735402986058015 0.9630989947753616
-0.07225185255246037 -0.07102336127296784 0.9948517951532666
-0.2480641440220994 -0.01670075016571947 0.9683897977121955
-0.25420645044621615 -0.02644078623869369 0.9664049385387447
-0.15341256695828392 -0.37346880587715653 0.9148509023669439
-0.007051734258981186 -0.04611196332673249 0.998903931559141
-0.16040576018093514 -0.1939964871507572 0.9677770994762995
-0.09127829462220113 -0.006208239344489773 0.9956554506823141
-0.13226437640076452 -0.3556181180818738 0.92516358276607
-0.1548312005035068 -0.34562608780236104 0.9254627915071432
-0.07860880211184436 -0.15931351910693656 0.9839797115233554
-0.01898916727684604 -0.02901215613888309 0.9993912390457399
-0.050377777485973003 -0.003075593931471137 0.9986783886018213
-0.03159494529125504 -0.26986920244474805 0.962095811645285
-0.31316195506461086 -0.08710095613516759 0.9450480047062139
-0.04278536193271717 -0.04601662620807766 0.997923319993987
-0.023258501337192726 -0.042702433069607124 0.9987910681046316
-0.01471190847060793 -0.04508384971228216 0.9988447836535661
-0.31951117300179954 -0.06208980337527396 0.9455224720659067
-0.4015221188098813 -0.014945372665455266 0.9148370439987287
-0.03241289181139755 -0.11503640014144248 0.9926191582781626
-0.23520554256767237 -0.3063923375281562 0.9221347202430149
-0.11060033825854969 -0.033704295449435005 0.9931100116441542
-0.00042403941008017313 -0.08347244028862888 0.9963484583345447
-0.019713260218275228 -0.13600339338193793 0.9903589301293819
-0.07908968193552278 -0.2508344134480693 0.9647453736548554
-0.17205356604474048 -0.00942845229033997 0.9850406892211631
-0.0030205530071855014 -0.305117528996275 0.9522630487062392
-0.03632909610024285 -0.13055043117667503 0.9907477935275433
-0.3160276902798908 -0.18497531812141024 0.930155301488303
-0.033347822519354496 -0.18227854873361837 0.9825615533973555
-0.11746714545702103 -0.18991962116282016 0.974328544112871
-0.30720128457144147 -0.049058192755590035 0.9501038833547685
-0.26969584110762523 -0.2597209021985818 0.9271269916542022
-0.021649556890035032 -0.0004558937902688151 0.9997527284263401
-0.07730374793482249 -0.3000943004128708 0.9505106441663257
-0.0055564264235662296 -0.0694318102153812 0.9975701491184231
-0.25364139495233784 -0.03409100038257522 0.9665170232072575
-0.19334052361862497 -0.06478427024850937 0.9788559132973988
-0.24214485127751953 -0.31487438932146966 0.9176999138247102
-0.1900449149554207 -0.00826447727253584 0.9814560175315867
-0.3228419746607372 -0.06533954529739522 0.9441334279070019
-0.17882518584315263 -0.13169635356185075 0.9744343084327125
-0.04717685060913922 -0.27107387392902776 0.9604275294342083
-0.002614821160202946 -0.10381380832759993 0.9945375194385981
-0.16559236555999743 -0.026250857356827303 0.9856690215568804
-0.3297658454452982 -0.012352171895144546 0.9432058355729621
-0.21495650509775507 -0.03637601870276578 0.9758157879656347
-0.007810093907295955 -0.14440640657296 0.9893573028873324
-0.07072297067848902 -0.012618000329806024 0.9974114542968182
-0.15595739780943063 -0.0045434814725238 0.9877021140907583
0.0053514476053235635 -0.25749550650304415 0.9658100834276966
-0.14184494581688178 -0.04119245047518792 0.9889662327304573
-0.12058106459233284 -0.183897269477478 0.9744455948762157
-0.2258427017981891 -0.07074724702114937 0.9715391549299228
-0.08030836706431016 -0.024198833170078964 0.99645440681778
-0.2528331628810074 -0.2707018722857875 0.9269885553953611
-0.18998607343001658 -0.33278851015954136 0.9233754130269938
-0.049386603342837655 -0.03387943807946981 0.9981843212669274
-0.006498823016629513 -0.2851165058297177 0.9584095829855692
-0.38151562015228185 -0.17841352689154238 0.9062407353607743
-0.1295083007848871 -0.009127153815309909 0.9911587591400907
-0.09630315892349688 -0.22947386651587323 0.9683525264261844
-0.26875917652569065 -0.21489869697262498 0.9384455515079029
-0.17469034043901102 -0.009484416677321405 0.9840710522637038
-0.036798721096845066 -0.1988623801046297 0.9792473169646335
-0.02842322158784266 -0.07074545118255936 0.9968103555021559
-0.3763362946911012 -0.2658825299852796 0.8870527862692967
-0.0427779134555732 -0.031398319178902886 0.998581063188072
-0.040043735398363936 -0.23372130253695933 0.9713325418525939
-0.17724129574223918 -0.22901786599220286 0.9570535568931116
-0.036569910263801964 -0.03250447985290262 0.9987755877165739
-0.12442953901263434 -0.16851668456513721 0.9773065517367798
-0.14892637913546433 -0.07715311155535728 0.9857618433500096
-0.004566832882593123 -0.32652436484017633 0.9449582168152069
-0.25198495164568424 -0.2621955193337717 0.9314690487092308
-0.0004716448696321479 -0.4041438793100844 0.9146759591849251
-0.37073015849859214 -0.1310197044100632 0.9193731264279164
-0.22016923895454116 -0.2682271317126489 0.9375330699764707
-0.18374796267516944 -0.028559739112542448 0.9816293531820152
-0.19527884383545518 -0.10335645979642269 0.9752794040520044
-0.10448862824112362 -0.16429077667136505 0.9805650524018175
0.0064527819043566454 -0.3470889053985914 0.9375341015553732
-0.23514879961652554 -0.013120243513735792 0.9714066158454334
-0.07658248877210069 -0.04059489620994502 0.9958870997302871
-0.009094635668825353 -0.2785794969881567 0.9602853933997894
-0.008186627165849301 -0.09642388353813605 0.9952989511879299
-0.06017713687642274 -0.21782571435205153 0.9739202741746428
-0.2255399105323602 -0.2776665551656804 0.9330388068459357
-0.1447620324122301 -0.180404562715211 0.9727732803345589
-0.012536263977146857 -0.24645196410818668 0.9689743260332381
-0.049033331414188495 -0.15082250252661866 0.9872425850409114
-0.21499429649012175 -0.23354606392303523 0.9482683127985551
-0.10502192276184133 -0.264226926800224 0.9586837778645583
-0.3980711277374929 -0.025093003681936916 0.9170006337160045
-0.2180504895158964 0.0018439949491519361 0.9758377990585613
-0.06666081208475765 -0.2410958305858843 0.9675276515340291
-0.29115904433265244 -0.12341513226516095 0.9474279666834158
-0.23760537471481932 -0.05208243602398672 0.9697733440465226
-0.22147741003306382 -0.028158747823371157 0.9747299430342056
-0.12295395796500357 -0.08940330532889088 0.9872206432405267
-0.03572619465161457 -0.2668009615098574 0.9626396543853823
-0.00016196208969076787 -0.027477731231859075 0.9996210011464344
-0.23982073996584266 -0.2786380666452106 0.9297882637440532
-0.0014545516390993554 -0.09942958738688541 0.9948450647284567
-0.17732174106666135 -0.16086379854122201 0.9705952591791907
-0.23954373340801993 -0.04806167993099859 0.9695207220511145
-0.027076849406653825 -0.3789006793453683 0.9250267342284213
-0.019428475588025577 -0.1573672214254738 0.9872648423480685
-0.22132971599070983 0.0017772677454586667 0.9751348697201659
-0.18572547952922833 -0.04636974765604645 0.9813294591152996
-0.01854453431028895 -0.21517451888571643 0.9762020833683102
-0.1802808426136204 -0.2518982518801734 0.9506673743229453
0.0005286910211253189 -0.18601952018532797 0.9823720843443994
-0.20719054099870968 -0.12651357856271264 0.9699888949197688
-0.2661155668351405 -0.3670745505818312 0.8912592949923218
-0.031749632050333 -0.015214971109860231 0.9991556142383237
-0.2713734163649523 -0.15723514181726278 0.9487436828962224
-0.011174613102507922 -0.10718957973561113 0.9940443726299181
-0.110399148763345 -0.30343968189331305 0.9462085357039675
-0.06536184071027093 -0.05853782991012974 0.9961103619690279
-0.17164167597291585 -0.007855770152656514 0.9851256981634704
-0.0041743191513717035 -0.28362878213825604 0.9585196530738864
-0.009447757355328937 -0.07830588570930537 0.9966959008689802
-0.1407856164003185 -0.025879743539509916 0.9896893809140915
-0.0009494033596741964 -0.0055430755019042315 0.9999767687310523
-0.11921511184252227 -0.36799389374467345 0.9220181756976912
-0.27026333721677476 -0.33446307158988153 0.9025062040232773
-0.041660852142368046 -0.033286627725359064 0.998564511630379
-0.0045158289096336466 -0.3506791318744223 0.93648215010452
-0.3288273082709054 -0.332536931609734 0.8839013327652364
-0.02058528322036504 -0.05107911842880814 0.9982642728150555
-0.06305591696345399 -0.02308437721003483 0.99774176006182
0.011102280597477684 -0.3804920336954084 0.9243873233747152
-0.019345839716434835 -0.2871362708565671 0.9571558836899928
-0.002931246804056319 -0.2514467578554439 0.967817323263107
-0.33364566885085367 -0.32520976838704274 0.8848216151143271
-0.010661401504853694 -0.16057015550563644 0.9867532073278111
-0.08328442182140548 -0.18039188230266695 0.9798942312302793
-0.143572169855052 -0.2890415294387852 0.9456385760721734
-0.00222880737693099 -0.08363821293915595 0.9964794723753045
-0.2697363020102991 -0.1855549820785579 0.9445271043379013
-0.054360172295393486 -0.05947952938075583 0.9965921971937831
-0.3868046681004489 -0.016183020397771135 0.9213495699072599
-0.009939499403024623 -0.05499147415562977 0.9983922502510479
-0.00017729162095737758 -0.0274796102233581 0.9996189130445288
-0.01724409227740821 -0.19296645007429747 0.981047746598183
-0.3781925342713381 -0.05746412003521921 0.9239115599890383
-0.0083705693152058 -0.06421854244373645 0.9978887160409892
-0.015296485947801534 -0.16888557590713754 0.9854991927741472
0.018490368808881184 -0.3531150500372055 0.935394503385958
-0.0018730471978138515 -0.2877317922292146 0.9568903229619129
-0.02323147819635912 -0.24086046548048815 0.9699802637827202
-0.28121883603674164 -0.19906572038925952 0.9384645922871567
-0.023133711004221024 -0.26736604504535594 0.9632444596778971
-0.13117392484016993 -0.3801694736401823 0.9155230481261271
-0.3026538198969329 -0.07255494335511586 0.9491170958646518
-0.04675637026400702 -0.024663235353694662 0.9983362053258709
-0.14347158268340318 -0.2956189210549631 0.9444539045553543
-0.11055523618395595 -0.011455750489691777 0.9935843259443274
-0.18001085946077536 -0.28786993011426554 0.9397109836174115
-0.0761282669672175 -0.04492431846086729 0.9960554322972964
-0.29198527260056195 -0.20969401019812736 0.9330743201524474
-0.28456862575154557 -0.06180997583189765 0.9564191437018457
-0.30861957611933455 -0.24320548132301978 0.9192280426312696
-0.3251021274170033 -0.22696480344745878 0.917996392270227
-0.10676278661225208 -0.013557773531809756 0.9941177346787634
-0.28694836518177036 -0.2645616528251779 0.9206844711080441
-0.05554840574954762 -0.012484907193434943 0.9983476797078074
-0.31005200288027074 -0.07298204195255745 0.9478163763573507
-0.15558468086943675 -0.006061179990485835 0.9873631561994054
-0.0011361645873981226 -0.0035342449805863384 0.9999905034253306
-0.10991031850041086 -0.016909761763614094 0.993649565528317
-0.04426091103666434 -0.006120298880246723 0.9990008530599108
-0.1736406887446426 -0.0676368451625306 0.9819229435546545
-0.2979359671793463 -0.08418919174953512 0.9507766025451899
-0.00992001069095253 -0.31739586424457006 0.9468988730254222
-0.31148264261974656 -0.1577143056912305 0.9368198932165468
-0.07382539204349234 -0.13891855591868768 0.9875407921567367
-0.012317346615777127 -0.27721704159504323 0.9603627152746563
-0.3983608526487573 -0.10804723037680727 0.9108358862949952
-0.32858404559330223 -0.3174335739653623 0.8893846638187366
-0.3853074474083294 -0.0401750739841334 0.9218069837907247
-0.0008493441385090258 -0.002481717471065958 0.9999949574446522
-0.03500849665839751 -0.3758917933794386 0.9259330633661187
-0.26855675661599654 -0.07613316907030472 0.9601236271826291
-0.06258169847030877 -0.21008687098593484 0.9754432162988977
-0.1365579375881823 -0.33706475277188247 0.9314799332127682
-0.10279261424984434 -0.029726352360006404 0.9934833115834208
-0.005658944979818937 -0.3029412775215717 0.9529333575996498
-0.28999598788930714 -0.32891439512838094 0.8985379049703436
-0.11411229293676634 -0.3264213008144093 0.9381952467074497
-0.13832965663023483 -0.08144320269909262 0.9870072958713629
-0.16380492822220266 -0.3126969541351613 0.9353105993395648
-0.013705772974202064 -0.2529661914664677 0.9672051037486483
-0.05292171441466444 -0.23288796662052502 0.9710075066277025
-0.13161680604519843 -0.2527177704108034 0.9585217068701323
-0.14230742718229253 -0.2635982389698201 0.9538933430049734
-0.0741745707786663 -0.014183340912627818 0.9969941873477293
-0.01879133465121353 -0.19416129387584669 0.9807628779631504
-0.2753621917996479 -0.32154895073186474 0.9059204339646377
-0.303931233854638 -0.11682672092572262 0.9453307198098534
-0.18689095643181344 -0.13509086050740624 0.9725268282731632
-0.09514619709478339 -0.03558311530498968 0.9947535897112533
-0.32320501215437275 -0.36311570776431823 0.8737050285114011
-0.025401068599100848 -0.021062296009873673 0.9994518226815196
-0.1428786586057662 -0.0711047223752858 0.9871029488022428
-0.020630862825134592 -0.3236624294356673 0.9459425182208082
-0.2108458007375554 -0.35679763877133513 0.9097025710602406
-0.2537703614346105 -0.3569997995849379 0.8986157900270086
-0.2200417194058744 -0.18274511115567485 0.9581113809462949
-0.3455018207808978 -0.10076066474892544 0.9327880474781163
-0.06236058886581539 -0.023940900221926714 0.9975478879558043
-0.015607944894293251 -0.10595481927603238 0.9941234007949722
-0.2959881776852637 -0.10851541176054941 0.9489978289378107
-0.0028788410190232236 -0.03604977775321521 0.999334012313761
-0.329514081589278 -0.3555242823777339 0.8746503846885547
-0.04784108180819057 -0.3025421548174889 0.9519213563541197
-0.013684538604038092 -0.024357493653439092 0.9996077006685619
-0.05474834257932737 -0.04054705178932845 0.9973077462748268
-0.18111289638028444 -0.003495154081482818 0.9833633723377391
-0.29096116083670265 -0.022288934236837685 0.9564730335350298
-0.08101549657554678 -0.0039049067765575224 0.9966919371473699
-0.00346998045477978 -0.016597590016207527 0.9998219276231041
-0.20223510055668248 -0.0013504402644033435 0.9788886045967596
-0.1331052970555064 -0.2525805903684507 0.9583716854741852
-0.28695881837753795 -0.10813796332055808 0.9517324156390998
-0.10527721557762722 -0.21900964792869368 0.9698709508848533
-0.00854356949853282 -0.3485053349776703 0.9372525051629605
-0.08234756713340921 -0.4142334375152058 0.9063997099265563
-0.02792424218941524 -0.059198742418927225 0.9977340117502225
-0.24607661411440637 -0.2051563990527583 0.9470645389981458
-0.2517540217894166 -0.004484638544698531 0.9672453724887401
-0.042919826947562946 -0.07346926780333242 0.9960669261620286
-0.00767287515313594 -0.018383700382353256 0.999798238520384
-0.0013783884322553263 -0.002218837379033054 0.99999472067212
-0.04262386358668269 -0.014876640192847825 0.998935461080415
-0.05447785602001997 -0.0008732556345910546 0.9984647588032186
-0.3466509190895432 0.0004558677127255645 0.9378312184845548
-0.03326400699828177 -0.21313340572810913 0.9762993354214575
-0.30601884442078864 -0.21343209278470962 0.9266683777720266
-0.072950880150802 -0.007892688337636192 0.9972612815325207
-0.1350381566626587 -0.0011668117059104217 0.990754381475225
-0.042363252775427594 -0.08366216743297603 0.995579496310636
-0.1109562600255025 -0.0018922642287058698 0.9936158178013471
-0.003178023013221265 -0.07787481226325407 0.9968321890363862
-0.32269126854177993 -0.0020213528033799534 0.9464291727750909
-0.19436124414837752 -0.11735297405642275 0.9738612088419006
-0.04191685448604967 -0.3069032968011167 0.9503063620324487
-0.3716440891439232 -0.25119613628164605 0.8936234381704241
-0.033900742116316024 -0.3012618052820334 0.9525988479493885
-0.35971959550781735 -0.0823696757890431 0.9286892588315303
0.010015125024881496 -0.28020709344844974 0.9596454561209662
-0.01643137939078836 -0.0010555565864525391 0.9998573713239401
-0.06892696037211375 -0.2546952537902653 0.9643520890448872
-0.021709266261382917 -0.22730804042682193 0.9735778587078848
-0.13694129200909896 -0.002632524641748669 0.9905557905878879
-0.04141967337141833 -0.07918472108483116 0.9959285899242655
-0.27517933921727056 -0.2575534349313947 0.9249060835393328
-0.30269469274969923 -0.0035231741255133103 0.9530575038510878
-0.26762506535061553 -0.15726351321345278 0.9505988289798324
-0.03162658536367917 -0.1620695221004154 0.9862160537361206
-0.1264140230354392 -0.026953680132389402 0.9910500018358606
-0.18289769225926444 -0.06229130614014234 0.9799779561825442
-0.05371958794663578 -0.033116189172714916 0.9979692611350558
-0.1412286350089708 -0.002514847495700675 0.989959538197502
-0.2837389222825235 -0.09420924878684625 0.9542039639474986
-0.21423039753998585 -0.021212894588912134 0.9764670525957456
-0.2092357638540494 -0.03730245432489534 0.9770738470047142
-0.3318474464063824 -0.1787818960921148 0.9254783433294492
-0.0766131267959682 -0.08670995866456221 0.9932162680898188
-0.22045956411688006 -0.016138361198973238 0.9752521378933493
-0.3855810779091838 -0.007321019129918778 0.9225540494822805
-0.06589058527834117 -0.2519904789563754 0.9654112088061677
-0.2547359066859838 -0.10904356368593246 0.9605113844813089
-0.0073168407509573204 -0.0008100247744807639 0.9999691713882926
-0.11125725020498217 -0.21381313051293804 0.9704415916403054
-0.3205829682601219 -0.047116780511917235 0.9460452522117837
-0.3450311516491035 -0.13523722558433635 0.9287227594272629
-0.0025731822856095744 -0.3964074746065786 0.9175788072060106
-0.11973154505439508 -0.014830808913946504 0.9926558830059612
-0.029826275979683434 -0.045189902526199935 0.9984682091404379
-0.1152440206373565 -0.022019476204989615 0.9926881006354618
-0.2700924327784276 -0.011330013499155685 0.9626726881132495
-0.056901448454234914 -0.4178060748452016 0.9066821556543501
-0.34553187065117685 -0.007547627855517141 0.9382814135606179
-0.10745772400304517 -0.1001111382483908 0.9891277141980696
-0.15963416487990234 -0.061128896646216305 0.9851546043372491
-0.21276508502922026 -0.2335152273664375 0.9487863012706209
-0.17425506702925794 -0.024053324699710176 0.9842527371572791
-0.388214306820399 -0.22117704142563918 0.8943089274918161
-0.06779912476571648 -0.016106898459429274 0.9975500220165343
-0.32846669731718786 -0.007414434540174175 0.9441342616588314
-0.19969592322827334 -0.04627781560210528 0.9786828611785016
-0.208468983503589 -0.052070227018198 0.976516676855057
-0.0059852353615819755 -0.3553192785879735 0.9345763200985553
-0.08149243209818449 -0.36095357920254134 0.9287988128929878
-0.032306296047210185 -0.04202513652670638 0.9984349787540155
-0.0446136251929309 -0.1885652860330343 0.9810451986603625
-0.02990356104257329 -0.022283756575833775 0.9992064392768825
-0.03992110379478052 -0.014686636863479067 0.9989887207942818
-0.2556688695032575 0.004070667456453434 0.966721370922419
-0.31409037532924267 0.0005756520668829241 0.9493260937402385
0.00016276740985236762 -0.09932676826587088 0.9950421124352462
-0.13392324896082825 -0.018093922910676324 0.9906810344287867
-0.39562468645024074 -0.1305464627817306 0.9090193196412
-0.06610416148180875 -0.3942135779315299 0.9159954460251378
-0.020381334303340895 -0.05523847031653341 0.9982559694215037
-0.14748937529555528 -0.04342853047862727 0.9879512418795765
-0.01595780259673828 -0.03543897804356659 0.9991794915528922
-0.012443468777827739 -0.06857311918468542 0.9974306689750994
-0.09648627182404464 -0.28542866630975505 0.9530653468995608
-0.09360540110510816 -0.008056437769714531 0.9955736339559336
-0.3957289123013656 -0.35922170495981764 0.8451896896129081
-0.23397160914793613 -0.06091432011746475 0.9702287140866862
-0.21741099368754582 -0.021498215944887517 0.9758393394709194
-0.14540987927114804 -0.08475010479627341 0.9857291351207943
-0.27065254258910026 -0.2585894908170253 0.9271718269479515
-0.38100511878409754 -0.24542976459980265 0.8910729070893041
-0.012077822071415206 -0.03580454944111222 0.9992497057075675
-0.05209759263760185 -0.09265230620846113 0.9940634960453394
-0.014821733322772456 -0.0015803803854085349 0.9998642653082057
-0.10828162500305959 -0.020072613114433476 0.9938902159164419
-0.03929790512419349 -0.34623036216852 0.937071054042796
-0.024552109501865343 -0.26811590141126806 0.9630718489093351
-0.0951388297417098 -0.012462362122751652 0.9953825059328422
-0.15695306529427494 -0.3918124361162082 0.9064926969488742
-0.05224647680220269 -0.29169926317108313 0.9550677480699915
-0.03135408217356974 -0.05450863204313371 0.99796424225297
-0.010036122769923694 -0.004162839666840332 0.9999149717400101
-0.0497063812951472 -0.00347776028387559 0.9987575096742052
-0.2920950001480368 -0.2790757286926074 0.9147539480043195
-0.01687254548180338 -0.13206734275408016 0.9906005889033501
-0.0038707833476922322 -0.09854598314592056 0.9951226566035553
-0.09205885368538769 -0.041165828920625994 0.9948611330659476
-0.17474594306482047 -0.004831745452823239 0.984572083771345
-0.16020516067773813 -0.08571838529239813 0.98304208318167
-0.24536714552062253 -0.0342852248030639 0.9681787413627126
-0.04141386698821644 -0.2884707654504861 0.9565108110736428
