-0.02532784793341529 -0.030328496279428314 0.9992027846289374
-0.15998571499168837 -0.006554402653035138 0.986604103673576
-0.0012902199506530808 -0.051615384348188235 0.9985247203830352
-0.010148837067911533 -0.2827384022436919 0.9580648545913775
-0.24504714506859337 -0.015733218538680455 0.9686078503687555
-0.08548179430151778 -0.05332531994363234 0.9947796279854082
-0.11990311799960691 -0.26688141740094123 0.9560952999799559
-0.3589159093468715 -0.005367597341131566 0.93332661629957
-0.26749747935535817 -0.043418166375708084 0.962458242040405
-0.001370434377083984 -0.007376687822877703 0.9999643282843214
-0.019844790010547304 -0.007180344983774329 0.9996697232865133
-0.16664642750914654 -0.12384299012203598 0.9770388100797569
-0.024982416955094636 -0.20003741271049738 0.9791056702810684
-0.002532291999575029 -0.07785107118697805 0.9967339002069899
-0.19078755505563452 -0.22102768584079585 0.9520407408151682
-0.007908713889198676 -0.31741829725828297 0.9478633940224522
-0.008204128753425802 -0.13815117464357637 0.990079592043962
-0.006404000865027659 -0.047191740230670805 0.9987349969098018
0.00020470038606094682 -0.0838643880442402 0.9962551944675154
-0.05030974773367575 -0.21912337116527952 0.9743502335851947
-0.14452127434687537 -0.1025439937389007 0.9839200667870336
-0.283570999629529 -0.32763640522697246 0.9011142469569964
-0.011763142217763776 -0.0049235772685504876 0.9998153880387778
-0.02162786884419631 -0.061657499778941416 0.9977527853172373
-0.040285967190856586 -0.15095183001255524 0.9872870059016311
-0.03419052799531164 -0.013814461751243344 0.9991150100133803
-0.26996630082518175 -0.1824616110077926 0.9452378833565799
-0.25455742100164136 -0.355542330787097 0.8983853627352768
-0.0631471202283186 -0.3693879711592929 0.9268663657717133
-0.26508355473431156 -0.20889405215035203 0.9402453745875886
-0.0008789288795426535 -0.025277190330736072 0.9996252228479814
-0.006676897734216849 -0.002122917730691988 0.9999641546337549
-0.021519767219496923 -0.010075548132917249 0.9996670999420384
-0.0031705037007605233 -0.001125058795060772 0.9999902827801197
-0.016876546462902743 -0.2659305358466054 0.9635764170134601
-0.2509615464485802 -0.0769585643031346 0.9648687682839526
-0.1514511163171728 -0.004016864200971029 0.9881228372888465
-0.0064657977256928675 -0.3226607245365788 0.945883099930754
-0.071281960888139 -0.05157441636836209 0.995509639245297
-0.1401688731218213 -0.0915148536356709 0.9847194483325316
-0.08513104228242754 -0.26759867431106626 0.9586775962388535
-0.01754899663872597 -0.02681275308730602 0.9994858902923328
-0.30731900306228344 -0.29176107686118696 0.905715518938496
-0.12506377528465776 -0.017661476725725316 0.9914489566662215
-0.013572355890456054 -0.2002353776583838 0.97910349419083
-0.09401321080840376 -0.2969677060546945 0.9500433098083726
-0.23028565467994483 -0.3279491034996156 0.9160774958743175
-0.08830596855712346 -0.13786766244584467 0.9849506977438255
-0.004657088830961476 -0.3777998667639577 0.925804706868727
-0.19625249899158276 -0.3194532764539924 0.9267278878346262
-0.02903712067551202 -0.2983655699943287 0.9535508705718714
-0.0019183334713267692 -0.33959997890817273 0.9403012396491407
-0.11918312055816224 -0.07158395577076071 0.9902518476226005
-0.0005668339318697973 -0.08237999241058327 0.9964243022291226
-0.22796175371089697 -0.06414091397444385 0.9703588089572203
-0.19015000585239697 -0.054280881415947814 0.9800425445237487
-0.24177060805236156 -0.004098760999622073 0.9691120292046304
-0.15851881954612138 -0.05992574584616368 0.9845012116193997
-0.03638768113739122 -0.19235984271089598 0.9806440835127314
-0.07691998485546231 -0.00018150427082158827 0.9969410049441528
-0.2936109031283584 -0.004889188205211342 0.9555147054644922
-0.1086882895076258 -0.13791322696263322 0.9823180909608532
-0.15195196317964904 -0.16132508212445598 0.9750030966670513
-0.012854417489495111 -0.19349110048235724 0.9797786757333232
-0.35073307010211285 -0.10541222740189875 0.9305128677563812
-0.011235781084895258 -0.09888670409804098 0.9950014784178977
-0.004079223432454584 -0.02563766905909213 0.9996262391818479
-0.17546240497588808 -0.004329579542982185 0.9843842527288136
-0.014250392997122328 -0.022877020693138413 0.9995112047883677
-0.008427240337231403 -0.13327717246363377 0.9901378526294433
-0.04724475177598955 -0.08614668604806186 0.9940338055600736
-0.023639337836845523 -0.003327068460624176 0.9996961081731899
-0.21852051024193425 -0.18760445982910978 0.9574549469048976
-0.2624230867786269 -0.13461287174629843 0.9544858311847302
-0.30876649921930727 -0.02442885403165178 0.950445197331579
-0.26096669031138997 -0.005841211281116794 0.9651859177621566
-0.19181301506057752 -0.08109017920462996 0.9766705229520818
-0.06309123862125633 -0.07117325203723575 0.9954384440580527
-0.345548604610175 -0.03840129588699978 0.9363172074416352
-0.1960120623195201 -0.02113865074317136 0.9799443008066704
-0.20826768014126817 -0.22981056650720783 0.9504206462007416
-0.1170106571669116 -0.042896255340609396 0.9921494185325437
-0.14517846542273036 -0.289106969895203 0.9441931533470499
-0.22078982032777486 -0.31040061197209123 0.921785293426986
-0.0006810108182272904 -0.002922039551292056 0.9999907407287971
-0.10459968905464355 -0.010400898962754415 0.9943326809717281
-0.023585041607106748 -0.22790600522696966 0.9733296352582914
-0.069122510718626 -0.0028064073536084567 0.9975372374340862
-0.03783229478328251 -0.37285845352469427 0.9255078547169711
-0.009632099357793585 -0.06311045191213445 0.9979070435891013
-0.005459450620184794 -0.28885691364105287 0.9566846938712243
-0.3688914035438577 -0.3493007660943208 0.8608031325637658
-0.006801058995881727 -0.13185696504861655 0.9907081633023109
-0.26046002920883055 -0.27396143925719935 0.9253178631504277
-0.030023905562227175 -0.26507938164712697 0.9618955794288816
-0.10521174084423235 -0.38607049800197424 0.9162074715303528
-0.3317804115357122 -0.08240118733301478 0.9394592089760037
-0.10000032174303099 -0.0039616870826617145 0.9947429588562727
-0.08788629835661557 -0.15398302365823524 0.9836369321844488
-0.0053611788894880165 -0.09699297722412037 0.9950309810357449
-0.010688601707016196 -0.021010960903627755 0.9997007936683953
-0.25747106232057126 -0.04388953351377753 0.9647938978656347
-0.07816732535313989 -0.28685502891841025 0.954682578587988
-0.1468685361939149 -0.25615975135678964 0.9541596666981157
-0.14574057830713158 -0.1687053588968377 0.9729553675657069
-0.1291183715123209 -0.29097371881876044 0.947178965200249
-0.29126432130946917 -0.200137217063684 0.9351891133149605
-0.34036446102577267 -0.17473704490427516 0.923720532977554
-0.05863549028958535 -0.019039528463086344 0.9976492733280133
-0.06690873848991793 -0.005675962153126289 0.9976853338939469
-0.3768338810496549 -0.014089766611833164 0.9260238334293134
-0.026470984778377043 -0.3761429106227963 0.9260097163191237
-0.01713082819843024 -0.1977882671801408 0.9799567457021146
-0.010187152762161283 -0.06480414548081517 0.9976745751313761
-0.048973642669482835 -0.3127730864427117 0.9478141512008407
-0.05145334828851415 -0.11170278038556931 0.9920211269257315
-0.0029534874724965396 -0.16378973266970953 0.986196685344529
-0.12980264681623765 -0.22931200631322465 0.9641225648226343
-0.00643298846378859 -0.048726082244509694 0.9985585409488071
-0.0034710823954278063 -0.11697802036727803 0.9928585540929893
-0.17521032213231025 -0.35207683173273724 0.916662394571653
-0.09764971435303765 -0.06829227275673035 0.9918902179016682
-0.07341314077099542 -0.10538215660738637 0.9911034904206667
-0.008057941375573273 -0.08553017972031798 0.9961117783605091
-0.0945424751660923 -0.03408698792024679 0.9946198113558862
-0.146130536921472 -0.08374680971201853 0.9855137014892252
-0.15422893848056032 -0.030666388418963124 0.9874548817024646
-0.02318826804533167 -0.16255699070739962 0.9863330945868088
-0.005691011641730394 -0.008981547437878046 0.9998362271203157
-0.049076333480191824 -0.13382089344978945 0.9896959852208685
-0.001940569019450204 -0.02885867026991026 0.9995223193326508
-0.06234190555402175 -0.020206702668968526 0.9976414099985771
-0.0037946618203604965 -0.010022356054896398 0.9999393170552058
0.0022746002746472207 -0.13825251096752803 0.989656437946865
-0.04084735528956934 -0.29842481910956165 0.9532329905810645
-0.019929387139475063 -0.1135562879486159 0.9924150837452791
-0.18539068432624742 -0.03968747035463798 0.9817792809734773
-0.14065177106722643 -0.23198463831013663 0.9623510486292551
-0.2389155032743947 -0.09631697682350644 0.9655491856011661
-0.07349463800389035 -0.011041073553686862 0.9966417234131942
-0.13508562931463566 -0.05014124343211887 0.9891461536913747
-0.2579594300418844 -0.17628608873979693 0.9497297558457025
-0.2541024794866316 -0.21126303812844272 0.9436743658141018
-0.23075576962103392 -0.28773534009589136 0.9291803830339592
-0.02356389068589504 -0.052337510928629614 0.9978023690495533
-0.2693723978304075 -0.2988638009885475 0.9153941679366915
-0.12386521576183471 -0.009074577640871582 0.9921840266926559
-0.2833587121951548 -0.23903961862184592 0.9285309170903329
-0.20359834748865246 -0.14705136859351506 0.9650213108482956
-0.0723825065646149 -0.32412196670818755 0.9428211191889121
-0.05310316125852759 -0.04239737003177487 0.9976685675587419
-0.1989334694331863 -0.2536613479392969 0.9445534005003763
-0.06455024537109329 -0.09822754530187951 0.9929953461912213
-0.38237559307491287 -0.05432799102795684 0.9219990489046229
-0.37734824697381736 -0.013239976167676418 0.9250866537533898
-0.3539804454209421 -0.10397959738241502 0.9239822574713565
-0.035191398442173616 -0.2616528344504895 0.9644403498456334
-0.06390802551256382 -0.2605407517845166 0.9630102145419711
-0.15903183128833323 -0.06331579016214159 0.9848624238956696
-0.15550291271167938 -0.02400376403370597 0.9867086752189475
-0.26794462332253266 -0.00904985937338312 0.9618879921586153
-0.16452954913118123 -0.08051501608656647 0.9808173310652387
-0.002537882129862189 -0.22254063294282592 0.9747585326429997
-0.058556487264410526 -0.04988131601744738 0.996678003860633
-0.1433201524208268 -0.2674384355575998 0.9527356547497543
-0.17696310104966767 -0.0029018906853823063 0.983971109091866
-0.3038500057229124 -0.06009484140172363 0.9505146762059657
-0.23267818443724178 -0.015535404408758505 0.9718791971728555
-0.014730348192753153 -0.12484377109640099 0.9915043422035512
-0.055032275047615244 -0.004746442749560415 0.9982241959258558
-0.1430126464590811 -0.15209680063958095 0.9774336534598587
-0.13429274766269647 -0.1672882984952296 0.9754312735736741
-0.024803078692342287 -0.11516970601922834 0.992651753270701
-0.042194977925520974 -0.0057629194425860624 0.9990919980085639
-0.1424040477777304 -0.000868136671587527 0.9895884594318994
-0.07773357184522593 -0.36046097489997875 0.9269888775913566
-0.0013402013810771586 -0.37336193837691767 0.9266087153592626
-0.046575566649371736 -0.3942911564195857 0.917709285315362
-0.2729832062393402 -0.14378732461702015 0.949564028611425
-0.2962437641638475 -0.3651482787384158 0.8824411130844534
-0.23614066964638253 -0.14205061662487833 0.9612290032396963
-0.32866782616933155 -0.35626746956009525 0.8746515187666564
-0.0893742082890707 -0.2513713521956992 0.9637086688154065
-0.10599054834574637 -0.14974731798493257 0.9829763744487031
-0.209600991549923 -0.08457182813259506 0.9740607309075041
-0.3794186388192054 -0.11054388739079062 0.9184336203150003
-0.36964690101689085 -0.1585739021121225 0.9153800863023397
-0.01783205760502343 -0.3932850738436655 0.9190727777469428
-0.291834021424407 -0.09055805252192174 0.9521588453788757
-0.1511899589045767 -0.11715529111238336 0.9804660763872024
-0.017780998089986226 -0.32118718301361304 0.9459025843893839
-0.0027755808013615177 -0.35226341369315883 0.9355735738335851
-0.11531427923095262 -0.14813077449805329 0.9821087113739908
-0.11943338661210824 -0.10031161659023666 0.9877342507731912
-0.09396652954803303 -0.21127654042790495 0.9717320643412172
-0.027033775099725623 -0.3215967247270317 0.9464205131639255
-0.021831940039912904 -0.22010428689898642 0.9747163208594646
-8.585404939468707e-05 -0.09426469457333243 0.9955063890889031
-0.002033199600822179 -0.15115611127054138 0.9881219309146878
-0.3394630101485294 -0.19506878781206538 0.9173651663427409
-0.01248854222191361 -0.08563243240730105 0.995991887177498
-0.10985955398213292 -0.37364393627261244 0.9172089977617667
-0.15755920743833404 -0.012334900846031685 0.987226729523993
-0.06460670206520093 -0.2862218490738904 0.9547888915996472
-0.23484343565346627 -0.018007201811477035 0.9709357243313231
-0.12170740663238538 -0.023497845555719758 0.9921389083602787
-0.0034189533833223844 -0.21238810274821907 0.9750412293729097
-0.2684399827807354 -0.028959910304972535 0.9614266182392363
-0.03590395489706033 -0.1598548522779577 0.9849326155894361
-0.1573920340920326 -0.004329279575473143 0.9871378520702174
-0.07674383305652649 -0.08566245514025429 0.9933469400900812
-0.30595841349316016 -0.005469619001825748 0.9514720941768543
-0.058650568176220504 -0.14636907957507284 0.9868496853720375
-0.3689723931000262 -0.1904131893465821 0.9095297151176093
-0.041975644204127464 -0.12082879552163239 0.991782959031113
-0.24279828113151491 -0.22926554132696858 0.938620505936186
-0.17674661505334147 -0.2487991455869919 0.9520850111314235
-0.22227434132570703 -0.016258279427251287 0.974839306179724
-0.27846622275251437 -0.26304068788410423 0.9235837577782032
-0.21905807884190565 -0.05433839148165585 0.9741295229846353
-0.22691425615384336 -0.03127821076792509 0.973137352706949
-0.00272496229330985 -0.010420405695283656 0.9998967558874132
-0.24229246305334878 -0.25196775336985555 0.9366634624138596
-0.0871875108336349 -0.08308886611446577 0.9925484364873671
-0.06105351169035402 -0.017592112048058706 0.9979499851286237
-0.04040735478798098 -0.009195160533397485 0.9990932827719706
-0.25157763359457636 -0.10625380274301949 0.961795225310048
-0.14510352787751818 -0.3722269008767876 0.9166737964340651
-0.03847881058863812 -0.08715960975333012 0.9954153849894073
-0.16731470620580013 -0.1970023582778882 0.9658083340299819
-0.11481018577216695 -0.31649231720538196 0.940370448721144
-0.036266449150308265 -0.056253104531742565 0.9977438328474517
-0.029211051489317037 -0.053499881472298075 0.9979418917297772
-0.33536519741474896 0.0036778909834571595 0.9416151768163787
-0.25311226518622204 -0.0013451678538500234 0.9670487639950188
0.0019280093528881404 -0.2994629680094076 0.9538929141777428
-0.0021318447966561234 -0.025990020525057864 0.9995368831771986
-0.17846536199872656 -0.21334577639409508 0.9587741588613222
-0.16700547250310094 -0.3349828017315072 0.9272806429965598
-0.004028266907937824 -0.19871183724710575 0.9794195421454358
-0.04152291155953719 -0.2812526609281431 0.9585694101256284
-0.003258363828027712 -0.044194811325772944 0.9988946194351184
-0.0055554053482571595 -0.23980928384192904 0.970349216083804
-0.04998670362474269 -0.07459658299907128 0.9954883690316922
-0.18492689819007097 -0.367084449624705 0.9111542919877763
-0.3866162942303753 -0.055945224522179676 0.9204615237809138
-0.009763245843622986 -0.004910431543778244 0.9999340051021918
-0.0011031266399894359 -0.18684773991475287 0.9821995311952917
-0.005986978664962116 -0.2719268894520573 0.9620272890706717
-0.05050183862300456 -0.0013292448890156962 0.9985619289129812
-0.07649550649089656 -0.28448759104857735 0.9536689646826629
-0.2123924863410445 -0.2579028887413141 0.9399372370855555
-0.06319891920367575 -0.14085912295665529 0.9879318329192686
-0.0021518520663208916 -0.06934821273973732 0.9975127306139867
-0.31996481256782633 -0.12076318527290918 0.9386088114199307
-0.309580492952894 -0.05726452881307733 0.9482096070923118
-0.3048145083780184 -0.005947186213455483 0.9520482989773519
-0.19502446356630845 -0.2502800334437624 0.9482232077237133
-0.2598871415265248 -0.2430647588275275 0.9342733298659613
-0.05967881548680483 -0.001490616579214914 0.9980208870989947
-0.37508066507551974 -0.003414899159771201 0.9266960869765255
-0.2149458231763596 -0.1401723123738906 0.9648025219207995
-0.10446631721864941 -0.0019092346119821185 0.9943613520804626
-0.3814883578728651 -0.2570852324778429 0.887762354314695
-0.3282279480422393 -0.14090737102589146 0.9337988365435296
-0.09132485512473405 -0.358995451183248 0.9282978127278015
-0.057596807212472984 -0.02041340874067364 0.9981139242653417
-0.24390373683491406 -0.10145609502431893 0.9631910597436794
-0.21060084995683007 -0.37179262161999543 0.9040917311079019
-0.007641070181117114 -0.13200327769226441 0.9911439660223581
-0.04594526065745216 -0.04160244467022555 0.9977805546864383
-0.10692213336933189 -0.03206530516021282 0.992394327988944
-0.27787524928276897 -0.14134067632328987 0.9499378668540365
-0.046762502080967876 -0.18557017418247154 0.9804035574004097
-0.04274483959686328 -0.15191975896191104 0.9873607553629423
-0.029932821475619355 -0.002409266120559156 0.9994321584475241
-0.1905395812592624 -0.032805006209005415 0.979879439536926
-0.0065694064003714685 -0.01606871945896897 0.9998275295056661
-0.11757378918292917 -0.027309492399080135 0.9921815836087836
-0.19483620695406875 -0.12596937075201284 0.9726011608693054
-0.05154923001417686 -0.34878140185689394 0.9351434937385023
-0.3738939759802004 -0.30714193887489494 0.8747731502826555
-0.02752831650988151 -0.09052867281884168 0.9950081428704479
-0.012245321438823682 -0.03933771038395981 0.9990240779978421
-0.05065567571311398 -0.2265929559340426 0.9703354274680103
-0.1683039845332182 -0.29070105542661095 0.941367988738216
-0.06391220803586148 -0.17725222166778223 0.9820109726492747
-0.11384224323547898 -0.2213328051437331 0.9684870316382828
-0.3450641620731822 -0.015314519381704195 0.9379194664230893
-0.03236891834888969 -0.28755859887557306 0.9564946056886077
-0.026068771525216524 -0.11731081316546092 0.9927103108967724
-0.011965636926333328 -0.0007654261586865963 0.9999081296236173
-0.3401536758836695 -0.01058440443915882 0.9400212481874244
-0.027758385293359895 -0.009422515879986585 0.9995424061121988
-0.11491146800334769 -0.0029035493113125743 0.9931735950393874
-0.30175215250293536 -0.11131199056242545 0.9468187579509956
-0.25885031224333804 -0.11829685210520509 0.9585368274334111
-0.132022331899648 -0.18896952234940864 0.9729022771675153
-0.2648928713056581 -0.04962321524105836 0.962178807587492
-0.026024256988210835 -0.07916433036662998 0.9964965211743275
-0.12135073623280578 -0.34182433048703337 0.931620262839762
-0.36630407133602233 -0.00242130835480001 0.9294215754234771
-0.0012195017673072082 -0.002142417767338776 0.9999922020402094
-0.060595125826006596 -0.039223995278484844 0.9973547051590064
-0.2703848247342982 -0.06856485402725776 0.9592616893112936
-0.26719625433913274 -0.03196629869005126 0.9616918126079776
-5.978911163303278e-05 -0.014088371165790932 0.9998954839452858
-0.005949654736752906 -0.2891668937846572 0.9563882014925377
-0.18738221637062913 -0.007251864313714784 0.9818744546534736
-0.3040903754731032 -0.027372594699987488 0.9518019467885203
-0.08084452069303698 -0.15570478245828553 0.9844857246566094
-0.023485223761260273 -0.0014979350802985885 0.9996188635993716
-0.0023408041766062636 -0.05327198058317371 0.99847846494114
-0.07601462766128211 -0.21534182985081027 0.973557347159298
-0.2179937306274273 -0.004368876035034141 0.9757050764602261
-0.36667317586245685 -0.037853455301841886 0.9295022298619611
-0.14767851739857735 -0.056066832676675754 0.9873977732473397
-0.1698220168928988 -0.027556682520648162 0.9847583421746801
-0.03285562164941197 -0.02931601844718187 0.9984700369774321
-0.05072382459876407 -0.30016140140630426 0.9520915371272805
-0.0027281741131862237 -0.21274055015385246 0.9760115197932976
-0.06744793625742508 -0.19589184624254083 0.9764244749482267
-0.09091517504240039 -0.09625766928252705 0.9901874733718523
-0.013998640729897245 -0.3059078516896328 0.9514866918829418
-0.1089396025862258 -0.04582705413447578 0.9928012683901063
-0.01058007317059666 -0.34257524813216705 0.9391680700563468
-0.34981719599816996 -0.27631684900825987 0.8950781097909316
-0.04956013483050545 -0.24202945946201523 0.968050451014486
-0.09579706868798131 -0.17692211611278205 0.9795319594160938
-0.02423216271160062 -0.04935548627231288 0.9984565940106968
-0.316164261927038 -0.25390806211579353 0.9139729722839744
-0.09989035019496686 -0.3109917960150698 0.9450133933641326
-0.3024474309275358 -0.16065042827306628 0.939295969334922
-0.2275089818881866 -0.1661001854724904 0.9566263632403998
-0.12159579714494267 -0.004436439622804129 0.9922633584664444
-0.09063189454627946 -0.012147295431412337 0.995778246495643
-0.1862746950183476 -0.15886157307037446 0.9694942261091564
-0.0007331628579410607 -0.38100328859062144 0.9243265367921313
-0.22647443229202732 -0.11282944313707118 0.9673698219471516
-0.00790916079780098 -0.03846544230157413 0.9991695764361993
-0.2591393867188325 -0.3700123935879711 0.891984101693112
-0.3431203007375034 -0.059766813785750744 0.9373011467817615
-0.18638977390977648 -0.018321011440772864 0.9808371425148663
-0.18981683673690822 -0.039014215762149834 0.9803932246524214
-0.035304742844675135 -0.025719387672496926 0.9990032289141749
-0.08652722686190896 -0.010815521918142399 0.9957905532097187
-0.008164496615720255 -0.16630841920925926 0.9859533992433838
-0.19952404258603273 -0.26502339568511735 0.942875849832215
-0.29312328923360553 -0.022940855584357617 0.9554554774613974
-0.17701149273896338 -0.0686924426077128 0.9818026467604754
-0.2872408952710359 -0.025667540391349365 0.9574645024991758
-0.03436188031437869 -0.002557768485149027 0.9992622584023582
-0.3304267813285801 -0.3300454797412089 0.8842219467665895
-0.010597253582939843 -0.23239944311848457 0.9725206335691174
-0.11953511898762792 -0.21931030041948202 0.96662884938677
-0.000403219014774507 -0.28363319339545273 0.9587539022642367
-0.035195678153458664 -0.020240348955447306 0.9989535302995151
-0.13886467816943948 -0.3024935806710667 0.9429281424361434
-0.11771985125623617 -0.2459335516048497 0.9610015241319024
-0.17928874219586857 -0.00486587615809389 0.983195263642054
-0.011121362228864836 -0.01639669415490931 0.9997463243197353
-0.31315863080576817 -0.003374375335231204 0.9495878297979483
-0.09413651281855182 -0.11958892003531628 0.988339811227909
-0.16616929042800532 -0.0028425143260493897 0.9852531782655475
-0.06570308053149551 -0.20835929378658707 0.9756854744812534
-0.3710546129267276 -0.09267066860383225 0.9238365082357307
-0.09637206975412292 -0.06610116460713829 0.9925873804849639
-0.014404075418738699 -0.2795714379354653 0.9593592951916311
-0.27063346350065715 -0.008540120741932463 0.9621297528358159
-0.3131526132850517 -0.03461837758883104 0.948858521351368
-0.240440166006534 -0.04971581460115668 0.968776597405427
-0.0031570914155390306 -0.19107895040104186 0.9814685674909231
-0.002952465352812763 -0.2557962406703851 0.9665912896259606
-0.016862222673272965 -0.17082046198940837 0.9848707728408972
-0.08680145094803031 -0.03292193664410196 0.9956599002084988
-0.176652426830723 -0.15800703933819488 0.971409918778015
-0.10368003441691982 -0.005025444040727688 0.9941740074133703
-0.32711577089417687 -0.21789102105816543 0.9194846490818747
-0.2614619289843703 -0.0021348895919624626 0.963721840786998
-0.0039223368017463935 -0.12791012776489005 0.9916290431820926
-0.020262674310429534 -0.2535846810840345 0.9668075891490892
-0.36020518322966066 -0.24032724737661693 0.9013356667466927
-0.2648915570399548 -0.07720941085463298 0.9597577084783739
-0.0030570018598120954 -0.23099340250813027 0.9726708336428396
-0.29236425973399566 -0.2096922288658137 0.9280216653330993
-0.21590534146212226 0.0020459095136055984 0.9761424755168528
-0.1899338053296662 -0.10201587464002258 0.9764092194321308
-0.012464066578632887 -0.0055768128699109736 0.9999063350776302
-0.03718354751618007 -0.0845471828506179 0.9956998145289049
-0.15384347460543055 -0.12457181683175217 0.980035427903383
-0.3228531738827445 -0.02775479007720488 0.9454111489642663
