-0.03032587998330713 -0.03561347333182244 0.9989800085485633
-0.17208533645451865 -0.009173706097161546 0.9848170346668331
-0.0015564604077699992 -0.058733586390696625 0.9982167837419428
-0.007555068772291349 -0.29667708518911484 0.9542482019004912
-0.2307419275832654 -0.012029142780864036 0.972585318311899
-0.0770333611883592 -0.04676601149434793 0.9960005622114261
-0.11003724956104916 -0.2528043433092727 0.9617207905382041
-0.3426706248169378 -0.004360467183399684 0.9400249733980792
-0.2527975638863134 -0.0378365241588586 0.9671629887518829
-0.0008856793667667277 -0.005052281392886144 0.9999888123117266
-0.015477728993298821 -0.009839293694610767 0.9997677939853941
-0.1552938708710424 -0.13533988899758945 0.9778432797332649
-0.030720416211208447 -0.21331387891543593 0.9765248463173212
-0.0013952839838699202 -0.06977562308845495 0.9974471011900102
-0.2043409143564176 -0.20688440347899317 0.9530357244012049
-0.010306249267506689 -0.30183626312798323 0.9534434320151923
-0.01152307426816986 -0.1273030867495371 0.9917276653688192
-0.008723300490467906 -0.05452960807344613 0.9984443723715772
0.0008988059696620092 -0.09250445030066437 0.9956180864883087
-0.04393352315691351 -0.20590312972447633 0.9779569973796319
-0.1558911781359869 -0.11311398093017422 0.9814718946940579
-0.2698900582092125 -0.3131385041836241 0.9114958429111513
-0.014580726761531887 -0.003430241998291708 0.9998008746353497
-0.025554956870256204 -0.06961237343977944 0.9972719613228852
-0.04721357934556937 -0.13905811171794105 0.9890651618572368
-0.03996729306458308 -0.010053635286816118 0.9990248812489438
-0.28311289772763 -0.19484538144084804 0.9396052212519822
-0.2705770752208901 -0.3378990475706593 0.9017380008858221
-0.05586186478845689 -0.35269049719063433 0.9345939026364931
-0.28063856217434274 -0.19451068003181587 0.9396905269313693
-0.0007731402268098065 -0.021001684224212232 0.9997549194663055
-0.008744210137420353 -0.003185976308211401 0.9999544545237449
-0.0176947135322977 -0.007515359427484347 0.9998002705410118
-0.002004412104271195 -0.0010848396305698767 0.9999956157043308
-0.01336283462136573 -0.2515715306663639 0.9679167655526085
-0.23689512874087262 -0.06897282184420653 0.9695538797700815
-0.13978004684540643 -0.006921846323089115 0.9900841045501111
-0.004571945700086755 -0.30692573540687307 0.9516480727653763
-0.0627075690567544 -0.058934633075882176 0.995893732422119
-0.12826222846526275 -0.10114681642674307 0.985805783823839
-0.07624754098280012 -0.28139195336215056 0.9559723001395837
-0.014203616416863598 -0.022223083936541273 0.9997067676087367
-0.2930012567262049 -0.27813744652931705 0.9157398196953771
-0.11519716773621595 -0.022760830268741046 0.9927522800337802
-0.016850174084915626 -0.213487621463021 0.9765899349897778
-0.10377053690418347 -0.31017223041781117 0.9453542068382326
-0.21798047120086247 -0.31321255634701256 0.925138970240807
-0.09821211031868039 -0.1255139032044525 0.9860924277644675
-0.0078579884431959 -0.3615652937434518 0.9328843553961752
-0.18466209088023855 -0.30450451162850856 0.9349685239675269
-0.024332788616025402 -0.2832423875529322 0.9588020019818797
-0.002510015766396869 -0.3233964620542471 0.946575716226822
-0.10915865272792763 -0.06397192967821295 0.992216129071395
-0.0021843353357977623 -0.09087112449863488 0.9958117090677991
-0.2423504012297187 -0.05617405300208633 0.9678536691820909
-0.2027115080888624 -0.061670514013175665 0.9774814226976406
-0.2555047962298066 -0.005348498061370555 0.965922814232391
-0.17114971982373645 -0.05345156360168719 0.9831068519828884
-0.03103827038472703 -0.17960581306545617 0.9836071955699978
-0.06939527425697635 -0.0012004873132725811 0.9975913449284733
-0.2776880747569115 -0.005939066371871675 0.9607850079097744
-0.09908511890207441 -0.1494056972714914 0.9820192150279288
-0.14119556046967666 -0.14978058810119968 0.9789448512984086
-0.009299214881289312 -0.2062770640941765 0.9775139970861695
-0.3348356157679306 -0.09655871150130345 0.938085680152016
-0.008521397080139374 -0.08964924739539704 0.9960663473709177
-0.005899673986252199 -0.021266260497536302 0.9997575749104217
-0.16369853071678 -0.0026236152625390623 0.986674987603986
-0.010890970442912155 -0.02781815717316235 0.9994879200685565
-0.004995606661158325 -0.1446651228676919 0.9888018408335048
-0.04045488614328574 -0.09550346683678095 0.9936973049777381
-0.01937836304876417 -0.0026352363494494034 0.9998213960111964
-0.20566384835705215 -0.17570991968233704 0.9631970047574547
-0.2468241466822036 -0.14668968041304334 0.9576173820607871
-0.2940434959798816 -0.02909762654983085 0.9554652260576654
-0.24573813111994058 -0.009199129880694795 0.9696393849054055
-0.1798970778170184 -0.09069994538104054 0.9784998078912613
-0.05587092176870592 -0.06352306137279896 0.9965827363470626
-0.329596760396692 -0.04438987490177242 0.9423946288080917
-0.18328925127044488 -0.017191003540188553 0.9828089947567396
-0.19591341877045923 -0.21658204783865248 0.9568514583562714
-0.1071257354827944 -0.036971983227808126 0.9937419345944597
-0.1573616818720789 -0.2736431295720982 0.9475732410026946
-0.23538768834855586 -0.29397571179993187 0.924474154786697
-0.0012565142977002655 -0.004596665640850878 0.9999891582014143
-0.11473733510722102 -0.014151116387936903 0.9933729222991924
-0.01943786393282409 -0.2142493758230605 0.976914977597213
-0.061564192048251073 -0.0015773755642813467 0.9981358176018158
-0.04415624933661058 -0.355447402891998 0.9328065448743064
-0.007123650520734838 -0.05585460900543997 0.9984619614836682
-0.007611969195002765 -0.3029024442174957 0.9527127938217168
-0.3534368075387383 -0.3351943565932694 0.8742025270902364
-0.009415635227166836 -0.14258295159131817 0.9894105354597602
-0.2738054308594265 -0.28718764813161873 0.918235638434243
-0.025157351499973203 -0.2794357733077371 0.9583801108985976
-0.09618526477256464 -0.3692663047515737 0.9249957777075979
-0.31602116365633354 -0.07429944084871422 0.9462513479090437
-0.10991711789027678 -0.005569783177282668 0.9938631409826649
-0.09760258858983492 -0.14304991789841015 0.9847529231009378
-0.00802346098752009 -0.08790026893596818 0.9960124333594285
-0.01402283012922382 -0.025375814175817038 0.9996096100280484
-0.2709831920997503 -0.04981965843241039 0.9612187806460247
-0.07038582585807719 -0.27228156354562905 0.9601207230660393
-0.13493859717445403 -0.27021328014512436 0.9526739676770036
-0.13330429173485675 -0.1816945119519815 0.9729625972301651
-0.11776280212652798 -0.3041568025000878 0.9450900319882504
-0.27695980442005447 -0.18828542716689428 0.9427700126535544
-0.3249842095380253 -0.1637106900667778 0.9321187171157347
-0.0515563893394558 -0.023456882063010602 0.998061407557032
-0.059936984078960566 -0.007986308525112229 0.9982052544741723
-0.35973967928481054 -0.010572302378561455 0.9335637504931367
-0.02222945727921811 -0.35913187082100484 0.9335756680788759
-0.01373366495025396 -0.18465583615167014 0.9829167572290314
-0.013381041657790922 -0.05746414771370246 0.9981955594838905
-0.05672977571196339 -0.29743737078126536 0.9529105062426673
-0.05876646660110943 -0.10111077744737657 0.9930413443922321
-0.004163749545861069 -0.15219088101077338 0.98829389666331
-0.1401939715347036 -0.24244633421171163 0.9599980026714181
-0.004536713327075836 -0.05530768947318367 0.9983042275344005
-0.0023883855498521792 -0.10672672172536601 0.994201613324121
-0.18892789198227997 -0.3350152856574479 0.9212708520172425
-0.08829009306805893 -0.07637732636403236 0.9924338657925443
-0.06493347177420167 -0.11618191777426724 0.99081561866538
-0.010503031293940413 -0.09431152182719592 0.9954388067195248
-0.08550192919243585 -0.04009517575729842 0.9954171931730381
-0.13529882671749402 -0.07552622577301958 0.9880638862101705
-0.14287100851840304 -0.025631704791929125 0.9895874941631088
-0.019094910573473824 -0.15071879951078945 0.9885872666547235
-0.0038090471518216346 -0.011697066972590705 0.9998346882427328
-0.05672403770576402 -0.1454748135301905 0.9879955996615734
-0.003007745253874628 -0.034156817948928664 0.9994019536554973
-0.07076065721354363 -0.016217781659148334 0.9973008065686154
-0.005558979826650108 -0.013060651483752522 0.9999169268690578
0.002101741781869035 -0.14895881699712707 0.988297228001765
-0.03416897732679331 -0.3130025063684599 0.9493257078902718
-0.015952989821595064 -0.12409787147309899 0.9914361993995507
-0.17316787537698025 -0.034108625297559744 0.9845571935052031
-0.13017593953820866 -0.21871625586180515 0.9675133336126971
-0.22447406808345585 -0.10604698828389196 0.9685669618346817
-0.08187028185291055 -0.008212938618992364 0.996144760377912
-0.12457076995756669 -0.05729949151907966 0.9904217528890217
-0.24405287368522433 -0.16491304300430285 0.9561369151502879
-0.24037560157781096 -0.19889506900938397 0.9507085147541248
-0.21819782010559843 -0.273559654912469 0.937319207397062
-0.01905645423442064 -0.059294461621530514 0.9976218333413085
-0.25583603278693673 -0.284883297250544 0.9246610762132563
-0.11378536272330086 -0.006584788578160329 0.993601827249353
-0.2693194806440249 -0.22581406743804594 0.9368840365649973
-0.19154244922895686 -0.16010621143995787 0.965941289680344
-0.06471516174654987 -0.30908554381720643 0.9490303432057674
-0.060259092223520216 -0.04933791897628168 0.9971163033031696
-0.1868147454192399 -0.2672848423128658 0.9438658220397452
-0.05732162441717173 -0.08917553642679317 0.9945324252207467
-0.3661506963890115 -0.0610881677685566 0.9288445575167745
-0.3611120868913566 -0.01819869270990859 0.9321081577646071
-0.3381519822163256 -0.11539469679954212 0.929208691148387
-0.02994240477998538 -0.24732745663299283 0.9688604762048383
-0.05681843377802831 -0.24626664821438599 0.9677145892740475
-0.1484009804704003 -0.07204246268857052 0.9862598134328329
-0.1443639453361934 -0.030061378359374377 0.9885133413094267
-0.2816383993580962 -0.0058990123485988715 0.958354749265433
-0.17723293069837817 -0.07142992091318526 0.9797097782334748
-0.0032201521741530483 -0.2089824922797032 0.9781068447994029
-0.06635814534182968 -0.044527555635262346 0.9965937406966696
-0.1327472455973471 -0.25331451635682506 0.9587849035744811
-0.16463638323651114 -0.003356082849081298 0.9863860911645153
-0.28834440653570986 -0.053214169736017045 0.9563547557369918
-0.24629492642879922 -0.01902909089486854 0.9688271779183775
-0.018846441662504248 -0.13553697431441866 0.9902562466886582
-0.06255167805744904 -0.007393985357306235 0.9978720995682671
-0.15444388151713284 -0.1396901117980506 0.9780661737784295
-0.14588949276170174 -0.1567521017077324 0.9759420538863128
-0.02933987904508946 -0.10500929256483332 0.9938692379088621
-0.03598332125613257 -0.008323980086133713 0.9993944931776546
-0.13127189264581055 -0.0012631587540425857 0.9913475927469925
-0.08786226870002607 -0.3424641272224428 0.9337688633940725
-7.601860704020691e-05 -0.3559905295557838 0.934108995476533
-0.04066556299548466 -0.37648609227503516 0.9263073267494315
-0.2872141609992819 -0.1328671764901756 0.9475423035514519
-0.2827109351108722 -0.3495791061884832 0.8943734231802347
-0.22253904620745665 -0.13171680956992127 0.9665454623932248
-0.3146004562224383 -0.3417677922750798 0.8867775958893018
-0.08101787533881341 -0.2375267060197856 0.9684863420711283
-0.11647461963308633 -0.16164523810926637 0.9803783838561551
-0.19683035179565306 -0.07613774481199086 0.977874926131408
-0.36289243095530116 -0.10172644027532528 0.926963360186904
-0.35361236899838183 -0.1476674905684818 0.924449850999872
-0.014567124406171824 -0.3754447982938663 0.9273655469147748
-0.2767986844714125 -0.08185618418815313 0.9580746754311397
-0.1636332028281733 -0.10634086519117412 0.9801801826854161
-0.022139428466979402 -0.30573806085506855 0.9514487753300269
-0.00587116443704653 -0.33622254180436245 0.9420384939881106
-0.10570242579109043 -0.136919817435508 0.9852279014649895
-0.10948656446079572 -0.09125294681009045 0.9900986337112855
-0.10395627533900434 -0.19827122312303602 0.9739383839722235
-0.022580543992262857 -0.30640933712075097 0.9521041427260094
-0.026133270629185103 -0.20577322786495353 0.9781605174940571
-0.0007078313526475795 -0.08504910265149127 0.9964852787961495
-0.001371390382800996 -0.1400864184805187 0.9899709778139714
-0.3223439332212133 -0.20933402520697725 0.9213604274714156
-0.009209728055359988 -0.09459526827823164 0.995372394141957
-0.12228699965081558 -0.35637377167247686 0.9233786014935299
-0.14591513410200552 -0.009314107499727893 0.9893101262373653
-0.05594155902435179 -0.2997026442736914 0.9516744290722597
-0.2200173733950412 -0.022794462912786386 0.9747601859909186
-0.11164159616557423 -0.0192496741074555 0.9936252404104189
-0.0013570510785913003 -0.22611136733751178 0.9722825727549289
-0.2539357896833612 -0.03422737965239628 0.965635074631749
-0.030709663648696144 -0.17225331207145378 0.983319296815693
-0.14546732641887825 -0.0027435671726461445 0.989230419927802
-0.08607148193941583 -0.09532452063181857 0.9920273980999282
-0.3185109550009316 -0.007347774451357082 0.9476501345503785
-0.04952872691385109 -0.15794409322240105 0.9859478418884343
-0.35283313018942575 -0.17884467212877161 0.9192637653702906
-0.036035803238491586 -0.11075309077068836 0.99343897287493
-0.22830949002240256 -0.24348723554312224 0.9393803098981838
-0.16522309448523614 -0.23497279519551567 0.9583541326327398
-0.20894281354657124 -0.013328229464532423 0.9781886290073024
-0.26450529502107006 -0.24975099061280837 0.9322572261105319
-0.20584539318298295 -0.04786517293696934 0.9777677230710711
-0.2133418824911577 -0.026482376841841297 0.97674423527897
-0.003956223625146601 -0.007718678559215718 0.9999317152542495
-0.22911984339018737 -0.23840087880677086 0.9443336011331764
-0.07866889505152225 -0.07483633217517276 0.9941667136782367
-0.05382786606342556 -0.01396219441872397 0.9985362458806094
-0.03459659020492768 -0.007087596311281244 0.9993935845690751
-0.26450668596684174 -0.11658252607446723 0.9576708492505045
-0.13439415932176701 -0.3562534643377786 0.925546115176688
-0.0328143228552779 -0.07863212778706688 0.9965128513786587
-0.15623678627092993 -0.18471216182651845 0.9706402330235109
-0.12607164218454173 -0.30036661395462727 0.9449853156449802
-0.0307002785228285 -0.049383762156534255 0.9984301747499293
-0.03413422955787178 -0.04728532194027385 0.9982056626876789
-0.31974826541505946 0.0021802018436909987 0.9475690219961279
-0.23836745435938417 -0.002176549664080981 0.9712161305211441
0.001204711177963048 -0.2841361799842513 0.9590636074057782
-0.0010571491951449077 -0.03140108785822668 0.9994340176823097
-0.16585723675518815 -0.22697604563346363 0.9585263007552054
-0.15568916036663377 -0.31964132850262517 0.9355142959381717
-0.0060583899287786815 -0.18581092226906126 0.9822499144096413
-0.04905515685653895 -0.29519098027340457 0.9545182703164503
-0.004674915790095689 -0.038384828000378665 0.9991891973564155
-0.008440026492104938 -0.22525543178919555 0.9742359736425583
-0.057593792296499316 -0.06636734169724781 0.9958739379177329
-0.17371342936997433 -0.35109688163012204 0.9205892365522605
-0.3696139692218317 -0.049291039933501285 0.9286083886387568
-0.007287480356197769 -0.0033624841321382008 0.9999759249263104
-0.0010732331382122455 -0.17473582736914456 0.9846974541256802
-0.0039041004962158295 -0.25758969373786544 0.9663970478735786
-0.04408012036199886 -0.001974694381646661 0.9989348883152617
-0.08536252318732991 -0.26954580186535293 0.95781286844847
-0.22679589385174073 -0.2430144890458176 0.9413222318424989
-0.055968752971864454 -0.12988664393214863 0.9901872333950584
-0.00310988339899967 -0.06174838660059985 0.99811031992177
-0.30359255496445936 -0.13328019703762503 0.9432105713525363
-0.2947374580567593 -0.0652972340884452 0.9529807173859384
-0.2895136325195292 -0.009176061699198053 0.9572970006239061
-0.2076769961324405 -0.2629530037496065 0.9427769689703066
-0.27556842242889934 -0.22791975568784859 0.9345678656193025
-0.06769011160766018 -0.0019365372692611853 0.9976179322027031
-0.35865649537608196 -0.0032956000922080677 0.9338021204201045
-0.22844147825604227 -0.12921931519860097 0.963761221004986
-0.09547540312381256 -0.000985793306230204 0.9954081091261353
-0.36537946002699057 -0.24440190526486993 0.8992671844143761
-0.31322844842092107 -0.1306198844758501 0.9411868089841804
-0.08265002502380568 -0.34283051807059034 0.9359751106784835
-0.06517618987149076 -0.024572398381359137 0.9976834335286318
-0.25811085571638037 -0.09224008352725044 0.960936479883291
-0.19896843725059304 -0.3558198665218636 0.9141515968561296
-0.005380278448438632 -0.12157764431472101 0.9926950470706245
-0.03972578570559307 -0.04746641289645749 0.9979086311043848
-0.11776913843002058 -0.02795093537041682 0.9915088107511034
-0.2635332820002361 -0.1309500389525901 0.9561793545450175
-0.05410715874765013 -0.17342772021107614 0.9826007681757944
-0.03675653086205813 -0.14060024260343695 0.9895775431185444
-0.02477449550770983 -0.0034485345839546525 0.9996164349905997
-0.20368688050346043 -0.027385042349606484 0.9777520148227264
-0.004854144584646386 -0.012694721016485331 0.9999100145847502
-0.12809495002308657 -0.022088592141476644 0.9912463906285697
-0.18236404160821068 -0.11601083296790196 0.9767571958277446
-0.045396495942195796 -0.33288292485999477 0.9418812821838254
-0.3582576621435035 -0.2935437978426397 0.8872062067222235
-0.031944142651244956 -0.08164813139944269 0.9958102856370267
-0.0160786560425739 -0.0337850250499556 0.9992497392932489
-0.04263518685618119 -0.24058379751373263 0.9677952570500726
-0.157106916545761 -0.2761284196266267 0.9484221475870535
-0.056650243055982465 -0.16514278474804062 0.9849415382652608
-0.10422446005088985 -0.20840722854914934 0.9729538962381371
-0.3292878494264706 -0.018587246557337667 0.9440803818179359
-0.03779962500302495 -0.2724945872335281 0.9612083132559083
-0.021602424708494345 -0.10747359551858679 0.9941388434089353
-0.008773080649110244 -0.0013348170962016587 0.999958316326948
-0.32431278809216674 -0.00794014053054962 0.9461964551850772
-0.033279410127403014 -0.012972875007799523 0.9994076007968928
-0.10549166936859757 -0.004641449726421002 0.9943717325102183
-0.28694849764093977 -0.10201930948314704 0.9531245457665771
-0.2448507479458647 -0.10842296422625422 0.9639883468189275
-0.1218028949793907 -0.17676420586846397 0.977023553830549
-0.27878510968018133 -0.04238586630056838 0.9590569312104428
-0.021625754770816547 -0.07096277758791446 0.9973707763957391
-0.11138599460826189 -0.32638332663736713 0.9391623161090992
-0.35029844593631687 -0.004890192094905713 0.9361384918243758
-0.002202545870510452 -0.0013682244848280804 0.9999944904733451
-0.053424214018883906 -0.03356709738537272 0.998116140522036
-0.28403506065998635 -0.06009912822291959 0.9563603341161268
-0.2809677730709319 -0.026027334514587767 0.9583517877211358
-0.00026469442505968466 -0.01779465714742745 0.9998597196146652
-0.00941239120784871 -0.2738541348013365 0.9613508473476375
-0.17469322833876455 -0.01091490821063119 0.9844979559717872
-0.31690587092825856 -0.03208831306771257 0.947836862874669
-0.07271232423857231 -0.14416754544957866 0.9872497100608888
-0.0285533628990292 -0.00280816875992323 0.9995298721467976
-0.0015633133281861384 -0.04688095291072825 0.9988707227039513
-0.0682055421641935 -0.20235289296303474 0.9773685323933535
-0.2045594469538152 -0.006476033425898644 0.9789502034128175
-0.35004705952060955 -0.03242996756324213 0.9368086736615006
-0.1367161705372868 -0.049319019627057065 0.9896399706490588
-0.18204874724031675 -0.031855975464883245 0.982746120355479
-0.038549895024124384 -0.024556098218798596 0.9984833678308561
-0.044462999275720734 -0.2853656203453278 0.9574801715935795
-0.004570999772035643 -0.2265641043517452 0.9732386504501169
-0.05902573990015585 -0.20894768986796414 0.9746738836557886
-0.10095408276152164 -0.08628432668642429 0.9904759740487485
-0.010766476897628326 -0.2907268331011177 0.9567773003466238
-0.11907786463515534 -0.05209106193271403 0.9915787823247292
-0.007609454857079939 -0.32664743355310716 0.9454348731419111
-0.3346141324957239 -0.26308214034169713 0.9059563866586239
-0.05700130617656582 -0.22771380899992363 0.9715990996809426
-0.08691061290890134 -0.1650616933358456 0.982849897194788
-0.02005569502689016 -0.04290672370112311 0.9989488025191903
-0.3015496010934646 -0.240689767968906 0.9234444446151601
-0.09088411992635465 -0.2960766579128341 0.9513652147784882
-0.2876343423896242 -0.14998049832457652 0.9464484451929192
-0.24113042682858676 -0.15435133442089327 0.9558071311603569
-0.1325557458428774 -0.002078340136941103 0.9910863807584466
-0.08196527787635637 -0.009213269096153838 0.9967070896461501
-0.17438192817938458 -0.14780925254478516 0.973977755042689
-0.0015799692007298948 -0.36348917369802314 0.9320837066560591
-0.21305895763507482 -0.1031138284198524 0.9720508918183396
-0.005985927290266464 -0.03293887098042149 0.999438457301711
-0.24588441437655312 -0.354173560182008 0.9033133965177866
-0.3274106390271162 -0.05280534727393328 0.9439864074819205
-0.19927750661499782 -0.013835736019883521 0.9786933130311015
-0.17720109769455314 -0.04527369564863792 0.9828425137575479
-0.029823568574145216 -0.021196265182399972 0.9993745555269258
-0.07867460443326799 -0.014360009768541016 0.9965216060191875
-0.0058871207584543644 -0.15452948270884206 0.9881482160310888
-0.1876366934759507 -0.2511184784235509 0.9498449573240574
-0.2779814253347481 -0.019205001770918058 0.9605548570297912
-0.16528371720607304 -0.06120533804276247 0.9847062054035851
-0.2719777483764579 -0.02130318948299576 0.9625444661463299
-0.04037000307308479 -0.0013961593252800404 0.9991025150957654
-0.31586312100794917 -0.3156450547243052 0.8959676475872469
-0.008012097669044788 -0.2185677487441385 0.9761341144728077
-0.10895950002085088 -0.23372840315695306 0.9650687369324144
-0.0006403875831408133 -0.29829652039501775 0.9547265416297714
-0.029715433491509513 -0.024606884685030257 0.9991154896211749
-0.12826060780785248 -0.2877633716109759 0.9497633761850159
-0.12863619136115592 -0.23195249408779045 0.9636628770205989
-0.19173565321510785 -0.003533697375031212 0.9811295193708376
-0.014687825559513298 -0.012536583319289665 0.9998026990291469
-0.2973820429826443 -0.002274251440370958 0.9551859554071049
-0.08528677382913714 -0.10950869844521353 0.9906423943830949
-0.17840430815415015 -0.003582907193503221 0.983370766334451
-0.07467285483385279 -0.2218094679975899 0.9725730659828709
-0.3547842952089041 -0.08408963784064794 0.931833649051263
-0.10662015055511398 -0.058585787869506564 0.9922897163481158
-0.019258792359198855 -0.2935534033349725 0.9555151735123396
-0.2553412359905078 -0.006701312063459471 0.9667901842333815
-0.2978349531696007 -0.029343727731485685 0.9545151544016615
-0.22546623587545853 -0.05683852426229877 0.9725090443681587
-0.0015084620054347897 -0.1783382166771048 0.9841763908108137
-0.003483102669527922 -0.24154956172054812 0.970652174700335
-0.02078375087715092 -0.15911387965081478 0.9870312462285218
-0.07828883724011593 -0.027844866199363882 0.9966932207518923
-0.18854905365485175 -0.16983577762361485 0.9677257762997247
-0.11418618528799401 -0.0045808481978398844 0.9932140914596794
-0.3121090170189903 -0.20539390957878922 0.9284997806809455
-0.27505282529945907 -0.0020731095971885534 0.9602681489217388
-0.004628108931227066 -0.11728276230954915 0.993140415988676
-0.02466279486579836 -0.2386278920612167 0.970986576159618
-0.344606305771585 -0.22746554874855107 0.9118335823987435
-0.250106156172762 -0.08601439600737702 0.9635259452397605
-0.0015622362894207515 -0.21720839833114575 0.9762153518307156
-0.2751793838648722 -0.22379593922729263 0.9308374486286731
-0.20302431681639413 0.00242170743779115 0.9792152557466813
-0.17756017484376535 -0.09283635983918784 0.9801114885561805
-0.016020276090499993 -0.008404952996685477 0.9998710409213323
-0.04348393128942815 -0.09363429878903051 0.9948470460483628
-0.14271982470865918 -0.11443112036636759 0.9833838502274994
-0.30747575508602915 -0.02338471021543798 0.9511815810297114
