-0.025637843898578584 -0.03065627860654894 0.9991856839829589
-0.16073496390519224 -0.006716876497002265 0.9864836158373462
-0.0013067336503122036 -0.05205686157542677 0.9985025433982156
-0.009987720328786016 -0.28359972311314574 0.9578152699167105
-0.24415573282090547 -0.015503122490836926 0.9688403065362629
-0.08495700178101129 -0.0529179691581874 0.994848122926819
-0.11928829610906339 -0.2660020014743413 0.9564227675199988
-0.35790036635344674 -0.005304996711443129 0.9337222645144333
-0.26658058691627434 -0.04307107465246739 0.9627326703021447
-0.001340359708753115 -0.0072324795827320475 0.999965507117625
-0.019573816149689487 -0.007345301395181862 0.9996742554121846
-0.1659390883518583 -0.1245545533651192 0.9770727376625257
-0.02533810901947848 -0.20085841285499756 0.978931853838575
-0.002461735280484077 -0.07734971216536966 0.9967741140372461
-0.19162544878294244 -0.2201444054952466 0.9520823320451507
-0.008057337547172139 -0.31644552608264676 0.9481919964818166
-0.008409992596233144 -0.1374769515302816 0.9901737269022692
-0.006547872783398169 -0.04764683055460376 0.9987133510699739
0.00024776601735438265 -0.08440007590983277 0.9962110837522411
-0.049913390365481064 -0.21829983120537372 0.9745591840541978
-0.14522437680328082 -0.10319814579333102 0.9837520897582889
-0.282711559312886 -0.3267246279056713 0.9017246430489694
-0.01193794437653734 -0.0048309244653363765 0.9998139145610261
-0.021871409331930172 -0.062150738344141004 0.9977180764850939
-0.04071532608769439 -0.15021198566528432 0.9873852215619837
-0.03454884946146241 -0.013581080221930239 0.9991065886909304
-0.2707752512154934 -0.1832254125157772 0.9448648429819894
-0.25554081373767 -0.3544321773104899 0.8985554549010889
-0.06269335158387696 -0.3683417703951874 0.9273203243853091
-0.26604081347810715 -0.2079948970705149 0.9401818904259407
-0.0008723646722295648 -0.02501190565302927 0.999632174766487
-0.006805151683243045 -0.002188869118826154 0.9999632286991516
-0.02128242963516809 -0.00991669863661178 0.9996740868408865
-0.003098159320953573 -0.0011225635223360486 0.9999905326150026
-0.016658266107191077 -0.2650354530996152 0.9638306630269257
-0.25008399063215253 -0.07646162536299088 0.9651408250836406
-0.15072554019906984 -0.004197079716513722 0.9882353163231871
-0.006348143828611008 -0.321678270449177 0.9462231428830361
-0.07074932560101221 -0.05203075241352738 0.9955257888510024
-0.13942781648998165 -0.09211137761422174 0.9847725686443062
-0.08457822314340599 -0.26845000752206755 0.9584928449020178
-0.017341416066950256 -0.026527959171318154 0.9994976041840892
-0.3064195259640264 -0.2909052294542041 0.9063045721106036
-0.12445057123978204 -0.017977773819313102 0.9915223054152792
-0.013775592017450943 -0.2010552850938406 0.978935612525117
-0.09461676387113269 -0.2977811424997076 0.94973363495113
-0.2295146609271337 -0.32702406263148487 0.9166097555941524
-0.08891955712062796 -0.13709870560964135 0.9850065326471176
-0.004855576978365954 -0.3767841695907003 0.9262232097102343
-0.19552740927381612 -0.31851607212197397 0.9272111698102764
-0.028744670942286537 -0.29742164732655035 0.9538591461398862
-0.0019550045815581235 -0.338587654699032 0.9406712963367063
-0.11855993649551722 -0.07111094342295077 0.9903632954833819
-0.0006671863322736287 -0.08290643755588645 0.996381712336658
-0.22885086169273613 -0.06364530096577525 0.9701864089238476
-0.19092667218417514 -0.05473860135985051 0.9798695768400394
-0.24262013964352225 -0.004176278031031319 0.9689023771796879
-0.1593008381819924 -0.05952315589033492 0.9844024461473978
-0.03605531966370641 -0.19156603361528304 0.980814965827958
-0.07645286101098339 -0.0002447240864119279 0.9969778036316689
-0.29261738037610646 -0.004954242276414777 0.9558237537272605
-0.10809060670035925 -0.13862503800829148 0.9822869952724946
-0.15128189511617332 -0.16060595182655027 0.9752303217148688
-0.012633634654306232 -0.1942826283562222 0.9796275702978505
-0.34973706840694435 -0.10486002534106773 0.930956962255284
-0.011067311958185373 -0.0983130203241639 0.9950616649721027
-0.004192159658465181 -0.02536642952498652 0.9996330291373986
-0.17473089731713934 -0.00422369695490422 0.9845171312696501
-0.014041934439910156 -0.02318353372234247 0.9995076246665313
-0.008214208092772894 -0.13398279074936673 0.9900465124738558
-0.04682299788088927 -0.08672672975393947 0.9940052391718737
-0.02337495916517384 -0.0032841431796060703 0.9997027479655218
-0.2177176837351472 -0.18686205703491926 0.9577887175255785
-0.2614479112203303 -0.13535877738218638 0.9546544799464228
-0.30784755347602155 -0.024718132444079662 0.950740119598517
-0.2600172446274358 -0.006049446464574354 0.96544518855993
-0.1910705909533871 -0.08168551930010443 0.976769975933672
-0.0626428356166238 -0.07069812228277925 0.9955023587026949
-0.3445512349609964 -0.03877221080608519 0.9366746870193406
-0.19522030959955156 -0.020893460760075273 0.9801104954554077
-0.20749578424746098 -0.2289838759493133 0.9507952477813187
-0.11639636831099442 -0.042528333030826156 0.9922396284082888
-0.14593122627433192 -0.2881394862332403 0.9443790648317144
-0.2216892407440653 -0.30937099029906057 0.9219232905147101
-0.0007167148403633623 -0.003025932326855108 0.9999904538120858
-0.10522788573132841 -0.01063349840184082 0.9942657550216777
-0.023327403888698826 -0.22705545339571565 0.9735381308655149
-0.06865332977680617 -0.0027301462529620603 0.9975707469450125
-0.038223844850947514 -0.37176811303828583 0.9259367902594368
-0.009476436940773944 -0.06266005975402901 0.9979378187067777
-0.005592943705926554 -0.28972449310291065 0.9564250039221845
-0.3679151236529141 -0.34840904385858795 0.8615942142709266
-0.006963243281040228 -0.13252155131608623 0.9906202117669883
-0.2612807840268793 -0.2747744172972612 0.9248523548581097
-0.029721401346558145 -0.2659667763134851 0.96166356290598
-0.10464834757836773 -0.38501562977402115 0.916723724581503
-0.33079431450043945 -0.08189643996027807 0.9398572027255737
-0.10061498910216919 -0.0040614389554645735 0.9946821203060332
-0.08848801117931053 -0.15330248524554074 0.983692639512373
-0.005526333129653045 -0.09642827968174195 0.9950863353440633
-0.01089543887775025 -0.021281719163992498 0.9996932903569672
-0.2583056727595711 -0.04425686558714911 0.9645576881107845
-0.07768291938626623 -0.28594490778550113 0.95500021460641
-0.14612482343414182 -0.25702631873855675 0.954046258547139
-0.1449655894388474 -0.1695084032227761 0.9729363987145032
-0.1284109828066531 -0.291785973553615 0.9470302625825344
-0.2903684941521798 -0.19939616886501824 0.9356329300859254
-0.3393997330040911 -0.17404754553424195 0.9242132364283304
-0.058195996364188256 -0.019313546057443478 0.9976707616687777
-0.06647597835417379 -0.005819280225279423 0.9977142609990716
-0.37576375950500235 -0.01387117417020582 0.9264682584989765
-0.0262071441044744 -0.3750778805381091 0.9264555444140116
-0.016919840006060487 -0.19697099914562158 0.9801280882709827
-0.01038527595224577 -0.064348487772133 0.9977029941910163
-0.04945392643747687 -0.31181474364567646 0.9481102150937716
-0.0519065812708656 -0.11104438420353156 0.9920739968470342
-0.0030285552326614036 -0.16306861642762044 0.986318122525839
-0.13044489762936984 -0.23012249311419183 0.963847572353813
-0.006315315175165992 -0.049134305186281584 0.9985399834152513
-0.0034038799523009437 -0.11634118206624618 0.9929352574113715
-0.17605643784898223 -0.35100608260641913 0.9169188749259003
-0.0970679282008691 -0.06879343975466949 0.9919149333082088
-0.07288607216433829 -0.10605108062871592 0.9910739159669034
-0.00820960271420885 -0.08607458105703934 0.9960649120887685
-0.09398083650049381 -0.03445953258183237 0.994662000411421
-0.14545666986491537 -0.08323572155041034 0.985659705616561
-0.15352268356154444 -0.030353709674632787 0.9875770953461853
-0.022934063197267627 -0.16182082101397757 0.9864626421201563
-0.005574247100251194 -0.00915001851783995 0.9998355147678876
-0.04955018357259682 -0.13454220587997381 0.9895777069061658
-0.002006774497361566 -0.029187322835536378 0.9995130845793502
-0.06286391561001536 -0.019959099439062104 0.9976149521401688
-0.003904117020447495 -0.010210843918461434 0.9999371752489368
0.002263863429394077 -0.13891596129496683 0.9895652692106559
-0.04043223900706691 -0.29932393450824185 0.9529732596069614
-0.0196824648546373 -0.11420966293542185 0.9923468924141031
-0.18463007296018294 -0.03934085835605326 0.9819395616306625
-0.13999879630720974 -0.2311564455880033 0.9626507436509794
-0.2380143341099719 -0.09691882785938773 0.9657165475424677
-0.07401403823004117 -0.010865523422128966 0.9966063526137696
-0.1344317935912127 -0.05058490246472631 0.9892151522786228
-0.25709004432793026 -0.17557597414824486 0.9501032053388505
-0.2532437760254045 -0.21048983594499682 0.9440847086565033
-0.22996960198466032 -0.2868470848563065 0.9296573235153979
-0.023284109047793548 -0.052768986331377006 0.9977872063145626
-0.2685234105723252 -0.2979862575685587 0.9159380635643969
-0.12323898326364428 -0.00892004360859632 0.9922651104602774
-0.2824786264906773 -0.2382114346986587 0.9290196849951131
-0.20284605895159488 -0.14785933472361676 0.96506075975717
-0.0719051743976642 -0.3231818535498547 0.9431857564268947
-0.05354678472585603 -0.04282769881447979 0.99762801662384
-0.19817701554135042 -0.25450205570130596 0.9444913589769155
-0.06410120426203703 -0.097665083911722 0.9930820431905519
-0.38135949484679216 -0.05474614383933556 0.922401269029944
-0.376332225266648 -0.013547445785699733 0.9255016659118642
-0.3529892925010966 -0.10468667182821263 0.9242870236108058
-0.03486514187683443 -0.26075962208183734 0.964698256934483
-0.06346695217280764 -0.25965027873987456 0.963284380548185
-0.1583702552697674 -0.0638565054392111 0.9849371026359
-0.15481008988355005 -0.02437946039569939 0.9868108548421356
-0.26879131949543755 -0.008854101402985773 0.961656687001769
-0.1653159849060648 -0.07994976884121105 0.9807347787462702
-0.0025801780394477452 -0.22169658969371972 0.9749538720771811
-0.05904025334012616 -0.04954884988257382 0.9966673855653501
-0.1426606986081216 -0.26655565542606224 0.9530879102839679
-0.1761965088603382 -0.0029300435249606945 0.9841110577181055
-0.30288125717796294 -0.05966659679725893 0.9508562030348007
-0.2335200772676098 -0.015752000165075084 0.9716770199549679
-0.014985633771443449 -0.12550628988898402 0.9914188669691326
-0.055498614044916184 -0.004910696300211893 0.99819853206905
-0.14371929114354728 -0.15132407153072816 0.9774545012201072
-0.1350106028843007 -0.16663175104565847 0.9754482587143685
-0.02508440181586017 -0.11453835627126964 0.9927196323246847
-0.041809489895175196 -0.005921790471558998 0.9991079653947303
-0.14171220593689104 -0.0008926423209672175 0.9896897117592797
-0.07836011781530136 -0.3593326101195824 0.9273816101053168
-0.0012616908388950055 -0.3722749590094821 0.9270520701442969
-0.04620746212078142 -0.39317438796390763 0.9182146219644411
-0.2738611378388733 -0.14310634589715054 0.9494191545640138
-0.29539134319417965 -0.36416654106176194 0.8831433685913225
-0.23529157085717048 -0.14140634172087557 0.9615375850088979
-0.3277811963798961 -0.35535284876863193 0.8753669756926807
-0.08885403407147727 -0.2505075346755692 0.9639864165711051
-0.10663915578768669 -0.1504828821057482 0.9827980842096556
-0.20880517622671735 -0.08404714822219586 0.9742811185280487
-0.37838176376694177 -0.10999345706328775 0.9189349815404055
-0.368639738528817 -0.15789193592976045 0.9159123491367798
-0.017628979705617484 -0.3921670929674589 0.9195614127706818
-0.29089435607349606 -0.0900160503488699 0.9525035102020036
-0.15195966572368858 -0.11648207147666279 0.9804314627483637
-0.018051169899712713 -0.3202224446360144 0.9462291584223055
-0.0029676030521259005 -0.3512607557240766 0.9359551559880203
-0.1147161891504876 -0.1474329760236037 0.9822874103386141
-0.11881481411577763 -0.09974838026077466 0.9878688610594027
-0.09458494041539449 -0.21046570714124507 0.9718522314686427
-0.026756965964350038 -0.3206482784681478 0.9467549409103921
-0.02209851283783236 -0.21921165821479793 0.9749151863939207
-0.00012444169742490107 -0.0936924406997956 0.995561735566745
-0.0019921177174904827 -0.1504680788395215 0.9882289479253517
-0.33838869805330907 -0.19594809224615026 0.9175828381056301
-0.012285032492813994 -0.086188070480028 0.9959478718958925
-0.11062825648048565 -0.3725602219579488 0.9175647601585135
-0.15683525814405233 -0.012147360210199222 0.9873466476160191
-0.06406779469213157 -0.28705371522482503 0.9545796156648787
-0.23391948516503483 -0.01830400178303299 0.9711571970273278
-0.12108195484243778 -0.023234093670811404 0.9922235251115188
-0.003290899301665071 -0.21323776498339808 0.974859013618807
-0.26753551969200823 -0.029286389293887275 0.961672707280054
-0.03558115016933612 -0.16062278935435279 0.9848220150205125
-0.1566506511007012 -0.004230851792223743 0.9872584941264759
-0.077321612963731 -0.08626087706250687 0.9932532319850034
-0.30673398935388 -0.0055861197624019485 0.9512244666525685
-0.058083680948201176 -0.14708536702687097 0.9867800733021821
-0.3679577819297142 -0.18968857903349548 0.9101010283315893
-0.0416067588845333 -0.12020261256719221 0.9918767845302349
-0.24189253562230656 -0.23014346657523108 0.9386453817897904
-0.17602715733124924 -0.24793498111959997 0.952449876850189
-0.2214443520168323 -0.01607628510246342 0.9750344051120928
-0.27759102052782064 -0.26220763325583474 0.9240920421197032
-0.2182349871171486 -0.05393594863131823 0.9743403580596902
-0.2260688662012544 -0.03098020205501109 0.973347158133436
-0.0028013493194662276 -0.010252782987371211 0.9998984077087361
-0.24146797292875885 -0.2511185235940869 0.9371116514706594
-0.08665818538800928 -0.08257608628424773 0.9926398067653855
-0.06060497825282911 -0.017366837789904246 0.9979822766090763
-0.04004675466854417 -0.009064383644821 0.999109575901851
-0.2523748595272937 -0.10689255331138946 0.9615203877778798
-0.144434353812806 -0.3712237177566571 0.9171943526085389
-0.03812712194540493 -0.08662997221850388 0.9954767940582145
-0.16662400426007973 -0.19623584109399142 0.9660886754081598
-0.11550599822106086 -0.31548279850911637 0.9406311528812721
-0.03592094279378172 -0.05582665154848951 0.9977814936730212
-0.02951639861856403 -0.05311409474793421 0.9979544581697656
-0.33438990838378024 0.003584895021109714 0.9419670197931471
-0.2521934628758276 -0.0013967381122287406 0.9672924995810173
0.001883098041158622 -0.2985067676024063 0.9541970252426153
-0.00206516348677677 -0.026325690771884614 0.9995286908456563
-0.17767881378970604 -0.2141872672770417 0.9587379318057069
-0.16629817262489666 -0.3340205309949696 0.9277625464221231
-0.00415419775024221 -0.19790906964540517 0.9795842896265261
-0.04198950620402137 -0.28211241160015116 0.9583008491029638
-0.003346243603489392 -0.043834248670376275 0.9989107512335468
-0.005734320518807389 -0.2389025474183302 0.9705755717414465
-0.05045834682909385 -0.0740853710635295 0.9955046395738502
-0.18422483384267366 -0.36607999798769886 0.9117089725880009
-0.38555040697280757 -0.05553078404237408 0.9209407699344018
-0.009609644518585599 -0.004814394668414741 0.9999360885027919
-0.0011012598029250158 -0.18609443787840202 0.9823449407616358
-0.0058576518209410315 -0.2710332372870478 0.9622839661665702
-0.050103287285704734 -0.0013692885140889329 0.9985825740947597
-0.07704449773131726 -0.2835544192699741 0.9539075037086613
-0.2132810443330411 -0.25697146527174103 0.9399977658220939
-0.0627496127191602 -0.14017673763411073 0.9880603425692581
-0.002211282169845978 -0.0688764541026136 0.9975461828820038
-0.3189388765757904 -0.12153632142894834 0.9388656611162131
-0.30865312568762027 -0.057761903137885776 0.9484867017817215
-0.3038596017508738 -0.006147428188494814 0.9523567371174253
-0.1958047075929597 -0.2510601948184333 0.9478621367270506
-0.2608511439427412 -0.242116637444388 0.9342593503653561
-0.060175639789076495 -0.0015182780881580933 0.9979919815020932
-0.3740533953271848 -0.0034074219818301986 0.9271167787152412
-0.21577974330746522 -0.13948960515750017 0.9647198928475769
-0.10390795582269678 -0.0018519324023209486 0.9944212231434287
-0.38047297892312937 -0.25628757309343514 0.8884391512860973
-0.3272884067306869 -0.1402652635727942 0.934231934431094
-0.09078406775999351 -0.35798253941071284 0.9287487672604547
-0.05806676463844661 -0.020671338117907046 0.998082536686791
-0.24478091883179745 -0.10088222300715809 0.963033335812025
-0.20987147593712913 -0.37078808985707395 0.9046829301682443
-0.0075007499574867706 -0.13135547961043645 0.9912329056117116
-0.04555915160337851 -0.041966108369336896 0.9977841192074427
-0.10759462074020097 -0.031809661319780164 0.9923317776836121
-0.27697859614153153 -0.14069252487345774 0.950301903060732
-0.04721777174602439 -0.18481422531322794 0.980527611959633
-0.042372841960362215 -0.1512158045569679 0.9874875125455573
-0.02961273377891209 -0.0024737419168234824 0.9994419474641532
-0.19135319646942303 -0.03246819171338517 0.9797351724470292
-0.006462985555690509 -0.015859381995008266 0.9998317808720345
-0.1182256459960822 -0.026985281851758827 0.9921150894140032
-0.19405881532709998 -0.12534919791206026 0.9728411551193695
-0.051166260040052786 -0.3477869618895624 0.9355404749336831
-0.37290727962091175 -0.3062846075040364 0.8755060113799342
-0.027802166512353902 -0.0899770747318597 0.9950520282546301
-0.012483119850289673 -0.0389930962142299 0.9990353283163522
-0.05015694672380299 -0.22745817695295778 0.970162699215321
-0.16760467563939405 -0.28978899962558324 0.9417804918720183
-0.06346078379968888 -0.1764984961419097 0.9821793362314793
-0.11324337351304146 -0.22052667031688244 0.9687457516546539
-0.3440783849945867 -0.015517297686434176 0.9382831983594933
-0.03270535330645513 -0.2866185714334348 0.9567697626579483
-0.025791477001606174 -0.11669961427892026 0.9927914404774535
-0.011767562569524806 -0.0008007507378030911 0.99991061028576
-0.33916399563072747 -0.010420132819520832 0.9403856333029694
-0.02810083880151708 -0.00964275706059668 0.9995313913068959
-0.11432635739898843 -0.003011361200251468 0.9932422183577138
-0.3008264250492991 -0.11073276775691906 0.9471871539025185
-0.25797596209692814 -0.11768160597001666 0.9588536945487538
-0.13138587273051752 -0.1882088128437593 0.9731402966359438
-0.2657506890030315 -0.04917324690170661 0.9619693781041196
-0.025751227902128675 -0.0786550667095693 0.9965452879785771
-0.1207290893331987 -0.34085677599590003 0.9320623591377742
-0.3653034400824608 -0.002574474396423289 0.9298199533805493
-0.0012804895315978015 -0.0020943868849286405 0.9999922508697506
-0.06014991698941675 -0.03887282981843079 0.9973966948953368
-0.27122748065897423 -0.06803820192332877 0.9590654587464468
-0.26804730877801897 -0.031597125477987674 0.9614707242815337
-7.2501228057429e-05 -0.014318296008673004 0.9998924252307682
-0.006164438051317929 -0.28821159631108384 0.9566794833366955
-0.18659271794946525 -0.007479070014678154 0.9820259219915409
-0.30488163889655334 -0.02766486290967498 0.9515435990433819
-0.08033888838630782 -0.15498687411300463 0.9846437197983112
-0.023799623153333234 -0.0015792221930058489 0.9996117100776046
-0.00229256068630359 -0.052875332854633396 0.9985002857292535
-0.07552889621773351 -0.21453244982089517 0.9737778308126284
-0.2171574339006766 -0.004499559129094395 0.975894070933599
-0.36563240871007757 -0.03751601284782752 0.9299321330622613
-0.14699675815426952 -0.05564756605167193 0.9875259242102107
-0.17057880575678616 -0.027823152344625634 0.9846227226302342
-0.03320887497715319 -0.02902054563110323 0.9984677671047428
-0.050334375250767775 -0.299237600456152 0.9524076958419221
-0.0028425079527239615 -0.21359588307514416 0.9758274085690596
-0.06692411890043588 -0.19669946180681822 0.9763016995075695
-0.09153711085857329 -0.09563751130899295 0.9901932514054159
-0.013797832552759107 -0.3049604354144442 0.9517981208835976
-0.10956763551540528 -0.04621528327460025 0.9927163810208597
-0.010395537596415486 -0.34157997948021995 0.9395377059831853
-0.3488601992320761 -0.2754848647661142 0.89571786130707
-0.050021063782242275 -0.24113682650023452 0.9682537644812729
-0.09524426792119352 -0.17618355815366088 0.9797227214678496
-0.023972962824702453 -0.04895521990318403 0.9984834614723985
-0.31524642268657616 -0.25307904260642355 0.914528586848706
-0.09932918243700078 -0.31005897347539874 0.9453849156198263
-0.30152016357582756 -0.15998406243050128 0.939714417106901
-0.22835050585945016 -0.16536739386775157 0.9565574673889291
-0.12227488997178583 -0.004290080273239971 0.9921824895963487
-0.0900937300647331 -0.011965201499830306 0.9958305899369986
-0.18553324381676078 -0.15817279444189505 0.9697536961151951
-0.0007856845264630573 -0.3799068438054701 0.9247841527449798
-0.22563751509574476 -0.11222437519230502 0.9676406794805582
-0.007789824465202354 -0.03812248669179355 0.9991841749242902
-0.2583061335233484 -0.3690141846755278 0.8926497130762703
-0.3421375159296955 -0.059333490749076345 0.9376937673947395
-0.1871877279564129 -0.018042345027547424 0.9806931058452317
-0.18903152251743105 -0.03940215109944797 0.9805325912756867
-0.034964575474047625 -0.02543868872541208 0.9990231492715128
-0.08603958735566808 -0.011035410479334757 0.9958314980706732
-0.008023124460690692 -0.16557603763131498 0.9860801604031894
-0.19878112508126417 -0.2641535531421593 0.9432833130240641
-0.2921785145275559 -0.022708646183197345 0.9557547992132851
-0.1762815313579101 -0.06822702099840419 0.9819696815252125
-0.2862885186692797 -0.02539628269710318 0.9577616020396419
-0.03473456963456421 -0.0024856909592364464 0.9992501124605921
-0.32950920888105534 -0.3291380514351718 0.8849132227718035
-0.010436718800371877 -0.2315380598372315 0.972731244697126
-0.11887617930089642 -0.220200911172302 0.9665125336758897
-0.00041792836926697575 -0.28453863950005287 0.9584893752665068
-0.03485555094180138 -0.020511213268339958 0.9989606593831581
-0.13820308287863173 -0.3015716394771339 0.9433271487336713
-0.11839492227011425 -0.24506068436688896 0.9611466651504891
-0.1800593491056312 -0.0047831484351462715 0.9830572921366283
-0.011342611290057853 -0.016157180882634337 0.9997481528498685
-0.31217382490543577 -0.0033060550245843086 0.9499170344514235
-0.09358632450172832 -0.11896208277499548 0.9884706581647228
-0.16692706717319258 -0.002888427737183045 0.9851272335179142
-0.066258408704385 -0.20919000480826172 0.975474577272816
-0.37003452017018773 -0.09213561897325542 0.9243062521452408
-0.09700703153313914 -0.06563415257568017 0.9925589666419512
-0.014705152525446961 -0.2804349285751748 0.9591063980846749
-0.26967998727352843 -0.008425880255256733 0.9624026341248365
-0.31219597182675296 -0.034290418337931935 0.9491905759957084
-0.23950640109983215 -0.05015687127162378 0.968989783157959
-0.0030547704840636933 -0.19028634673445738 0.9816256113972478
-0.002985344290265443 -0.25490861829779227 0.9668292363518269
-0.017105376629944172 -0.17009240671497786 0.9849950264062719
-0.0862727786576238 -0.03260674563317882 0.9957177583236934
-0.17738697583875448 -0.15873775146138058 0.9711617950681461
-0.10433123787807604 -0.004997817951959164 0.9941076939018828
-0.3261736334560348 -0.21710828735748006 0.9200128279360071
-0.2623025725278727 -0.0021309900720171554 0.9634962994162029
-0.003966097611338546 -0.12724983692081276 0.9917156042581081
-0.020535346648497068 -0.25265225775268335 0.9670501722384467
-0.35922339986871626 -0.23951994079607836 0.9019520092440748
-0.26396857813120406 -0.07775441128835134 0.959972800027711
-0.0029642112348875365 -0.23013501714478643 0.972877848244176
-0.29128801865251314 -0.2105624857900342 0.9281700724016166
-0.21510369521312114 0.00206920114119956 0.9763221669709292
-0.18916291619290046 -0.10144463662630064 0.9766224693535144
-0.012684676836899753 -0.005752262214389844 0.9999028798276696
-0.03757413560854476 -0.08511029018857454 0.9956390921977691
-0.1531508884537072 -0.12394068073208021 0.9802277393674599
-0.32189279176630575 -0.027483080181025663 0.9457512593951217
