-0.038323882469515944 -0.044069059791579455 0.9981652930583397
-0.19124572568181253 -0.013359128560391348 0.9806149622905436
-0.0019826110395055937 -0.07011676530222871 0.9972944885672334
-0.0033855427279965173 -0.31846120669512334 0.9463620470214912
-0.20733386782541127 -0.006065873654097956 0.9769439834016213
-0.06340930414382187 -0.03620172421776448 0.9969445543534555
-0.09385102699512778 -0.22940847174846826 0.9677361596220988
-0.3155685717609269 -0.0027302300783881286 0.9479884396811552
-0.22856582586512575 -0.02878216894097679 0.9722695673991258
-0.00010877132581546913 -0.0013269685812631639 0.9999805516117882
-0.008475985513733533 -0.0140982399563373 0.9997081305772519
-0.13674651843376734 -0.1534507043789432 0.976893746842683
-0.03986270250981723 -0.23419071133908373 0.9704832860014352
0.000427680426361818 -0.05679400550487608 0.9980259486845461
-0.22537767006266365 -0.18366838164609334 0.9517599555997717
-0.014125651948193334 -0.2760538332580561 0.9599237266276499
-0.016830510429982466 -0.10976623823230436 0.993234134093915
-0.012436483585889677 -0.06626361536030843 0.9974740428722357
0.0020106232295044736 -0.1062930160139205 0.993957666629887
-0.033608449506448076 -0.1842521953277435 0.9816733035947258
-0.17377813202705672 -0.12981548858917102 0.9753094627227527
-0.24649182062419034 -0.28820215098366375 0.9234552623561002
-0.019094545718727166 -0.0010370580695604047 0.9996975772540811
-0.0318329138528758 -0.08231708641003291 0.9958207823872242
-0.058241412863377584 -0.11974741181314147 0.9902229001946617
-0.049208824109508796 -0.004023226978871834 0.9984852924389974
-0.3032434764700336 -0.21405704729679986 0.9273022521093462
-0.2947265078303094 -0.3075801977956117 0.9018095574243913
-0.04394781819492149 -0.32452407421474183 0.9434272183688833
-0.3043876745259836 -0.17059339866772816 0.9347561457245189
-0.0006034883748043806 -0.014146479215682434 0.9998099048189787
-0.012056854154431685 -0.004889468446039914 0.9998936474902645
-0.011561382459908969 -0.003411004303302694 0.999835618960387
-0.00013565488599169562 -0.0010203737423203627 0.9999928484585844
-0.007697054329958512 -0.22798750637423998 0.9727720351533817
-0.2136780581391681 -0.05596792037139743 0.974471243579263
-0.12088681382568553 -0.011569556890735997 0.9919400682553288
-0.0015235997895187191 -0.28088573333899997 0.9584125358171884
-0.048901520297402905 -0.07066454303648914 0.9954345956573393
-0.10892719770998294 -0.11636979821590616 0.9855431158989604
-0.06181897341353273 -0.30281215166745656 0.9492874876628852
-0.0088375157863529 -0.014860343007800425 0.9997830647933845
-0.26850500037803915 -0.25483187749871056 0.9272442528775536
-0.09926445826043546 -0.030908035481761468 0.993787735457007
-0.02207604956939767 -0.23437018259171966 0.9709023735638238
-0.11914512613933351 -0.3305126882665066 0.9352332805161766
-0.19721437386260593 -0.2881070442395942 0.9355020490216953
-0.11386443503104941 -0.1054614899784744 0.9858125705192615
-0.012972912194060889 -0.33437023064133226 0.9413460856295772
-0.16526598770276194 -0.27921091988221686 0.9442752202819132
-0.016724003942003806 -0.2582552892552613 0.9647632738549604
-0.003452731705706573 -0.2964670320523581 0.9539481637590356
-0.09291887110878026 -0.051668101583489695 0.9939118588233196
-0.004775749641543001 -0.10442293879251704 0.9941904899650899
-0.264815690272034 -0.04327196158368372 0.961481530507832
-0.22245610083818937 -0.0734009728663461 0.9714186678980863
-0.2770703578524984 -0.007341308968226396 0.9591821398284534
-0.19108186909103342 -0.042989989237874546 0.9791669059822637
-0.022397957553312305 -0.1588113507081961 0.9865520081404711
-0.05729967811772391 -0.0028330842437799446 0.9981378790073938
-0.2514120908231282 -0.007607823293351688 0.9667234364717201
-0.08355007722563647 -0.16752001333780955 0.9797789889340631
-0.12358272336235056 -0.13088157695193686 0.9828475319222764
-0.0035896756178493312 -0.2264415123568187 0.9724152590819244
-0.3080075298588829 -0.0819632297004344 0.9466480957358537
-0.004162226778859591 -0.07476440133035196 0.9969527200082957
-0.008816103833742634 -0.014256360603113739 0.9997783976417309
-0.1446179813595248 0.00011582167927420405 0.989056683241419
-0.005503930495588791 -0.035728530163380026 0.9991523937851089
0.000508219214009252 -0.16273378161846033 0.9854848396006046
-0.02953591968069267 -0.11038524864157251 0.9920832202079
-0.01254629061716053 -0.0015260244622524693 0.9998639697720046
-0.18434842080466485 -0.156036822306994 0.9692686436035827
-0.22087140694782578 -0.16551268491767926 0.9590460714162926
-0.2697102716640658 -0.03651576215604492 0.9611967392875539
-0.220693841264138 -0.01456559660847387 0.9744030339545496
-0.16045029872037284 -0.10590611513119247 0.9794523146160209
-0.044237322249741334 -0.051192595028032986 0.9974293486632398
-0.3030556801565807 -0.0538557206168013 0.9493623524834657
-0.16258703847818823 -0.010831899348975403 0.985785036406489
-0.1753754373756493 -0.1945658437754199 0.9637594314633671
-0.09114368405243892 -0.027426423005521616 0.9950958492289259
-0.17631130625424513 -0.2479099623160091 0.9496180127577364
-0.25773836807412037 -0.2663720356905209 0.9247046788933015
-0.002178769787622008 -0.0072802584606328205 0.9999602671049754
-0.13087277431836133 -0.02014925679817186 0.9908055736450981
-0.012744766984792325 -0.1919089705724488 0.9807179174018344
-0.049417331339689174 0.0003935514129707633 0.9985887103046197
-0.054135167001082674 -0.3262320129216814 0.9411232984422664
-0.003099037518865479 -0.044195134797293256 0.9988413876880727
-0.011048835517494582 -0.3248383891716273 0.9445064419334432
-0.3262790786989934 -0.31032634005799337 0.8900692860837912
-0.013596211476107933 -0.15962170196488745 0.9862943064336469
-0.2941630261698637 -0.30730150424480646 0.903265995571467
-0.017312232304867125 -0.3018606259009266 0.9508252132327051
-0.08125837747556613 -0.34064001364557933 0.9350452880492707
-0.28962041420415113 -0.06103298616617677 0.9538723569071569
-0.12571677589788743 -0.008142441125503367 0.9915811972039621
-0.11299413730687638 -0.1252438312491601 0.9846508250077248
-0.012284342121589669 -0.07325697412823012 0.9968114225001787
-0.019363292638457496 -0.032365210665410385 0.9992057441640578
-0.2920899178623913 -0.059224844636149056 0.9534884443745452
-0.05769028183415648 -0.24810055684044907 0.9660856082760811
-0.11539335737646879 -0.291905724590915 0.9473362761091686
-0.11301815016572571 -0.2019843691686484 0.9702536966217278
-0.09922891078366264 -0.3244452170113342 0.9390822632210439
-0.2528908762130666 -0.1685052145631521 0.9512243399701344
-0.2988861496296835 -0.14529568150817318 0.9416354377930056
-0.04018413827808759 -0.030521170856069507 0.9981507033651622
-0.048734140418535715 -0.01168572699398233 0.9985736410083665
-0.33102414317082696 -0.004885718890624507 0.9423938214311712
-0.015339054031287044 -0.3305392135305474 0.9424182657411397
-0.00826027831205234 -0.1632666208810676 0.9859443662570685
-0.018492562478143328 -0.04566867404179144 0.9984850349271583
-0.06900219577474433 -0.27195250776738744 0.9582545355393373
-0.0704049585948008 -0.08398014151009353 0.9932195340578504
-0.006098867043782316 -0.13340818200774113 0.9904411016364144
-0.1564779365330635 -0.26285022601976704 0.9507367552454418
-0.0014962905694609965 -0.06583288913858337 0.9975086709726518
-0.0006508706999633958 -0.0901950476601513 0.9954277971263215
-0.21004168920097294 -0.3061626978757113 0.9244777086861695
-0.07318752122315911 -0.08922933324196627 0.9920408757988775
-0.05123390225051551 -0.13330204108788152 0.9887192404965042
-0.014414963895662219 -0.10831871377130678 0.9936470251990752
-0.07092330112335897 -0.04968480221957055 0.9956771957110753
-0.11769137209994075 -0.06221057427594323 0.9904457695070208
-0.12445091825663113 -0.017520165909924165 0.9915967057732549
-0.012501812677772041 -0.13151183356956864 0.9907625317216537
-0.0007929672832249907 -0.016047524086388737 0.9997460581196289
-0.06889095930306205 -0.1639089443281867 0.9834896367771268
-0.004717369911323844 -0.04263968857207575 0.9989623411879325
-0.0842019922037724 -0.009812296545104324 0.9960116796239873
-0.008386005717502596 -0.017928647126290616 0.9997759481100685
0.0018221857012258613 -0.16596617418337045 0.9851674222816643
-0.023366381927950434 -0.33560054412973445 0.940657936575542
-0.009566742545711264 -0.14085125709408705 0.9888283746040285
-0.15326347674028737 -0.025100379126639764 0.9873269856843346
-0.11297014057467292 -0.19676386718945735 0.9729195889603408
-0.20066960101334952 -0.12134600577138047 0.9706190138863635
-0.09523596509109919 -0.003677627336319928 0.9947151175667615
-0.10753570091427478 -0.0686926140647231 0.991047745515264
-0.2208601187058768 -0.14606696468377614 0.963053535153684
-0.21740215088877152 -0.17826308451666525 0.9583548731810329
-0.19710998791459935 -0.24963940127063336 0.9464591756634969
-0.011824129500848594 -0.07040769850702513 0.9967789851730764
-0.23287342939334016 -0.2610697804921069 0.9352014957583438
-0.09751330534294647 -0.002586210712138935 0.9949140989922655
-0.2455723373599553 -0.20356520654624016 0.9461700104238857
-0.17175697230403966 -0.18057701973994217 0.9649262336871683
-0.052211058148675056 -0.28401161857016627 0.9561011293964801
-0.07168033167830144 -0.06042342081322266 0.9953541507878884
-0.16687480892171408 -0.28832142129280525 0.9400595087389723
-0.04565934789479362 -0.07455025946778632 0.9957870552515303
-0.33885862121036014 -0.07173074062792746 0.9366729899590207
-0.33393692739564595 -0.026092146452852065 0.9404605838651289
-0.31184973724441445 -0.1332537581140256 0.9346935010180701
-0.021447638695374215 -0.22375341085034048 0.9736704076033731
-0.04529707237254827 -0.22273056369275418 0.972781016716516
-0.13110116237371697 -0.0859124504874224 0.986820265139136
-0.12631632590468145 -0.039724605366655286 0.9900298098069572
-0.30307132723235114 -0.000850043231520178 0.951025206882715
-0.19720526916376052 -0.05675737894596044 0.976002476549958
-0.004309277154924398 -0.18686437450605825 0.9817423794134933
-0.07881043031672938 -0.03591462551114715 0.9957058468009314
-0.11532154787839355 -0.22978107285005694 0.9652710830704265
-0.14463838896220843 -0.0040795220963294535 0.9888758706512031
-0.2625758863854894 -0.04200698651275532 0.9628102536444356
-0.2676745118518175 -0.02459478535093369 0.9621541744685753
-0.025422480393962027 -0.15252150036721293 0.9871356324581075
-0.07456840792962459 -0.011632576257572807 0.9967748260995483
-0.17237630226099032 -0.1194208107702382 0.976513841210367
-0.1641503751105206 -0.13954788966628495 0.9746996464159732
-0.03657887540267777 -0.08861220906335013 0.9947485761514243
-0.026012117722282062 -0.012426039565813419 0.9994885663256402
-0.11327907177955467 -0.0018946433027118702 0.9930641111931464
-0.10370985762059368 -0.3121710219494427 0.9406480414143288
0.0019496046452557357 -0.32693846260230985 0.9430308078066851
-0.03099568421741049 -0.34627263168294614 0.936182113780562
-0.309181115494608 -0.11501129384785419 0.9415970062925585
-0.25924961090830956 -0.3224417921592544 0.9082211894059122
-0.20001348413014297 -0.11471794483679901 0.9721085251612459
-0.29013154750508957 -0.3164444869160455 0.9011049107542873
-0.06738481739310351 -0.21466128974206772 0.973545280471915
-0.1330196673162475 -0.18035027179417062 0.9738334447552123
-0.17587759199199038 -0.062425307951708725 0.9817243234491877
-0.33480936978465015 -0.08713032459902578 0.9367614568529975
-0.32620730267776754 -0.12945663427184534 0.9347541686225372
-0.009265882808138096 -0.34531701493487466 0.9370556259420394
-0.2517478251268672 -0.06761352865564828 0.964447231145884
-0.18318034208390718 -0.08875391376568983 0.9773656080824914
-0.029068116493540134 -0.28017029309787655 0.957868395575539
-0.010821638145305762 -0.3094984870370593 0.9496736270882654
-0.09005723856699309 -0.11864303432461656 0.9881611370778313
-0.09334210898304632 -0.07656447694096816 0.9922048427642082
-0.11971398598678534 -0.1769507162399117 0.9751249216396277
-0.015371520207747343 -0.28120949115182264 0.958679938023533
-0.03297582649412121 -0.1823534522313635 0.9816043744032715
-0.001704502412703722 -0.07020998782050444 0.9973026579453129
-0.0003092598686417164 -0.12218920997100861 0.9918560654919947
-0.29343049845037694 -0.23121112947609707 0.923471927831911
-0.0039474582890153855 -0.10888601821776067 0.9936012248266392
-0.14163921039069424 -0.3272397124915165 0.9293701861231433
-0.12705113320630954 -0.0044577494266709195 0.9913443220882054
-0.0419262049319112 -0.32060866521471 0.944454706836675
-0.1957483233701967 -0.03041703575139142 0.9786648379709414
-0.0953830443490027 -0.01241768977841284 0.9949463873451485
0.0019435713135474084 -0.2477065125765539 0.9663372289610661
-0.23013806345525023 -0.04259221186359503 0.9702527223530371
-0.022348000460524525 -0.19184388274855946 0.9792736926709834
-0.12616152862857308 -0.00019742848540201408 0.991298119012842
-0.10089280539041728 -0.11066701603345552 0.988262516785825
-0.33814150789234093 -0.010345370749090128 0.9400697428762312
-0.03481131347309553 -0.176193451584722 0.982598737537163
-0.32513150578069727 -0.15935756862913159 0.9303321659538697
-0.02646378723699672 -0.09445398038288709 0.9948503235437707
-0.20438449109702042 -0.26540152565870895 0.9374403875514882
-0.14613573622483406 -0.21194205921517517 0.9650468769023695
-0.18717366266334745 -0.008602841589597059 0.9817879817354175
-0.24088199052084905 -0.22727204402042434 0.9420110103045579
-0.18420511830611921 -0.0373756613315584 0.9815247641617686
-0.19114372044197844 -0.018735470453163698 0.9805722451481881
-0.005929055460249536 -0.003388547867112301 0.9999155238870543
-0.2070173055965084 -0.21562553849552765 0.9527712839928739
-0.06490923793184883 -0.06150829002343485 0.9954993438236702
-0.04221370075503657 -0.008135115968342318 0.9989063150629781
-0.0252718037234727 -0.0037072707047157358 0.999548431274784
-0.28453408655758244 -0.1328417386685445 0.948425071089096
-0.1165724611745705 -0.3289656814520556 0.9356144716093775
-0.023700680098719375 -0.0648849780543984 0.9973400028777811
-0.1380169684656008 -0.1644667955871945 0.9756741021950833
-0.14365426402909032 -0.2733544157709215 0.9487808296946513
-0.02175510075306458 -0.038336445384541104 0.9988436501187269
-0.04200616431957317 -0.037300613054580316 0.9980976930456384
-0.2938587455958636 -0.00022892275042854862 0.9546547998306983
-0.2142079014341911 -0.00350490768332926 0.9758207384941613
4.1122563248431176e-05 -0.2588479160865012 0.9650215482871698
0.0006653121062623222 -0.04006469789275398 0.9990163788839742
-0.14515269593142766 -0.24812227373282753 0.9552132647560377
-0.13682777394941453 -0.29360069204072803 0.944694349832784
-0.009303219402017228 -0.16484418413119928 0.9852612832712132
-0.061019803593585095 -0.31682143457331324 0.9456306563803591
-0.006943690082897063 -0.029062276124840265 0.9993617021627241
-0.013047662826187368 -0.20143338281349016 0.9783946918915039
-0.06972351307095603 -0.05310798404424274 0.9954221587409391
-0.1548842330679292 -0.32376477396420134 0.9314252227393445
-0.340835542242507 -0.038405860758432164 0.9380231055256905
-0.003319235853672107 -0.000881468790761411 0.9999708726003873
-0.0010240263037867793 -0.15507593415250479 0.9873643473126394
-0.0005547448526170597 -0.23404981867106162 0.9713841910322173
-0.033773218373007306 -0.0030082588574205805 0.9991840990994488
-0.09932533133466215 -0.2448757255813822 0.9618156605000685
-0.24899955095810034 -0.21824959003614355 0.939962303848406
-0.044280703110119043 -0.11207630408735358 0.9922097430142593
-0.0046439727567197 -0.049535139999295194 0.9985621569777947
-0.27602412735591764 -0.15279949365595893 0.9465671525269226
-0.270111267412973 -0.0779945453747828 0.9579661691769369
-0.2642326559223818 -0.014333232645745054 0.9633043348275375
-0.2272904086187928 -0.2824116259282106 0.9308276620077227
-0.2994489415847907 -0.20249037478060314 0.9305583719674176
-0.08049282008702158 -0.002650107589052429 0.9964271314024913
-0.33120472963546066 -0.0030941569611643966 0.9423711485510878
-0.24944386435220672 -0.11135638234659045 0.9595773424728667
-0.08099498703969128 0.0004953441982825744 0.9963771181576806
-0.3373558780907976 -0.22258929308244485 0.9125741578375903
-0.2879568368514991 -0.11360417776853549 0.9495088684122246
-0.06840635361591552 -0.3155704385647856 0.9447309014460527
-0.077284943919628 -0.031224082219172576 0.9963405861797053
-0.28022386177215985 -0.07722994886600221 0.9548371471349324
-0.17925892795891984 -0.3283387494213013 0.9257073329115469
-0.0017496449810503953 -0.1047356332702116 0.9941633585198181
-0.029735303788432078 -0.05683400092097225 0.997501610531518
-0.13500393531450622 -0.021336637721198218 0.9890292344152846
-0.23960793546463827 -0.11382026794706052 0.962949717535492
-0.06577717384174134 -0.15367029985863898 0.9843943790300334
-0.027095507343468918 -0.12223054034438025 0.9916270978641164
-0.016502806249698465 -0.00511306739419164 0.9996820725636393
-0.22439269824324204 -0.018655920566716475 0.9726362606365659
-0.0021046240991965687 -0.007285902643552044 0.9999212750094776
-0.1448043952054371 -0.0136959160478398 0.9885664282326393
-0.16187928966870346 -0.09973010904873174 0.9809309155941776
-0.03538136446618177 -0.3063240538596505 0.9497278962462935
-0.3309141008338888 -0.26988120043254477 0.9017745733916085
-0.038992949427577694 -0.06735207430617618 0.9962717101884981
-0.02221594466989646 -0.024873031694096968 0.9992272536735028
-0.029705698284795877 -0.26244211850558236 0.9616302482140778
-0.13854472515656624 -0.2517039004776555 0.9562098038511577
-0.04489056519167055 -0.14539855905153096 0.9877632969962326
-0.08850929790525777 -0.18710648147491094 0.977550262767103
-0.30306776611276753 -0.02378643102955561 0.9513607838418923
-0.04641173114977949 -0.24764584307536158 0.9663346444156662
-0.01441740654219964 -0.09158543522824222 0.9953823883393497
-0.003655894884807222 -0.0022472048512127956 0.9999503623354291
-0.29798867156208586 -0.0036731331056080296 0.9534755797842989
-0.04211667414507998 -0.018658914749203594 0.9988214727405572
-0.09030735623754166 -0.007423385280460494 0.9954935974253353
-0.2622112198846652 -0.08675277877542645 0.9600566541217458
-0.22161326960715647 -0.09223278529635162 0.9697526631795161
-0.10509341403116303 -0.15672886214695925 0.9811648996496745
-0.3004218259454089 -0.03068859826706792 0.9518683284123854
-0.014556949293519847 -0.05775874871190604 0.9980083421123747
-0.09495100017375979 -0.30032312437126796 0.9476506025182431
-0.3236627284880523 -0.008836221088158685 0.944307895379888
-0.0037779066146335152 -0.00012751553937475355 0.9999851510535337
-0.04188812559244326 -0.02447297268091561 0.998603815432042
-0.3052414334433833 -0.046398014811511484 0.9494586018718173
-0.3024556343556748 -0.01647117678966792 0.9510841118094012
-0.0005930575178590851 -0.023732520670134226 0.9996851353848745
-0.01494211235410845 -0.24863155144293167 0.9669682174879304
-0.1540661758420176 -0.016770693387487212 0.9871211483115876
-0.3368845607989428 -0.039590921981453406 0.9397675375637714
-0.05952477247616936 -0.12537998012930943 0.9898013755456543
-0.03666912829235189 -0.004907333485166936 0.9991593238902492
-0.0003167381557748301 -0.03662147791754394 0.9991479986599355
-0.05551652041192982 -0.18104412640547815 0.9812537028403
-0.18265037595406577 -0.009844567940089982 0.9824274867391731
-0.32211760646847654 -0.02360571107506403 0.9452637196567132
-0.11891993175056549 -0.03841850405930932 0.9917059141896704
-0.20137581569053348 -0.038700043411579746 0.9780208218424162
-0.04765324612222386 -0.016922629615076658 0.9980714583579267
-0.03429858729594146 -0.2608639546390731 0.96357626332465
-0.007516074464697586 -0.24831968480889283 0.9671206337471053
-0.04542322777066127 -0.22943016377635916 0.969895302693654
-0.11686466782339912 -0.0701579875153816 0.9892417746268231
-0.0055550801679107135 -0.2656557042132426 0.9629012164199366
-0.13518329396878945 -0.06206945036108097 0.98835919836822
-0.0028202155917298796 -0.30015309615612495 0.9528025485610341
-0.30834012591834087 -0.24036394433553204 0.91851524223953
-0.06879268212176501 -0.20420443995858617 0.9749191309997887
-0.07246316405666269 -0.1456740111105526 0.9860666527845513
-0.01335036918020309 -0.032547176430111416 0.9992254628900672
-0.2765895890367472 -0.21827025732212796 0.9341774304023368
-0.07611964823164247 -0.271142015210668 0.9584049289851638
-0.26276619968843506 -0.13228166628379232 0.9543845727147786
-0.2622835059471349 -0.13515686647832886 0.9519567137248988
-0.14997676156803852 0.001702848452392462 0.9881068765587927
-0.06800962908457489 -0.004502363847969829 0.9974585584141631
-0.15482300735942972 -0.12967060923134197 0.9785603443470617
-0.0029342913238332396 -0.3340679518402941 0.941218857006861
-0.19092234713492956 -0.08722638243513064 0.976829258024904
-0.0029017813279577356 -0.024071681225676645 0.9995784699317277
-0.22313867004114424 -0.3266437658385729 0.9162959827808791
-0.3011066342243379 -0.041452466852220475 0.9516193491663687
-0.21959343423313363 -0.006637907943991748 0.9737299410296706
-0.15665891759268671 -0.055225918547562945 0.9850017542225111
-0.02102456774600157 -0.013936758521304812 0.9995345252517822
-0.06604398258471167 -0.020030167851538435 0.9970752700818002
-0.0022270189199451156 -0.13543341758710511 0.9903530213219833
-0.16786076371317038 -0.22786894829593515 0.9575306650261346
-0.2529947302510193 -0.013162559196646124 0.9663427226075996
-0.14615880457898556 -0.04907822885434326 0.9875343366339359
-0.2467623189218239 -0.014241192784325812 0.9681706074490699
-0.04998543739317343 0.00046556918782455613 0.9985344512665718
-0.2905787892067373 -0.2906246316422626 0.9096043716065934
-0.0038485616022531626 -0.1959492092602949 0.9800341442166455
-0.09171456579951226 -0.2561655658910723 0.959847585303045
-0.0010194742843181402 -0.32118787609682403 0.9462321567058571
-0.020921446127662283 -0.03159405870425408 0.9989671224824198
-0.11075219660907588 -0.26303755629445025 0.9572342641713257
-0.14576241243532354 -0.20886323922664157 0.965123524821443
-0.2114168130634461 -0.0013950295236994587 0.9764553617148578
-0.020400266107779456 -0.006347207195104674 0.999659993962004
-0.27126799225027826 -0.0005024953921422279 0.9616346946901401
-0.07094435223922821 -0.09315116420565303 0.9926596986914414
-0.1977730134423801 -0.004765338349375583 0.9790822628195337
-0.08887868019431344 -0.24283237969033347 0.9651088575999694
-0.3272344806516875 -0.06996855093328422 0.9409770477347912
-0.12289647741248408 -0.046457854539616164 0.9904244638322329
-0.026998790248497332 -0.31535659586136966 0.9473581183569665
-0.23020743284547934 -0.003735435343232274 0.9719820538905809
-0.27242338772043656 -0.020796238203411456 0.9609447561188647
-0.20084900459372418 -0.06811195211485713 0.9759167741704377
0.0011382284311384104 -0.1576247510578394 0.9869880797019366
-0.0043276033107689516 -0.21820435462232915 0.9752079618585072
-0.027042320439416276 -0.14012256342676505 0.9891254903487565
-0.06457078422431788 -0.01967968421997745 0.9974774322275854
-0.20711913329995774 -0.18834929948703175 0.9591013981684626
-0.13091517563042698 -0.003864517141180541 0.9907336890978168
-0.2865183389310559 -0.1843390950967017 0.9386271807215052
-0.296362766872581 -0.00197494150698904 0.9531827100591458
-0.005754882886093458 -0.1001249012015529 0.9945560847873193
-0.031662380069090654 -0.2140566036966798 0.9753522490631359
-0.31766527968365565 -0.20555714268376185 0.9238094418583923
-0.22573225696961918 -0.09988984281578858 0.966920411536375
0.0008375562824685084 -0.1946967692240898 0.9800933964338077
-0.24663105178931943 -0.24541407782058836 0.9315477597424016
-0.1820496372373169 0.003020850027548111 0.9826089165154341
-0.15728517259806393 -0.07788657594058898 0.9837544137799623
-0.021717148113969804 -0.012936257845971797 0.9996377890638842
-0.05354000385974016 -0.10810447515091541 0.99239048851093
-0.12455848923711789 -0.09790874668723026 0.9865981479991853
-0.28199586756342443 -0.016312982812049594 0.9579155061182402
