-0.025312024195727666 -0.03031176770855233 0.9992041634015335
-0.1599473733160131 -0.006546034781715947 0.9866117577812062
-0.0012893781633722748 -0.051592812749575175 0.9985263262762547
-0.01015722868797084 -0.2826942767671978 0.9580796807065818
-0.2450938340802609 -0.01574513856018738 0.9685979680043204
-0.08550875182282924 -0.05334623190793153 0.9947772343457238
-0.11993499471210858 -0.2669273397881469 0.9560818446563736
-0.358968989803662 -0.005370807669837966 0.9333094617535523
-0.26754515412754115 -0.04343604254297805 0.9624468748485985
-0.0013719705111615832 -0.00738405418967793 0.9999643204960756
-0.01985865837846052 -0.007171907419321926 0.9996697297091915
-0.16668362018497154 -0.12380622290706313 0.977039407056179
-0.02496418332845673 -0.1999956449720561 0.9791166807743548
-0.0025359113204768127 -0.077876816763366 0.9967324556736638
-0.1907427138485533 -0.22107610972011152 0.9520411203831233
-0.007901083242267985 -0.31746921113895105 0.9478491755752886
-0.008193574714387277 -0.13818593665228748 0.990075999882551
-0.006396646555670986 -0.047168485718863305 0.9987366584996832
0.0002024913850616305 -0.0838369951042928 0.9962581549075437
-0.05033012469838463 -0.2191659752096068 0.974341832628306
-0.14448557202117449 -0.10251071071744977 0.9839311330936477
-0.28361660453204157 -0.3276849406023144 0.9010881774367632
-0.011754202713984814 -0.004928318075286912 0.9998155513747419
-0.021615428079842163 -0.06163231702092769 0.9977553091233854
-0.040263980908220705 -0.15099011196463713 0.9872837966827445
-0.03417218209161699 -0.013826434628801494 0.9991158740205311
-0.26992590445749115 -0.18242319557189987 0.9452605886033485
-0.2545080778919029 -0.3556025813043841 0.8983820118144807
-0.06317066884685676 -0.3694432021353327 0.9268469638393213
-0.26503490518165695 -0.20894177475188574 0.9402529891283035
-0.0008792646502730488 -0.025290752682610898 0.9996250359267953
-0.006670346959248943 -0.0021195489321154727 0.9999642518795476
-0.021531901891917442 -0.010083670190634195 0.9996669390068531
-0.003174198632745651 -0.0011251862601746594 0.9999902825087651
-0.016887790633659246 -0.26597707622752154 0.9635656730926975
-0.25100714919022155 -0.07698419146404727 0.964857722195767
-0.15148857901994708 -0.004007603783520653 0.9881184643677002
-0.006471913963065643 -0.32271228766358884 0.9458682311592121
-0.07130952797307462 -0.05155094129961933 0.9955099613221384
-0.1402077621130145 -0.09148394329879876 0.9847187909476247
-0.08515991592453598 -0.26755522541793875 0.9586896675388701
-0.017559604363782136 -0.02682730748451922 0.999485598639486
-0.30736670157412344 -0.2918064521979019 0.9056904560433755
-0.12509551809587982 -0.01764519769059715 0.9914463122347577
-0.013561902161951656 -0.20019349691015204 0.9791139405547427
-0.09398253306877898 -0.29692687663796796 0.9500620577721588
-0.23032625744911953 -0.3279980917661785 0.9160548472689208
-0.08827402054766145 -0.13790819329247206 0.9849499594375511
-0.004646944783021144 -0.3778530954579524 0.925786495554514
-0.1962905900226372 -0.319502849462745 0.9267073515766494
-0.02905226609255664 -0.2984150160783193 0.9535376531486743
-0.0019164636876672237 -0.3396529472200209 0.9402852002019513
-0.11921515945809572 -0.0716082442350731 0.9902477554498047
-0.0005616998390965231 -0.08235309228662699 0.9964271844963202
-0.22791601223739041 -0.06416691332272675 0.9703702777976866
-0.19011058440022258 -0.05425752348686555 0.9800535651095499
-0.24172680904184457 -0.004094737275540779 0.9691246647834963
-0.15847835683720105 -0.05994683830597087 0.9845081666916654
-0.03640473114046389 -0.19240077894136093 0.9806373504144552
-0.07694392167502588 -0.00017826789914094133 0.9969396676889363
-0.2936627942616461 -0.004885854162910752 0.9555015509603868
-0.10872016878732675 -0.13787582927427308 0.9823215038139491
-0.15198666701022134 -0.16136231993473196 0.9749941259495343
-0.012865885242162459 -0.19345017429126643 0.9797880948308564
-0.3507854443689349 -0.10544088404207622 0.9304941415663934
-0.011244399942551166 -0.09891611061437516 0.994999307618229
-0.004073451607042588 -0.025651538128072145 0.9996261012092353
-0.17550007671503695 -0.004334999890466172 0.9843788750242163
-0.014261065253070802 -0.022861343733141207 0.9995117155281081
-0.008438263288017457 -0.13324077443514928 0.9901438390930536
-0.04726665618173431 -0.08611669956508543 0.9940364201213928
-0.023652847998908714 -0.0033292617227149734 0.9996959435223974
-0.21856242083774502 -0.18764315414619429 0.9574412924970309
-0.26247474437020873 -0.13457466062991016 0.9544808877192116
-0.30881457186062555 -0.02441402328267974 0.9504325482528496
-0.2610159893270605 -0.005830569096609195 0.9651752582642155
-0.19185221311509676 -0.08105922893324245 0.976667382927852
-0.06311421847075924 -0.0711976080112951 0.9954362679116776
-0.3456016065171769 -0.038382028285887985 0.9363014904772817
-0.19605309455199207 -0.02115126576605679 0.9799375128593025
-0.20830809454484692 -0.22985386345703063 0.9504051524103007
-0.11704221440213562 -0.04291511959059254 0.9921461284416103
-0.1451391300303393 -0.2891592777587076 0.9441867169162728
-0.22074313653752534 -0.31045668340456456 0.9217819387881224
-0.0006791872825145386 -0.0029167331587115508 0.9999907844754999
-0.10456765312937487 -0.010389001543408414 0.99433723825005
-0.02359826669226081 -0.2279499906010069 0.9733211190844027
-0.06914653661178813 -0.002810306488239131 0.9975360818762119
-0.03781198810548736 -0.3729166062366852 0.9254890237145188
-0.009640062377279867 -0.06313351115645213 0.9979060322353109
-0.005452589570902722 -0.2888128109664242 0.9567000593755404
-0.3689442428129306 -0.3493491760931309 0.8607685061043366
-0.006792727831120692 -0.1318228829885676 0.9907138144557475
-0.2604189345930329 -0.2739208039778741 0.925345739428066
-0.030039753514290578 -0.26503344510670873 0.9619097106670992
-0.10524112685918799 -0.3861264238832159 0.916185443036963
-0.3318322641823398 -0.08242739613266681 0.9394423600400075
-0.09996890191642457 -0.003956572877026955 0.9947470324588759
-0.08785548183127956 -0.15401837523845902 0.9836361108597672
-0.005352713554026636 -0.09702199282289341 0.9950289906664267
-0.010678038550609985 -0.020997134650790207 0.9997014613532317
-0.2574286934367272 -0.04387069261649936 0.9648082265575989
-0.07819234743867742 -0.28690249300681653 0.9546693643384478
-0.1469077205368293 -0.25611547923080175 0.9541686827574084
-0.14578180722473666 -0.16866353356821767 0.9729591492867349
-0.12915556051205812 -0.29093258917572423 0.9471894768440323
-0.2913115372933332 -0.20017607758893852 0.9351703953201234
-0.3404154799883294 -0.174773176035608 0.9236996300778317
-0.05865811198543522 -0.0190254549700793 0.9976487875101391
-0.0669309030283445 -0.005668633838803109 0.997684366715831
-0.3768901463304704 -0.014101000474041609 0.9260046531278853
-0.026484603821043264 -0.37619890285965846 0.9259905017096944
-0.01714166359943238 -0.1978304809470111 0.9799498612835335
-0.010177008020841805 -0.06482752303355938 0.9976737173815566
-0.04894896558386655 -0.31282358177506536 0.9478018844473232
-0.05143013767788358 -0.11173678073147467 0.9920199946609234
-0.002949637869619829 -0.1638269507839015 0.9861917782878161
-0.12976993195608885 -0.2292709442195906 0.9641396062241941
-0.006439023850389025 -0.04870517718277907 0.9985599165807375
-0.003474538069662715 -0.11701080656119427 0.9928556303135955
-0.17516607050818822 -0.35213523774326916 0.9166529312799786
-0.09768005552443142 -0.06826635128583575 0.9918902716921115
-0.07344045492431323 -0.10534785384074585 0.9911067758019307
-0.008050184230895336 -0.08550233900827481 0.996114962744509
-0.09457141620441477 -0.03406790008018655 0.9946187542253986
-0.14616534289412514 -0.08377316485854784 0.9855080880109994
-0.15426531225245932 -0.030682429478930802 0.9874501793215692
-0.02320130970997084 -0.1625949046437208 0.9863280508948166
-0.00569698372857537 -0.008972931974074566 0.9998363582491754
-0.049052193748030624 -0.13378426077484423 0.989703997596494
-0.0019371855992380263 -0.028841878135446537 0.9995230631632269
-0.06231520215317808 -0.020219416062106834 0.997643579882822
-0.003789072070060422 -0.01001273056577984 0.999939542471859
0.002275143075098815 -0.13821837407900303 0.989662169445153
-0.040868766396299695 -0.2983794481831643 0.953248966586458
-0.01994218575179309 -0.11352255541667278 0.9924197236909658
-0.18542993541992653 -0.03970526546740914 0.9817729370622595
-0.1406856590875279 -0.23202780328335 0.9623388589481068
-0.23896294076304458 -0.09628611011653766 0.9655434978322818
-0.07346792857735703 -0.011050138766488145 0.9966442279636971
-0.13511946309751352 -0.050118498518599654 0.9891441446763508
-0.25800498551133205 -0.17632314239867752 0.9497143007047226
-0.25414752192882223 -0.21130350190955818 0.9436573542747806
-0.23079719672152385 -0.28778223531783165 0.9291601740967522
-0.02357829067199091 -0.05231535225595467 0.9978037460963872
-0.26941724145308915 -0.29891025319572745 0.9153711035113161
-0.12389737669196615 -0.009082488584644383 0.9921809368251008
-0.283405196483793 -0.2390831978321346 0.928510379293691
-0.20363868985558736 -0.14700879114960116 0.9650216749823773
-0.07240725376159898 -0.32417139116829324 0.9428054994133012
-0.05308054929801435 -0.042375427509430304 0.9976716075383955
-0.19897392990211205 -0.25361753625518163 0.9445594863760732
-0.06457329210172856 -0.09825643457613054 0.9929922451120407
-0.3824292380798332 -0.054306657897838576 0.9219817965786298
-0.3774020093320723 -0.013224020861195406 0.9250682971214418
-0.3540356404480849 -0.10394107629359624 0.9239680967840269
-0.03520817254870086 -0.2616991875625332 0.9644296698031083
-0.0639308526680522 -0.260587184777266 0.9629988382956427
-0.15906611745091742 -0.06328810660740121 0.9848604140237227
-0.1555389935792577 -0.02398434885440948 0.9867048519045346
-0.267900822706369 -0.009060252636485201 0.961901831588742
-0.16448829688993785 -0.08054511910673552 0.9808236337577835
-0.002535731580829631 -0.22258431427668116 0.9747504232130291
-0.05853168241123756 -0.049898443759283505 0.9966793680421719
-0.14335443473671067 -0.267484625188527 0.9527211570946973
-0.17700264893891354 -0.0029004479133029545 0.9839654482544632
-0.3039007430478095 -0.06011701322253016 0.9505003188527686
-0.23263527965084263 -0.015524258353278397 0.9718915409420914
-0.014717241230963355 -0.1248098284935561 0.9915099507984828
-0.0550083907672881 -0.00473801569247667 0.9982260948080239
-0.14297665531248072 -0.15213703165023257 0.9774353563193234
-0.13425543380631919 -0.1673230101578966 0.975432550636142
-0.024788624606369207 -0.11520232481510917 0.9926494248206668
-0.04221468423171993 -0.005754807539334614 0.9990916140121866
-0.14243970353769778 -0.0008668713912832459 0.9895844728055064
-0.07770062138788766 -0.36052225992648107 0.9269720422858754
-0.001344332501785244 -0.37341954756720536 0.9265890269406558
-0.046594613756008915 -0.3943501225947785 0.9176877545936408
-0.272937761381407 -0.1438238455960695 0.9495744311425115
-0.2962893302280709 -0.36520091081981 0.8824110241326465
-0.23618486765566796 -0.1420840251713081 0.9612165008766533
-0.3287152637922727 -0.35631650687829947 0.8746206320381159
-0.08940106401362913 -0.2514162590200762 0.9636973407886308
-0.10595767562194583 -0.14971012166518016 0.9829881176032865
-0.20964222018700365 -0.08459887895948241 0.9740519593690756
-0.3794734780736972 -0.11057257963603835 0.9184122189334929
-0.3697003341994938 -0.1586096269392871 0.9153575031899822
-0.017842547121532056 -0.39334403335524937 0.919051710321052
-0.29188308207058167 -0.09058606935556045 0.9521446788226462
-0.1511502947613593 -0.11719059483180116 0.980470371824144
-0.01776700910066261 -0.32123798964643774 0.94588830571323
-0.002765714724000342 -0.3523159864315618 0.9355569673993569
-0.11534514317707555 -0.1481668133688654 0.9821018436207709
-0.11946521666408 -0.1003405845632164 0.9877292319233861
-0.09393458388931329 -0.21131924523209264 0.9717282858559563
-0.02704800904905494 -0.3216461676274532 0.9464062098316851
-0.02181826704982608 -0.2201507610601166 0.9747083228154327
-8.388226229515759e-05 -0.09429402387080876 0.9955043886719075
-0.0020353165800399762 -0.15119161308221762 0.9881176073911073
-0.339521908550255 -0.19502291093486726 0.9173577417459916
-0.012498995520238311 -0.08560398645777861 0.9959949973830496
-0.10981830151665602 -0.373703550940524 0.9171936267913633
-0.1575965325778252 -0.012344523722710611 0.9872220133286848
-0.06463492438784026 -0.28617939168215134 0.9548020957978551
-0.23489186159798028 -0.017991884877912277 0.970926611750629
-0.12173956744542698 -0.02351137467133271 0.9921357411734691
-0.0034257099805447824 -0.21234360123652543 0.9750523956722277
-0.2684876825017365 -0.028942993195829214 0.9614160107648337
-0.03592086890733532 -0.15981492694794106 0.984939917193984
-0.1574303480846222 -0.004334330911273032 0.9871330497955313
-0.07671445644222513 -0.08563204203378126 0.993353550754304
-0.305918918231264 -0.005463585086468354 0.951486444488915
-0.05867999143041498 -0.1463323646181072 0.986855333202012
-0.3690263781508702 -0.19045135089866935 0.9095054423661039
-0.04199454403124544 -0.12086094686760374 0.9917795401343534
-0.2428479193343864 -0.22921890046684584 0.9386221169022745
-0.1767841582026969 -0.24884438938643624 0.9520699987807558
-0.22231718641825396 -0.01626760806579721 0.9748312949591788
-0.27851240360709995 -0.2630846199377703 0.9235623146018515
-0.21910067747375167 -0.05435909066043465 0.9741210307242021
-0.22695813624384512 -0.03129354490979796 0.973128719713486
-0.0027210579275268143 -0.010428974426502544 0.9998967510312671
-0.24233584410618678 -0.25201241493584386 0.9366447110966373
-0.0872147424649697 -0.08311524662504456 0.9925451394732235
-0.0610764681839784 -0.017603634263453696 0.9979489634004349
-0.040425799987390015 -0.009201847706778546 0.9990928097255327
-0.25153756508576597 -0.10622141390602202 0.9618121955379783
-0.14513846359445132 -0.37228003860888836 0.9166517841685888
-0.03849682056297761 -0.08718676736501502 0.9954132746320483
-0.16735060083570824 -0.19704223231058884 0.9657969451265596
-0.1147744397125103 -0.31654613091708994 0.9403606573555349
-0.03628412537843984 -0.056274932877739194 0.997742666910615
-0.029195419851892425 -0.053519686885079513 0.9979418285821722
-0.33541626377073563 0.0036826699520518162 0.9415997586169716
-0.25316010082673124 -0.0013425089201339689 0.9670384847374661
0.001930316616097803 -0.29951276327748133 0.9538798847292893
-0.0021352591052817183 -0.02597285200613162 0.9995375800656646
-0.1785071561215938 -0.21330230845154421 0.9587790612024617
-0.16704241106628617 -0.33503357320003985 0.9272604710252823
-0.0040217852124151444 -0.1987535693216703 0.9794126829412017
-0.041499108619933375 -0.28120939079378054 0.9585858026391202
-0.003253868153042331 -0.04421327755400398 0.9988941228898136
-0.005546195226638384 -0.239856472756468 0.9703398176300485
-0.049962494987088144 -0.07462298660745459 0.9954886886413647
-0.18496399863697421 -0.3671380303396965 0.9111303936355054
-0.3866724975606736 -0.055966678859682394 0.9204410360013345
-0.009771091872093449 -0.0049153372689103095 0.9999339784211079
-0.0011032285410560222 -0.18688661201723417 0.9821935459035167
-0.005993629773232493 -0.2719733268234288 0.9620163329020486
-0.05052225784808668 -0.001327192027329408 0.9985612542546511
-0.0764668059800194 -0.2845374301916817 0.9536591083869408
-0.21234618679941633 -0.25795326180442346 0.9399375762012109
-0.06322200952479234 -0.1408942665603769 0.9879270156965485
-0.0021488146730875785 -0.06937237518602583 0.9975115767881313
-0.3200195935686144 -0.12072360371935595 0.9385997006204087
-0.30962945300534556 -0.05723891073582403 0.9481980793722878
-0.304864368816082 -0.005936910209038911 0.9520350848631489
-0.1949852646118757 -0.2502410506756976 0.9482452380270913
-0.2598390778660783 -0.24311474736812955 0.9342789373485063
-0.059653397655715854 -0.001489199142704035 0.9980229651768021
-0.37513465309559685 -0.0034152956969530847 0.9266775697208851
-0.2149022995467102 -0.1402088883884496 0.9648094722146842
-0.10449497942873684 -0.0019121652504844582 0.9943590643551992
-0.3815427357553723 -0.2571277190289487 0.8877333871464131
-0.3282774270699156 -0.1409408374234964 0.933780515061905
-0.09135305645759542 -0.3590491019235537 0.9282784261213285
-0.057572839765487674 -0.02040024637578598 0.998116248613515
-0.2438589923944589 -0.10148620228429878 0.963201820025932
-0.21063929585349567 -0.3718460285493563 0.9040665907021612
-0.007648254889079843 -0.13203655452229518 0.9911405382963553
-0.045965124942753344 -0.04158379821915255 0.9977810389602894
-0.10688713122454137 -0.03207871113704576 0.9923987018641379
-0.2779222398331641 -0.14137442103876122 0.9499227557749246
-0.04673890772002145 -0.18560978718577845 0.9803989308590725
-0.04276393835814875 -0.15195603195494026 0.9873559238795317
-0.029949217638717423 -0.0024059640651696917 0.9994319095351833
-0.19049764807786929 -0.03282260008852618 0.9798887293975271
-0.006574844637279529 -0.01607941708582668 0.999827445689001
-0.1175403764646414 -0.027326246528746392 0.9921862851543183
-0.19487652562811567 -0.1260014494178214 0.9725916226106626
-0.051569161748287025 -0.3488338533068181 0.9351262032995687
-0.3739470846910436 -0.30718812511430055 0.8747413716244062
-0.027514235949502145 -0.09055717147881452 0.995006771671908
-0.012233153514265896 -0.03935536734799264 0.9990239239653615
-0.05068205532685082 -0.2265476073804258 0.9703466970040481
-0.16834066637013828 -0.290749204727855 0.9413505538115658
-0.06393541993421425 -0.17729112981691844 0.9820044317541395
-0.11387318197820435 -0.2213746524120402 0.9684766402947975
-0.3451159353229602 -0.015304119004668082 0.9379035461532385
-0.03235159730027761 -0.2876079124909364 0.9564830018669965
-0.026082971140426518 -0.11734218321335042 0.9927073186377691
-0.011975757430204601 -0.0007636214095510632 0.9999081003891298
-0.3402055057234526 -0.010592837072004462 0.9400054066773735
-0.027740898632812917 -0.00941126676675698 0.9995433771857972
-0.11494154843301509 -0.0028980248824499698 0.993170952947004
-0.3018005859604556 -0.1113420056462813 0.9468034382053392
-0.25889592730052485 -0.11832872968615206 0.9585238935966263
-0.13205528966620014 -0.18900901051809277 0.9728927937069912
-0.26484912881972383 -0.049646662556967584 0.9621919841725988
-0.026038227802654662 -0.07919041903480518 0.9964948720333549
-0.12138311851440212 -0.34187539071931816 0.9316015354375298
-0.36635705295253834 -0.002413396445575502 0.9294036478490518
-0.0012163868545887633 -0.0021448710913800646 0.9999922139032784
-0.060617925739215504 -0.039241972701348465 0.9973533674668815
-0.27034167920566055 -0.0685925760350655 0.9592742739992202
-0.267152247378103 -0.03198581884102581 0.9617053927506446
-5.9139704217882275e-05 -0.014076628636911103 0.9998957696395153
-0.00593857339376909 -0.28921697415421993 0.9563756455115107
-0.18742310544352656 -0.0072402006809914685 0.981868390671911
-0.3040503000334736 -0.027357589669516277 0.9518170924150066
-0.08087051828754162 -0.15574178031590055 0.9844797316372478
-0.02346915246054102 -0.0014937788641195698 0.9996194799879317
-0.002343274602554978 -0.05329229027375731 0.9984777350598217
-0.07603963409016078 -0.2153837231147916 0.973548540980519
-0.21803701142972007 -0.004362191186783388 0.9756972762598665
-0.36672781427190615 -0.03787086139543385 0.9294838405798234
-0.147713615255742 -0.056088357098285184 0.9873929086841373
-0.16978343927206868 -0.027543022590429032 0.984766944011209
-0.03283741657479168 -0.02933129041421518 0.998470620499156
-0.05074397981749375 -0.30020971866190455 0.9520780541277388
-0.002722256665910148 -0.21269651232536163 0.9760228560276355
-0.06747556594536125 -0.19584998411912308 0.9764329142192362
-0.0908830600639473 -0.09629002891074794 0.9901889692304411
-0.014009013101097121 -0.30595741373257374 0.951473220377981
-0.10890758339229048 -0.045807236705299736 0.9928069989053919
-0.010589578266790283 -0.34262735558882745 0.9391520420504444
-0.3498682220203358 -0.2763610532288865 0.8950508064363775
-0.04953640730418721 -0.2420762477397666 0.9680424482030272
-0.09582553831546166 -0.17696026922696048 0.9795245355860592
-0.024245420541126897 -0.04937596878987793 0.9984557859928103
-0.3162129297591232 -0.25395184431235807 0.9139494493762909
-0.09991943200842493 -0.31104067390373746 0.9449978378405814
-0.3024962504947909 -0.16068525857771834 0.9392783717418152
-0.22746489872209777 -0.16613980978234782 0.9566324580586301
-0.12156104048017283 -0.004443986095290568 0.9922687083611235
-0.0906594680989106 -0.012156609103414333 0.9957763850146799
-0.1863131666855572 -0.15889726480747604 0.9694838288132243
-0.0007304758282975132 -0.38106097152938656 0.9243066977205007
-0.2265179407241567 -0.11286074054135081 0.9673589722117582
-0.00791526467112794 -0.03848298735037305 0.9991691505082853
-0.25918371211748115 -0.3700658750399929 0.8919557260525871
-0.34317181076898945 -0.05978919237418926 0.9372844663495036
-0.18634825887631187 -0.018335711089702215 0.9808462835417787
-0.18985772351532543 -0.03899426114235988 0.9803879304401839
-0.03532214193742924 -0.02573374443389849 0.9990026906569272
-0.08655236166908294 -0.010804219361516182 0.9957891177957686
-0.008171743039481046 -0.16634613270229345 0.9859483592354968
-0.1995630866024574 -0.2650692243668865 0.9428586521512583
-0.293172616514889 -0.022952829395272885 0.9554427005189573
-0.17704914130062935 -0.06871635650027264 0.9817961334625324
-0.28729041735356 -0.025681476068522276 0.9574520921969936
-0.0343428052408754 -0.0025614654865653936 0.9992632229929888
-0.3304758094350004 -0.33009398779929616 0.8841923902863882
-0.010605482058049873 -0.23244396506600543 0.9725119577721507
-0.11957009071797636 -0.21926424660872712 0.966637748581005
-0.00040246478610163756 -0.283587482662459 0.958769692135916
-0.03521313110231711 -0.020226472487279462 0.9989536109291671
-0.13889905883078812 -0.3025419422386156 0.9429115996529127
-0.1176851145779247 -0.2459796952702747 0.9609969340610315
-0.1792492530623986 -0.004870179810496869 0.9832038548920279
-0.011110054457081244 -0.016408943555525902 0.9997464875363629
-0.313209926959426 -0.0033778847780482546 0.9495737685743766
-0.09416479233489296 -0.1196211628632189 0.9883349768058947
-0.16613026327508276 -0.002840163000060386 0.985261062707548
-0.0656748203356525 -0.20831733015915344 0.975698999268581
-0.37110842981121006 -0.09269842902496729 0.9238165250707072
-0.09633949339629691 -0.06612532123461125 0.9925903438786177
-0.014388488275908357 -0.2795274612327039 0.9593745150453212
-0.27068318783113277 -0.008546008531340828 0.9621181818659551
-0.31320261129625426 -0.034635291367509716 0.9488443882913705
-0.24048899807643853 -0.04969318980061188 0.9687683787659734
-0.0031623324227383408 -0.1911198276464956 0.9814622147504369
-0.002950793355490744 -0.2558422408244469 0.9665812570505901
-0.01684976433533786 -0.17085807090446978 0.9848658913951887
-0.08682854499026911 -0.032938071749173896 0.9956579066048806
-0.1766153981407446 -0.1579701498850286 0.9714256102232581
-0.10364665617919595 -0.005026882097155035 0.9941784402770629
-0.3271656189781249 -0.21793215288142095 0.9194624455788433
-0.26141835341117353 -0.0021351912396947842 0.9637352722698782
-0.003920098384015087 -0.12794407441351704 0.9916257162884659
-0.020248714292465015 -0.25363322834545765 0.9667976788061454
-0.36025750731238865 -0.24036994664383296 0.9013095382198796
-0.2649405980729125 -0.077181229188197 0.9597491925619949
-0.0030617819815943505 -0.23103791445094324 0.9726621794710203
-0.29242460081232463 -0.20964541360131142 0.9280168050227376
-0.2159468239064102 0.002044725408248741 0.9761349316442893
-0.18997371326875243 -0.10204535326112948 0.9764008414798431
-0.01245280182393765 -0.0055678529246677485 0.9999067066547054
-0.037163633439863675 -0.08451851138134056 0.9957041206644094
-0.15387931598757754 -0.12460443327857527 0.9800279418964559
-0.32290365264583554 -0.02776888256094553 0.9453963028567709
