-0.027592726399741575 -0.03272331119633395 0.9990748091551617
-0.1654579543353802 -0.007741277277470044 0.9857151616581288
-0.0014108719862272827 -0.05484074626968252 0.9983598654297136
-0.008971838618192339 -0.2890267418016067 0.9562304061142477
-0.2385321494481437 -0.014052116486207293 0.9702929971246634
-0.08164698984235685 -0.050348784427998956 0.9952733872522785
-0.11540860549603693 -0.26045067236437425 0.9584680357383838
-0.3514888478784365 -0.0049101139441542095 0.9361989929580714
-0.26079398997236947 -0.040881500654561656 0.9644471992357627
-0.0011506962771366106 -0.006323039920303027 0.999972626774321
-0.017864966577140755 -0.008385543080530935 0.9997014057126427
-0.16147730740929236 -0.12903863758365974 0.9772724642054228
-0.027580684920368224 -0.20603288926528565 0.9778233304627023
-0.002016796668214608 -0.07418784767111669 0.9970240003939845
-0.19690102066577608 -0.21457593787116072 0.9523283368018911
-0.008994363448982986 -0.31030611431046173 0.9502479908735333
-0.009708085554522142 -0.1332243218991794 0.9907599039897643
-0.007455141218472035 -0.05051657041439584 0.9985735209942954
0.0005193347386611314 -0.087777786342684 0.9959287178258067
-0.047413112832683846 -0.213103218476461 0.9758632266926881
-0.1496559638478158 -0.10732170203766868 0.9826781057379114
-0.277281936503937 -0.32096343725373877 0.9055429671970465
-0.013040282631477447 -0.004246632594843769 0.9998040943911584
-0.023407136688670928 -0.06526094136482138 0.9974947022140639
-0.04342230427430363 -0.14554500572690748 0.987993525381167
-0.03680835107885083 -0.01210934361418647 0.999050885825421
-0.275870448299751 -0.1880378985707871 0.9424907634070931
-0.2617315154831401 -0.3474199871153846 0.8995934890670745
-0.05983030133038393 -0.36173513056855605 0.9301596218871504
-0.2720685000558656 -0.2023203729178771 0.9397558456293359
-0.0008309677930642078 -0.023338908681938043 0.9996750054224481
-0.007613970563309296 -0.0026047848575361026 0.9999570896758108
-0.01978567476040538 -0.008914929293727482 0.9997169712667422
-0.0026419253971928613 -0.001106827175262052 0.9999920332447634
-0.015281568095108602 -0.25938727672270867 0.9654201469390403
-0.24454536012680375 -0.07332638916930721 0.9668393421652182
-0.14614887868792845 -0.005333430650834951 0.9889361765810543
-0.005606238715828497 -0.31547803462563845 0.9483512432935954
-0.06739042418293857 -0.05490773404058372 0.9956206651450474
-0.13475418474356426 -0.09587076494720288 0.9850947826484318
-0.08109147412147559 -0.2738132782181927 0.9573130501160381
-0.016032286899936424 -0.02473187014940299 0.9995696374142321
-0.3007368012842961 -0.2854981710328174 0.9099890601201372
-0.12058320737896144 -0.01997203545693745 0.9919779752123236
-0.015056923871525527 -0.20622295689813955 0.9778662526001478
-0.09842107549853331 -0.3029053134161691 0.9477636288097431
-0.22464563481442426 -0.3211806479996949 0.9199387796806581
-0.09278620457626395 -0.13224954362409302 0.9853453725523194
-0.00610721012831685 -0.3703710403329681 0.928843315845269
-0.1909495695651679 -0.3125972919127633 0.9302331326934763
-0.026900133240541926 -0.2914646972250862 0.9557870130370832
-0.0021862244140805898 -0.332197558252635 0.9429872539642651
-0.11462874813447763 -0.06812725577134675 0.991056507706768
-0.0013000242363196668 -0.08622591331480954 0.9961089254583625
-0.23445249742463614 -0.060519868470645985 0.9690845758463734
-0.19582182132069717 -0.05762426744264592 0.9787659437867324
-0.24797323426794002 -0.004664932488641311 0.9675703084044738
-0.16422907906562412 -0.05698449293878715 0.9837689168982201
-0.033958859934588664 -0.18655758291236246 0.981880653591363
-0.07350681007899937 -0.0006434007867102108 0.9972065936404898
-0.28634741709766176 -0.005364365833092192 0.957756168242585
-0.1043226733669485 -0.14310971609080195 0.9820802499349198
-0.14705381001100454 -0.15606831338996605 0.9766473084820865
-0.011241543241311568 -0.19927073526255476 0.9786656530179476
-0.3434468694777381 -0.10137490088774134 0.9337338609308085
-0.010004821978713293 -0.09469461731597084 0.995435794011979
-0.004904371426147726 -0.023655862511502163 0.9996745944164305
-0.17011629807337428 -0.003555934080528832 0.9853465797523759
-0.012727326562564463 -0.02511642013477091 0.9994830816368382
-0.00687096836978509 -0.1384305361116977 0.9894630955903435
-0.04416361439391123 -0.09038310995180954 0.9938183278653855
-0.021707659413798267 -0.003013436482360866 0.9997435737334759
-0.2126502300501001 -0.18217629795824758 0.9598728693834292
-0.2552933775803019 -0.1400582317947082 0.955694886912824
-0.3020480362427663 -0.026541815309937912 0.952584699770681
-0.2540256079179843 -0.007362525349271098 0.9670645374923537
-0.18638799875823286 -0.085437422318253 0.9773845256265572
-0.059814620781834166 -0.06770130354727706 0.9958988905655867
-0.33825704276221796 -0.04110972667668134 0.9389109362321015
-0.19022561563485021 -0.019347089175454277 0.9811479598753834
-0.2026233224319788 -0.22376535339432937 0.9531351480474689
-0.11252152117837312 -0.04020774838325804 0.9928005933891652
-0.15067240179823402 -0.2820355586027457 0.9455301184755243
-0.22735214954758642 -0.302873816812383 0.9227686378946517
-0.0009418790639330663 -0.003681123659920988 0.9999884698389163
-0.1091886976023091 -0.012100239052871671 0.9938369153111696
-0.021702345860919604 -0.22168858620259882 0.9748401117128368
-0.06569429984482225 -0.0022492104007083742 0.9977787216488093
-0.04069134303481573 -0.36488568072733163 0.9286199715949447
-0.008494745874325572 -0.05981952496170524 0.9981285250835369
-0.00643461926746561 -0.2951913585601443 0.9547756159017593
-0.3617432365943283 -0.3427712869639077 0.8665459328914299
-0.007985872522989731 -0.13671117587433196 0.9900588993513392
-0.26644958530186325 -0.2798938383783654 0.9218933159653787
-0.027814042365109655 -0.2715572700383793 0.960189104469186
-0.1010924858937784 -0.37835231996517077 0.9199526816080812
-0.32456844371842025 -0.0787116361744367 0.9423455044190703
-0.10449049586308057 -0.004690444168123852 0.9942927438318414
-0.09228099884942466 -0.14900939036548128 0.9840316266244505
-0.006567761924667657 -0.09286677863103229 0.9954303242397531
-0.012199814708403344 -0.02298918912885474 0.9996442652852193
-0.26356490966638324 -0.04657245159968152 0.9630551977278511
-0.07462662365593505 -0.2801999549162834 0.9569851187790884
-0.1414332701134208 -0.2624844678533301 0.9533125564499026
-0.14007824498430327 -0.17456712418502657 0.972800057121051
-0.12394891641337924 -0.29690204059338365 0.9460754660919862
-0.2847118488435185 -0.19471789276930077 0.938407356097004
-0.3333064251568288 -0.169694522506413 0.9272942771730931
-0.0554244641946691 -0.02104133885810091 0.9978025455724702
-0.06374665007562975 -0.006723071109629407 0.9978936113814768
-0.3690066301864831 -0.012492344692573399 0.9292493874693241
-0.024542705555120108 -0.36835279603253085 0.9292453501721456
-0.01558911349568422 -0.19181486565083256 0.981197286565209
-0.011634619277990017 -0.06147483208484507 0.9978786185840219
-0.05248123452271332 -0.30576617545960877 0.949958792273687
-0.054764052994816625 -0.10689161801605719 0.9923978739277166
-0.0035018983678148374 -0.15852000231502936 0.987075946708841
-0.13449226078166282 -0.23522892940885418 0.9620963332033502
-0.005573252596210509 -0.051708432952704296 0.9984204116151669
-0.0029800932398923925 -0.11232460815757256 0.9934128735209345
-0.18138403590748411 -0.3442481350560607 0.918510459898577
-0.09339923504261104 -0.07195253795767716 0.9920626974438067
-0.06956194481192489 -0.1102677634183214 0.9908768515164345
-0.00916596188993781 -0.08950718517541822 0.9957646773407997
-0.09043860363627083 -0.0368085112017887 0.9949213770553532
-0.1412055507260884 -0.08001182074680331 0.9865692000061197
-0.149067413033913 -0.02838158800058228 0.9883385027305938
-0.021330757798977022 -0.15717677119314358 0.9872701069987722
-0.004837898351217408 -0.010212432452794571 0.9998304541633375
-0.05253782742863922 -0.13908940340576034 0.9888200364509403
-0.0024242841462512603 -0.03125986284848728 0.9994532163886629
-0.06615542091235416 -0.0183976178568934 0.9974432205981244
-0.004594384439750248 -0.011399520056744165 0.9999229719500081
0.002196123361769871 -0.14309822145157336 0.9889843016221905
-0.03781386655002936 -0.3049886428826092 0.9513196496792475
-0.018125505147317828 -0.11832827384995036 0.9919103088057906
-0.17983133893941775 -0.03715456881315894 0.9829392155454131
-0.13587823935099183 -0.22592914155725452 0.9645217459601945
-0.23232810260565373 -0.10071169302806268 0.9667537773880629
-0.07728876512576326 -0.009758589731281164 0.9963792231204343
-0.13030766542604574 -0.053381982372328954 0.9896409894923879
-0.25160161513178586 -0.17109379155357585 0.9524361296642647
-0.24782216109091207 -0.2056084756516285 0.9466484463421964
-0.22500572846437333 -0.2812378275352627 0.9326392547507271
-0.02151982869045931 -0.05548950780844831 0.9976880080177218
-0.263161022709621 -0.29244286101823164 0.9193394463991669
-0.11928898725115936 -0.007945447633511163 0.992770103644445
-0.27692045930445863 -0.23298181614085978 0.9320748659632625
-0.19810169480089732 -0.15294891680159398 0.9652947385121118
-0.06889374049906022 -0.3172473112960023 0.9454662601197162
-0.0563441401924911 -0.04554127399874791 0.9973664759334364
-0.19340559595157514 -0.2597960891406924 0.9440837900740257
-0.0612688956628598 -0.09411724052377365 0.9936207891989369
-0.3749436901817256 -0.05738163968382749 0.9249170463300121
-0.369918462694943 -0.01548561458333186 0.9280998257964623
-0.34674021639948954 -0.10913852889986213 0.9261913991462305
-0.03280711788064968 -0.2551226656565074 0.9663096505755172
-0.06068453107494924 -0.25403066534923 0.9649970528625355
-0.15419674171726228 -0.0672653883921316 0.9853970439378225
-0.15044049101676932 -0.0267479707948568 0.9874462869047667
-0.2741257557966287 -0.007620278202497545 0.9601880838090763
-0.17027056810994012 -0.07638642505454171 0.9802027221961851
-0.0028468866110946804 -0.21637136035437687 0.9761742997688865
-0.06209047345704972 -0.047452166839093556 0.9965955087340793
-0.13849883070316366 -0.2609826900045447 0.9552880945104435
-0.17136070577347645 -0.003107542307871052 0.9849845198210011
-0.29676631981620355 -0.05696490172635219 0.9529907988956738
-0.23882584056790754 -0.017117517105106277 0.9703906029631159
-0.016595265546116844 -0.1296829165070327 0.99087262809187
-0.05843913109026027 -0.0059464439007678345 0.9980331982037012
-0.14817261198979062 -0.1464490132923813 0.9775692758036841
-0.13953390019244355 -0.16249077744111257 0.9755423401188225
-0.02685812483241934 -0.11055649952660372 0.993140658914399
-0.03937832528764351 -0.006923687405409163 0.9992060736277127
-0.1373484248529164 -0.0010471527604107855 0.9903209636670246
-0.08230682630000043 -0.35221160650766337 0.9298330072710445
-0.0007667753680260836 -0.3654136852250954 0.9298277202027082
-0.04388476671059976 -0.38612057216882145 0.921375551447502
-0.27938994497284025 -0.13881195878439015 0.9484889965017317
-0.29000395559681946 -0.3579609042791367 0.8875370001396465
-0.2299320259813121 -0.13734041091803004 0.9634640032613974
-0.3221769026636753 -0.3495709821276269 0.8798449599956127
-0.08557202545928123 -0.24505548818392817 0.9657207733989469
-0.11072780511196495 -0.1551192086313579 0.9816579414212571
-0.20378327262109686 -0.08073704102131152 0.9756559672682019
-0.3718324347432982 -0.10651924773752182 0.922071082139996
-0.3622770395468159 -0.1535864653245801 0.9192409370648269
-0.016347888220635744 -0.38510674287249 0.9226190490682621
-0.2849620778393329 -0.08659598004003968 0.9546564693754441
-0.15680989325525127 -0.11223598761244458 0.9801982474224951
-0.01975419251090093 -0.3141344177946726 0.9482724657702529
-0.004178393819907164 -0.34493133918399727 0.938343523070294
-0.1109428812715334 -0.14303042412886616 0.9834006844701169
-0.11491250568041401 -0.09619525780082075 0.9887066111752025
-0.09848219196391501 -0.20535062319767625 0.9725949584705895
-0.025010837383256917 -0.31466136248470983 0.9488471762244726
-0.023779100696924384 -0.21358012259991802 0.9761556599657013
-0.0003677886808492676 -0.09008313125366404 0.9959057978885969
-0.0017330584808612453 -0.1461283946196975 0.9888967472934048
-0.3316090109454296 -0.20148425288344415 0.9189289624894752
-0.01100165542782202 -0.08969141847046415 0.9956652060813854
-0.11546854098908736 -0.3657223528856284 0.9197844295442412
-0.15226862227760743 -0.010964602869009145 0.9880942812367356
-0.06066940268875832 -0.29229411809030986 0.9532460226949928
-0.2280906524921189 -0.02017505172445415 0.9725393673925905
-0.11713689575253199 -0.02157066493992406 0.9927501424012346
-0.002483764081134104 -0.21859090207972978 0.9737011852304998
-0.26182980527247723 -0.0313442367322212 0.963210852803205
-0.033545892016809055 -0.16546216010534362 0.9841156851821479
-0.151974337672928 -0.003610131940620574 0.9880108470269472
-0.0809644861580231 -0.09003382544449264 0.9926513290321055
-0.3116212093335098 -0.006320576381863273 0.9496536056007101
-0.05450865601875986 -0.15159982584763515 0.9863288304704704
-0.3615473143277649 -0.18511279663594377 0.913673893155054
-0.039280052736448134 -0.11625261494343951 0.9924602496388764
-0.23618122246627923 -0.23567047319538598 0.9387841255028598
-0.17148606647923376 -0.2424796907479308 0.9547286533932827
-0.2162073980616781 -0.014928356402788728 0.9762530534327772
-0.2720635160928873 -0.256946364348674 0.9272699666377867
-0.21304121760760214 -0.051397246046633545 0.9756562259847819
-0.2207349176446002 -0.029100525615403862 0.9746573701213684
-0.0032830706370228285 -0.009195692106716391 0.9999083471286484
-0.23626214905659898 -0.245756381387242 0.9399125798250096
-0.08331946801319348 -0.0793417446499842 0.9932076970715847
-0.057776127402016965 -0.015946106740103546 0.9981821490842129
-0.037772600943475586 -0.00823964044602723 0.9992101673226708
-0.2573977342305894 -0.11091868846929628 0.9597698391751637
-0.14020992400776097 -0.3648860712324378 0.9204496083310139
-0.035909006269084734 -0.08328934143111984 0.9958578943925622
-0.16226526697480542 -0.19139846245746062 0.9678386989575605
-0.11988995321298275 -0.3091106793546969 0.9422520042822644
-0.03374187602513363 -0.05313700653148273 0.9980144504982147
-0.03144182674087413 -0.05068112748159393 0.998030213709925
-0.32823427802012994 0.0029984039151591028 0.9441696657749978
-0.24639622601288802 -0.0017218875292645186 0.9688158844738197
0.001599853785076533 -0.29247207319914903 0.9560994523591655
-0.001644656351362904 -0.028442451323776752 0.9994753615049436
-0.17271735806346467 -0.21948763033744556 0.9584914913597349
-0.1618328325946361 -0.32794240084417214 0.9307749357393184
-0.004948205292137397 -0.19284535420915852 0.9806132371179598
-0.044931210006775885 -0.2875294739612778 0.9565914554778558
-0.003900424632641256 -0.04156038331940915 0.9990105067354309
-0.006862383023609803 -0.23318164306045192 0.9719894185695742
-0.05343198297140597 -0.0708613876592121 0.9956002754022176
-0.17979219540867436 -0.35973498383837704 0.9151786242337265
-0.37881843024711676 -0.05291572497741935 0.9239389073483412
-0.008640966713936542 -0.004208743466688701 0.999948748895774
-0.0010894843684323614 -0.18134237809982212 0.9832531146820765
-0.005042045202806457 -0.2653941204983463 0.963889348055933
-0.047589845676482674 -0.0016218012738880158 0.9987104723710606
-0.08050353568119263 -0.2776675318154265 0.9553949539533105
-0.2188763209021494 -0.25109532113332456 0.9403577441270924
-0.059915480250374124 -0.13587191084730904 0.9888602348843479
-0.002586058386465868 -0.06590117765842016 0.9977538009251041
-0.31246202455601524 -0.12640747920867257 0.9404594179409913
-0.30280061890188836 -0.060896725454778894 0.950216769291032
-0.29783304110239306 -0.0074100093207577974 0.9542859765989808
-0.20072074679947863 -0.25597447412071583 0.9455637998595726
-0.266921984723109 -0.23613019387248163 0.9341416464136522
-0.06330843146521695 -0.0016927061684254485 0.9978061157613922
-0.3675680381763529 -0.0033602054865215667 0.9297511181468364
-0.22103214735303137 -0.1351846605335994 0.9641834025388175
-0.10038635258784674 -0.0014905611438839359 0.9947941162045632
-0.37405508833658535 -0.2512474894382984 0.8926732088362399
-0.3213553870103515 -0.1362125446772122 0.9369399355564111
-0.0873717782535293 -0.35158664170307624 0.931569252880186
-0.061030256091332905 -0.02229785650260208 0.9978802687631572
-0.25030751709031596 -0.09726259987620099 0.9620231670873873
-0.20526463442927723 -0.3644405624354545 0.9083809035357742
-0.006615797994117739 -0.12726938018798153 0.9917870598588109
-0.04312424650657086 -0.04425913728209651 0.9978025857166155
-0.11183317295329329 -0.03019794009156443 0.9919307870678351
-0.2713179999299693 -0.13660205970859618 0.952576260730749
-0.05008744483459414 -0.18004625790538809 0.9812987842310738
-0.040026499945010084 -0.14677497301544792 0.9882769475398349
-0.027594161637459577 -0.0028803317197948 0.9995021642065576
-0.19648050660460264 -0.03034445653976909 0.9788148423581088
-0.0057918488202502874 -0.014539205481716628 0.9998577912170737
-0.12233502166015982 -0.024940808313652047 0.9916881253448744
-0.18915308999541028 -0.12143609582690916 0.9743381827465634
-0.04875043999198468 -0.3415094658145146 0.9380245263051357
-0.36667007893052306 -0.30086611461939744 0.8800921783067618
-0.029528768487574 -0.08649852195530183 0.995323396469727
-0.013982686396320125 -0.036819799512709465 0.9991037425812767
-0.0470127997570732 -0.2329081177280412 0.9690613613714835
-0.16319101629479316 -0.28403090268731424 0.9443586906700215
-0.060613154063691325 -0.17174303057892013 0.9832286866346504
-0.10946468074443523 -0.21543900028236213 0.9703603473790214
-0.3378562855309711 -0.016795644150279794 0.9405599055246426
-0.034826055373482295 -0.28068675995288894 0.958489064825434
-0.02404257773390369 -0.11284435899082634 0.9932961499173272
-0.010518421391824724 -0.0010235210994533656 0.9999256692778894
-0.3329169312401758 -0.009384004899391235 0.9426662456892522
-0.030260412087636916 -0.01103165766438879 0.999459477981567
-0.1106360068300434 -0.0036912095512038425 0.9936697143540196
-0.29498172790936156 -0.10707749558640615 0.9494893403626782
-0.252456764431808 -0.11379926972757852 0.9608322811726516
-0.12737005449434072 -0.18340851386152296 0.9746250371708804
-0.27115534990415435 -0.04633555581847203 0.9606348339678266
-0.024029270317143896 -0.07544304942464446 0.9968477742693399
-0.11680587073292935 -0.3347466657752 0.9348265716361549
-0.3589882204718775 -0.0035401559492286476 0.9323151617224126
-0.0016651036219765176 -0.0017914834282322229 0.9999924726651266
-0.05734197366585742 -0.036658061827685 0.9976566485198234
-0.27653591164663727 -0.06471724167952683 0.9578138997315307
-0.2734087031329773 -0.029269830712917784 0.9600649420870191
-0.00015266965934058828 -0.015768290455619918 0.9998723588937406
-0.007518587477387681 -0.2821837269879556 0.9585011368142197
-0.18161235649916305 -0.008911693597359419 0.9829707219045726
-0.30986753907000253 -0.029507433551219767 0.9499033282580449
-0.07714911932497825 -0.15045745111894135 0.9856276455045769
-0.025782269917954546 -0.002091837164786734 0.9995650942598184
-0.001988321838739795 -0.05037385183271935 0.9986355745183457
-0.07246452160278453 -0.2094249010851059 0.9751535444930731
-0.21188118050393673 -0.005323608369475094 0.9770745578718556
-0.3590604789009332 -0.035387112913063394 0.9326216742447475
-0.14269583045608522 -0.053002948133712854 0.9883239758664426
-0.17534929239188607 -0.029503150059821397 0.9837576958787316
-0.03543614622440901 -0.02715745859383109 0.9984506455686899
-0.047877710434686326 -0.2934070709306196 0.9543847801708553
-0.0035633330843970867 -0.21898603760766258 0.974655992562686
-0.06362145336115324 -0.20178797451235136 0.9755155686212824
-0.09545718919793617 -0.09172659364261354 0.9902188727773998
-0.012531389621810315 -0.298981440989437 0.9537465570383099
-0.11352715931189321 -0.04866311814162332 0.9921727740311951
-0.00923167076560722 -0.33529739675951326 0.9418510538831881
-0.34281234969227076 -0.27022805190919935 0.899719972614731
-0.05292643212846502 -0.23550495508223537 0.9695205723876061
-0.09175671533459191 -0.17152338833244685 0.9809118113193105
-0.022338269592576676 -0.0464308215982077 0.9986495078483727
-0.30944808698044807 -0.2478428297797376 0.9180029862412518
-0.09578813115532755 -0.3041695481808264 0.9477070678615016
-0.2956653331685477 -0.155777955342395 0.9423299343246327
-0.2336503505055437 -0.16074718779342487 0.9561080916713888
-0.1265561964011686 -0.003367176997692526 0.9916653809212038
-0.08669941999693671 -0.010816790483094663 0.9961558075931799
-0.18085410792085627 -0.15382631323589013 0.9713727611210929
-0.0011168758753852515 -0.37298363391541084 0.9276482197279956
-0.22035544867976586 -0.10840653613733858 0.9693307609871593
-0.007037236843582352 -0.03595962628515523 0.9992743149158541
-0.2530415008614383 -0.3627050464098361 0.89681295103169
-0.33593230162196885 -0.05659952032719847 0.9401493475165823
-0.19221582435224505 -0.016285721812943722 0.9797755464853262
-0.18407768022464552 -0.04184771585957729 0.9813999409827279
-0.03281925984445983 -0.023668429094707726 0.9991458956088364
-0.0829643581089126 -0.012421900774806396 0.996085655361965
-0.007131523617135309 -0.16095598200478617 0.986870875584441
-0.19409177175205236 -0.2586622628923086 0.9458299479287662
-0.28621614569067283 -0.021243971749534265 0.9576266676896168
-0.17167589459607763 -0.06529102270083721 0.9830109644966963
-0.28027748273459946 -0.023685186667376668 0.959618548476003
-0.03708472413543872 -0.00203116232786926 0.9991714621264297
-0.32370968454628857 -0.32340251380148743 0.8892381559861783
-0.009424190260736185 -0.2261028650273109 0.9740469068682303
-0.11472055543857254 -0.22581110743152466 0.965762350683298
-0.0005106793206620826 -0.29024452113659355 0.9568077766909244
-0.03271061728404661 -0.022219228408786592 0.9990029365166513
-0.13402741427497064 -0.29575012134822254 0.9458203151820315
-0.12264873285048324 -0.23955313714909382 0.9620439044017585
-0.18491663782135292 -0.004261537307433591 0.982178485319412
-0.012737861117982762 -0.014646708992680444 0.9997581435887066
-0.3059578731101723 -0.0028751536355859446 0.9519764039698753
-0.0901155504837048 -0.11500764120162928 0.9892847380240676
-0.17170333283029499 -0.0031779273429682433 0.9843249914328573
-0.06975928969293152 -0.21442510492271008 0.9741282792250433
-0.36359179445183354 -0.08875899956857485 0.9272442852891731
-0.10100985514566206 -0.06268882838149144 0.9923708011084975
-0.016603176379583192 -0.28587562455849574 0.9574988768982268
-0.2636635210229879 -0.007705369723072428 0.9641085459120248
-0.3061576141619257 -0.03222164951237898 0.9512671786784098
-0.233614498946355 -0.05293700800899 0.970317350393706
-0.0024094772387276337 -0.18528602347325243 0.9826058767972005
-0.0031926512959422277 -0.24930768203917364 0.9683168929108064
-0.01863851728417736 -0.16549978864975026 0.9857695968331445
-0.0829382588299978 -0.03061883559757013 0.996076859714952
-0.18201597434849925 -0.16334289944771282 0.9695790568979749
-0.10843685935215513 -0.004823609868886869 0.9936833972965322
-0.3202219089556475 -0.21216524215786076 0.9233150161379801
-0.26759902225725474 -0.0021065824766473085 0.9620647829708264
-0.004242030705327414 -0.1230850834037481 0.9922548411647327
-0.022254442788567516 -0.24676850751408294 0.9685645804366716
-0.353018999112422 -0.2344201448919441 0.9058066682399958
-0.25814571102737977 -0.0811888871708958 0.9613121423941122
-0.002379064744243809 -0.22471929651907474 0.9741714492983242
-0.28450278425922587 -0.21603977503095056 0.9290839155698569
-0.21004632128119646 0.0022160679125406034 0.9774452576417059
-0.18429849485600203 -0.09784064720266053 0.9779521290513363
-0.01407592638939097 -0.00685871748567211 0.9998799188726425
-0.040037069440177084 -0.08866085403177434 0.9952489326827447
-0.1487811206146402 -0.11995883867251997 0.9814263031135142
-0.315831717285958 -0.02576936935560529 0.9478795194308867
