-0.058386312641743675 -0.06528899574641281 0.9988397759338616
-0.24041571525060895 -0.02386853842690238 0.9781248860437027
-0.003051277777063387 -0.09870113659881272 0.9975322317965853
0.006912289658965783 -0.3760211288717604 0.9373760498667528
-0.15192793534589574 0.008633061949848087 0.999907936840474
-0.02987448117616772 -0.010120051469049228 1.0053234337064987
-0.055664849262336405 -0.17597834869801632 1.0008029220036665
-0.25423246837265345 0.0012486324380455646 0.9845230557133694
-0.17206045095155603 -0.0068117803083375325 0.9996058882232961
0.0018330882255399245 0.00798410264742147 1.000240656293801
0.009000592766238096 -0.024753447648729467 1.000842747267658
-0.09274443528864948 -0.20037853885680423 0.988043169414233
-0.0629964538776244 -0.2886867415780706 0.9668086204037222
0.0049752376535594865 -0.024610367311374455 1.0028203294048608
-0.2813623368283267 -0.13000101295465227 0.9664899557622681
-0.023790358561820164 -0.21658500158176008 0.9908809344253008
-0.030149751725158574 -0.06688378292013009 1.0037550877370978
-0.021737330910871582 -0.09573550131479057 0.9980417055104931
0.004790036143504082 -0.14107492689067364 0.993607561282967
-0.008439302199033383 -0.1329122777292776 1.0032934123826296
-0.22044544810268507 -0.17294891508153803 0.9733322299475099
-0.19698582871499665 -0.23624441732671972 0.9817818133463894
-0.030383523941245848 0.00494286489118847 0.9999129728708066
-0.04761280733642636 -0.1143233177932123 0.996233558722182
-0.08620915384088582 -0.0730423565545621 1.003233311359473
-0.07238729263287653 0.011016163250449004 0.9994807720657436
-0.35918376113786743 -0.26587347197966105 0.9163056849086922
-0.3642295866332772 -0.24478941834665818 0.9344904049993115
-0.015642289693952267 -0.26269509018110576 0.9869275330840206
-0.370633031334887 -0.11637625499611123 0.9471425954751234
-0.0001801890643886822 0.00296758500604221 1.0008517081123656
-0.02034010868779699 -0.00914868811792097 1.0000091831667945
0.003748234386788528 0.00683850449420206 1.0009775288723388
0.004535993203819486 -0.0008592855633031068 1.0000527905695842
0.006240041431214136 -0.17252346909410898 0.997472091502729
-0.1596937163255662 -0.02470479058110605 1.0022906545099541
-0.07485024088541453 -0.023213874056615822 1.0042490778756525
0.005987231586453576 -0.22090704192731098 0.9901673282425468
-0.014870897888055179 -0.10030143939677737 1.0007048927231283
-0.06237370962441063 -0.15549514590691776 0.9969635821130799
-0.02705137237834386 -0.3602743231415492 0.9468260260923413
0.004548467827794868 0.003501855615263831 1.0016168748191592
-0.21669753855986812 -0.2055233364807451 0.9836864658595186
-0.06025026100854602 -0.05137480083910353 1.0026530168281405
-0.0352692042624963 -0.2885764571032353 0.9666501011595658
-0.15911058491400026 -0.3862311530340184 0.9256010043172123
-0.1516612114421597 -0.23439799825056828 0.986585656400612
-0.1540727580924724 -0.05719888291155735 0.9978796030164395
-0.025841830765111318 -0.27347934541657826 0.9798199508336906
-0.12180680156780978 -0.2241582693531391 0.9911294048944238
0.001835341793158335 -0.2004400157448955 0.9943754396831885
-0.005841471041311377 -0.2349966823357588 0.9884792473668887
-0.0533676267825339 -0.02153932336253702 1.0067972726782504
-0.011255274102437554 -0.13860879890470149 0.9939366623666556
-0.32425899444122885 -0.012008435422995317 0.9598739429815201
-0.27406880994822486 -0.10336294382114214 0.9679870053483542
-0.3333762211402835 -0.012358907920112605 0.9522230185487266
-0.24250002618378141 -0.017497938732570016 0.9796146929707699
-0.0012005957543321788 -0.10894580836278832 1.0046722635337835
-0.027291837675373964 -0.006914339930419651 1.00244204171375
-0.19038725385545135 -0.011853764641099761 0.9966091665299053
-0.04599135218030565 -0.21420846791777437 0.9849094482505337
-0.08182048407727713 -0.0860439556125983 1.0070611720226808
0.010552544591047534 -0.2785406532575638 0.9685716365951351
-0.24908774007435874 -0.047930700018488016 0.9895967979270204
0.006679455041825336 -0.03804049160792153 1.00403580588111
-0.01611126132137562 0.003238451571303376 1.000952465936877
-0.09829517011065969 0.006929243593397177 1.0026828584964012
0.007936417847961681 -0.05554193870393612 1.0000805332556122
0.01419603173399319 -0.20881163280410586 0.9842654304544409
-0.0025719398573359753 -0.14811090639350832 0.994510655160881
0.004511148734453664 0.0012437998395607762 1.0009061410577962
-0.135385096919463 -0.11056847157271985 1.0032737453613614
-0.1620678205073755 -0.21558135861353403 0.9844149968319961
-0.21341970264093785 -0.055404079352494334 0.9893785386068972
-0.16194998608245814 -0.028062735847192814 1.0005224902591334
-0.11425269921752083 -0.14485257132466867 0.9937646662967711
-0.015528698421627046 -0.020789718018333785 1.005409201507532
-0.24297190487828035 -0.07816780738798508 0.9834885128881902
-0.11278837863385908 0.004850901078030545 1.0028681931684236
-0.12855166908074425 -0.14451232217586277 1.001506154161935
-0.05203604719972759 -0.0038748227251289014 1.0056059501694723
-0.22673303466757927 -0.19003497579073522 0.9752887650058087
-0.3195168533854741 -0.20604390138447123 0.9505028473077303
-0.004484493322544128 -0.013989628299835539 1.0000438040421584
-0.17184575523204149 -0.03520484360224935 0.9905106176515186
0.003702309621186742 -0.1387894844381729 1.0018254789153584
-0.01926169842034363 0.005311930577909059 1.002721923449747
-0.0798813144221497 -0.2615787197339646 0.9824356790669345
0.0069322217345842395 -0.015240709869693204 1.0028114257464589
-0.019698487943037125 -0.38298438305571936 0.9350853648288231
-0.2732099573280801 -0.26219579445643504 0.9641173722178016
-0.02408485454167967 -0.20301722669301653 0.9847058040210175
-0.35119641351901537 -0.3640464783100538 0.8878244896069618
0.0019050311492474492 -0.361063604927686 0.9437124284524915
-0.046771622152904105 -0.27941727922984805 0.9845889551765988
-0.23060541744300453 -0.0296123811697001 0.9925822772075166
-0.16572472890088313 -0.014592420514401 0.9910670773835065
-0.1524580184567732 -0.08253137551609893 0.9957243752040461
-0.022957822516976364 -0.03710705080549715 1.0034066132202792
-0.03273014405984596 -0.04986992742142026 0.9997213898754862
-0.34803062707401367 -0.08326671657853724 0.946197911117652
-0.027314657989009263 -0.19263022275745162 0.9974965039702672
-0.06936660994568616 -0.3508876625615349 0.9519926016603442
-0.06489372062541092 -0.25548071170725634 0.980092510235039
-0.05514719373434586 -0.3800522542546203 0.940147469101326
-0.19971116371396141 -0.12386343378090561 0.9946717847854509
-0.2424691804535845 -0.10379731223784433 0.9892641134781638
-0.01196550992972148 -0.0482387741422273 1.0017706528551018
-0.020915137964424423 -0.020948673219477198 1.0022484369442146
-0.26724514051894566 0.009026335817447169 0.9840497122350474
0.0013123962503774414 -0.2671273529030369 0.9842920126952704
0.005239781754832903 -0.11187667802922958 1.0037497142456817
-0.03130124790923748 -0.0163969620313362 1.002444199535075
-0.10053120490785364 -0.21391498922763127 0.9886145657947232
-0.0999372332524157 -0.04215424801367473 1.002363445626807
-0.010956232356788085 -0.08767067453260938 1.003035368516589
-0.19930806327655431 -0.3176243485510436 0.9435941048114196
0.006087876640042698 -0.09225130519968276 0.9978231289687021
0.0036717617803743406 -0.049529477355226316 1.0039994210953207
-0.2676103526055269 -0.2441320757220681 0.958280359669163
-0.036219385104765286 -0.12184601796084508 0.9986385291733967
-0.01773646190150066 -0.17711308707416878 0.9932819887196648
-0.024226977148532263 -0.143690329612084 0.9934079999579897
-0.03506799388339269 -0.07385659063932394 1.0023865706022326
-0.07519781154785923 -0.02979900214604797 1.0065738059324756
-0.07972218689628377 0.002493405041343072 1.0050066038693959
0.003775625984995104 -0.08491657162207869 1.0047595962783378
0.006743597278469331 -0.02692716322723432 1.0000343875746727
-0.09982706196864273 -0.2114187467687741 0.9828572459176456
-0.008993934408351997 -0.06388728505462357 0.9993239499923355
-0.11807171305859737 0.006106862095942876 0.9972074597049838
-0.015455818071851798 -0.030104673396296563 1.000044884046407
0.0011359061913426964 -0.20924728368666012 0.9830504632522278
0.00300632832943544 -0.39658822496475565 0.9334603580404799
0.006259442214207225 -0.1834073500219926 0.9885518423626473
-0.10540945248569786 -0.0029906133562761367 1.0042805953367733
-0.07249081105530403 -0.1460577535485142 1.0036459716653943
-0.14537443307054473 -0.1612246138532601 0.9925103603779207
-0.12890894063438663 0.007611105105245968 0.9949208791076543
-0.0661278904545218 -0.09758827874420051 1.0010785209411543
-0.16839585001743057 -0.10272510850531462 1.0005309920756067
-0.1658920475349624 -0.1316087938248773 0.999345230272024
-0.150294653212367 -0.19719421908965654 0.9929128387604085
0.00617033477948737 -0.09835045077748057 0.9979707459421575
-0.18319033264733295 -0.21010218282874765 0.9876691918767416
-0.05755240085050157 0.0073564101481369305 1.0038958613393154
-0.1938218887034961 -0.15437072911942717 0.9942047796016117
-0.12563949884577505 -0.2339525249347375 0.9777003770172866
-0.02230003787629735 -0.22732659540705694 0.9910888464066321
-0.10050743339836554 -0.08835542879936792 0.9961556880465681
-0.12061866275422377 -0.3452306523439287 0.947125480075303
-0.016976665569073145 -0.03870521858284972 1.0061123868176878
-0.27852998269896645 -0.09943111761621495 0.9751657107798828
-0.2732020424088613 -0.046048691595106876 0.9788137346563666
-0.2532552890077525 -0.17971857521791756 0.966291657207758
-0.0007137701051585232 -0.1685277370608195 0.9992968305093833
-0.017494549316131917 -0.16793573371482443 1.0002732535095507
-0.08949488465720579 -0.12121292316481673 0.998256047884021
-0.08253577350745855 -0.06405991438807981 1.002047378839572
-0.35939432433514973 0.01164687588502946 0.942874649009693
-0.24900513455076312 -0.021132287396292318 0.9785654789004474
-0.007058752018665602 -0.1339465372535522 1.0011521275770479
-0.11019094942951062 -0.01461629862960561 0.9979674445294883
-0.07468144990563275 -0.1763946716130861 1.0007833752684312
-0.09613979624713379 -0.0059114429384698125 1.0033256344804562
-0.20377417987289487 -0.015108941307558993 0.9963984401233038
-0.323648462082953 -0.03866904427197318 0.9561840491646602
-0.041953652304300815 -0.19580227860860316 0.9860395949640686
-0.10477558630222793 -0.022240433783223615 0.9971988128579178
-0.21943221500403248 -0.07118825485806564 0.9880746231487749
-0.2114378031838941 -0.09874136442143973 0.9840451300422102
-0.054825281592696264 -0.04838247820566351 1.0033280034678353
-0.001182857353570231 -0.02269409265539872 1.0020369014831192
-0.06925713341731009 -0.0034778736915953906 1.0039129909087807
-0.14527466843961362 -0.24613974806657163 0.9822689701285637
0.006976553700019953 -0.26193683047390726 0.9840372507651365
-0.008031855339377635 -0.2809220396777852 0.9844671715647287
-0.36872811739035705 -0.07297958795115522 0.9432657275504285
-0.2114565015941612 -0.2679812740070196 0.9750423644046566
-0.1480827910858305 -0.07486048721969651 1.003771970326924
-0.24070417882243378 -0.2658651900449568 0.9680542860695067
-0.034757049626769 -0.1615773219898966 1.001757300903305
-0.17590658459204628 -0.22927018380823994 0.9717273705061275
-0.12642463711774987 -0.0293303602455285 1.0048826603201573
-0.2743143868927788 -0.05347900595953902 0.9846580836334853
-0.268092474177416 -0.08840040826011628 0.9861468343006513
0.0035574193258224793 -0.27933920157403536 0.9829985210943811
-0.19486878610977393 -0.033796194064690796 0.9990560085007623
-0.23417927068171285 -0.0465450405709887 0.9845798552115227
-0.04664714144596825 -0.22136006401121322 0.9887551065564646
-0.023237874205918566 -0.2488917040018186 0.9851244836750603
-0.05240614258510046 -0.07482742222074527 1.0078379784090403
-0.05420211560392896 -0.04086955989775231 1.0075017594548488
-0.16042595345762234 -0.12680082458023262 0.9922623402879763
0.0022112882409795684 -0.2233893504732867 0.9902939583434976
-0.050349078367914794 -0.1266531837413796 1.0026435869696815
-0.004196281292259099 -0.03353896672584271 1.0038035000651984
0.002331333486723034 -0.07844743072403107 1.0029878550459106
-0.2311719755549118 -0.291390699221032 0.9552473055590208
0.009145412305336546 -0.14499757765039278 0.9938054826859986
-0.19272453903252623 -0.2644757400831824 0.9684511530850963
-0.0811468517368459 0.00758237739018219 1.0041978126322841
-0.007850071667340211 -0.37686297194064927 0.9399364514243799
-0.1383734280109088 -0.04970220055907537 1.0017859848906823
-0.05552062448201344 0.004508634551288748 1.0045564338497837
0.010145441878776383 -0.3036140719457887 0.9608418329946629
-0.17430147416832853 -0.06386297311070231 0.994594551110761
-0.0017974970957416667 -0.24217970258304558 0.9780274763123498
-0.07914280407511506 0.0061320391742023354 1.004130078950232
-0.13869889630651577 -0.14986414882814592 0.9886855906022811
-0.38999168292512343 -0.017881615789214565 0.9298712715994376
0.001269556154347512 -0.22347218508880898 0.9856683088635111
-0.26709212928869336 -0.11643643050006869 0.9855155010566492
-0.0028496162350830495 -0.054611749879209893 1.005767081312043
-0.14987108194420065 -0.32479856770288995 0.9522760916626516
-0.10219503791033938 -0.1596783131817851 1.0019805349822797
-0.13516609969850862 0.0030324525302607916 1.0013307714300828
-0.18942985190204414 -0.17825877403575238 0.9914930252571
-0.1329061975107473 -0.011850184802411678 1.003305977735422
-0.13839649842011648 0.0002492187154035652 1.0018085327415458
-0.010862001875387741 0.007431691840386265 1.0003020867164847
-0.15782638485553285 -0.16499235246794952 0.9971594001194544
-0.031179666484669417 -0.028826576348451108 1.0063359100211557
-0.013387332531730044 0.006371768520826819 1.0032066298091016
-0.0020399045222635054 0.0047250821175636275 1.0018680780094724
-0.3387210089681223 -0.17522077668063102 0.9411493155941101
-0.07601955152109313 -0.2709862731930869 0.9859051936905595
-0.001133324846802758 -0.03100612809758073 1.004939740546454
-0.09530621130574364 -0.11719479596793725 1.0045191751164833
-0.19021876006609298 -0.2132881726265385 0.9801396724452669
0.00045802158138557453 -0.010950033922267184 1.0039477881324497
-0.06177300930257518 -0.01251443713249558 1.0009768235916325
-0.23442568588586501 -0.006191114980559433 0.987099604712918
-0.15709451400277025 -0.006840303450119576 0.9997360841694838
-0.0028383220565000927 -0.20003359135875964 0.993857467003345
0.004967538711069424 -0.06175956455636813 0.9994699122861348
-0.09679869628340262 -0.304850504459128 0.9647442301327758
-0.09406955069868725 -0.2373014173903601 0.991915837278411
-0.01744723916547768 -0.11431411963893336 1.001894119321966
-0.09153975725921205 -0.3750883318826479 0.9377832742230245
-0.012620572166565544 -0.00583798948797408 1.0015672650731797
-0.024629005897245648 -0.14497923541750096 1.001181458184583
-0.1003514342659561 -0.020456987932695472 1.0006731560759594
-0.11313434624033882 -0.2659757700856279 0.9844992425600217
-0.2781562332689039 -0.012542769814177367 0.9835282791214638
0.0065970552091444735 0.005318872627136527 1.0003852441876415
-0.0009103036687129321 -0.10745597743781168 1.0019871736406796
0.007739448344106205 -0.1786338119819209 0.9959032380668459
-0.008114875223099734 -0.005594212764859027 1.0018722025446962
-0.1354434728918858 -0.18809391698965305 0.9878052986914557
-0.309353755428998 -0.16254795774277334 0.9586311743464908
-0.015674694479084948 -0.06891390857963084 1.0067534687435349
-0.00848519618711431 -0.019214386142488417 1.0026897430718427
-0.21554077487534623 -0.20467940523196837 0.9794079789151234
-0.2138484110419467 -0.1106692913742613 0.986449150974632
-0.2056810129462308 -0.027308150895500108 0.9927304604018565
-0.28028911332137 -0.3361536633373803 0.9203566731029911
-0.366678488197415 -0.1460494446218362 0.9477572509675415
-0.11268522850007591 -0.004438346470976511 0.9966870518112945
-0.2694726637143088 -0.0026533602414487547 0.9807184689989894
-0.3052422394475196 -0.06903426645245817 0.9644608896978843
-0.04524344866322619 0.004189605082210649 1.003005156493526
-0.28080022398179605 -0.17716514374137587 0.9771291296916507
-0.23227577104366487 -0.07429198368794644 0.9915351694094047
-0.034936205866907453 -0.2557740458824871 0.9880504644933292
-0.10777763494545993 -0.04793103913497055 0.9968552355631487
-0.339269258964615 -0.04134243971347805 0.9546927404435733
-0.13647107883255336 -0.271076238786499 0.9823103411836043
0.007278656739644222 -0.0634434687847282 1.0038791018763993
-0.004936808551685171 -0.08039555679357327 1.000122481653647
-0.17871758346905237 -0.005032864984069622 0.9892345678780542
-0.1855210825112169 -0.07391535230332069 0.9993313158622378
-0.09541036315789055 -0.10629912277125919 0.9992492304179628
-0.003336602816038918 -0.07769635460607222 1.0057054567985775
0.004132110749440872 -0.009276857193661203 1.00120590514414
-0.2781019003212497 0.0027927770373124897 0.9701842739924114
0.00476421447665859 0.0062241401159491005 1.0006645451474636
-0.18738930059031916 0.0070768739030762084 0.9889308747046908
-0.11367039579296616 -0.06097238263525552 1.0062602577869455
-0.011346135576279316 -0.2466155657342466 0.987107855390274
-0.27662758206630245 -0.22229759869381627 0.9709468153340457
-0.05674026700269708 -0.032079991770527796 1.0023309823107949
-0.03758431273189252 -0.002686633485466744 1.001447392509153
0.0018802306747312536 -0.31996239980604047 0.9591228363786094
-0.09597742782916696 -0.19725750382582957 0.9969136715959048
-0.01622722928419093 -0.09807085328701282 1.0060075417105245
-0.05103811546611612 -0.13737964166791714 1.004389652903724
-0.24329746038077224 -0.03702863767442383 0.985127767148289
-0.06841379830519131 -0.18996520410932968 0.9937284774584165
0.0033794031043508505 -0.05260515103989295 1.0047049902463188
0.009130415813568202 -0.004528496595449315 1.0004530479530376
-0.23789922623795126 0.006813593943385651 0.9873697118559033
-0.06426919780257136 -0.03289373358901375 0.9995477661608899
-0.05290562277350839 -0.014389954929036674 1.0030387752554966
-0.2064755399487263 -0.05084523215114833 0.9964691101050741
-0.16836652631023613 -0.053978089515332846 1.0020170545341496
-0.06533982283998463 -0.10952864003837345 1.0062743448473785
-0.3580920593105902 -0.0021580736303958292 0.9471082209919792
0.0029949829730005068 -0.025112044027670782 1.0041316553956448
-0.05671943929539024 -0.2431872246610075 0.990590815540492
-0.26330895881232297 -0.018732158824912814 0.9803289392360163
-0.0077163704986872705 0.002974064073829865 1.0000386704190025
-0.013315148608275887 -0.001911134520773572 1.004168738839748
-0.3620316044260401 -0.013175664990566466 0.9458588292812771
-0.3593208440012326 0.006983333539251055 0.944590145010138
-0.0014139876717793732 -0.03858664555409821 0.999942084780995
-0.028841035728378886 -0.18987788207101802 0.9950441597465544
-0.10432677563847183 -0.03147210495506191 1.0031165055215157
-0.39008963483139314 -0.05863017054730327 0.9298921571562503
-0.02748260430563712 -0.08019258554275932 1.007384175647867
-0.0569881232552877 -0.010156724802026484 0.9995828678455744
0.0027942909014843616 -0.011087214316430165 1.0019222358929578
-0.024839540023288302 -0.1307250986931002 1.0042537672748344
-0.1301974068972685 -0.01830901614170765 1.0014056737565553
-0.26005305385668365 -0.002352692388053093 0.9859854201780377
-0.07579924451376802 -0.011689380972530618 1.005968540237452
-0.25121746224025127 -0.056051484903324074 0.9751833352122107
-0.07048189044020686 0.0020717810199191514 0.9996207387797965
-0.009715903351415804 -0.2044556655860948 0.9940610829329354
-0.014899587619437965 -0.30485057947355654 0.9619620844855479
-0.012309102520899187 -0.28296427514597877 0.9699925684075307
-0.15753315313784472 -0.030879302995416386 0.9963633440924136
0.007256557274666328 -0.2075605702354279 0.992322527285808
-0.1762586650623027 -0.08735484712063654 0.9878237847172343
0.008965031435616232 -0.23981118702850668 0.9872745779694969
-0.2542939698418775 -0.1927654641833724 0.9795713112586125
-0.09897061774213928 -0.14905215529703028 0.9974649802093666
-0.03758057011410435 -0.09948324128530972 1.0066570297256272
0.0033379041046748686 -0.006800594532416777 1.002951682308475
-0.22356141921710398 -0.16975117499884473 0.9879759206399575
-0.04122196301623928 -0.21505062856869758 0.9948868563426206
-0.20748533699953758 -0.09169993196585238 0.9954854858864551
-0.31874835267577495 -0.09002621758070282 0.9579775686458233
-0.19430705807357274 0.01112074009919805 0.987181227582165
-0.033522245333907394 0.007220339031637886 1.0037094784142895
-0.10894024952733941 -0.08689589913719176 1.0056129112111354
-0.006334073916893673 -0.2687469462627796 0.9839145136809873
-0.13942617140272826 -0.049428028813170655 1.005108218157217
0.004794214139414256 -0.0019720236178739983 1.001650545877613
-0.17549096107897713 -0.27097011931896364 0.9803080744970055
-0.24215655808365263 -0.014263473821548252 0.9892214821403993
-0.2720583468036958 0.011148343892997833 0.9706090379139392
-0.10739101438995423 -0.08050672103142198 1.0009694501038175
0.0008800734521687906 0.0041441302508939265 1.0025119102964446
-0.034801530831735074 -0.0342385235601531 1.002130479582711
0.006856280952547627 -0.08902216806711419 1.00367516295402
-0.12291330988168604 -0.17570519105739968 0.9977650638923027
-0.19494947340428617 0.001592652416596882 0.9950964773976758
-0.10031880541700448 -0.019528139809719777 1.0054907113053524
-0.18826434673400078 0.0030045235293505723 0.9972988275653248
-0.07408284561750444 0.005113904254331558 0.9989641739026682
-0.2392360056996642 -0.23992758235829326 0.9753282060480724
0.006434734270782751 -0.14211366029507863 1.0010693000164987
-0.050738382303758045 -0.3159231697356326 0.9634167995492519
-0.0019718431499061834 -0.38200707526514177 0.9372160900265301
0.0009722873740502236 -0.049106325243106375 1.0010159804077974
-0.07009111701917545 -0.20798377371451332 0.9968959226028911
-0.19059805612487443 -0.15555627066032876 0.9857257714720605
-0.2620737948299545 0.0039051753264717163 0.9729529340586813
-0.034695505858195405 0.00910225136941864 1.0006826347985558
-0.21099355585002583 0.0038712512919389912 0.9928718782009108
-0.03604449831366942 -0.053471229085311336 1.0076724632262868
-0.24743659497057624 -0.007742274869861709 0.9760155289956273
-0.12537803917823226 -0.2985383498287698 0.9613038924995176
-0.26730425968856325 -0.036907608658145685 0.9860058435909349
-0.1643662325210462 -0.016710949088966517 0.9940706435920081
-0.046507601932729986 -0.37332163389891543 0.939010518578854
-0.17125514304839232 0.0035538782041749546 0.9986114011337514
-0.21414518420981654 -1.4807336134299576e-05 0.9928240663238533
-0.14319774153650702 -0.09706479014782472 0.9999065419191351
0.00772389491560678 -0.10762703145755968 1.0031197236137939
-0.006474057652337766 -0.1629471377472222 0.9982560893659743
-0.04282129667122394 -0.09407799541609509 1.0025136674822197
-0.030730611336019557 0.0005598857660587195 1.0046123942989722
-0.2564946705349186 -0.23727028024858343 0.9538685861880996
-0.1733027076356503 -0.0021038928168128895 0.9901559068407901
-0.23188972243145098 -0.1379338711104179 0.9901163900027852
-0.35210962913593136 -0.0017576564089552683 0.9449320957005731
-0.008594617435292311 -0.058012608157630714 1.0040769807368088
-0.0494435026547063 -0.15632623913294383 1.000227991213098
-0.2621428330179297 -0.1586853184546012 0.9832334478422821
-0.16930991746058058 -0.1358136823878165 0.991371926920133
0.006799541446637681 -0.14100027401119528 1.0005492895885684
-0.18311317449453016 -0.30461506137746275 0.9571592953936443
-0.13165355032945045 0.004537716468387243 1.0002192150934217
-0.1092787538688653 -0.04195567010829952 1.0065618622019248
-0.03597206210509157 -0.024270112230941235 1.0000996750380449
-0.078918492728414 -0.14482480881834803 0.9927270332659139
-0.0811934211742941 -0.05825453232163883 1.0075035161705208
-0.22350659993551147 0.0009083506697486615 0.989832175039773
