-0.018246426563530867 -0.034090750058043136 0.9992295278498542
-0.1639271814279745 -0.0069440169618491384 0.9862173628321935
-0.181953360455144 -0.10997028607279055 0.977076070394723
-0.029501142246589052 -0.20030260644676465 0.9791093904620443
-0.13776730852851038 -0.094357613886548 0.9857938151994939
-0.0034107779017940256 -0.00039728162723401547 0.9999866599674584
-0.021005823259462604 -0.2613867476031519 0.9649474111125652
-0.08434380814549684 -0.1382803347342032 0.985887991085731
-0.029915168428000637 -0.28177134759197225 0.9587183674419256
-0.11281599151606665 -0.0696115066201682 0.9911152843799289
-0.20731333102978428 -0.0041359965692803775 0.9776226528999716
-0.04112209815969796 -0.18653261868425822 0.9815750514616729
-0.17367725975244444 -0.0028210116773892354 0.9847606510670263
-0.02240810496013039 -0.0036805589263855256 0.9997161534346906
-0.18833633501602062 -0.08327615909164858 0.9781449784445652
-0.37127354300890675 -0.03921862624795679 0.9273319634764436
-0.11629150273542758 -0.04069492755693418 0.992297348986993
-0.16501011064453655 -0.27556338839492706 0.9461525086244718
-0.18894411811096803 -0.29462730109402263 0.935965216648703
-0.0003427131047116718 -0.0033317789297866137 0.9999813276908797
-0.06552270378811195 -0.004376219631202011 0.9977182005022757
-0.0080886134700486 -0.11937712274245002 0.9925674078916249
-0.2746774794618613 -0.27188283872042945 0.9219509883495866
-0.3487480117315159 -0.09550532177963772 0.932251538759072
-0.0840487412763464 -0.15207667878311537 0.9838389721332441
-0.07018807930224376 -0.009510573385354855 0.9974847697180267
-0.372430050913256 -0.018572152850174325 0.9274722807694888
-0.0511140353497434 -0.11561759810590234 0.9917103723086124
-0.12251426192008687 -0.21928994536249322 0.9673364145310411
-0.00873492626426093 -0.04647428468375023 0.9986569362217983
-0.15705932476914897 -0.3576059087695813 0.9191971889260997
-0.09414972636654606 -0.02922430335555447 0.995042869655454
-0.14638596136123302 -0.09464066791382353 0.9846524062231153
-0.1542220422022972 -0.028308755481464352 0.987474607006716
-0.021004602672647116 -0.1581741003708908 0.9871848462096774
-0.0022978712757910913 -0.027373991322262297 0.9995889016760725
-0.001724045845675864 -0.12854084283402553 0.9914091351020805
-0.03537354054409252 -0.3024060336187054 0.9524731713356817
-0.014870798195603949 -0.12136060124537439 0.9924124206382486
-0.18070077294112533 -0.04512920449564909 0.982470207619699
-0.1380123973659116 -0.24958572330794498 0.9583583919122461
-0.25229598559531696 -0.10277167039709063 0.9616260020316242
-0.1282624279381552 -0.04644282664944105 0.9905525492412532
-0.25537227393523526 -0.1770698010051682 0.950334250813502
-0.2623505948814764 -0.20236496150481353 0.9434898222217312
-0.2287771086864676 -0.29483998916285675 0.9277497047326831
-0.2764748059050549 -0.30962232377164267 0.9094193204141889
-0.12863116409856035 -0.012036096491112163 0.9916068516886983
-0.06407619655578253 -0.3510314712706594 0.9341081513258519
-0.04936637081806169 -0.04286636520899231 0.9978084170063303
-0.2086950226505433 -0.230135296294575 0.9493190543570442
-0.0608687829628847 -0.10229858216086683 0.9928482864791972
-0.3832302728830502 -0.05327425556291439 0.9213900056755362
-0.3685727743019221 -0.01228170149825502 0.9294545132251996
-0.031466356627331576 -0.26841375672412326 0.9627516538818599
-0.1636769147586557 -0.021907389118676568 0.9856292975431848
-0.2921660043462609 -0.015682548666260593 0.9560696309257918
-0.16507899264593168 -0.08269858339986458 0.9818605142934098
-0.17399553748277727 -0.002278433171246627 0.984742474677651
-0.14232635902773583 -0.16073921061426388 0.9764083621115355
-0.06381273673972238 -0.34016851729195474 0.9367553712391162
-0.002049515261319956 -0.3936733141379517 0.918800900391345
-0.039705961879345865 -0.39218373347773827 0.9184179501092685
-0.28326147646973565 -0.37940228259125647 0.8805982111501809
-0.3300453547789046 -0.3436198542912262 0.879075777693609
-0.09842652786428742 -0.14633400158778406 0.9842410416240013
-0.011513980900379906 -0.39175707352796 0.9198155843506456
-0.151862533747871 -0.10988086812229508 0.9817436698522634
-0.11868738226169807 -0.09922013434702064 0.9878948757399335
-0.019342502806454494 -0.23103742918034578 0.9724421207436111
-0.13737396540578548 -0.3679566665451446 0.9175936582322084
-0.12931065123667118 -0.023264547328583372 0.9913290438671494
-0.0007353305446716988 -0.21010988432962407 0.9774361944067993
-0.029343486482979807 -0.15237897429472966 0.9876641458154434
-0.07300223651582473 -0.08813548647332256 0.9934262922430822
-0.28479923477951424 -0.006645713416643682 0.9582511128678236
-0.06131944755420153 -0.15865584518230552 0.9852716519024322
-0.36595859858681384 -0.19252144764145146 0.9104891929174255
-0.2540541238856742 -0.2231591013395356 0.9398702523187439
-0.21636908182758702 -0.017233161721510903 0.9761107144761637
-0.2274244675488943 -0.06148352851725146 0.9718276596709988
-0.22419489959313274 -0.023334078549852356 0.9742437039465301
-0.26370049319419536 -0.2584900973620201 0.9292999828653725
-0.0845675773105642 -0.08056089077675765 0.9929770169655504
-0.23203866867178027 -0.09271690412580284 0.9680976783723086
-0.02753358560031401 -0.049828299854131904 0.9982320646388663
-0.006939868483404313 -0.2533436759631699 0.9669100520744133
-0.047542532420292646 -0.07306139313901308 0.9957855329556737
-0.18458070150172157 -0.3836920348141295 0.904305732199391
-0.009029790556379291 -0.0048959128074272384 0.9999231288166641
-0.20285497412137118 -0.27495062131245324 0.9387190833969404
-0.3032335940447268 0.001754796113062939 0.9528835883705765
-0.2352397357570509 -0.12402583577864128 0.9634696371517852
-0.2109117127602899 -0.38482425180122765 0.898319082369777
-0.046515898243005054 -0.04016146950968364 0.9978417547713945
-0.1620495496725531 -0.29536869349734224 0.9415363387891225
-0.33838257916526016 -0.01129098363053905 0.9406832014816464
-0.024107211165162044 -0.07591004190232821 0.9967595567710325
-0.36686837656468707 -0.0031095547911677585 0.9291869382907127
-0.06527607501419813 -0.04063033132138257 0.9969624419434248
-0.28823055723259877 -0.06428189166085456 0.9533590187238391
-0.20850969554288556 -0.0041642486512860856 0.9778504509958719
-0.3120056529401875 -0.011196531864348554 0.9498862911935044
-0.06919213027793686 -0.1538982500319253 0.9855799211407603
-0.07643888434505004 -0.21550106078668213 0.9734758756748688
-0.1443180148956861 -0.05741187430191859 0.9878579559388238
-0.03949479968058292 -0.03252001207030981 0.9983674767703627
-6.398670558960575e-05 -0.2121751959723171 0.9765774685344195
-0.09145248421198326 -0.09475389191735888 0.9904718301519225
-0.01801945710166319 -0.30891335722923335 0.9503278345702606
-0.006318868201405881 -0.33937916690327163 0.9404728966751993
-0.35654011530352436 -0.25941344075497363 0.8975317629003913
-0.09911085971190473 -0.17630145973158515 0.9793170649431633
-0.026458360147529832 -0.04842422020708656 0.9984542231026599
-0.3034646626999975 -0.24992963186549658 0.919080143925525
-0.18122441692383395 -0.15701596522300262 0.9707943871324504
-0.010038658739359857 -0.04563453445219995 0.9989042628579826
-0.17656526249921445 -0.02038324830413273 0.9833385521532367
-0.20105739749869814 -0.035506154332972294 0.9787794421626992
-0.19243528458851614 -0.2574933166433106 0.9469225697433169
-0.28641357041625765 -0.022384141363229238 0.9577815668350739
-0.012159478433055287 -0.2303174244581962 0.9730301015836995
-0.1310632950272076 -0.21438302096590123 0.9673079060177496
-0.1517823287828372 -0.31868794768937597 0.9353714198536722
-0.014660794023113922 -0.018543309122644965 0.9996961278245214
-0.09829400067073199 -0.11733515103146883 0.9881502116404748
-0.006354955044788523 -0.19739013264076297 0.9802101414695082
-0.32846111804332545 -0.22797322500850403 0.9165743529352907
-0.25618434450553595 -0.0011264539326713324 0.9655437196355443
-0.0007990418696231815 -0.13250722794953898 0.991176124537827
-0.349533526633415 -0.24831918931291105 0.9032935510141192
-0.27025767761935515 -0.07699787269206133 0.9584950781804552
-0.000572947660636827 -0.2316862256926698 0.9724618968933119
-0.2180766280360632 -0.0009669187252940474 0.9758716608859891
-0.16154928513740627 -0.1193549213884433 0.9792572318083144
-0.05158032388948979 -0.37531470216455687 0.9248942803770943
-0.3279782106743081 -0.20285237054878197 0.921598763187756
-0.28613802206583083 -0.24492042730422342 0.9257448789760145
-0.32965397373699146 -0.24566038905239862 0.9109350698954612
-0.017730921125827782 -0.39734811538259857 0.9173320992695216
-0.23616235687789117 -0.38304612066146276 0.8927653562865925
-0.2640193697565139 -0.3814863295103734 0.8857012624141414
-0.1205217157701629 -0.3565255681193402 0.9259938307399541
-0.1686836731329719 -0.33971200265171925 0.9242662115077095
-0.013624855610130776 -0.20216208895494361 0.9782905448141889
-0.014342547267620648 -0.3762452277837517 0.9256164286066058
-0.025173212463785167 -0.36375838166311764 0.930308091030447
-0.31329591512836796 -0.0847372498200771 0.9457158430531413
-0.40190895758600703 -0.014089939146043388 0.915539100911867
-0.3619674290595336 -0.0029148969766007986 0.931898796804055
-0.26885449811034734 -0.2914612909690948 0.9175714655768139
-0.011190747706346172 -0.22248568576480168 0.9745618673685634
-0.11861130364915093 -0.11871546313977585 0.9857070691134665
-0.12155628138851339 -0.1497772328735366 0.9808543419091565
-0.13951006895075105 -0.13289393140630285 0.9802756171688893
-0.08785796081635835 -0.15058844552970022 0.9842629856812751
-0.11256176013951952 -0.1468546501905089 0.9827213514195802
0.0012854209798513858 -0.10196597168601014 0.9947645776988705
-8.09488579320644e-05 -0.09041460813351156 0.9957099901130981
-0.042702692254683865 -0.0054643351590628565 0.9990718744259992
-0.02307541965941322 -0.005148586256421017 0.9997200072377168
-0.16248431778568137 -0.05394187271871063 0.9849795274924305
-0.2540210243414884 -0.09842489586015084 0.9619847134068765
-0.2579976999743061 -0.12014395986624696 0.9586301833851887
-0.0983647734677714 -0.39202966898759406 0.9128927361022032
-0.16903050966741434 -0.09235154716376973 0.980619109844275
-0.12607927366973892 -0.12199615364995166 0.9835596949573102
-0.37191036366079516 -0.31126360810006093 0.8739532843204685
-0.07030098155836814 -0.2863684808012651 0.9554590870269808
-0.3537637329114738 -0.035790685645707664 0.9346240704391049
-0.3482427767208126 -0.018180519329729597 0.9372235816256799
-0.35584572857204205 -0.029904584912517598 0.9340607554827018
-0.2809629109173862 -0.029785963091528516 0.9590170847910224
0.0007180928270804845 -0.09225283755160057 0.9952810346952818
-0.00014762130614557267 -0.126482249844835 0.991888136409274
-0.0008701873298480233 -0.08960151897253293 0.99591115138444
-0.35342520431547675 -0.1115822528191725 0.9285627584980765
-0.371646777161234 -0.15475615915663604 0.9153541940684512
-0.002981494868627915 -0.10279041413367082 0.9946826666539744
-0.26897450073218576 -0.11572768430247078 0.9558000528577594
-0.2139871968195151 -0.35713891153164024 0.9087712724938304
-0.11396159990001935 -0.04397012380061633 0.9923229577892414
-0.006609776911636837 -0.12191846262595342 0.9921798253362026
-0.014007737741115318 -0.09907952807107845 0.9949311606148582
-0.007741829191105585 -0.06437029819889006 0.9978306560658609
-0.1841249938491528 -0.11101750092026555 0.9765092993541525
-0.13744432317679584 -0.05116371083705889 0.9890591528772427
-0.14845246997648823 -0.05237003713953702 0.9874990309059956
-0.004549525283099394 -0.03567173566891972 0.9992599084817703
-0.27887234942103767 -0.015241186826542135 0.9596907780041714
-0.026036157669333305 -0.31157158620495773 0.9494272959746405
-0.019714504140176458 -0.27839156047472813 0.9601367893260585
-0.16337068220017623 -0.1303605882094373 0.977863906988336
-0.007838087129207902 -0.19640697831239143 0.9792094363869117
-0.0004701862841850254 -0.16389148646944535 0.9863551834492829
-0.00010769626802882157 -0.11930010535407412 0.9925005286982338
-0.014820410443799793 -0.08671327683029496 0.9960472080810215
-0.02273483399998275 -0.0904607064297277 0.9952195754881307
-0.017352726661358495 -0.06245758277237666 0.9976171407723977
-0.046719608796741086 -0.1381073934546559 0.9889997673231538
-0.157961501898253 -0.05163127650512341 0.9860866954557674
-0.1795947813898952 -0.0572045170310187 0.9820346305764883
-0.028928990630101386 -0.08284889394152885 0.9960690469737188
-0.20131603297596726 -0.030546556324589257 0.979046537717774
-0.1709898471227429 -0.037434725444090676 0.9841783495095697
-0.19085663390101745 -0.25788654117646354 0.9471311393521132
-0.19791973208675642 -0.25310960157711476 0.9467929231977212
-0.2035584907443179 -0.2462632120482363 0.9473441313063162
-0.17694429410204723 -0.12092587567042958 0.9766997156297863
-0.21817039323047394 -0.022035911538397318 0.975654494117068
-0.24012145635589333 -0.004157581313948179 0.9702912554137931
-0.08406696252931706 -0.20714238784484162 0.9745067111896263
-0.1208677047800057 -0.25742309369877986 0.9584484309252147
-0.2560310065989711 -0.27502833409743505 0.92636424091613
-0.11399889884028265 -0.09233833083561489 0.9890825555717949
-0.10803333276443627 -0.09207357675166426 0.9898732498638618
-0.10311979652302512 -0.0832949496574232 0.9911489838296638
-0.2892695526190904 -0.26877403668149763 0.9186789209723859
-0.27745882979874875 -0.3140796125016186 0.9078680446959699
-0.31555816816697285 -0.29977558172912544 0.9001767936719688
-0.1300555027480243 -0.017324691384098388 0.9913434378350175
-0.15012536426012912 -0.009658278920895328 0.9884430993050666
-0.12651340141035164 -0.007585364100025831 0.9919301240913029
-0.1237326352021548 -0.001975655815743296 0.9922235095759586
-0.19609599073373493 -0.11628500530454848 0.9735670278106511
-0.1336431577284133 -0.29202812952086044 0.9469146589461069
-0.14131315212836712 -0.28961455014209075 0.9464056105569942
-0.28358427349763093 -0.03086867520952315 0.9571706548504567
-0.1326743601654038 -0.25509365486636043 0.9577433153627057
-0.07349115983638164 -0.26293242525289884 0.9617287693962099
-0.09372636849661539 -0.2558169312063941 0.9620680120631607
-0.22051218158088426 -0.038269272231148406 0.9745471942992286
-0.24192305489599988 -0.21878271609255195 0.9450500186681012
-0.22851437176357167 -0.24452308168440942 0.9418669050257215
-0.2583153402514293 -0.19618392912558294 0.9458411921497162
-0.10157097989038696 -0.021608430007097033 0.9945532413758965
-0.11421565493647705 -0.056799108506091794 0.9917792996357025
-0.09741258176790273 -0.06244481105289444 0.993153248776119
-0.10458281080034759 -0.0467894148947274 0.9933919690504508
-0.13778103199027586 -0.027069960522106633 0.9899844610712604
-0.16778450201091435 -0.031107449618028513 0.9853314385023568
-0.14762961199188349 -0.07220004047589816 0.9863586617243483
-0.012920093849306011 -0.306492818310571 0.951564279541624
-0.29243082234879325 -0.005822844095672339 0.9560365679132065
0.0027343220164362746 -0.08067831654343285 0.996734773285858
-0.14140351478203864 -0.23978132699868435 0.9599617784581135
-0.13270276073824125 -0.26806915775317836 0.9534367142368132
-0.016022876764175145 -0.004494646958551707 0.9998560748595416
-0.019451304759666506 -0.004104121413895338 0.999764424830931
-0.29914196052001973 -0.0526351890656393 0.9523419678397848
-0.29301252839650854 -0.034690480671280145 0.9548748624802879
-0.04639120795470064 -0.3940387425848223 0.9176272085436434
-0.006641831941920426 -0.40062156077864197 0.9160052241998546
-0.10559690570824187 -0.39208553831384796 0.9137463837861456
-0.04550899719758784 -0.3361613946868399 0.9405583794915402
-0.039407373819262216 -0.32497724923245075 0.9446609262199925
-0.3574928782796629 -0.06045033431870006 0.931928933115575
-0.15179865558354844 -0.1891678761273085 0.9692969349089068
-0.02328442796872939 -0.27903360579137015 0.959359774044769
-0.20603100100397467 -0.11189099265699062 0.9718290079975797
-0.19619439806697792 -0.10568509143258781 0.9748447495642599
-0.3019696024024976 -0.2482174361679086 0.9202798677514439
-0.002385077125882677 -0.1984486985723596 0.9799683838561848
-0.0019329905957197564 -0.1660914000517321 0.985709940991121
-0.010360743964271942 -0.4009179206210373 0.9157650408676673
-0.05669057450752605 -0.3006498659281625 0.9517962526093101
-0.028326196912393305 -0.39568876636841077 0.9179322335020861
-0.369087118061217 -0.12348131093532354 0.9202540605470234
-0.3568719574966631 -0.10040692913286253 0.928736008944633
-0.2364284251165203 -0.001999005867373416 0.9716442486476586
-0.13710276874089958 -0.16157504330370784 0.97608800250448
-0.246134388678224 -0.051945499867176274 0.9677663197861189
-0.0295814748590884 -0.22829068108781553 0.973119133445684
-0.040190133247429996 -0.2302557586977709 0.972259015372208
-0.08434103685703111 -0.2819822193135114 0.954818115564779
-0.17316612414847735 -0.27567467905423654 0.9446375144528742
-0.14601915191556353 -0.1845228140734531 0.9709138267822457
-0.15167360575061034 -0.2143467563597869 0.9645535242728532
-0.22438130439992393 -0.1521908863039791 0.9619082335991614
-0.21352110842312935 -0.1228933332162221 0.9691757180548922
-0.20934901094274874 -0.09229818874832613 0.9729737237855078
-0.16041679732516959 -0.10651853776013986 0.9801208952490864
-0.09207340966481967 -0.2250704421930283 0.9685362318003916
-0.14185044571191038 -0.21577976004197835 0.9659731609608312
-0.0641488360165561 -0.18836796267986045 0.9797570496831789
-0.39892144611856617 -0.02183138884680269 0.9166940287732853
-0.10067670753718581 -0.10665569967868088 0.9891086979452182
-0.09354716531767635 -0.10567657431313787 0.9899546857263152
-0.06626435171692396 -0.1258060759340746 0.9898012481610828
-0.045075630404451374 -0.12808998401972904 0.9904743556382805
-0.03538996099543294 -0.111010734897074 0.9930315786866863
-0.03106930155877497 -0.14025778420372964 0.9889916730332776
-0.33125710747166265 -0.28416665676599434 0.8997127370377389
1.2640166357895756e-05 -0.17422016179054195 0.9843401091524943
-0.3653314409296003 -0.15840011107481544 0.9172968281801347
-0.3016974591729725 -0.09998016600059054 0.9481155461045212
-0.1254142841578305 -0.0678740847854632 0.9895041849168661
-0.3085715767926447 -0.012116381023053987 0.9508434910265311
-0.1489876540974026 -0.03287216864343373 0.9880448925371756
-0.1321527886722958 -0.03795950022426749 0.9904040894942302
-0.011897775563757767 -0.05100948151358409 0.9985984227168841
-0.02307968643744473 -0.17795929733184832 0.9830508277766646
-0.0729173068220819 -0.1325613593991683 0.9883678594713012
-0.06333555481752409 -0.1189561841460115 0.9908592635262866
-0.04803698413865818 -0.11917672325523451 0.9916739296545656
-0.0673047039321162 -0.08903762557317298 0.9936123881304066
-0.0696437291920926 -0.075591560298489 0.9946797530946688
-0.18188547153082993 -0.07867496524960366 0.9801172451007234
-0.2322576149355243 -0.020429172400997318 0.9717095143592817
-0.21601869025429207 -0.01629426024260313 0.9761055797495625
-0.03451485047925481 -0.1116652083776049 0.9929024782037974
-0.02516641021673864 -0.16086663300831397 0.9866202332038378
-0.060071402822943425 -0.061327678100665174 0.9963002426085855
-0.018853707613127758 -0.11426272406450107 0.9930358240728422
-0.023353093870941734 -0.14749931965962398 0.9887860140823281
-0.2186878327702131 -0.1785002913108199 0.9593215739547617
-0.013898447648870483 -0.014965900972792255 0.99978078230687
-0.015611651741987571 -0.0911442457936464 0.995709755722256
-0.2661433929950434 -0.05121725063948001 0.9625633159857007
-0.05982433062531508 -0.03407712704463255 0.9975647170193187
-0.048848573288605326 -0.05551241180356678 0.9972386460217412
-0.15780267748984833 -0.005418333452705563 0.9872145543222648
-0.17316088039609503 -0.007974960371225371 0.9848540889886543
-0.258502129273806 -0.3187543618664464 0.9115693662510346
-0.21642053702805228 -0.2311384941618407 0.9466944809808627
-0.0317365463168457 -0.012081228623724986 0.9993985270029456
-0.07869508285952657 -0.04120783037415034 0.9960004968198146
-0.04831085397528383 -0.1066148105616717 0.9929604570653191
-0.37442535691839357 -0.0798541810483675 0.9235119942869201
-0.017987624809012892 -0.020439714518737627 0.9996079712242752
-0.15760861794089617 -0.24008174766625545 0.9578263338763218
-0.16343886956615108 -0.24972258672363662 0.9543458672813145
-0.25178500990034636 -0.055334081527957935 0.9660828144652048
-0.05319303390698512 -0.26865671972110505 0.9614437621393602
-0.06299464162380382 -0.22617834132803505 0.9719597288283861
-0.1723327807938168 -0.02926621739334677 0.9844786015840055
8.978895506845187e-05 -0.020096859941512824 0.9997552702527742
-0.08542215779251518 -0.03205074468864507 0.9958264366802845
-0.0027842832845990403 -0.02510169810008085 0.9996661868628857
-0.15415586371329362 -0.0559534801544463 0.9862831539229163
-0.1725170831553073 -0.032400810358977884 0.984040522329004
-0.3840053083597761 -0.05522486645617903 0.9216454921756843
-0.38306122408533105 -0.3249114350843923 0.8641453630913521
-0.12497220823154248 -0.17205371115153187 0.9770661437466608
-0.14161761941436665 -0.16667975757900544 0.9756325745180161
-0.06827286852980846 -0.011852615794234087 0.9975915838447322
-0.06062876024291103 -0.0073648836458195446 0.9980887598454652
-0.019494012217270842 -0.30404386307366005 0.9517332619775911
-0.1605700047503341 -0.002378405390738262 0.9868930421943036
-0.1543635062126059 -0.0030809023792937825 0.9879324063702759
-0.10072245131516133 -0.04817568287151089 0.9935377936912456
-0.07090258759502241 -0.04988635229851652 0.9959139010510007
-0.17406814758338002 -0.3930165666228967 0.902519905698141
-0.1823539946569181 -0.3992587563722845 0.8985143454451633
-0.27399412290127206 -0.05731111542393774 0.9596381563987747
-0.013388645026237347 -0.009904618306683266 0.9998583654999119
-0.01809718908971968 -0.10151349829714501 0.9945214087246668
-0.014215246323580542 -0.10674390805536042 0.9941432459441772
-0.02062193375579438 -0.10926686815986748 0.9937945368503742
-0.0005333878985466018 -0.20914945490761555 0.9778611774961671
-0.002200146543733735 -0.19732136451399643 0.979978939563928
-0.007231754363244257 -0.24564651516330455 0.9690195699746837
-0.00812366526588634 -0.25286714529499277 0.967463824282511
-0.0005551076583519977 -0.16800892480400278 0.9857841863613672
-0.0030375480462738295 -0.1713785788090424 0.985180207618575
-0.0018524725325861759 -0.1973823310144009 0.9801819655649975
-0.2731771124719421 -0.096031418515698 0.956789394914251
-0.27563780337802596 -0.11098680572962161 0.9534998478271323
-0.2845289395472642 -0.3884782368128823 0.8764217511669841
-0.2834743022061393 -0.3903973981173505 0.8759036760323076
-0.3639645626421853 -0.18713985203477573 0.9123523512875872
-0.3616925788709074 -0.1662268765388306 0.9172879809518332
-0.38862971433782645 -0.06383112160450201 0.9187785044140607
-0.393756562352538 -0.09251203493672504 0.9144347427398739
-0.3938762401306471 -0.10290901921110333 0.9133550384229402
-0.373825394078351 -0.10140733275546295 0.9216976701156527
-0.0037974885095509053 -0.06750210744953813 0.9976736204672034
-0.0704902834920673 -0.07412486687809398 0.9946214885569511
-0.06705104582345789 -0.08037717426848033 0.9944158538429834
-0.09804737574222065 -0.0777407684836945 0.991972601495579
-0.03789243197819302 -0.003550290256282911 0.9992111977517458
-0.09380475009481695 -0.30701502857088453 0.9467343608536523
-0.25926004719997514 -0.2463665493292259 0.9336280044653682
-0.27178491740089444 -0.25123013947993067 0.928982558651587
-0.22752393760614406 -0.10040403889321149 0.9673328629954985
-0.2541654360141646 -0.14586276279989932 0.95570733571953
-0.22915888691090996 -0.10679294428505151 0.9665867732668518
-0.10824626930537251 -0.2864858248794631 0.9513542025817362
-0.09842665414297747 -0.2974138539137336 0.9493617376406419
-0.14647592704683232 -0.2863093365858636 0.9460435782000605
-0.09878872197689567 -0.2925899105424978 0.950488192475435
-0.21974604470897025 -0.0022591328322117857 0.9755116858545052
-0.31177640570517506 -0.0014915244288577325 0.9500306327509952
-0.07939135358546336 -0.10682919323598912 0.9910739381137165
-0.09231979887017952 -0.16724888869075397 0.9815434607694896
-0.09553316144516083 -0.1294938670513356 0.9869425711162757
-0.00112902502010569 -0.3138240016927367 0.9493896731469794
-0.007835851462176224 -0.31490942555104107 0.9487414048542578
-0.022276988651164422 -0.3111777798471439 0.9500038309833567
-0.08696828658049001 -0.12182744915684136 0.9884677018320726
-0.06897175433270927 -0.10802025189421387 0.9916116514339754
-0.050292979888510767 -0.09343144015046743 0.9941236364378223
0.008063352981297163 -0.3122406457474605 0.9499384710471694
-0.000411249228962351 -0.32168300048981197 0.9459787864630644
-0.03768918447332252 -0.31107268114485953 0.9486951103846328
-0.39411985152540147 0.00024896057246656244 0.9188269973375379
-0.3640265083452352 -0.005653705514979438 0.9312456509610696
-0.39822162299076896 0.005651967631585991 0.9172675275725674
-0.3914276137057624 -0.003961970312277024 0.9199215987551841
-0.28922977686020274 -0.15697993193560197 0.9441248704301645
-0.1948919332468934 -0.031267759188710505 0.9802917780176044
-0.15965167518557605 -0.01080283855141357 0.9868254643132806
-0.0061730355622684275 -0.001216433808188496 0.9999793295476461
-0.002967396341505939 -0.004116048402988944 0.9999811061663463
-0.30135445648099396 -0.1559695854328188 0.9406672761455935
-0.2937917764060679 -0.1573042362963795 0.9426194627226384
-0.2978723756406022 -0.12150017788466416 0.9467396573421625
-0.008372905497783382 -0.028227657293618418 0.999554823301214
-0.0011769376674176486 -0.04197645649878216 0.9990900432056544
-0.004833627130479557 -0.2515978372447634 0.966431713050283
-0.006372584112877201 -0.008249073057347574 0.9999370433956971
-0.12056055736985753 -0.21088648610494795 0.9700399718706995
-0.1352608850072362 -0.2037037814270355 0.9694974724411316
-0.12534964723734143 -0.23166706542152102 0.9639253515032754
-0.16597563819164574 -0.2128411462408447 0.962520007842907
-0.29787737297663 -0.1530957180596906 0.9414306665558307
-0.31030244444923566 -0.19887234800109235 0.9293954558804735
-0.0005326827435934579 -0.0014270502398107288 0.9999983252165546
-0.0024724276921838356 -0.0007431951780458744 0.9999948814413083
-0.0010457048339189748 -0.0013608006581997273 0.9999929768965686
-0.29250664675873195 -0.0010291144080863692 0.9560879944030942
-0.19356427628195258 -0.250673465995215 0.9483101093117667
-0.081511940780723 -0.011074336700632377 0.9964582287020892
-0.17813223375585566 -0.18658153936799404 0.9651441448172389
-0.18728128402966576 -0.3314639247751469 0.9244960044606156
0.004042801297814906 -0.3611471419389219 0.9321928057539162
-0.11027547009385913 -0.008993934587386234 0.9937067584807037
0.0006735766331251489 -0.049823523809139236 0.9987096366305682
-0.03955559442701694 -0.31585543101203467 0.947915643924155
-0.15120183685409164 -0.29630805877120836 0.942992371981819
-0.18443623763214287 -0.3114885790355256 0.9321666104243836
-0.027155209049716775 -0.19366815062478202 0.9805703222427539
-0.034401876655497696 -0.16151932265136665 0.9858605653427504
-0.25082951555003646 -0.14081564166900515 0.9575534426528877
-0.008026568480176906 -0.2245036884493674 0.9742654004773041
-0.012852342760018351 -0.2188448535916746 0.9756037036726528
-0.003805821192240399 -0.3869352982350486 0.9216456230592128
-0.27341102446159926 -0.23958463539183295 0.9309204049067484
-0.24291165927886008 -0.21831823756297095 0.9447494236257605
-0.0404426547356747 -0.10483844577922079 0.993439701795029
-0.027943455001791646 -0.030547231766472133 0.999106469643566
-0.032718686658213925 -0.005851945085852686 0.9993283734910915
-0.060154310453699136 -0.3034077298271282 0.950459895735776
-0.0045084409265181745 -0.351868691179418 0.9358514122250946
-0.20236657696057417 -0.15431188557654849 0.9669457989771826
-0.16817666062657327 -0.15352298891834099 0.9737054939808032
-0.1960722145226983 -0.014685976785909759 0.9803350963396044
-0.22220050748753062 -0.016302665150332414 0.9745399441228789
-0.07936078772946145 -0.005829078094085548 0.9967818996453301
-0.014740262883852733 -0.002519525985096487 0.9998736903596733
-0.1425113226324331 -0.018751242020838582 0.9890765859387284
-0.08759344459744811 -0.2208721444240615 0.969513359332017
-0.0946448351182824 -0.1882665883717655 0.976596991536319
-0.012995097703232853 -0.08536372380479725 0.9961798605838778
-0.05412547847080053 -0.04747521398229869 0.9973675689932213
-0.0024222765909775895 -0.26699252681221775 0.9636839944807569
-0.004404929901603781 -0.2454342207172877 0.9688188561666384
-0.058555667705632565 -0.2775128784393832 0.9584133745467086
-0.026189260280703595 -0.2136952729992664 0.976074806309395
-0.0892040348167738 -0.06849782029278922 0.9935427010225096
-0.048392428405361225 -0.15582221626737494 0.986516139393078
-0.10224210689421175 -0.3140357598513515 0.9438621122148787
-0.27850469980878695 -0.19048815628516375 0.9413253175087749
-0.3772792333004178 -0.006087068752570461 0.9259911767570076
-0.33167694277964443 -0.006439519429236394 0.9432017637759976
-0.2576702192888104 -0.0071485082491077375 0.9661798663493443
-0.24931276564497543 -0.0050310571580881175 0.9681715623074135
-0.2211721876585199 -0.2548444112843967 0.9408828789143688
-0.35702764521870245 -0.1619513918318066 0.9198891652779388
-0.017037230829603255 -0.19381432129218698 0.9808850533845109
-0.008937576964122305 0.0006822686276734041 0.9999452421751349
-0.011851532128890199 -0.07250804991686134 0.9972255484087523
-0.001025700972164846 -0.028805436980094096 0.999567161574443
-0.22794880782197166 -0.3200817657881685 0.9175381282157812
-0.06336644646314679 -0.36160152462219514 0.9300295023198618
-0.10914407830754419 -0.03114265356077372 0.9933712365804489
-0.029401027650262233 -0.0009639960424796873 0.9995305842123009
-0.016092435055591717 -0.0020567167031370747 0.9998322422133522
-0.006846724426359153 -0.0009725207771595495 0.9999631459071904
-0.042111111675314554 -0.08432798307751639 0.9955437047924783
-0.036140533558208364 -0.05968374283574264 0.9975554097322463
-0.016982270491429207 -0.21705943729444366 0.9758917292514234
-0.005560577230855425 -0.21345766850669007 0.9768103769972393
-0.010347303992294521 -0.1903907211546865 0.9816505353267367
-0.32696799663390885 -0.36130697139407375 0.8732221436087984
-0.07285920227302206 -0.025984579745334392 0.9968813015046358
-0.016321514239612596 -0.0736714683124206 0.9971410292944093
-0.06546492034649966 -0.0003126814850838117 0.9974796599450986
-0.06282980740500196 -0.006788604067104926 0.997752992749052
-0.10480224333347711 -0.2678974856602839 0.9573882873372198
-0.26795398173111523 0.009916830402236653 0.9632186311563495
-0.08126489626709776 -0.007217310130410674 0.9966625816191698
-0.014413835435371204 -0.024825449485075344 0.9995613451025174
-0.011057081754781583 -0.27947436191249114 0.9599237517648663
0.0010315242240345464 -0.3701667778288948 0.9287164637230996
-0.008757972180283903 -0.35000157743935717 0.9362954129023375
-0.309896498055124 -0.17440398097229118 0.9344785359924663
-0.10399757246956867 -0.00817032887514818 0.9942523686856614
-0.07324012767581328 -0.010983300290612709 0.9969792380256675
-0.012007296303855441 -0.03402612361750832 0.9991218143784024
-0.0041009570248142155 -0.04287915583623729 0.9990535077314788
-0.020160407556533307 -0.32419004026625087 0.9457769135969352
-0.02401410257535618 -0.32871112313054157 0.9440429702709994
-0.25925676542008047 -0.1400133169939157 0.9554298154103875
-0.14991719839631126 -0.02907440119129284 0.988208165540177
-0.05257620499481249 -0.011970005377953128 0.9983793299206009
-0.10451671871173823 -0.2353093721897171 0.9654985651391844
-0.0006196678644835054 -0.0069631443907257435 0.9999722665744362
-7.191079693814325e-05 -0.012529553045877495 0.9999061368360379
-0.000144597288610857 -0.009960100216547599 0.9999460438963207
-0.26477999024810606 -0.1313105397145357 0.9551111203731456
-0.2615746139177534 -0.10804879191434666 0.9588212470146452
-0.32683856625955976 -0.04835007092716654 0.9433614735407558
-0.3355424362002562 -0.015583247253031778 0.9418759625576384
-0.3036477007582959 -0.01862549128193898 0.9525222815897185
-0.32918250676432714 -0.018229445153975676 0.9436760658394059
-0.22592051142164352 -0.014295841997671397 0.9735293340172574
-0.0071668664590735145 -0.176519773760387 0.9841707357352361
-0.011588050300858629 -0.17612043609892933 0.984044129495492
-0.0431596971605007 -0.18150396089834786 0.9815038349742876
-0.028797639856220476 -0.22883239577608694 0.9722853731329831
-0.20877506801482143 -0.19636018242197897 0.9569563497396509
-0.22915472520825952 -0.3572771701268549 0.9052804385504221
-0.1892758865334302 -0.2678516908122244 0.9445295048754455
-0.1831024179187063 -0.26349363724637415 0.9467568779064901
-0.06598117753207618 -0.3589812183940742 0.9309920925168941
-0.3246149502540447 -0.033834653393434534 0.9447139239354339
-0.0018168784851568449 -0.16181304952073938 0.9866181514262232
-0.23581998336748206 -0.1838079252207797 0.9535977100250976
-0.014027981107139499 -0.1951544913119439 0.9802953331461987
-0.0021261305465950665 -0.018302474292557387 0.9998258640663287
-0.0007179630014325123 -0.01705568556289986 0.9998440712120713
-0.3436323584247333 -0.21630670369580407 0.9129730331195642
-0.15362775806664528 -0.2911719238853654 0.9442285439414548
-0.2914047048219371 -0.025266323617513037 0.9562626044548546
-0.04334511645729611 -0.13484826068947037 0.9898387846827869
-0.0032450890687128124 -0.046295717193026734 0.9988520916109532
-0.047170423658787486 -0.0017097110619469058 0.9988562518040329
-0.27573716424060624 -0.3373269022452358 0.899658085040953
-0.0737989559761043 -0.26805230866396557 0.9604137966098786
-0.012469567015149804 -0.02997074029306437 0.9994621601798246
-0.017999300477106208 -0.04221881678586038 0.9989282337862956
-0.0011452809361278433 -0.01509851295135998 0.9998440990662618
-0.013107619644416065 -0.0028340843299913426 0.9999092793137976
-0.007322127090802519 -0.23898399742232784 0.97083440567139
-0.002390259008104085 -0.2066138108526429 0.9784172333083253
0.005474417399311979 -0.38445908361698633 0.9225526019247352
-0.2583072765884803 -0.007632970269473673 0.9657444090712598
-0.25277875999374944 -0.12616633621029824 0.9592610726434526
-0.02135704393424915 -0.24334386772868336 0.9694113900045674
-0.03321682897475508 -0.24356776623489257 0.9693095064238791
-0.018342060891357752 -0.37331700690270103 0.9258260922238949
-0.03189459588810313 -0.06543214403568962 0.9973196854482882
-0.09566803124427971 -0.30511292149867203 0.9474912773474194
-0.27048120021106997 -0.0177627775569079 0.9618061543028815
-0.2988507601091408 -0.03358756714961375 0.9535343511150831
-0.2736541154580345 -0.05375388953076842 0.9603031903290459
-0.12215127524822345 -0.2548631794611219 0.9584500621518123
-0.02617467259332213 -0.0006816389686090898 0.9996490465724217
-0.04027242629914669 0.0010185878440830546 0.9991348836694001
-0.008836434390413872 -0.30795322032921285 0.9511568078419417
-0.2227505329546787 -0.2753310675332163 0.9342154182597016
-0.0008727378910104795 -0.16992120785753284 0.9854466983423403
-0.27061945048835784 -0.22979983764285203 0.9345120899927571
-0.012498104742287203 -0.05975425223133306 0.9981171361234052
-0.018113453694566652 -0.24703073844966328 0.9688254911503636
-0.1717243131747313 -0.18746729779582183 0.9671025506772285
-0.17872052833315402 -0.13881266766586778 0.97317259403068
-0.06259932552536371 -0.3332709729467757 0.9401026971852678
-0.013534749813438472 -0.151200705411088 0.9883424600468164
-0.07491448966300253 -0.16590861049530448 0.9831735338707724
-0.33508652038146136 0.0003959991611587282 0.9419827662372489
-0.050388521315770575 -0.18329238721780491 0.9816507459635988
-0.05049074109657543 -0.26908312302098414 0.9616419390302161
-0.004431641217601441 -0.1339963543637057 0.990957712207858
-0.010469510323895523 -0.1542508975478742 0.9878635084611384
-0.18444309690328017 -0.39678041861962915 0.899169851018447
-0.05431054756615336 -0.3550712799240873 0.9332087275874497
-0.06838730246834628 -0.2953139932400395 0.9519786296331306
-0.06502065619057092 -0.25987467257427316 0.963435279062199
-0.09162027826525948 -0.21045320750216306 0.9732014645357129
-0.11585393610932326 -0.1790399784790707 0.9768656967001497
-0.044782762347258726 -0.04879827122683444 0.9976937495237718
-0.2814722730520137 0.003343692960925666 0.9591562438030692
-0.12351511641011859 -0.05709843974744132 0.9903246477041161
-0.12461863322031126 -0.06657445589149019 0.9894616547326585
-0.30669115028553434 -0.013742101217324576 0.9516190186410125
-0.29107352559112365 -0.02561092509153636 0.9563566580342384
-0.0386970222449793 -0.31878601785863253 0.9470193706767741
-0.07594053711547108 0.0039360661312996285 0.9971042385886432
-0.07675727722144329 0.0011816295626305361 0.9970450170940265
-0.24896519427522923 -0.3697200072527115 0.8949182248459402
-0.012032419929174485 -0.36073599050332694 0.9320387325189909
-0.14647054232599865 -0.008500240390109635 0.9890908898551428
-0.1539468324760969 -0.061117642975561194 0.9861362338601426
-0.2914787392761853 -0.024645985048187144 0.956257361465052
-0.29557098845966917 -0.024548975270066282 0.9549220146992182
-0.33874689342888803 -0.236323460923047 0.9104052956778421
-0.21735806537360544 -0.2925132997614076 0.9310542215714168
-0.25277767736197004 -0.07501126691729676 0.9637830524263059
-0.26160742791359626 -0.09886529425822038 0.9600638734670769
-0.0915622020205473 -0.25686131405060847 0.9617601072447122
-0.028970566132777893 -0.04419201006389041 0.9985985967480325
-0.12300450432805153 -0.0035346861078409775 0.9920943266151555
-0.2734839985143492 -0.0020588105287102122 0.9613945464673835
-0.30860969331686317 -0.009662555015417091 0.9506880320634578
-0.3250932293104997 -0.008383756762717404 0.9454725564670996
-0.36409005669771716 -0.050670841455987665 0.9296742413079105
-0.3462964329183114 -0.26154027819024933 0.9008154295973695
-0.3586333583424723 -0.25893605111215395 0.8968068389271167
-0.22780503535499821 -0.13111953359167958 0.9648202031543723
-0.30759458323295685 -0.10171834511012198 0.9458965674491501
-0.044085739043440715 -0.0038499019949303865 0.9989648655165704
-0.028940081877523446 -0.0036803187607635976 0.9995741492834989
-0.03708946487607857 -0.3485732471903779 0.9365451250547493
-0.2035662887233026 -0.19583017795223642 0.9590115216828466
-0.3113762729091393 -0.217736830275715 0.9245797532348337
-0.11330839184830575 -0.08867166361145688 0.9894287386207796
-0.0966160826910234 -0.014137419638904974 0.9952075311945562
0.0004578867704456216 -0.1253276928742133 0.9919639725551458
-0.12326308037367056 -0.05002796550139121 0.9906956297396385
-0.01459262416975923 -0.021636432999698883 0.9996436371251278
-0.07838087119005242 -0.20689364715437475 0.9751817027010328
-0.0004918594141844719 -0.06457452688401347 0.9976567521997389
-0.22014252156502 -0.20629326462482994 0.9528947392743838
-0.22824965039951636 -0.2574402158547628 0.9389011617499251
-0.0902588623443649 -0.17238331347361593 0.980874926229881
-0.10982037704565094 -0.0016083575854969232 0.9936126958385774
-0.05933215204816552 -0.11056997507129493 0.9920638505949756
-0.07581592642674694 -0.1746267413692074 0.9816478858170106
-0.24741370384068131 -0.0427889478994237 0.9678614816664336
-0.21351711462642803 -0.04422557102012313 0.9757340601228358
-0.21672260668854876 -0.06276366000162897 0.9734430804283752
-0.25079728168258336 -0.07183021524983403 0.9652192465771036
-0.0007895566471422061 -0.20584462280013516 0.9785781905389964
0.0031171145892424776 -0.27565000615988217 0.9609006602113858
-0.053772526847432986 -0.06301228071542905 0.9964411727553686
-0.010634985118130326 -0.1818830272975262 0.9830039838742602
-0.007454523983063206 -0.05310470090954078 0.9985473707157986
-0.008372780012918333 -0.05159234312346225 0.9985448430837
-0.2145842423985814 -0.004583590128369024 0.9766746000516666
-0.21614160212879024 -0.13123994050390306 0.9666861042406928
-0.054448609320304 -0.008255530463575066 0.9983932838757745
-0.0021878122915039975 -0.24089897442772298 0.9700686318755578
0.003051275108211544 -0.25279980204132424 0.9674917531816294
-0.3889738379780623 -0.2941995902707173 0.8729860862312361
-0.02217740604264229 -0.008639404232695753 0.9997064784901137
-0.006258477143333556 -0.0022191852231336316 0.9999615547392965
-0.07524052391267352 -0.3984575946013118 0.9130197883030704
-0.3255529059724056 -0.23739829501921678 0.9151486788259132
-0.2419559084816038 -0.09532929290550671 0.9655502537234195
-0.14651123346779357 -0.11466446324038732 0.9824722572651685
-0.0033063999023963827 -0.30194968063428446 0.9532739074829321
-0.14432530972431004 -0.15151255148738232 0.9778279839834657
-0.17099838079317378 -0.0016434001676784503 0.9852440983450365
-0.013037286963126919 -0.008076984077638223 0.9998821185585786
-0.3559209612146152 -0.2221015018163171 0.9069936822452167
-0.026326061869819638 -0.3331253426090981 0.9422150229685361
-0.37778085766550823 -0.03442147067925806 0.9247873648099242
-0.3584217874307618 -0.16260676832951262 0.9178964188159761
-0.3080337160749412 -0.15096236165619176 0.9390793280307348
-0.05283125472784782 -0.20431347287471222 0.9774080226261683
-0.06086545840933897 -0.2813547216241956 0.9576235646863361
-0.1326921686786199 0.0003028530774670307 0.991143105888749
-0.1278581804005966 -0.005273023483597981 0.9917707772460368
-0.06227041367451814 -0.03827489799230852 0.9973217261162866
-0.07337946005871238 -0.06224192179979515 0.9953481552963663
-0.2760090502647961 -0.02582850463431765 0.960345571546527
-0.1213126337051197 -0.12436510425726274 0.9846793909390575
-0.24628374665113686 -0.17074933720526453 0.9539249383009667
-0.01254073527181084 -0.009837126128808743 0.9998143246355891
-0.28780898799469185 -0.039284314268631354 0.9567496917009639
-0.06841761181026512 -0.0673073263249319 0.9949276597325107
-0.034354570377327726 -0.01565945602290418 0.9992863375081226
-0.0761656135570465 -0.06733053881161527 0.994800368957971
-0.04085102172707942 -0.27342329726274783 0.960993157988789
-0.2520043634893749 -0.004235683589501736 0.967695151163009
-0.009441852823129062 -0.006825960544806326 0.9999228490525925
-0.0039754490143664055 -0.010853266770260711 0.9998944915878513
-0.05472885038353078 -0.010514236890333937 0.9984159152665733
-0.005119147036862428 -0.003883031591481281 0.9999702250839082
-0.3518008913890617 -0.3192589794046292 0.8793659334558572
-0.21938083247684603 -0.08116115003181602 0.9721206776623864
-0.2038678257958892 -0.0014448842937737339 0.9787808303269292
-0.31828655716640786 -0.34272822722313295 0.8837749599304427
-0.011303475259304975 -0.2629001300238719 0.9647151091866648
-0.39348076368494783 -0.23400130991363055 0.889044511024229
-0.028988521750039936 -0.09219104679240048 0.9952559496510864
-0.20951641469209942 -0.16413465215590148 0.963799549903224
-0.3285313304084615 -0.08852262053260491 0.9403165746659025
-0.036305112460330115 -0.03185344686842483 0.9988177446992453
-0.29198895926377605 -0.01933399527304643 0.9557029088150943
-0.19654907723585102 -0.19866867581995437 0.9600657762744482
-0.1890209569304851 -0.16324972956728678 0.9678356087875223
-0.15291427979448877 -0.002578677114207803 0.9880181696636635
-0.19981181609400708 -0.026676543499590165 0.9785370472656099
-0.17545888510557364 -0.31060668420517995 0.9338575858882322
-0.02164113114263927 -0.15973973690108778 0.9866962148465032
-0.024096442355171974 -0.1518462453902318 0.9880489470199914
-0.08511086734761825 -0.01599993636609883 0.9959349334593777
-0.10391989975458736 -0.22772642326695453 0.968064346591705
-0.040571675249149244 -0.18320063666852174 0.9821521194157987
-0.36254343672986633 0.001455182169555776 0.9317816537294555
-0.27110905927358664 -0.1457339556999443 0.950582341657644
-0.004136808275638146 -0.00126624478953561 0.9999818576546831
-0.11164379895134638 -0.3210797931374738 0.9404259485355637
-0.016050929912393336 -0.12450201364075199 0.9920208126829707
-0.255878480196022 -0.30001519163547324 0.9183069199422571
-0.05796951930763771 -0.020956893098194745 0.9978687739066823
-0.0009870230867221473 -0.0006500324595152408 0.9999983413085527
-0.011222268366697074 -0.01981642319531617 0.999686882914803
-0.17081912728632542 -0.1327503129865565 0.9763062848487505
-0.028855717700513706 -0.23038741061657603 0.9722745157413291
-0.004897864780812395 -0.0691643693732542 0.9975925804184386
-0.033610249699022446 -0.002555648379300387 0.999282710024192
-0.07778563190034585 -0.15131459494961955 0.9851149702989745
-0.07366821813496541 -0.11233448451469813 0.9902875031312341
-0.04496446535064584 -0.2582941499652498 0.9644180615707008
-0.003926103666022803 -0.2631613699444644 0.9646710791074407
-0.09817052541271344 -0.3069563184458062 0.9466171453202726
-0.14389541294843916 -0.01403721347194061 0.989223038791142
-0.09174269109604626 -0.004425247856942534 0.9957184110637575
-0.31515490199376095 -0.159589717900133 0.9347007864692627
-0.09637718853745596 -0.3749488615859921 0.921857112089345
-0.001010660581065225 -0.004336969572749336 0.9999797958673943
-0.13996997896920962 -0.03222420648473601 0.9895028486752477
-0.20681952116359517 -0.35403099973058294 0.912046719216409
-0.2668388621739444 -0.009352128973835165 0.9636169263366875
-0.29822008877539125 -0.04808663261363571 0.9530097470344832
-0.0019225257512018677 -0.07664530858456124 0.9969613964931967
-0.13573639358341547 -0.3081172453027671 0.9414295783357778
-0.11428252739763947 -0.000395580343220836 0.9934409296855358
-0.13754132661005442 -0.09518058972229804 0.9859115940164523
-0.13931358511634132 -0.10317208641758714 0.9848259407742148
-0.22516297501742857 -0.29517892266835316 0.9285090457113739
-0.2018425528096574 -0.3085968674068186 0.9289104478379634
-0.160881243155868 -0.1889633613004458 0.9686975389946119
-0.00400976877614019 -0.024929569762101488 0.9996592861861795
-0.00706133877347611 -0.023332359549159347 0.9996930071109027
-0.33850534171382524 -0.043078013169050286 0.9397143239119117
-0.21248484265643888 0.0019812062155972355 0.977158907104135
-0.05325623287942744 -0.024306046226304886 0.9982470289026831
-0.07402764172996668 0.0022952210086570057 0.9972367128126018
-0.029573045589251317 -0.003024537395210678 0.9995576053565909
-0.07405505128545799 -0.20728090930489165 0.9754417668486731
-0.09209286909123592 -0.007358321982882663 0.9953900692254846
-0.09531952394142071 0.0006163683182916829 0.9953019334499448
-0.044427802198112445 -0.3080070187315456 0.9499287463766235
-0.3097783012027724 -0.013505763243898971 0.9506288161548507
-0.05617360795667969 -0.1570807592851644 0.9859677398848913
-0.01634871996444435 -0.33668146372543845 0.9407847026571646
-0.05025283526053036 -0.003680772809984968 0.9987279989747232
-0.20694941965181674 -0.21712303485814136 0.9536893562798675
-0.24814079824970212 -0.12645708728120797 0.9603896770033449
-0.08468311826015759 -0.0350994924319264 0.9957767777641539
-0.27896239709043114 -0.008927693273595482 0.960065266319195
-0.17237496752038517 -0.2390508192360688 0.9538573193708747
-0.10209661907429929 -0.1258496602509329 0.9867557221267576
-0.03381353775147502 -0.24321981367752737 0.9693808990933246
-0.1889132251500583 -0.28702758706938797 0.9390566116186937
-0.13875344635966053 -0.27423203457596385 0.9514165163218542
-0.3303789072682718 -0.04674204126933418 0.942423767916855
-0.0010937738213560994 -0.11339640365052958 0.9935287790462912
-0.0002780175691076908 -0.14721302138779485 0.9889694992636989
0.008180118087770069 -0.2579757510622616 0.9660722741157386
-0.015456749393485136 -0.010070738761401445 0.999764657551936
-0.1411022587821688 -0.14444804772904102 0.9793664135836807
-0.3735863803060455 -0.2646995045472455 0.8884681091375578
-0.057861276590503684 -0.4005244847315432 0.9139400362611264
-0.09431324950773769 -0.056868456759575324 0.9937073114546294
-0.09081794230709543 -0.03471844147271095 0.995129059886966
-0.054868547317092745 -0.15036193884987034 0.986960253467919
-0.04298904692409374 -0.005966732309038891 0.9990575476366857
-0.3365139598628016 -0.29685199967778086 0.8931886511749554
-0.0565263946917475 -0.28419958373063003 0.9570968979099711
-0.34693521003754496 -0.025567021176183976 0.9373861857998164
-0.14545264660087562 -0.1256855562728027 0.9813244958879365
-0.12361349697684196 -0.12904781856342593 0.9838345223188124
-0.1001905151958241 -0.14095646947202523 0.9844321605039295
-0.08810145256907218 -0.07605958007559512 0.9923530662987669
-0.18700906062157358 -0.09478640812572153 0.9774312463335326
-0.001335037807700311 -0.03128265566375298 0.9994386157698769
-0.011838736880655705 -0.047567016355837655 0.998787990371547
-0.1199656408649533 -0.07013931634181232 0.9901611872543631
-0.1053334585371819 -0.051214113876735134 0.9930699759130197
-0.010429938158581438 -0.0006347042641407641 0.9999336198026525
-0.01878087594142044 -0.010314821613986731 0.9996559728403418
-0.19231333558248384 -0.00798281661061634 0.9806508356789576
-0.24961193563640982 -0.18267083923554042 0.9508894326343026
-0.3070096252198902 -0.0033598901985659744 0.9516530648943247
-0.3644982699896976 -0.19244488589933081 0.9096209437662386
-0.09496345687159233 -0.4045483082391564 0.9094657729974054
-0.018935498665707214 -0.0237735253108101 0.9992989665542028
-0.020238831540166757 -0.039809232512961264 0.9988423485668381
-0.038333837827770605 -0.37441097660953127 0.9252270735023247
-0.40140384640910914 -0.025107265178693536 0.9155504094492252
-0.35117496008647386 -0.1295347596177945 0.9253951104237793
-0.13294829324039442 -0.24294000094092388 0.9601625044416465
-0.07706087097744097 -0.20812599361770223 0.9749294113211106
-0.10863295268161695 -0.06597665971554385 0.9918060361870711
-0.10001061781377538 -0.0009448131932577576 0.9947680727917946
-0.0004095798097823252 -0.00753360890669968 0.9999521363507604
-0.013858454095749723 -0.005937641501845578 0.9998237929512276
-0.0059033347785293925 -0.005421719544943604 0.9999528730517159
-0.25038895609764683 -0.037823487926669265 0.9671785412746475
-0.256232375760915 -0.04660268869518125 0.9654546113551207
-0.25831099633830074 -0.043297214459670386 0.9650013330388667
-0.1049020593287922 -0.08555950711617491 0.9907855609325902
-0.006501273631534151 -0.006309339996134044 0.9999267173186471
-0.024568853030125255 -0.11122090758709027 0.99345511296719
-0.03728923545710588 -0.05612718943332399 0.9976665047368554
-0.19721740144216973 -0.1789810787753302 0.9634142669864852
-0.08622494000167025 -0.35778703247373805 0.9297219160062952
-0.0722108434756336 -0.07225132332555884 0.994768729912245
-0.035058408929162746 -0.016521470751797336 0.9992391119856567
-0.2002896369115922 -0.2117509912100684 0.9563084622062099
-0.00014594091180966098 -0.010906529273925568 0.9999209108165499
-0.00928312898984375 -0.014807920374771508 0.9998434641948468
-0.3950197213167036 -0.047473290561162874 0.9172291716370256
-0.12238549582542774 -0.15825723491475804 0.9797759063861203
-0.06515967172562281 -0.020835278626267387 0.9976533039557609
-0.0400761939309953 -0.010971947863360691 0.9991177968314822
-0.0032807290649640684 -0.030349380233297096 0.9994870666333855
-0.008619431878112684 -0.010197122405061156 0.9998918014259709
-0.25365778073015655 -0.11231542968564198 0.9604049259687059
-0.0014374132044122413 -0.05200729054057803 0.9985303417418623
-0.027441324134966093 0.00016216639773824205 0.9996164219870164
-0.04731405266109715 -0.002484397945621636 0.998800707711694
-0.060895321721161515 -0.005210809361556942 0.9980373295012523
-0.10753342755627882 -0.14507817870460699 0.9832481731094528
-0.3841925988800962 -0.006636561266447641 0.923123502477031
-0.0018862387328992627 -0.004940470968441106 0.9999835295892353
-0.00178130788694569 -0.0025680307506758073 0.9999940514350748
-0.1731858196823559 -0.0073894584026746495 0.9848091638575588
-0.17306690869818733 -0.002273666011158438 0.9849042987496783
-0.06775150423061979 -0.07844965850124946 0.9945539767491692
-0.03388175963902093 -0.062384991669238166 0.9974642043525069
-0.1386314800614505 -0.20060290755768892 0.969579164472032
-0.3029631755573548 -0.0355585455549253 0.9523356149634823
-0.0009438962418329953 -0.0006723037087406451 0.9999988859456437
-0.21471408762566502 -0.15501065648829243 0.9641480316104887
-0.25821032616349054 -0.017928361025676475 0.9656618099022869
-0.08672677336558038 -0.03697494434173296 0.9955250295681854
-0.09145339019062695 -0.019738453137133943 0.995589868015877
-0.18593231050553127 -0.32666838057200276 0.9266593611487525
-0.17885570071055626 -0.33340891805643463 0.9254032316693349
-0.000732940022769846 -0.05031306573233826 0.998638577543907
-0.0007917063030246056 -0.04127478721323053 0.9991085443866293
-2.127697392447194e-05 -0.04618254037875207 0.9989021282164473
-0.10960288825688855 -0.001677986329887708 0.9939655272534086
-0.13145574006582317 -0.000784318170673168 0.9912112458205645
-0.16789323291386218 -0.20131556744947193 0.9650147353327018
-0.04897797708054226 -0.1579535107409395 0.9861858436332244
-0.04772278621873346 -0.1934647886049749 0.9796447931758449
-0.20892548502967706 -0.15737064230759068 0.9651188131886101
-0.24563799776008285 -0.013414422923650134 0.9689660853683238
-0.024978665314650032 -0.006176016116664559 0.9996620676993757
-0.07920276631234353 -0.18604794839943625 0.9788503406367157
-0.003739711157159525 -0.28062131041988075 0.9594409136023154
-0.04148372432876831 -0.22877529895341456 0.9719236913982224
-0.07432373440912915 -0.043332952396090356 0.9962749177953218
-0.37899123715033106 -0.008787695068878505 0.9253519246812095
-0.3542635987907808 -0.012667337984688902 0.9349232809005836
-0.004669522272291016 -0.11330696398976355 0.9933540163951841
-0.0198863052795606 -0.07194993398497752 0.9971813283368592
-0.006919333397893321 -0.07355263665978737 0.997224806977686
-0.2841127498302867 -0.07968134162468647 0.9552066472228071
-0.31432232621257455 -0.13546272857402641 0.9386116486869098
-0.08581142661334784 -0.013700943931046695 0.9961421206946095
-0.020511898609355473 0.00022694650113567208 0.9997826336245959
-0.009070132620182188 -0.001422321171138631 0.9999469248477487
-0.19337795575169056 -0.0007846608542052928 0.980860936016972
-0.27807740993368846 -0.29412757033554987 0.914284008760641
-0.3305108420489306 0.011177607051414752 0.9437346356984229
-0.08696508769417206 -0.025361828609209307 0.9957347357028354
-0.0030310773162536236 -0.01735795939981741 0.9998403117098376
-0.06468201951422048 -0.007803830038903762 0.9977477799580553
-0.31335979953316473 -0.0025706430364407563 0.9492876679107695
-0.218852229434466 -0.010141002145187643 0.9754576626167126
-0.031718104564829 -0.20278827037968736 0.9786243471585959
-0.22710785138204995 -0.3065862803713798 0.9242928237353506
-0.2731854831164267 -0.0169495677588911 0.9611650324046446
-0.011506337394586083 -0.0489028650550915 0.9987370373323939
-0.06726451576805742 -0.00040342370661303824 0.9976407839011011
-0.017939270585941847 -0.0022884914385010173 0.9998025049324344
-0.05015225964614004 -0.24817177694017956 0.9673928471331515
-0.029994858598135297 -0.2836851731149068 0.9577414874290728
-0.07632748467472125 0.002887798489584564 0.9970775456383856
-0.06848441472449845 -0.1845298727606765 0.980370798079365
-0.0022677258292070645 -0.01586218181244728 0.9998675289355793
-0.02496588463115093 -0.3825400012032718 0.9227585010206103
-0.0752820204793156 -0.0032782125894471313 0.9971147900082014
-0.010161492976577507 -0.28300721881825536 0.9589694316260656
-0.1615435709355859 -0.19210868680806534 0.9679847583032447
-0.3260114643173654 -0.12218594165352654 0.9367915654833612
-0.26370907371694347 -0.00294641103991905 0.9645761727958148
-3.700074059703119e-05 -0.05836292411223905 0.9982376455916663
-0.001556602055932509 -0.07253167648664546 0.9972371297883144
-0.09698661297252105 0.00023709521013274667 0.9951508491703255
-0.23518929687410783 -0.3336380328019015 0.9125898150714674
-0.03488235429410218 -0.040323554825787145 0.9985288655512259
-0.32078875218603586 -0.055539238523793034 0.9454934318511339
-0.029237348188432665 -0.027880595194777008 0.9991036138855017
-0.24223414167213272 -0.12848876030507567 0.9615585376217084
-0.04871533018272413 -0.000608143463253147 0.9988052933076925
-0.07367006380622548 -0.005964266794729435 0.9971771612375412
-0.30431568692720057 -0.01459027996537852 0.9521701641078122
-0.2716275525833158 -0.06239699554134013 0.9603639399957029
-0.005198410995755154 -0.04857551187167446 0.9987729202074493
-0.001224341306125441 -0.15688804916489027 0.9873672772002674
-0.034242121447573576 -0.01036776243440835 0.9993134302066641
-0.03785154857030973 -0.018205362676489003 0.9990978295866323
-0.08498417201717369 -0.37658034880688906 0.9223819724636871
-0.14140249895485113 -0.1464845222781589 0.9783916033380777
-0.09768905468866376 -0.18569474240171502 0.97728566151951
-0.009709447491535456 -0.09702954379804589 0.9952004285835178
-0.2237572859966542 -0.06476300991425991 0.9717182485427877
-0.022284955016523444 -0.3216043639866733 0.9464294578734387
-0.009540141008255636 -0.1600207696067719 0.986912892817159
-0.18630602390196438 -0.01010962429225108 0.9823702775308533
-0.012919095990411095 -0.17546076902055363 0.9839674866010116
-0.2268634159369904 -0.17169121072481883 0.9551983653661358
-0.12754093269433128 -0.031495705161682236 0.9912761162066146
-0.14772753332534697 -0.06020583854528935 0.9870300523106813
0.00018033494714395982 -0.30312343712459955 0.9526286194905677
-0.2618919109940244 -0.11932115581721314 0.9575167215646637
-0.37140320837709584 -0.028948797134687197 0.9274833998996221
-0.35930538471285894 -0.018018534435225508 0.932980078492585
-0.356754395191618 -0.3568281408546189 0.8624098432202723
-0.0026481052551315426 -0.0352083900971107 0.9993610795826275
-0.02293701446383638 -0.24632039043261375 0.9688558520224863
-0.06932983618476223 -0.15883249836415678 0.9848644636327983
-0.0017510731625348865 -0.33082608523038165 0.9434448688629516
-0.0005970839830913578 -0.0612783972152898 0.9980877558173069
-0.03852553066557378 -0.12493104670090582 0.9914016129028536
-0.0133555948114414 -0.17426312232516214 0.9846042182323029
-0.0008480287085806979 -0.2516730016845542 0.9678029884981485
-0.03813999665825928 -0.39348422580756814 0.9182180156173384
-0.1738347449632265 -0.15719810115675048 0.9717502394792215
-0.1600108784657579 -0.11450984643098665 0.979531666831923
-0.0085005171211481 -0.10152123176173274 0.9947621577079498
-0.11227505366042964 -0.042432440903716624 0.9925677085984865
-0.0024834237882225847 -0.07915084458128172 0.9968194248722549
-0.018053456884682954 -0.13971742145070307 0.9897435760881176
-0.26734950385217005 -0.006357257778290224 0.9627732233866675
-0.30750346828178365 -0.02073581810152858 0.9512316550305263
-0.3534712841095523 -0.09145098726154391 0.9308640769137463
-0.28587046071506267 -0.17626507112614878 0.9401403431407516
-0.06095745456380596 -0.12186778474522457 0.990213094360802
-0.2849118076338963 -0.1909514120953919 0.9375803055419474
-0.28946236900232536 -0.2700495371098624 0.9182538089048083
-0.040010064212556186 -0.24332901092988837 0.9689625228318325
-0.3393112331721473 -0.07307833538308767 0.9375170176477362
-0.0054960754947551765 -0.2558803330733384 0.9666077608871557
-0.384623939215406 -0.19828798034207765 0.9014867668593212
-0.36286937841214395 -0.1809231561344332 0.914056380763422
-0.33034777706045987 -0.3404959416901 0.8800711037640871
-0.010271397589133865 -0.303151076939048 0.95241358974675
0.0015005479423315447 -0.30599297723043317 0.9517721257221826
-0.19422599757890407 -0.019952220791505465 0.9807282219932697
-0.005670857395531327 -0.0409482150618132 0.9990734772473517
-0.008036326739498214 -0.012918193683337988 0.9998784563247789
-0.009514087102032992 -0.40094643885004844 0.9160479057800015
-0.08859536113117332 -0.32619697566368183 0.9404082758407146
0.00035168864961510873 -0.07101231568418587 0.9974509719324562
-0.024443728097969554 -0.14105975327937081 0.9894202893253199
-0.0007143560497622916 -0.16845008153774318 0.9857088921012455
-0.04217431318255235 -0.004420196665234664 0.999099350718022
-0.31686580750659843 -0.17216989491889775 0.9321993192586571
-0.1746045487815847 -0.14253955072439198 0.9741542059806897
-0.18248023388200865 -0.16681691486617448 0.9684319106870463
-0.3739746984959058 -0.08293408916426355 0.9237168751356245
-0.3621215584715732 -0.06433541488500986 0.9296989107735327
-0.3265193611720599 -0.13477531560878656 0.9347863565621957
-0.16125434431334476 -0.3582079308529359 0.9193429333745963
-0.1844443880751334 -0.008915859928241208 0.9827086587130482
-0.1111797102321712 -0.0004838250954664529 0.9937912763898675
-0.08128254801200795 -0.3053771952061693 0.9487157447026934
-0.28143822203500357 -0.022301775148026677 0.9587515852878911
-0.073706228631684 -0.14873552579726673 0.9858804511621355
-0.0653789041621775 -0.1396489776950239 0.9879453993545922
-0.019147896544219712 -0.20086026613047184 0.9792233785789347
-0.22763216327571048 -0.16404803303529342 0.9595758617409311
-0.13544173957710054 -0.007116854279072669 0.9906554869636235
-0.35509790712516665 0.0052400374224510935 0.9345245022195644
-0.27326135411913666 -0.20717873536874248 0.9393249647974805
-0.21707492045718693 -0.28613408861907286 0.9320789380574211
-0.29921479275700985 -0.029776826475408743 0.953434629924323
-0.2293698800917821 -0.34426623914578824 0.910163728123907
-0.010395628829431198 -0.02217725262346093 0.9996474210565602
-0.0007846306358281793 -0.11998453281453147 0.9925568730281599
-0.07955473134836642 -0.13302510051157002 0.9878769840982585
-0.08254230629870415 -0.00012347044423824966 0.9965854200732239
-0.3203154585691354 -0.002353568919586583 0.947286516979656
-0.051666951320280076 -0.00902361332604063 0.9985321761657378
-0.061076803462430655 -0.006051595341525649 0.997941052568167
-0.2242726087601226 -0.08343518201631717 0.9706405401662102
-0.0108464826162139 -0.07107242060127737 0.9972949870603
-0.040262612014510174 -0.10435043820679268 0.9934608256708815
-0.16336998165824468 -0.016973780850846668 0.9864037335623783
-0.2288510402908235 -0.034451495644905496 0.9724118566269679
-0.38951459455497384 -0.1575480451301866 0.9067703760539367
-0.31054788671030037 -0.002786106415745443 0.9500844393331743
-0.0017805692344505075 -0.013237511829730077 0.9999073975272316
-0.2650658476203876 -0.0020118569332154513 0.9636072407480483
-0.3640569580982596 -0.07147252061650897 0.9275871954638572
-0.14158427575386023 0.0002628407777548211 0.9894043359574626
-0.05490061315275984 -0.08407882087696875 0.9948733135524649
-0.3248544898247991 -0.07882965122418989 0.9423134314231391
-0.005534499710811295 -0.13376304317767027 0.9909924668318907
-0.010743999747085708 -0.03053215489748523 0.9994752260001675
-0.0047137374321708355 -0.29648549886415576 0.9549274558586958
-7.083179941793011e-05 -0.286514837056886 0.9578476967183277
-0.10671211481463047 -0.16926652170256257 0.9797687971244341
-0.006977220372496091 -0.07876044385512332 0.996846880070085
-0.3121123327748431 -0.13998948411845555 0.9395805381816599
-0.07353731817640839 -0.02764293403472127 0.99673318086557
-0.19833300305445958 -0.0023461236955576977 0.9799398989260311
-0.18302716996151774 0.0032810137182377516 0.9823170403710076
-0.028345618307976928 -0.012069123772806657 0.9995249344941421
-0.0019661054549232255 -0.1334225823161255 0.9910549203641558
-0.04431214904161127 -0.012893851155545106 0.998907116423088
-0.2491255098355091 -0.016353603326522363 0.9681187746460255
-0.2552403728846316 -0.02609683551092821 0.9661432352153445
-0.15416149115089386 -0.3745923617380437 0.9142656576140522
-0.007164676357121854 -0.046523291109832665 0.9988841261502988
-0.16116314591031936 -0.19482955279696815 0.9674846457118232
-0.09058969413732773 -0.006026201596036673 0.9957200282241819
-0.13296764063241742 -0.3567051202872349 0.9246460652343438
-0.15558563805130352 -0.3467045315738871 0.9249350610587427
-0.07923250029982519 -0.15846171900781392 0.9840685350438574
-0.019243891834031947 -0.029344949762093158 0.9993749015267276
-0.04984006110275318 -0.0031625661277053605 0.9987046818013802
-0.0311635289040845 -0.2689131052384424 0.9623772907843344
-0.31428516826314384 -0.08629772244411295 0.9447513560718197
-0.04241659622305658 -0.04635368637044391 0.9979183229431826
-0.022916342444107955 -0.04306321406651678 0.9987817738506213
-0.014436181325485818 -0.04547645951941008 0.9988282174705901
-0.32060646761898637 -0.06257391872104445 0.9451173806465649
-0.40272487304510823 -0.014688633284393552 0.9143117992072757
-0.032747215442118734 -0.11436486880851499 0.9926852439210712
-0.23606502978410385 -0.3073953624275744 0.9215803770596713
-0.11125620250996145 -0.03406019449513513 0.9930245303551478
-0.0004852768755363757 -0.08405098919255652 0.9962998624432293
-0.01941095376467521 -0.13522131629670026 0.9904696549775012
-0.07962973183913118 -0.2518010473031381 0.9644507106347289
-0.17285325622222705 -0.009530605925718293 0.9849002291834481
-0.0029897694574670926 -0.30418008025935733 0.9525637512754899
-0.03671298887167012 -0.13125478824303302 0.9906415054367836
-0.3170355721655616 -0.18574898123246042 0.9296599207434488
-0.033698712655749655 -0.18315281657576163 0.9823873941356399
-0.11815091465963988 -0.19077076769162754 0.9740797670704147
-0.3082122472093467 -0.04862536637403919 0.9497984892345209
-0.2706546413450738 -0.2606517426422901 0.9265883689237994
-0.021931463841157916 -0.00039450642131575754 0.9997466666014333
-0.0778355838239535 -0.3011235390124796 0.9501427373116955
-0.005633189153497631 -0.06993927562815677 0.9975345734239762
-0.25273861697551026 -0.034509045482093145 0.966737923653801
-0.19418458961765941 -0.06528546158903051 0.9786556662383825
-0.2430445856240269 -0.3158696436721396 0.91712101932078
-0.19093713635671675 -0.007975987670674683 0.9812852477485735
-0.32388687915153225 -0.06474573412532435 0.9438158214208398
-0.1796884718072221 -0.1308880917671444 0.9743863285718057
-0.047654890114187415 -0.270041720205008 0.9606943970838809
-0.002412923537430805 -0.10445675066151326 0.9944710680807385
-0.16472944375204687 -0.0266221128359606 0.9858047245238029
-0.3308161934341494 -0.012148596509456686 0.9428401649077021
-0.21404453514707814 -0.0367983614817624 0.9760007316382109
-0.007665697437488922 -0.14516405061804827 0.989247441890045
-0.07118877246177821 -0.012492522967239822 0.9973784856418219
-0.15513965521466033 -0.004589079862474559 0.9878310349778312
0.00539772658975104 -0.25648153503562054 0.966081049394604
-0.141106877017614 -0.04073983081997162 0.9890907871964739
-0.11979966178293919 -0.1846709289254298 0.9743965085863457
-0.2267481295861413 -0.07126593128610487 0.9712861241414227
-0.07965289693910438 -0.023853593998359342 0.9965124139280556
-0.2517920645144478 -0.27175708455980463 0.926963288639607
-0.19075537509462817 -0.33382170130793964 0.9228437149841572
-0.049833768206667156 -0.03424238502240424 0.998145642657244
-0.006566692477890139 -0.2840995450277551 0.9587127775616595
-0.38267735568516764 -0.17743153540745954 0.9059437698574038
-0.12874588454913966 -0.009274162882673347 0.9912574416974802
-0.09690113865037005 -0.23039125275179367 0.9680756481627438
-0.26972436682422135 -0.21574026574833643 0.9379762577320144
-0.17381421300350353 -0.00962844140619102 0.9842255251765469
-0.036322788150494924 -0.19972845936600772 0.9790894870757592
-0.028124719519821904 -0.07126116606302856 0.9967823819347867
-0.3774465382732305 -0.266776308071746 0.8863135401759644
-0.04227047513791727 -0.031686240700835804 0.9985940389099505
-0.03958850104569903 -0.23277170333136693 0.9715791981655999
-0.17645827331457142 -0.2281623819215404 0.9574038740368614
-0.036192535186037884 -0.03215818626967934 0.9988007955343038
-0.12520186035189312 -0.16763781719704793 0.9773611066685217
-0.14976233916450277 -0.07650872744082512 0.9856870543371586
-0.00461685089770724 -0.3256488586966713 0.9452600040762228
-0.2529182379664794 -0.2631424844188015 0.9309516667996081
-0.0005253067922934965 -0.40544344620337536 0.9140999737018364
-0.3718470813905641 -0.1316917954819546 0.9188254151158118
-0.22102282171505502 -0.26920098159617317 0.9370529447219121
-0.1828129048312271 -0.028873933213786583 0.9817951497538399
-0.1961441045007816 -0.10398484842923907 0.9750399592822916
-0.10370190995316018 -0.1650029196281111 0.9805299855777375
0.006677630510635493 -0.3482369472047767 0.937106424979298
-0.23423776607401536 -0.012954553047033333 0.9716289602767235
-0.07719064618911793 -0.040141011499836274 0.995857500370293
-0.00930571703204148 -0.2795685218731669 0.9599953696556038
-0.008357020171391848 -0.0970511904492114 0.9952366757574027
-0.05961725847218368 -0.2169025686547699 0.9741623643853266
-0.22644615768424067 -0.2767038517713694 0.9331061117198096
-0.14396628923886137 -0.17960952652624912 0.9730392502883473
-0.01273959258113466 -0.24739851495194595 0.9687305911837285
-0.048494427030964925 -0.15001592886583343 0.9873932116044895
-0.21584211061629766 -0.2344711348937143 0.9478484774516358
-0.10564562739464659 -0.2651771672774985 0.958353086556612
-0.3993133464201601 -0.025383579035899925 0.9164532586262044
-0.2189771727775863 0.0019887017882287633 0.975627122156109
-0.06735924845305348 -0.24016038262975647 0.9677122857097596
-0.29029287395865 -0.12411001219244902 0.9476012387844145
-0.2385485535289941 -0.052505996515530395 0.9695196945852608
-0.2224071630439826 -0.028478267048913177 0.9745091524636157
-0.12372648026285708 -0.08877332446749196 0.9871821144748401
-0.03610036725192648 -0.2658423959556391 0.9628911704918888
-0.0001945594621704282 -0.027785663996254036 0.999608116002767
-0.24081885060557784 -0.27762156829639306 0.929834985096968
-0.0013257184489731792 -0.10008068474779377 0.9947805747792785
-0.17649196749164864 -0.16167180913446266 0.9706133205737671
-0.24055564005836672 -0.04756864166949181 0.9692954767994962
-0.02736913815438291 -0.38007890871356387 0.9245336036947972
-0.019660686932147967 -0.15654185652664981 0.9873912515321979
-0.22043120867144023 0.001868166536908794 0.9753389776546219
-0.1865396823623792 -0.045821103295003295 0.9812023221541243
-0.01878814205227278 -0.2160956832063493 0.9759943186374319
-0.1810835032188894 -0.2528632173898319 0.9502589676959214
0.0005449552912793259 -0.18685873216876178 0.9822138133897939
-0.20634396369943706 -0.12570435243363962 0.9702754134147593
-0.2670214666081851 -0.3681888210660704 0.8905314171595633
-0.03135893056234855 -0.015473358476684566 0.9991641344749579
-0.2703939725222335 -0.15803627829309666 0.9488905679396514
-0.011359775666348973 -0.1078393201680738 0.993972208750306
-0.11104822686685917 -0.3044656711716631 0.9458005287112099
-0.06587004763082605 -0.05901066568323229 0.9960495498455679
-0.17250385366836116 -0.007934798168127052 0.9849729751057735
-0.003969932756362062 -0.2846351345824468 0.9582219492023237
-0.009230643232507609 -0.07887604179751662 0.9966535106409016
-0.13997917077650537 -0.026264848578124233 0.9897943395325473
-0.0010022056456736675 -0.00538051650598685 0.9999754927448403
-0.11990790074606715 -0.36910143483950325 0.921484582274863
-0.2712040262322277 -0.33548181010244693 0.901846800227017
-0.042068050595566404 -0.03364024418834871 0.9985356775054772
-0.004556224965389137 -0.35181131451964687 0.9360595155678836
-0.329862146869404 -0.33355098927298604 0.8831326571468455
-0.020301190705482013 -0.05150691952990695 0.9982483075398793
-0.06356097158423873 -0.023387512908043057 0.9977030055101069
0.0111777517153228 -0.381707628808942 0.9238855842107243
-0.019045343644812793 -0.28817034394714164 0.9568509675589493
-0.003076793495269359 -0.2523923529953185 0.9675703188567268
-0.334653638480344 -0.32622637807083626 0.8840666987282273
-0.010928156196235467 -0.1597690065036242 0.9868805248050898
-0.0838553261738942 -0.18121478185318865 0.9796924596482112
-0.1443815288531319 -0.28814858943231464 0.9457874873561907
-0.002095458012788332 -0.08305228153160038 0.9965292354076853
-0.2708965162356097 -0.18466944511943617 0.9443698774322653
-0.054819743749279316 -0.05995916904164029 0.9965387069723006
-0.38791640456530785 -0.01583892180962525 0.9208875174473121
-0.01009981717752192 -0.05544865641978346 0.9983645106624468
-0.00015061233932568683 -0.027789497760573212 0.999609871343346
-0.017477858253232646 -0.19384722545925484 0.9808700120575627
-0.37934598088847954 -0.057928069195261306 0.9234094309448296
-0.008538692053769567 -0.06472098447955009 0.9978552002946646
-0.015041726892860081 -0.1680474013097348 0.9856474036011189
0.018736759414742107 -0.3542321437534681 0.9349662230577496
-0.0018463002885006484 -0.2887633383230396 0.9565795935691024
-0.023524460542558353 -0.24181220113015617 0.969736303952062
-0.2802336663089504 -0.2000204950022925 0.9385571464131635
-0.02288993655644148 -0.26836790686290574 0.9629726091682878
-0.13188925117951683 -0.38129647966733 0.9149546276154384
-0.30368228708431155 -0.071956482428288 0.9488338846324943
-0.04717000826513496 -0.02436930745054995 0.9983239649787848
-0.1442208884694891 -0.2966021476433161 0.9440336089197338
-0.10984174101610009 -0.011226503135515186 0.9936654380921631
-0.1808756283672622 -0.2869980673500358 0.9398120014883686
-0.0754750650980608 -0.04523560868677429 0.9960916704510613
-0.292980806695538 -0.21051873370838212 0.9325776062495734
-0.2856037535172561 -0.06228852538430482 0.9560803712233713
-0.3096414658879762 -0.24413433648346863 0.9186406204937627
-0.32613862829866247 -0.2278472586354144 0.9174111962653845
-0.10737244270366199 -0.013326441428420632 0.9940556468461897
-0.2879179758171275 -0.26551527998193936 0.9201065223594028
-0.05601014038976274 -0.012194976049810497 0.9983257167316714
-0.3091856368411691 -0.07234229936945656 0.9481483432080757
-0.15478311018638988 -0.005853881648287028 0.9874906043802952
-0.001047333116822654 -0.0036255517561068983 0.9999902763723564
-0.10917554577949155 -0.016617322716277357 0.9937306280423447
-0.04381518478971371 -0.005923530915083172 0.9990217981508739
-0.17437381154982762 -0.06705267840061187 0.981834015326416
-0.2989996753913313 -0.0847626651696016 0.9503916574163682
-0.00969800827526323 -0.31847377544823885 0.9465389608721635
-0.3126997204996338 -0.1567658699899844 0.9365768716503803
-0.0731854129956153 -0.13813992606590517 0.9876989844017502
-0.012504468176571578 -0.2762495788728505 0.960639312185548
-0.39955867294364894 -0.10864300640294758 0.9102395817942258
-0.32960161552112105 -0.3184289401475344 0.888651303811459
-0.3864040202910189 -0.03976439365708951 0.9213681162867597
-0.0008209916096391215 -0.0025640073806925128 0.99999470862511
-0.0353351261315353 -0.37706516737870244 0.9254443164925642
-0.269562818982221 -0.07667798281875848 0.9597988920890006
-0.06306982136325619 -0.21098457972465817 0.9752197322926308
-0.13726759338363392 -0.3381468971917598 0.9309862563460515
-0.10206221233798708 -0.029971719633532803 0.9935468083165762
-0.005741224480669255 -0.3039925542704048 0.9525974344892093
-0.2909355865526738 -0.3299354076468002 0.8978608930280048
-0.11477241345824336 -0.32748725342036156 0.9377448280478
-0.13907521909288265 -0.08199860110433867 0.986855714316731
-0.16299760417462317 -0.3117834140099375 0.9357565882284317
-0.013936704687202761 -0.25202949256720414 0.9674469812868336
-0.053370577609585065 -0.23381965212242334 0.970757924065529
-0.1323114546092173 -0.2536648595880686 0.9581768308031817
-0.14309827798887156 -0.26266225992241354 0.9540349920086153
-0.0746742756862643 -0.013942806784178705 0.9969596888095125
-0.019066772767041128 -0.19502849817599566 0.9805856066613228
-0.2762981281119799 -0.32254785896994564 0.9052836439369101
-0.30494293505983044 -0.11747350187060986 0.9449264730387543
-0.18766364219987705 -0.13422787612128448 0.9724988437976541
-0.09574897451436132 -0.03595425818454761 0.9946825569370841
-0.32419672334041705 -0.3641566035331555 0.8729068160988235
-0.0250278983397832 -0.020776371815496457 0.9994645003035413
-0.14361504147605358 -0.07162152085463303 0.9869592673025742
-0.020900231939005105 -0.3246991549264369 0.9455811201233307
-0.2098204406818348 -0.3578550252379 0.9095248879935011
-0.2527073010931755 -0.35819378042983957 0.8984419622487512
-0.2209264749207543 -0.18353644785117101 0.957758215366851
-0.3466170476412839 -0.10135170842211182 0.9323116864211233
-0.06288788656567515 -0.023590349142150403 0.9975237046650699
-0.015849131895805443 -0.10525824596379668 0.9941935925549303
-0.29701368006902146 -0.10914998566694403 0.9486044301545794
-0.002950755461844134 -0.0364085448173663 0.999314646575408
-0.33048500851870743 -0.356537830219672 0.8738742424394963
-0.048317355176262886 -0.301593118897841 0.9522000809722457
-0.013870186793702142 -0.024646854336017657 0.9995973072309964
-0.05422789337877525 -0.04083417353720921 0.9973197556319291
-0.18194109905982384 -0.0035266846311163345 0.9832108923812966
-0.2920023483832734 -0.022572868087222506 0.956149276189695
-0.08038373376892384 -0.0039646825317599345 0.9967434150890315
-0.0033491108906928404 -0.0168321051664891 0.9998185164845379
-0.20313084331688933 -0.0011831141158223236 0.9787037688433389
-0.13382367963535818 -0.2535409279391609 0.9580183432732893
-0.2860396688696938 -0.10739306295606697 0.9520957758440475
-0.10453915467890378 -0.2199153493021053 0.969747536336668
-0.008671623968075644 -0.3496312977270601 0.9368282952426923
-0.08171122111822665 -0.41573920113336904 0.905772227100128
-0.028247336426964822 -0.05868429980104281 0.9977557338418528
-0.2470300068813634 -0.2060038089629536 0.9466325063932515
-0.25080302890007966 -0.004411136286292434 0.9674904332491858
-0.04332822658481588 -0.0728893652158052 0.9960887675050122
-0.007828311831266276 -0.01812382801638421 0.9997970106381546
-0.0014014675624690201 -0.0021271256278167314 0.9999948722151908
-0.04303984457048852 -0.015105513968020016 0.9989119902430263
-0.053937865224186615 -0.0007559513848967719 0.9984945558391785
-0.3477462328436812 0.00046174342361943936 0.9374246380158999
-0.033618257424086674 -0.21404082077585482 0.9760889083895473
-0.30717708195458987 -0.21255051696298963 0.9264888143219429
-0.0734465824829982 -0.007772600182214896 0.9972212454511677
-0.13576279036249028 -0.0010843017082850755 0.9906534998767185
-0.04276583553547964 -0.08423082221985537 0.9955146867404719
-0.11024312981157317 -0.0019256464453710894 0.9936955638668673
-0.003191589163590735 -0.07842771794326527 0.9967886608065606
-0.32180758173232177 -0.0019666551225606017 0.9467229740750032
-0.19521541993132793 -0.11800441123925624 0.9736122954320225
-0.041523784192090296 -0.30598079761815705 0.9506218059159698
-0.37273590311838484 -0.2520712313314279 0.8929220848688224
-0.0335783492238928 -0.3023102489967475 0.9522754826942454
-0.3607800667798329 -0.08172564727608936 0.9283345612047247
0.010064775848188906 -0.2792003131718964 0.9599392585037274
-0.016671113002764273 -0.001058541767973215 0.9998509361155429
-0.06943362576693801 -0.25566502456474627 0.9640573516740627
-0.02194849518352768 -0.22824007090201257 0.9733559179424174
-0.13768855205432393 -0.002396813388674311 0.9904531447292035
-0.041819277561945666 -0.07974491104795427 0.9958677123152523
-0.27636414117568064 -0.25659299244466105 0.9248208248366642
-0.3037996622755673 -0.0035309959103530207 0.9527057799723466
-0.2686171208721908 -0.15801532834490817 0.9501959544181856
-0.03198258787198194 -0.16288206576578318 0.9860709539853012
-0.1256744350383464 -0.027317229407503318 0.9911321760598976
-0.18199562516928455 -0.06279850338030836 0.9801140200762162
-0.05318804489003486 -0.03277332238462244 0.9980094339349851
-0.141999213881949 -0.0023584679682445366 0.9898498221497013
-0.28478019911508795 -0.09483123069025702 0.953832515606821
-0.21516693224936806 -0.021498370300375207 0.9762559758749272
-0.21014977986089844 -0.03766383412735793 0.9768648192044275
-0.3329939206082244 -0.17779981346521945 0.9252587953713566
-0.0772077882232972 -0.08600156046445541 0.9932329636058127
-0.22138666834423099 -0.016402734956040447 0.9750376922789319
-0.38678338350768754 -0.007518455001384602 0.9220493009107128
-0.0652586935320102 -0.25293319614707416 0.9652076669558811
-0.25383768831930786 -0.10828759874008545 0.9608357796068951
-0.007496210330102948 -0.0007583823223460654 0.9999678394357081
-0.11192067993557019 -0.21470384069364168 0.9701693961179011
-0.3216603037617271 -0.047530456337312614 0.9456581518517092
-0.34608538734683914 -0.13592012149286942 0.9282314927159467
-0.0026242308487806894 -0.397688481065814 0.9170246487541319
-0.12041711027338865 -0.015053326435769985 0.9925699584114681
-0.02945796456182163 -0.0447593880122998 0.9984989812596325
-0.11588113992284003 -0.021625302609095204 0.9926207659794691
-0.2711279441718218 -0.011221758692764223 0.9623825789858236
-0.057373439802122825 -0.4191224261576596 0.9060489762640844
-0.34658067714265445 -0.007352002351712218 0.9378952957009867
-0.10810794559944487 -0.09946640510766167 0.9891211580461629
-0.15885787689562678 -0.060556045987810336 0.9853158088187756
-0.213634492755825 -0.2344438544591611 0.9483644613788291
-0.17507809192732404 -0.024340441231917972 0.9840999114612702
-0.38937298593433256 -0.22203728355480312 0.8935920320949677
-0.06831669409576534 -0.016339572873197504 0.9975111496067419
-0.3295973067585034 -0.007260755856734915 0.9437424499744037
-0.20056718959091677 -0.04668810844364463 0.9784854768099885
-0.20749693395931385 -0.05251216811085104 0.9766996161344085
-0.006089976810015679 -0.3564546328679529 0.9341440130873198
-0.08080292759623542 -0.3621797820654659 0.9283832172832401
-0.032646954540529634 -0.041639283993831905 0.9984402906528481
-0.045023915229694 -0.1894216527928552 0.9808571612454744
-0.030241063332301588 -0.021949044938147463 0.999203961709929
-0.04033133047375056 -0.014437149626466927 0.9989759716904019
-0.2566872033492528 0.004101570587839288 0.966451338258019
-0.31313512713557146 0.0006225128452175218 0.9496402962257074
0.00016139439632595362 -0.0999805485291727 0.9949771734514429
-0.13462228855185843 -0.017760233901653405 0.9905927681893889
-0.39681107004063443 -0.1312117561570448 0.9084035081061574
-0.06661455544855749 -0.395452158928941 0.9154239255893192
-0.020081573587855304 -0.05474741081683169 0.9982895182388867
-0.14821928609294846 -0.04291036127499627 0.987865399140419
-0.015608699645576098 -0.035808718373379865 0.9991721623815616
-0.012647321620375398 -0.0680286509724179 0.9974657564280908
-0.09708880758965716 -0.2864363158442076 0.9527029964292005
-0.09421481293343514 -0.008210163172059944 0.9955154097358153
-0.39687724167893773 -0.36020282624233557 0.8442332695453995
-0.2348971967633713 -0.06138848103704894 0.9699746484865298
-0.21831959255229955 -0.02175954233575335 0.9756318168012411
-0.14615529866163204 -0.08531375549556078 0.9855711907855499
-0.27158728256221754 -0.25956199443553735 0.926630011707046
-0.3821248132206825 -0.2463260856403866 0.89034902991247
-0.012284775795932727 -0.03541165791816527 0.9992609036348986
-0.052625902087565 -0.09202216273441685 0.9940947707615244
-0.015054642454532453 -0.0014500777392746408 0.9998610064999446
-0.10754871744463584 -0.020376031785484004 0.9939617756496777
-0.03964467820997031 -0.3473233750254068 0.9366537511094409
-0.02484681594941255 -0.2690949106317979 0.962791741704192
-0.09574673392239844 -0.012668889783579291 0.995322162092021
-0.1577323753131981 -0.39295748176600315 0.9058633171601407
-0.051787447664278084 -0.29274500234902406 0.9547746156373069
-0.03171098305655608 -0.054972934273609664 0.9979278908984541
-0.010229059419282776 -0.004050773910621989 0.9999134058747746
-0.05015077837432039 -0.003572942923459044 0.9987351579671788
-0.2930647992241237 -0.27999185808295385 0.9141630611623884
-0.017078736398031095 -0.13133541684389421 0.9906950194987901
-0.0038235918917141924 -0.09919479365881159 0.9950572373862328
-0.09271033011637358 -0.04075242717046602 0.9948183439125494
-0.17557401808939294 -0.004996223848111408 0.9844246801543262
-0.1609732592134965 -0.08629323107112279 0.9828668951602195
-0.24441407741613355 -0.03471036230635144 0.9684046572926842
-0.040979008216104125 -0.28947381559438884 0.9562249567107487
0.042806036805574925 -0.473071045355313 0.8799837664749453
0.05801406026822908 0.0016025586888521366 0.9983144798192818
0.043247451948501686 -0.010990611221409551 0.9990039361108353
0.056298379939797784 -0.47895059485779856 0.8760347139819946
0.04789986278516349 -0.07248027594492075 0.9962189582336358
0.04865995900892004 0.02168993295758169 0.9985798692130469
-0.028718993454418997 -0.05639613538141224 0.9979953383302982
-0.04347815115089129 0.04594648456224649 0.997997280020778
0.0077243666521423235 -0.338798319725712 0.9408273129064959
0.052770728395400285 0.05514651446501152 0.997082801058658
-0.05541416196688504 -0.08002711980750565 0.9952511897751355
-0.11594971557865118 -0.09042936854672244 0.9891300181277843
0.039631844050134604 0.056249186628259236 0.997629864198564
0.045671071501949614 -0.05903161234624376 0.9972108212267187
-0.4456590370692939 -0.0762666674125864 0.8919481028177859
-0.49185701333944026 -0.03896099028334435 0.869803839762131
0.005092156224704709 0.01797651137942727 0.9998254422566013
-0.055596673518681736 0.04834281718242299 0.9972822980082039
0.06640270497147618 -0.1087801380636802 0.9918455335057561
0.04325581054944347 -0.27348223033063035 0.9609039517803507
-0.03210956867884932 0.05111487594936522 0.9981764598786826
0.014621434311670222 0.051372131150913054 0.9985725400789283
-0.0673797003328653 -0.08097156943830379 0.9944363131572335
0.06969255563823736 -0.5224052227615399 0.8498445333824751
0.03150404657247342 0.04608722325044393 0.9984405154552889
-0.18039826145171048 0.029587159930783355 0.9831485478972294
0.02397629860272534 0.004243151358415214 0.9997035224364584
-0.02660774474401861 0.04761185845500697 0.9985114615536956
-0.23364595478030406 0.010674811456285611 0.9722631414463745
-0.03284496682819093 0.040444657196184806 0.9986417965708916
0.020061838228592282 -0.04186515589894362 0.9989218344637616
0.04790683967121347 -0.007061464340807906 0.9988268470731452
-0.4972291472933436 -0.2842550387038603 0.8197330346237128
-0.28024043998093906 0.010020418329933571 0.9598775375097508
0.02298083928072647 -0.05894072524094713 0.9979969298219432
-0.22929911562459512 -0.00890291341324291 0.97331528997881
0.05088609671456215 -0.1835455302307531 0.9816932532586071
-0.000954249994380433 0.011999328934045787 0.9999275501315487
-0.4749899465298014 -0.022149652146878508 0.8797124209680051
0.056858952144329275 -0.2129873407496407 0.9753991245851338
0.030149298846418128 -0.08149702324128003 0.9962174737384802
0.004233318271662099 -0.024516592982677762 0.9996904599349403
0.05880059080296145 0.040864924150283324 0.9974329794504562
-0.18525382131960208 -0.029381439546907192 0.982251369404307
-0.06619121478694825 -0.0009880936991981805 0.9978064675857086
0.05378783736518502 0.01364063327419604 0.9984592138267117
-0.006472779605535303 -0.412825388167187 0.910787188100925
0.048193284648766835 -0.03701416977990173 0.998151971670781
0.04331181871138817 -0.021202198234176572 0.9988365998249916
0.056133522866371216 0.05581392185180991 0.9968619933261227
-0.2824911465594316 0.006251895484462228 0.959249532665192
0.00015559675452406465 0.05717859523037397 0.9983639536948092
-0.5285401920219394 -0.015260267316795445 0.8487711055748961
0.020435316805617103 0.045333101542451675 0.9987628886435438
-0.13594479020483208 -0.5205734102023508 0.8429248712705416
-0.07820711153241475 -0.019536368295215014 0.9967456937552278
-0.11079056176632575 -0.03485896611474738 0.9932322507374158
-0.0850162011872 -0.23428639994671832 0.9684431466718654
-0.0023546318624479137 -0.5155222544746539 0.8568729549064799
0.041892897094719335 -0.00032759416400243144 0.9991220535325376
0.0568315702801286 -0.009235474647218935 0.9983410632782443
0.037092971482255634 0.005925460391845137 0.9992942511521625
0.04728813333607069 -0.05989118411144578 0.9970841882766565
0.056281349618650035 0.05808955756332931 0.9967236392236315
0.030177029422081777 -0.4715646595557677 0.8813149940590548
-0.02169397792229211 -0.0014784980664478782 0.9997635647318694
-0.012511386229970535 0.03371247658438289 0.9993532579309241
0.05567149864498337 0.03936332132470931 0.9976728988866588
-0.3031081771157198 0.06169192369572352 0.9509571701797649
-0.39521164376368473 0.06234401171154589 0.9164720294898896
-0.18229716142665134 -0.11607402420770134 0.9763680483506286
0.04878482701924918 -0.04048926404461063 0.9979883066197858
-0.016772882253260835 0.06158932526358231 0.9979606332087929
0.019783490524863463 0.048804680283758776 0.998612395619568
0.01921544765022405 0.05165657049819384 0.9984800274897674
-0.030848957943600454 -0.40429636201396385 0.9141076487241904
0.06986955345795734 -0.2566944544323304 0.9639637973302078
0.011444482277941578 0.04861847090605389 0.9987518551232568
-0.07295891641836687 0.04105677406333369 0.996489507129187
-0.21682529560553374 -0.012705282418628576 0.9761277411201035
-0.4614054692893179 -0.28765907923881945 0.8392599400908987
0.0363016008312471 -0.013365081923454312 0.9992515040580465
0.05439117114917064 0.011097940351144529 0.9984580292736316
-0.04412270979042789 0.05560882000241805 0.9974772406519802
-0.06968510731731566 0.038238991019367945 0.9968358768543572
0.00999610468341427 -0.06230779987445287 0.9980069218026313
0.04879838962394893 0.039493665042753444 0.9980275384936028
-0.11905218862630308 -0.1493950675583014 0.9815842756343125
0.04127450177112261 -0.11724669455887993 0.9922447420463171
-0.008900509806403044 -0.03725019516474538 0.9992663328089136
0.061925618428055086 -0.06792963575592378 0.9957664296251257
-0.07714384238102814 -0.054796235096971804 0.9955130336675097
0.053347398505077435 -0.25432076800236253 0.9656474522492301
-0.343707317871714 -0.19857246741068835 0.9178421731582526
0.010202522311904914 0.004978668332995961 0.9999355586237071
0.029746892989227933 0.04626589583570284 0.9984861487471959
-0.0758479689054194 0.005367011173191202 0.9971049497440022
0.058678530119540086 0.040612786853539806 0.9974504657610819
-0.03992667299342617 -0.044364978818519266 0.9982172155588724
0.017845051935061786 0.05478802365839458 0.9983385330563186
-0.43729967529153685 0.057168053913592434 0.8974969680180815
0.01972426822944228 -0.06357382350237215 0.9977822017896001
-0.24366375712171842 -0.03944063818824803 0.9690574851496849
0.05070079796162568 -0.1354266258434469 0.9894892915533312
0.05645968427627277 0.025187915265844227 0.9980871069080014
0.05230652829717328 -0.10347026623611583 0.9932562263094676
0.060026657179168955 -0.07521104975892202 0.9953592810749571
0.0004806021688768137 -0.003580002130327113 0.9999934762818716
-0.5366224094655063 -0.010828135668602924 0.8437530095575225
0.0004950460854520701 0.06089485077740283 0.9981440637894768
0.03830387196476505 -0.09882710606345603 0.99436714371485
-0.07991000466114101 0.04018900134138063 0.9959915839635589
0.06194815943503794 -0.06860182744781353 0.9957189436851303
-0.09306335175392802 -0.1740914943475604 0.9803220716459249
0.033321835497946234 -0.16824569154547234 0.9851817307255721
-0.10069157299162224 0.05469267051073509 0.9934132669341983
0.03721740886454775 -0.20018990188356475 0.9790499822078839
0.053979981326574555 -0.028226780065628215 0.9981429809917562
0.05567114843943257 0.029415811091446562 0.9980157480166667
-0.07689816113986465 -0.08470723231022452 0.9934341234362997
-0.0009331376734638083 0.05644292283516101 0.9984053914697708
0.009597876922054029 0.04264676567473764 0.9990441102053869
0.03973942808331894 0.05457556340366252 0.9977185403382978
-0.026188879146702575 -0.00571207616435019 0.9996406928466507
-0.0791280047354284 -0.008465882708734926 0.9968285146887361
0.03830169796135947 -0.13110187036447976 0.9906287294038124
0.07721082349342662 -0.24375940424215292 0.9667573850656521
0.041830819054891305 -0.0332537525944358 0.99857116447231
-0.284362569087776 0.05408479529630478 0.9571900355830898
0.04669286872530683 -0.06535705921545718 0.9967688953919602
0.04794225464925032 -0.020985360216829344 0.9986296384925275
0.05383895600333022 0.03790667611323468 0.9978298706305189
0.04361620677863085 -0.08569689938404328 0.9953660974446563
-0.16168237674734012 -0.025252683824529776 0.9865196962093508
0.05571144225142749 0.05889916711228544 0.9967081434982585
0.036881788335566365 -0.031399580293342284 0.9988262111331342
0.05864966540857681 0.019686314955654545 0.998084498302087
-0.03712936286452668 -0.03801653357484645 0.9985870786207014
0.03338811592038418 -0.30728082704753373 0.9510329789467191
-0.015294543220803803 0.06049510868416496 0.9980513106914685
0.06793536581840186 -0.14093837131280132 0.9876847480663122
0.030391868659029892 0.03526102155188966 0.99891590971339
0.03077538926232963 0.05626813511978899 0.9979412670021683
-0.4680864136302365 0.06988817538785032 0.8809147247695092
-0.14549012077227114 -0.03344125724289267 0.9887943704692521
