-0.02306779196325124 -0.04034841277257171 0.9989904770122686
-0.1771216979585946 -0.008619239904570886 0.9842005327724972
-0.20910032151179345 -0.01910373534565997 0.9779143624986805
-0.0772283556481961 -0.04477548528290798 0.9961746139637504
-0.25543882633212295 -0.033947829598370394 0.9666468871752724
-0.0017576704254581121 -0.006346982572118958 0.9999756375956443
-0.17061122002639084 -0.12285842602184617 0.9780661384757221
-0.03581746374714921 -0.21474359166657003 0.9762430381546285
-0.20226811935863553 -0.2009291301303991 0.9573805478231093
-0.018470559321671277 -0.28951671178972904 0.9574313970219976
-0.013326344912839159 -0.12614944896368904 0.9920367087345273
-0.14973976975380918 -0.10527652396604094 0.9833654640462013
-0.27628885297168715 -0.18737014754110093 0.9431900133000106
-0.27033587247112306 -0.3316712929031208 0.9042999710113162
-0.014415091548851521 -0.0071901001776127306 0.9998490533625692
-0.002059284427131313 -0.0009489215641847956 0.9999930980052207
-0.017085348014678176 -0.2461628766437166 0.9694534685644027
-0.15260944328155313 -0.0070927619842101695 0.9883992682560568
-0.0028996614286518185 -0.3053631730155734 0.9523763267811978
-0.09866690342866584 -0.27568020106719376 0.9565994407129812
-0.014898552664066981 -0.2234497727273265 0.9744284520237375
-0.09504545471077999 -0.12512300746525376 0.9871161449503709
-0.024752165318064297 -0.2664554762288651 0.9637018705880815
-0.003935684505070448 -0.3156495525042879 0.949149781646233
-0.10250433023751088 -0.061637539298814846 0.9930303279196669
-0.21036174420874001 -0.07293010881675123 0.9752562134426638
-0.22144505147759522 -0.005752086541816186 0.9748336533653137
-0.035101641238041825 -0.1733620662800945 0.984567082773425
-0.005952324001143115 -0.020959000368925534 0.9998015961633396
-0.16097542899987377 -0.0009926544853777605 0.9871905803237436
-0.018002037903171675 -0.0028110888665859642 0.9998425428018174
-0.29417800872636996 -0.024303298847477853 0.9558225665009152
-0.24164789328150868 -0.0074654018151355545 0.9706701300446675
-0.17637019837085569 -0.09372493160969347 0.9798309992385709
-0.35327197214594425 -0.04628766310117828 0.9347585230488639
-0.10576548407765912 -0.034512751948880774 0.9939413855722841
-0.17920864442270754 -0.2597009397982412 0.948829013585682
-0.20483742970012966 -0.2782314743014075 0.9385542598702352
-0.0008026502524726761 -0.0053852858759078385 0.9999834265328256
-0.017869900154665032 -0.21399443892767955 0.9770771021895631
-0.05771479834325947 -0.0033734745252719063 0.9983001646626588
-0.35086055978861524 -0.3430867600599027 0.8716709707121927
-0.010746256477479078 -0.13039063058808004 0.9913532389523213
-0.2884003339620176 -0.2859010373745362 0.9142710859281675
-0.33140309405753876 -0.08620599437860309 0.9402477038863806
-0.094245141129681 -0.14075633662777864 0.9849519679661984
-0.2862425436530192 -0.18946636620845853 0.9400523902567938
-0.3408850176360061 -0.16201762808462702 0.9269600814840792
-0.06274024373417694 -0.012253721603423764 0.9980492810680976
-0.3543753683820111 -0.014530064874768489 0.9352813393609409
-0.054452817952866356 -0.30763461247072876 0.9501515610763708
-0.058767055996801335 -0.10397066303429395 0.9928761853720214
-0.0052211936214562795 -0.15161255296253956 0.9884710640963121
-0.1344899533085226 -0.23296353945396553 0.9631034589632467
-0.006457970311737853 -0.0534939142113473 0.9984022904490326
-0.17142247397250482 -0.33989170333704016 0.9242876434094056
-0.01151820055539254 -0.1065498772526345 0.9942455220522096
-0.0847568652616908 -0.03562977406890619 0.9958760616437148
-0.13498241170138964 -0.0853361967046441 0.9874834106432929
-0.1420960021146613 -0.022984701480765674 0.9897100907675033
-0.016780730442621735 -0.14583949374843094 0.9894355848283063
-0.003836328804663521 -0.03325252637714017 0.9994608071472072
-0.006442038393607766 -0.01218991736043282 0.9999241539311682
-0.001018226574944858 -0.1397431081077006 0.9900884961198626
-0.028829460627633155 -0.3174714848572848 0.9482637950503033
-0.010726853067849497 -0.13294933357703412 0.9912151825458467
-0.16785770485138585 -0.038798268339799095 0.9853527248396958
-0.1270107689736785 -0.23449511607717344 0.964321186913031
-0.23605384387157807 -0.11334582293504802 0.9651947327737479
-0.11736574845610914 -0.05423936039383791 0.9917880908923257
-0.24070188598815814 -0.16482923776794994 0.9570439376938392
-0.24745565071224834 -0.18967143032358 0.950885297792693
-0.21550135836659462 -0.27923153637656134 0.9366122443018798
-0.2617619849660079 -0.29420080977170926 0.9198702458865778
-0.11770808479227621 -0.009184063628390594 0.9931925128832142
-0.056415927759737944 -0.3337800098915095 0.9416169662331617
-0.05688601464627025 -0.05007013341049506 0.9972371004876222
-0.19534950569835613 -0.24545727255473973 0.9489941175739108
-0.053398537861935165 -0.09244232447771705 0.9944839005770343
-0.3657849052223969 -0.060693071150320875 0.9287049341202774
-0.3517236375966321 -0.01762548780340407 0.9365006717602905
-0.026099586098258493 -0.25295371266010663 0.9675645188527534
-0.1511272729044133 -0.02714760207576573 0.9877873467336855
-0.30737649398451117 -0.012135180532012478 0.9517727105195188
-0.17927938475557945 -0.07305038869154955 0.9805918703826241
-0.16057831375643464 -0.0027716118741513652 0.9873112483635613
-0.1545625712839407 -0.1470806550596897 0.9772479300304815
-0.07340779491488034 -0.3221402938686393 0.9431642723229012
-0.0004621555487994947 -0.3743263130963155 0.9276493088812973
-0.0338434558862197 -0.3732259114957563 0.9273431482099859
-0.2695005124450046 -0.361942702987301 0.8934613357372911
-0.31459722810343776 -0.32801799986777813 0.8918731121877185
-0.10966896460499642 -0.1589670417112772 0.9815606691306026
-0.008049828500332253 -0.37292072344731686 0.9284280172979835
-0.1651542149158676 -0.09888556709082733 0.9812361721282237
-0.10815997801756065 -0.08968961234792384 0.9903377379799292
-0.023621931161025306 -0.21498442159165787 0.9764898377539903
-0.14928448058363106 -0.3502245790660439 0.9234731253975154
-0.11819151019296073 -0.018649743255407917 0.9930416946098769
6.050548845545813e-05 -0.2252390366471831 0.9744399916316495
-0.024219485036512712 -0.1651457616298176 0.9860462080086706
-0.08313420625409093 -0.09859954107970668 0.9919814582950874
-0.2990744623938119 -0.007987585202918625 0.9542402507713044
-0.0515178349251524 -0.17127508560501178 0.984125448784763
-0.3488783996531842 -0.18017415227864617 0.9206834426470625
-0.23759529611382388 -0.23850998586768296 0.9412625947384652
-0.20250895684604434 -0.014106805136234891 0.9794683621620025
-0.21295639970559263 -0.054111529186940024 0.9759921884264674
-0.21009716557300454 -0.01873808549543108 0.9778530592358732
-0.24894733573662445 -0.24360169020936395 0.9382865977384467
-0.0756350278699017 -0.0719213683929459 0.9946037885453346
-0.24583874375159953 -0.10299105974684528 0.9641540620817111
-0.031460314762355626 -0.06599527950735976 0.9973619443706098
-0.1275573760473786 -0.308864253498738 0.9421245892786203
-0.03162646917043319 -0.05189865372956548 0.9982597289242273
-0.033060046193997605 -0.04356351373342129 0.9984608589184797
0.0021787096187454724 -0.026209500152795762 0.999686733256804
-0.17293465530552624 -0.25195232192941597 0.9509116434511601
-0.005040738579331584 -0.1931659365832594 0.9813862691645647
-0.00989489630578759 -0.23729583321314318 0.9714080474166708
-0.05571080140065454 -0.06444535328582092 0.9961676391901587
-0.17271389091336486 -0.36585770775171855 0.9150354451500534
-0.0064300804314213035 -0.003321743032520856 0.999963313453726
-0.010913953483434718 -0.2647785815212121 0.9645115568115137
-0.08301063131210575 -0.2702407148640544 0.9583875008103778
-0.21882393472203399 -0.259062119841343 0.940517467478272
-0.0033396441172716274 -0.06109673592074574 0.9982226182129759
-0.2872327961485206 -0.0017904702258379462 0.958322875975205
-0.25580750639589744 -0.22284270869354894 0.9411410537439088
-0.2496246297317649 -0.11359687257644385 0.9616502293704895
-0.06920028352512611 -0.022149144185424935 0.9974675838961633
-0.1985345412805756 -0.3673204565482461 0.9094975130633466
-0.005381612814910658 -0.12300353022433615 0.9925834445331234
-0.039930496220691794 -0.04642929216491604 0.9979786479874646
-0.24583125549832172 -0.13042241647182679 0.960889945750819
-0.026552059479813928 -0.002338822980773407 0.9995707287038742
-0.0037127303208048406 -0.011172908407416356 0.9999456872863641
-0.0264365259739418 -0.07824218937097212 0.9965177875991955
-0.0545736992356347 -0.23663249943852316 0.9697012715838953
-0.15059211677769743 -0.279605445735525 0.9489842203374486
-0.024473224208213393 -0.11209682622370919 0.9936160177697158
-0.32140505261980434 -0.008379259966629676 0.9472178256350481
-0.24181888123306955 -0.11025364632511436 0.9646408996456307
-0.2846063054854851 -0.04006290844028994 0.9574326985297177
-0.019546654198787757 -0.06736710161896703 0.9976171188070435
-0.11567354586582329 -0.3267793688823067 0.9388024512091392
-0.3498714373060293 -0.00573749457999659 0.9362752162088913
-0.05733621692731148 -0.03451200317459742 0.9978369668391291
-0.3015285105457041 -0.05581089622088707 0.9501611144179553
-0.19395319484729012 -0.007796044733268942 0.9811937053311965
-0.32493531090573624 -0.01688838968768881 0.9458109454357188
-0.06116369328103677 -0.14158694720985449 0.9883057146069545
-0.06812740977776713 -0.20182570076059125 0.9774571379270458
-0.13279584426908678 -0.050150356902277676 0.9901691128906683
-0.19372960935432557 -0.027393004528493085 0.9809248847407989
-0.04540961288329465 -0.02717348019149178 0.9983678015543529
-0.0017257425409345443 -0.22775635923745038 0.9734595953870359
-0.10221671890150529 -0.08422999284755604 0.990711594230492
-0.014257633908293318 -0.29260117732944607 0.956048490828799
-0.003524562332452918 -0.32246420453264873 0.9469889408454837
-0.34007871449955396 -0.2459928472670875 0.9087182798012426
-0.08943822579492314 -0.16386848832264422 0.9828206960191171
-0.021856075927425934 -0.04161255461545449 0.9989757318482332
-0.2883732862096315 -0.23595447123104793 0.9285059856051
-0.1685947961030948 -0.14522260696628397 0.9754207828912806
-0.21763768944260284 -0.11669698357579518 0.9695082562518333
-0.007600403848091764 -0.03916626228283809 0.9992719782934147
-0.19042065107951378 -0.015269198613498822 0.9811863623652165
-0.18673246998460732 -0.04192216314706898 0.9817656225007532
-0.1802766556046919 -0.24310415667825117 0.953786863331267
-0.2699828155821124 -0.018320593799703827 0.963148874225479
-0.17091373258543682 -0.062324862505495904 0.9836766405609071
-0.31563014911644827 -0.3157498614488514 0.8959947691552478
-0.00932281847987986 -0.21570863186221992 0.976781192538055
-0.11913518284646787 -0.22954977854186728 0.9659784937748387
-0.1402565153551833 -0.3027317276070999 0.9432222608425559
-0.019122713394990474 -0.014048411897235664 0.9997543378193392
-0.2944457114277049 -0.0010288249563666883 0.9560339768721071
-0.08863345547818254 -0.10673290948189776 0.9905974133986178
-0.18679325531314594 0.0012510912414188079 0.982648262071005
-0.10537096512475443 -0.058577124327289204 0.9926471616919869
-0.02419804414472092 -0.28341578725602923 0.9587103274501918
-0.2644414839326946 -0.0031528283900605254 0.9644916269290233
-0.00438745375469015 -0.18346079417603006 0.9832498189633927
-0.020977084567507732 -0.1670047934955791 0.985870050235632
-0.18533642463630826 -0.16392080708341214 0.9693028738006649
-0.31259959165756684 -0.21399936643010997 0.9264390564614712
-0.2709859697033996 -0.00043149068485830275 0.961853261535321
-0.0012867655726731936 -0.12111854010684293 0.9928403676685736
-0.33347488867530645 -0.23389836901376643 0.914246559922722
-0.2547441232710279 -0.08648144578733238 0.9624768604050579
0.00089130638178313 -0.21673176869467298 0.9762833584625437
-0.20437132637184777 -0.0005818602637077541 0.9791492241530597
-0.14927783518074797 -0.10879232126567885 0.9828647169241491
-0.06149606206988158 -0.3552233675779787 0.9332113735529127
-0.3095996059780341 -0.21781909646391945 0.9255537744575194
-0.2688579976775025 -0.25993380061483906 0.9277643472836123
-0.31118262363827 -0.25978766432311007 0.9145099043917052
-0.013751541406041018 -0.3784032683978531 0.9261794612663757
-0.22264612966924924 -0.36583312272347146 0.9045611108228099
-0.24959641943830266 -0.36413093115266604 0.8984086014261202
-0.13142904279367823 -0.33885410108308694 0.9319451052490315
-0.1831966059919441 -0.321768745714241 0.9288900277427355
-0.018008207834392116 -0.21628948642964585 0.9755376627492189
-0.010863234949188252 -0.3578074381761926 0.9336521643253808
-0.020731858407887577 -0.34595966864628175 0.9378398808770094
-0.29692890430130886 -0.0759127962557631 0.9523908875054805
-0.38311229473670005 -0.01693262459332237 0.9242924211407046
-0.34522906534755315 -0.0073157854041221585 0.9387939798150887
-0.28220184123696884 -0.3041100231546787 0.9101122265906235
-0.007411332808190485 -0.23723227102031114 0.9714973133219383
-0.1296356186839993 -0.10644729794020205 0.9861539529182093
-0.13264971042806023 -0.13601898345293062 0.9819219662439976
-0.15227010058591398 -0.11963943208168867 0.9806125517003336
-0.09823773975514782 -0.13775529325425426 0.985591426730403
-0.12429697835173648 -0.13492908614843413 0.9834695710184007
0.002325304885803836 -0.11182882393180558 0.9938548081425072
-0.0012639030396158113 -0.0993884836310506 0.9949761075425251
-0.03587110151778436 -0.007586366897523874 0.9994035035253332
-0.018031449106722525 -0.007063091524322758 0.9998553707635924
-0.17616979631499766 -0.047992848375220595 0.9832862343537451
-0.2390424600172467 -0.08847215423274572 0.9673611463962666
-0.24254538630714947 -0.10927370116973305 0.9646124333161684
-0.10856291173087688 -0.3710893546863146 0.9215318673548092
-0.15750333076583833 -0.10383622503073972 0.9818026574106509
-0.11369226182444803 -0.13361658682274344 0.9840032406236991
-0.35503055080722 -0.29613926417222014 0.8874910962863751
-0.06238681172817004 -0.27088663118374007 0.9610648443876174
-0.33644442775959915 -0.030135748464913112 0.9418590725544088
-0.33109469947873743 -0.014310868891951361 0.9440945199802704
-0.33849297140490364 -0.025098887816419883 0.9412789158168802
-0.26433747762432047 -0.02490867160252226 0.9644114926692117
0.0026745997733716373 -0.10171856972352171 0.9944921747266274
-0.0026022394742950547 -0.13762517490991022 0.9906039933607733
-0.002749789458445684 -0.09910991379059163 0.995149170066774
-0.3366500269331947 -0.10212669647534517 0.9366140097021383
-0.35457274541584277 -0.14317907084173703 0.9249084344362986
-0.00170743055899835 -0.09257785278002399 0.9958516798764442
-0.2537748493720815 -0.10505234239317411 0.9618061850993096
-0.23051451821518937 -0.338685965605687 0.9129622620040331
-0.10287984680194603 -0.05168315964077377 0.9934480255419933
-0.010482883494174651 -0.13411063189664899 0.9908235590619004
-0.0182508462744667 -0.1098122937373292 0.9939404701368589
-0.010142925283225664 -0.07308083610859531 0.9973321329983724
-0.17089469510639146 -0.10082208435670155 0.9804903801384754
-0.12583206745586425 -0.044272522210530664 0.9912248462433594
-0.1366975942751251 -0.04537820592377663 0.9898430309053095
-0.002667469698940794 -0.04156002897029083 0.9990953741284038
-0.29316727125229997 -0.019080064877044098 0.9557263379922416
-0.03142189512098311 -0.2957060742800674 0.9548314031413233
-0.023363173962451002 -0.2631778405459142 0.9647700142642577
-0.17600840248394528 -0.1430140833221649 0.9744383022624972
-0.004086835033615688 -0.21063245532714903 0.9766037378593959
0.0020173548685171925 -0.17715894089505696 0.9843480731719036
0.0029251825347945005 -0.13127759055317237 0.9912178966174643
-0.01024982862521053 -0.09669764129120126 0.9953718853483233
-0.017844706775321954 -0.1003381794331955 0.9945551515464837
-0.012460655141969106 -0.0706966185407895 0.9972759907625827
-0.03883089982554698 -0.14976054679702958 0.98795067053065
-0.1461706911131802 -0.044728681193236315 0.9885418098903755
-0.16691062591720782 -0.04995907699936243 0.9850153098668035
-0.033828359288957596 -0.09246089614308929 0.9952485828121105
-0.21566622895941567 -0.03579548745145874 0.9761983629011405
-0.18430464562293578 -0.043467514161086164 0.9818643152498053
-0.17825871381847216 -0.24302258545826183 0.9542358783893524
-0.18502231890829846 -0.23783993601159245 0.9541168273853544
-0.19086971344229992 -0.23172543983119065 0.9543481494995907
-0.16421208800232218 -0.11043939619270957 0.980622202763505
-0.20418463173105408 -0.017927064545052288 0.9791250758802613
-0.22505529346460842 -0.00190963455544061 0.9742988203516941
-0.07539358000788464 -0.19342502813466889 0.9784782412783938
-0.11036062476728327 -0.24239441839740603 0.9642352740398091
-0.24181975422742014 -0.2605705429565777 0.9351872948953991
-0.10367147172491924 -0.0830355961556682 0.9913507071206477
-0.09783093574105388 -0.08278721194498598 0.9920581029764494
-0.09316833456924067 -0.07450513560539442 0.9931129047005962
-0.2739912244587327 -0.2547263391607667 0.928267769424539
-0.26341605641376775 -0.2986443537970116 0.9182078453323297
-0.2999713350089733 -0.28519738150538143 0.9112648506015405
-0.1191259540283123 -0.01351431370972179 0.9929864656676595
-0.13808629241196047 -0.006848017206989284 0.9904607221250621
-0.11565928680778469 -0.005416838073136927 0.9934599922827415
-0.11322912561241669 -0.0006871127012649176 0.9936519120228426
-0.1835266086461254 -0.12822529289296003 0.9750099607670196
-0.12234358798171127 -0.27634703840772407 0.9538482885440613
-0.12987679042722747 -0.27392261609311713 0.9534206214439613
-0.268871705386417 -0.03671274494026157 0.961619020140463
-0.1214840400797082 -0.24070826165870737 0.9635517520302289
-0.06544133789805216 -0.2480845581555261 0.9667507008924098
-0.0846268967575323 -0.24092768248968563 0.9672922606272232
-0.2062811209870043 -0.03258384566686711 0.9782623102380991
-0.22779607439005062 -0.20552712383164295 0.952242221948542
-0.21496250864744573 -0.23023810676658796 0.9493883311559034
-0.24360634433144793 -0.18338278986677423 0.9530319983731336
-0.09188190835500781 -0.017227928272853296 0.9957546919317694
-0.10381467745447605 -0.04955413551311301 0.9935625810473978
-0.08778860049541264 -0.05490721651734792 0.9947274543950635
-0.09462053043974022 -0.04021182250977231 0.9949006113336185
-0.12644989590181185 -0.022077038983795667 0.9918621371331068
-0.15512489610066368 -0.02584321630221413 0.9878614042749274
-0.1361960849260661 -0.08224024892555845 0.9875863465119814
-0.009653476955731155 -0.32116797927736135 0.9471527143225522
-0.3075391584829042 -0.006583748866294381 0.9516843639120799
0.0010953084116083396 -0.07171104979896104 0.9975500434195793
-0.1284314920104094 -0.255074201271581 0.9585143541937403
-0.12049166848994125 -0.2829691793302568 0.951367064763795
-0.012564703052000314 -0.0033234706229697637 0.9999301111969018
-0.015449525279321957 -0.0026448644810907053 0.9998707788106364
-0.3132424578541342 -0.04517659575015253 0.9486194421230869
-0.3074049000332201 -0.02852939855711238 0.9509626892117856
-0.053329026753246106 -0.37522139890388223 0.9259420187515643
-0.004695219144049061 -0.38100993731803773 0.9251854410803597
-0.0959840250714768 -0.37396961518374405 0.9232829671535618
-0.053211219238576954 -0.31923620206425257 0.9466873579109331
-0.04550279719370264 -0.30829594180344205 0.9505492985753
-0.34011244081011527 -0.05299590630058727 0.9395895713139213
-0.16427871867428723 -0.17736374514529896 0.9699579640880232
-0.018633743226086 -0.29415418966801166 0.9553591541612784
-0.19251087519236612 -0.10180603479366229 0.9761908111788234
-0.18342302239489447 -0.09556217326879707 0.9788258950749971
-0.31502801160341387 -0.2620638764843872 0.912772130704354
-0.0056469412412758725 -0.21259080316750711 0.9773321800095107
-0.004873975723817349 -0.17912016630254218 0.9836977347163183
-0.007223693959280907 -0.3816817114141043 0.9247951998423183
-0.06508066511397083 -0.31519815723115413 0.9470456245377192
-0.02435344711092472 -0.37654931882632203 0.9268881517533221
-0.35389583544364106 -0.13770001184517544 0.9249806084199207
-0.3399156995792235 -0.09110585166384957 0.9368003720560543
-0.2504280054342397 -0.003695198882758977 0.9684619588251666
-0.14960789157991217 -0.15008008644826268 0.9765284407477863
-0.2607249318995819 -0.0442337936769838 0.9647835393445434
-0.02424884285925924 -0.21379527204551366 0.9769606295968556
-0.03414159951344391 -0.21549911120969728 0.9763044836262093
-0.07469060960918746 -0.2964873966541443 0.951725784512858
-0.15953458898205086 -0.29024307525294024 0.9433372574967864
-0.13238418825730228 -0.19916838166871473 0.9706161691117218
-0.1385200404866808 -0.22892114049364828 0.9638220653481938
-0.23890124232402093 -0.14004293718600194 0.9608414736713874
-0.22818568706761239 -0.11169138916406708 0.9677575734100486
-0.22480292922101378 -0.08141641710913397 0.9710801935293488
-0.1742978754730836 -0.09526454932494735 0.9794014899525261
-0.10316641586484399 -0.21016414456742816 0.9713121198970684
-0.1535278666901031 -0.2017855096792534 0.9677646367042512
-0.07326825765870726 -0.17561167120892932 0.981881168886847
-0.3798451010741668 -0.01759828931819772 0.9256809910511156
-0.09098236630768215 -0.09658572767911315 0.9913928639543219
-0.08411692047322004 -0.09555903789899606 0.9921333526208033
-0.0757049045853507 -0.11321170246524356 0.9910388182520505
-0.05314202366513533 -0.11563790261171074 0.9919503232434673
-0.041048136408051245 -0.10019817476346242 0.9941927790573459
-0.03691989222255449 -0.12769101241836137 0.9907859911804101
-0.31536983891977804 -0.269958986178401 0.9108222465414614
-0.0012473356540436498 -0.1877932537452294 0.9821346037908975
-0.3483641493864842 -0.14669682785331373 0.9267369346172124
-0.2854249711684725 -0.09026616882240115 0.9548008047737176
-0.11371598006108957 -0.07604949011550943 0.9906396622417768
-0.3220805892339408 -0.014067341602721377 0.9466576040762308
-0.13786053434762757 -0.04021663562522944 0.9896651862115688
-0.12156369767301864 -0.04445604078230804 0.9917300243859636
-0.015165435243537405 -0.05829736836158238 0.9982514975223066
-0.019671195611063647 -0.19178196512007473 0.9808399398797486
-0.06391212798162349 -0.1446753357459054 0.9876547252537123
-0.05569385138889039 -0.10823974547878397 0.9928207068738584
-0.04137540343142184 -0.10850696277855917 0.9934496603226391
-0.05940557800067282 -0.0798780014020607 0.9951239477472348
-0.06156545485564827 -0.06721025067754724 0.9960240262426425
-0.16925078864634696 -0.07008168205394522 0.9834178213183039
-0.18358550425674042 -0.09811056803479344 0.9785680694912955
-0.1519773344195103 -0.027463700196048664 0.9881651962320409
-0.24630327224119875 -0.025279351083007356 0.9684902327886228
-0.20147864074130475 -0.012569326788029848 0.9796438362250101
-0.16998859898610866 -0.003621042870145501 0.9854832178248649
-0.040649255744538884 -0.12363289712087594 0.9915314202650933
-0.030868284130468944 -0.17368752317275762 0.9845979035150468
-0.052615631469790994 -0.09558213629576646 0.9942439756597625
-0.0437942108211599 -0.07267323205204933 0.9965553307345364
-0.0691672890368758 -0.06961775816689908 0.995399376733223
-0.25401106380054483 -0.05619258298709378 0.9658612099461156
-0.02349207825976604 -0.10362367910058728 0.9943097543206713
-0.02845899519147361 -0.13507606595185778 0.9907134461898014
-0.09553317787959227 -0.12875874353952402 0.9873333385622385
-0.2050313202696432 -0.16598803809577148 0.9652045024984018
-0.01035138779102742 -0.019274474558951715 0.9997983901213563
-0.012043363350554347 -0.08177271370810785 0.9967307555716504
-0.22420110307877472 -0.02872777656621521 0.9740666908339674
-0.25031015349766045 -0.044618858327188336 0.9676583349205248
-0.051818149980054684 -0.039277291380793805 0.9979590593171074
-0.05632693598593567 -0.05700669069648891 0.9966953403327103
-0.04146688338062453 -0.0638650778325181 0.9972710842532987
-0.14528539964484533 -0.003294952988914843 0.989401014338401
-0.1597604551937603 -0.006136598223257867 0.9874292652325389
-0.24436902542322314 -0.3033759812584183 0.9216414042094262
-0.2884092736352187 -0.2658373323629785 0.9204713192337876
-0.20443232468707084 -0.2464438217618483 0.9460934979587753
-0.0893982668130335 -0.30499777803802836 0.9487119061926597
-0.026331622135784147 -0.009375311105707362 0.9996390128962215
-0.028156795842899367 -0.012618422224027363 0.9995931328491154
-0.06993275914388064 -0.034996441153793925 0.9970701016862591
-0.04162001477922272 -0.09646812078857817 0.9945292882521664
-0.3580018226244382 -0.08811499504105584 0.9299065771356139
-0.014086187074994039 -0.01625404676741692 0.9997978839052675
-0.14594291861087164 -0.2255038900480104 0.9638531506395751
-0.1514987437915855 -0.23529582200463037 0.9606247309131807
-0.2666250250595634 -0.06365700215211544 0.9620822233417375
-0.19715002842360518 -0.11053020916888757 0.9745806549572508
-0.04635762412475758 -0.25318438945071614 0.9664929698758709
-0.05531235139011794 -0.21196786449548194 0.9760728759504568
-0.15555805414320598 -0.21388723578506796 0.9647794449952036
-0.15982552721151544 -0.024103886937089314 0.9870247661713221
-0.00021125613519943178 -0.01614870762987006 0.9998532852140698
-0.07645902557518904 -0.026468568547424583 0.9968927814267352
-0.12917264995752648 -0.05358569039589338 0.9904574192991146
-0.0037632432454721915 -0.020703744853956905 0.9997977713460124
-0.14291172995191884 -0.06425553464177056 0.9877786060768402
-0.16043086746204777 -0.04004825407733351 0.9861240717966181
-0.36603800102842904 -0.04833670636427842 0.9300915149599331
-0.3658932297941081 -0.3104845736974568 0.8781643144343119
-0.11446289419088522 -0.15924042672297617 0.9809877953621239
-0.13051673877170453 -0.1540261890028588 0.9797375769262985
-0.3642990718374891 -0.05115843271424765 0.9304467739184435
-0.06019614553481504 -0.00895271495858771 0.9982535981146609
-0.05295815227825296 -0.005392478852867111 0.9986321892651666
-0.015336724105584766 -0.28767974967213145 0.9573961283303551
-0.14734323293966906 -0.00395941854283069 0.989232504973486
-0.14161723928733225 -0.0028475282283208217 0.9900991592488118
-0.11153516736964118 -0.042571926491005156 0.9928645902296747
-0.08013623257387509 -0.043975357418625904 0.9956713214525013
-0.16201830625210556 -0.37494874785019644 0.9134848502133488
-0.1707640968319069 -0.38116747118624245 0.9096944722541584
-0.2886143553466762 -0.04888230696357606 0.9562944501729393
-0.010614421098071505 -0.006979989222003885 0.9999411739847521
-0.02146632882570826 -0.09138901645700359 0.9956146501739779
-0.01772577540447453 -0.09704409737938044 0.9952439796493833
-0.025302987951856936 -0.0988827878201128 0.9949742996110201
-0.0019915841680301373 -0.19528437929870268 0.9810455512291663
-0.003155811730716447 -0.18388272476641854 0.9828798096888252
-0.009202672682184793 -0.2299945961100526 0.9732619335289044
-0.010520132648553275 -0.23758816343661754 0.9717241583496893
-0.0001502085534962294 -0.1559450644433071 0.9879990396412186
-0.001749878412123352 -0.15891594587520544 0.9875236966981754
-0.0008075194098860264 -0.18355942884825913 0.9831817237722763
-0.2871003058670059 -0.0863178008060605 0.9541173911064752
-0.28963835653774495 -0.10072409469533797 0.9509689186513447
-0.2712957258120035 -0.37117368209468415 0.8892890315728478
-0.2695387227936277 -0.3725484830036897 0.8893574064287415
-0.346506483031354 -0.17518104879963423 0.9224879847053659
-0.3449002720919384 -0.15436428410907038 0.9267134638775889
-0.3704910915681044 -0.056175589027415714 0.9275543169661733
-0.37553219422447875 -0.08345867068122684 0.9238387249219009
-0.3756952490448856 -0.09369420694694132 0.9228820901274335
-0.3563918583193983 -0.09197464114602191 0.930385504619518
-0.002254015334948416 -0.05969295040746567 0.9982723129109536
-0.080407230311515 -0.06524895274842729 0.9947635288170233
-0.07721294280588448 -0.07072113720084397 0.9947171433036991
-0.10864626831558528 -0.06815477724702827 0.9918898906145857
-0.04464266724499569 -0.005789713136122792 0.9989996143865801
-0.10424490776480586 -0.32136311561079584 0.9414404920030198
-0.27550906473475517 -0.23074067974820678 0.9338698177504268
-0.2876425754623922 -0.23453087172067846 0.9295368456567062
-0.24307938415522423 -0.08987399498661484 0.9651454255010704
-0.2702767794279877 -0.1342009880017076 0.9536636787634298
-0.2443065820350671 -0.09754049949522894 0.9643589123846442
-0.11997013990942888 -0.270119389830543 0.9554341113306896
-0.10896579275626332 -0.2812304867425758 0.9537954336785065
-0.15907876820178427 -0.2707267769259504 0.9492778357496682
-0.08842444642526563 -0.30634522522285507 0.9476674855519454
-0.20581826961526903 -0.0009809810775212105 0.9788753660556182
-0.2952584066034613 -0.0015337199356702767 0.9558011443114652
-0.07072754672909921 -0.0967518246882654 0.9930463177295202
-0.08309452000503229 -0.15440856179171114 0.9848843947578177
-0.08607389400892457 -0.11844454399742592 0.9895421802703424
-0.0023646282122531193 -0.32833092189986807 0.9448538580605399
-0.010351969946605059 -0.32910149657523696 0.9442605521294821
-0.0278076404053974 -0.32614005593286205 0.945288388168423
-0.058706901306885044 -0.018198010014774214 0.9982109825265166
-0.12461508234592433 -0.09877227794989538 0.9872708233774387
-0.09766408829050852 -0.10969852414941868 0.989300545245967
-0.07872172316019188 -0.09668592643359605 0.9924054478419231
-0.05815429483317594 -0.08319939526722035 0.9948583411026
0.006435913585022214 -0.29569150861299376 0.9557497944090125
-0.0026527304810412583 -0.30520892058814914 0.9519234005108591
-0.031120763157217665 -0.32595005080153067 0.9443812218796004
-0.37575326633389683 0.00012078966467268538 0.9272035689066193
-0.3472051681532614 -0.006318458838715271 0.938209887191333
-0.379651939012186 0.00340691461813767 0.9258723064278886
-0.37293088543726743 -0.0029617327095351267 0.9283002039432522
-0.2733452340876232 -0.14572596134400032 0.9513799004740102
-0.1808434766578874 -0.035890143239181785 0.9831835973691235
-0.1470125502746842 -0.01443458014994128 0.9890139627307504
-0.003843775097679069 -0.0004640905878487598 1.0000005201340045
-0.001515350635854556 -0.0021910338656682595 0.9999996040978298
-0.28594356944390753 -0.1443228326910033 0.9480550009794478
-0.27795991195282493 -0.14541575360726278 0.9500764372318817
-0.28196633219089645 -0.11144218283232295 0.9535090513594312
-0.011078256905320043 -0.0337400066057908 0.9994138685515834
-0.0020911734462955283 -0.04910578357249045 0.9988408005219431
-0.003050992564376152 -0.2672049480455015 0.9626386238511128
-0.00958288061705805 -0.011107265531492962 0.9999112034974486
-0.10997552152472789 -0.19752899650993652 0.9746116756793098
-0.12447236415917498 -0.1908301803257259 0.9740453544465427
-0.11465542777773513 -0.2176416020636885 0.9690541249810337
-0.1538663333193224 -0.19936794242743328 0.9679921715827736
-0.3118238977993924 -0.16561354650531654 0.9354205005457621
-0.3235642013333491 -0.21256118974127364 0.9225328337291624
-0.0013147362852836506 -0.0022356670328937704 0.9999981096994555
-0.004119676371203605 -0.0011836404111908085 0.9999934377536268
-0.0025137317494600903 -0.003128527208440214 0.99999953436008
-0.024710249904811292 -0.10247896540928689 0.9945922985879562
-0.2756034022596553 -0.004905484685197517 0.9616342507749381
-0.17951569954023222 -0.26553907661940335 0.947744172355572
-0.07268201316774058 -0.008161615709397264 0.9972992408126373
-0.16466799120217004 -0.20009861191870051 0.9654087429173168
-0.17518800475038526 -0.3156812915383756 0.9331889661699142
0.0022846709013288123 -0.3433144713850788 0.939552966468516
-0.10008802929824767 -0.006537069984895725 0.9949715743439226
-0.0005849273861578044 -0.04310013606663529 0.9990921594401498
-0.033623035296042734 -0.2991218267661107 0.9541539407193784
-0.13965718262159257 -0.28093219165994665 0.9501833225953895
-0.1723480637980962 -0.29535935112713424 0.9405423704571003
-0.033842146284548257 -0.18022101882840777 0.9832968258084726
-0.04178094555309411 -0.14939069840994834 0.9878066915657114
-0.2645701322501476 -0.1531064944515128 0.9525663710767601
-0.0013996229499758216 -0.20028546612869175 0.9801043265325662
-0.011118092256490112 -0.20915140909594182 0.9780600576295447
-0.015235727856766423 -0.20368611540961745 0.9792446467897995
-0.004640985840188152 -0.3681205266450052 0.930055648699101
-0.2893277021387475 -0.22283975867189115 0.9312080020834992
-0.25968261089972183 -0.20270613142330235 0.944684711859055
-0.04580277170534869 -0.09441306514346748 0.9944618497283076
-0.02245741975801252 -0.03586904820925632 0.9991552948605545
-0.026539704743380174 -0.00920594401774423 0.9995591403613303
-0.06901977577201045 -0.2869241891661257 0.9555922446161443
-0.002171783411464107 -0.33461239981311125 0.9427662799272645
-0.18893702471419904 -0.14248678986242588 0.9720368759079776
-0.1557954835226258 -0.14158689444741115 0.97807931211849
-0.21033495402549765 -0.01153959544792264 0.9777698222966056
-0.23682221626947933 -0.011335107417170854 0.9715549067591338
-0.2327168299916188 -0.006910254944182489 0.9724852503197482
-0.08884344086382455 -0.009298905657467299 0.9961140196482297
-0.018911784852608235 -0.0053876316578656816 0.9998344121477399
-0.015530191155391443 -0.13743505684324214 0.9903323261768165
-0.15529819458080674 -0.01520029918293055 0.9874831590148121
-0.07853725990656367 -0.23569170165426653 0.9672595053177709
-0.08585613468004809 -0.20279341079766003 0.9749505809288607
-0.009921296324574353 -0.0761220752532218 0.9971091581216458
-0.046953503043452 -0.0408048515455756 0.9981733293343809
-0.0032580421601251085 -0.2826903272142179 0.9596275937184925
-0.006956203966085471 -0.2609427678298656 0.9651553899243597
-0.0492919916745293 -0.29255073646556023 0.9549832259378537
-0.0328511221580284 -0.19902290907282794 0.9793976387448523
-0.09965679576501812 -0.07706873225644512 0.9922058333046743
-0.04165484501100342 -0.14360755635958425 0.9889890997475569
-0.0949126981800401 -0.3210086819608393 0.9429229444582239
-0.09246843160909668 -0.2980981292769224 0.9506964026753276
-0.26327388540282176 -0.17810036084209319 0.9488787547315879
-0.21395087357521736 0.0030824779575130594 0.9768228598039234
-0.35935954483738697 -0.004139384520153971 0.9337774601825979
-0.3154567957653182 -0.004360661347217942 0.9492703058148039
-0.2419660702713418 -0.005960063229153898 0.9706750162811719
-0.23393477267397889 -0.003710191158976168 0.9724168293994224
-0.23692463143595746 -0.23901787627733523 0.94207140581139
-0.34023694003209193 -0.15022458792395424 0.9291110623057242
-0.013115942301780079 -0.17952037180221558 0.9840262265768053
-0.005924334881378908 0.0008593022171951039 0.9999809207287522
-0.015875175279900382 -0.06423240394282298 0.9978693524390916
-0.00012437023323257838 -0.044527861071712596 0.999033279373773
-0.0011035576223362516 -0.03511208134531831 0.9994247565973183
-0.24442868236613788 -0.3024942426877179 0.9202668364679826
-0.05563326282248972 -0.3442679655292805 0.937806945620697
-0.06631801914476698 -0.3930758790217834 0.9181035558751911
-0.12009775069924132 -0.03675293536961115 0.9921481843776561
-0.03550478087307238 -0.0009080137243626802 0.9993876712504787
-0.020007468743979427 -0.002017455430495321 0.9997842776380436
-0.009383418121097126 -0.0010781212264974328 0.9999520004349098
-0.04725493235134959 -0.07525280088215468 0.9962065775137323
-0.04186575930078812 -0.05242610276318931 0.9978687194281969
-0.013701332317804116 -0.2024546133110424 0.9794541405668906
-0.0032452646278907627 -0.19882829737396082 0.9802705858558982
-0.007440527037797304 -0.17677787317060228 0.9845387251296844
-0.3121856887725765 -0.3462470430895822 0.8858274386156466
-0.08243145757915313 -0.02212172105363716 0.9963898684294353
-0.012631011953004253 -0.06516796557946182 0.9979207971049155
-0.05781960409481854 -0.0019730009240620737 0.9980384288269359
-0.055437018219404055 -0.009169031091241321 0.9982604338755316
-0.11629884382218608 -0.28240905124399046 0.9524879978890207
-0.2518839532312567 0.008569612950076577 0.9680191216395589
-0.09035674553697647 -0.00926385843920053 0.995994934701485
-0.3333697149090785 -0.0018728368453404007 0.943163409480858
-0.022484117459896497 -0.014671667547747656 0.9996731387794389
-0.018705396891059697 -0.029952575201982093 0.9994242192487958
-0.20646863298845602 -0.10989741976921893 0.9719536806902085
-0.007963635779463085 -0.26371378164896647 0.9648683813396751
-0.00116368438920269 -0.3524179443213 0.9362417806143812
-0.012053165982797322 -0.3335260660048628 0.9427955417346106
-0.29392860860191594 -0.1627526727651785 0.9425046347686858
-0.1148838039141908 -0.00433528265911904 0.993279746323589
-0.08266665096458957 -0.006833339588631673 0.9964372001944564
-0.015621232454296972 -0.028359971845409504 0.9993179489328251
-0.007293740894556614 -0.036730051316854674 0.9993521522589784
-0.024767347515050858 -0.30559649401522754 0.9523214541444037
-0.015975397974684103 -0.30752112123616626 0.9519684988994546
-0.019999692058048267 -0.3120079593562049 0.9503511404184762
-0.2440540709140247 -0.1292974162689543 0.9615712782412257
-0.16298151709173578 -0.02265955679729155 0.9866434197197576
-0.10311827548583691 -0.006555817639416303 0.9945360585465715
-0.06074071603197167 -0.007844081171682622 0.9980813959734334
-0.09457417237476903 -0.25063468588007376 0.9632075315273704
-0.0019608063080442458 -0.009551484875200472 0.9999617545911793
-0.001499211508598111 -0.01612263156311902 0.9998755706833604
-0.0002711449013836901 -0.013517767748985492 0.9999233229664236
-0.2482072471321156 -0.14433363824847695 0.9584562510636883
-0.24529070688059507 -0.11909156501820618 0.9624829512877399
-0.3104880873404074 -0.05648142629733506 0.9490289505726319
-0.31906564045489394 -0.017190981092238496 0.9480831189201985
-0.2882636770062236 -0.021941425323604345 0.9576714611874224
-0.31268896872664104 -0.02273413138563926 0.9497165474097187
-0.2771466354413189 -0.004242923398074355 0.9611681537118538
-0.21061898237682516 -0.017953853649405594 0.9773054954758329
-0.005011740227025219 -0.16352772380324906 0.9867115096927819
-0.008503948155875147 -0.16288264144618067 0.9866501548532908
-0.03625163215209295 -0.19501204660597116 0.9795441256174152
-0.024119223742606673 -0.24350515691839186 0.9692260687961822
-0.22299393288493163 -0.18387431055829395 0.9568012921188225
-0.21579056865958923 -0.3408977245409697 0.915858751928554
-0.17675849133368582 -0.2532777722104743 0.9516734651654265
-0.17049534981404732 -0.2486383835695815 0.9538371572002369
-0.05806333737281065 -0.3417189118589319 0.9387277346112032
-0.30833392474859667 -0.03980300408146945 0.9504700584653597
-0.0007378743008721975 -0.14957484014950762 0.9887918565353866
-0.25150225033327084 -0.17068874342371762 0.9527259155650263
-0.01870837785282027 -0.1816117592788048 0.9831472792570067
-0.0028111051295917604 -0.02308152212381441 0.9997600313509856
-0.0027569262905902856 -0.021506868287898363 0.9997925373669656
-0.32724412016166027 -0.20303596637760848 0.922962148213192
-0.14209068087087842 -0.27512351679877123 0.9515940487344147
-0.2750851239123413 -0.02069013028554585 0.9617218759846072
-0.03688560942051633 -0.12362822791191261 0.9918298930054062
-0.002385643424494482 -0.05333493971084732 0.9985825722795885
-0.05526806459477482 -0.0015961463528814074 0.9985443956176037
-0.26163550509001576 -0.3214985417597502 0.9106569313447077
-0.08334964152859575 -0.2824234540917578 0.9560278692442371
-0.009828915451997995 -0.024692642442611195 0.999689482378289
-0.014374941360368777 -0.03591142341494391 0.9993130469477777
0.00011791904640275205 -0.019069958508037284 0.9998023862771626
-0.01637690955875048 -0.003930844199554937 0.9998750972508895
-0.005213549301439899 -0.22398477485903925 0.9748099967926931
-0.0009514430149848694 -0.192363883144004 0.98166331852432
-0.0002805877104277016 -0.3677892459350735 0.9299622308045841
-0.24220200517276413 -0.009296843480208554 0.9703503417620772
-0.237896578520969 -0.1159226274506441 0.9649470973761154
-0.02625436832894088 -0.22821800433050954 0.973393360140182
-0.039467321463103305 -0.22852646399763257 0.9731925223680054
-0.0037001408655757393 -0.011039749967635414 0.99995287731293
-0.022562019720889004 -0.35588569596734443 0.9331799396114067
-0.026682539935073767 -0.05741981676270352 0.9981051309727006
-0.08627560177387777 -0.2893858173371679 0.9539515002415597
-0.28542079591361297 -0.012810393210290587 0.9579733318360413
-0.2823389608205313 -0.028243254191460142 0.9592810132409576
-0.2581561107866286 -0.046918473263985176 0.9654601921723395
-0.17972200805608893 -0.23749668666353613 0.9551503821807337
-0.13424539789245346 -0.24032249981552692 0.9611807716042056
-0.019139385614987403 -0.30856495879206947 0.9515257280211348
-0.02126312243965503 -0.000815447623961801 0.9998015270113503
-0.03412647049429844 0.0008901789311635737 0.9994200094713234
-0.007301227937261186 -0.008227837794989831 0.9999522842028676
-0.006118293824011665 -0.291896971427681 0.9567160069734354
-0.2076532156419749 -0.28985018578945665 0.9340418797338514
-0.002727057915512424 -0.1577529744434788 0.9877080149331586
-0.2853040135444424 -0.24404064287382435 0.9273284390562078
-0.009201225010817628 -0.05215399787460531 0.9986828870613192
-0.024090290384730262 -0.26135714088537176 0.9653421561550087
-0.15981950004750842 -0.17439014375974501 0.9721375041315349
-0.19217441328327095 -0.12616163258894647 0.9728709738757604
-0.05506176567536626 -0.3167523889302964 0.9468913400373858
-0.01041682706518919 -0.13928169908700117 0.990370606469215
-0.056903914583885065 -0.1573965024148673 0.9860302950901758
-0.06651301304842369 -0.15343853648115652 0.986171008727829
-0.31960380576867325 -0.0016003773258161367 0.9478076581994478
-0.05805295322383724 -0.19714816797791068 0.9789501232317765
-0.05797606241829399 -0.2838582097790131 0.9574416489689989
-0.005874516372467465 -0.12266451138166695 0.992625701417759
-0.008057964019198663 -0.14236039884633783 0.9899023871018721
-0.1732377655988673 -0.3785375434887964 0.9102972496662673
-0.08252753162356977 -0.2396982949021264 0.9679612251899803
-0.04762717446894048 -0.33799781089562064 0.9405646429980797
-0.059174001908072635 -0.3091772524392927 0.948646564132891
-0.05632967278118398 -0.27361591722018686 0.9606199249505961
-0.10231325231542426 -0.22463828630984958 0.9695001425631271
-0.12759868829424587 -0.19205066051314224 0.9734433700628767
-0.051303446945519325 -0.0429665482775245 0.9977620227508976
-0.2654757408137284 0.0014987243162737892 0.9641691077298171
-0.13621991033989095 -0.04993478609416921 0.9893737381475267
-0.13698685633763855 -0.05816536653012145 0.9887003574325568
-0.2908765754150594 -0.010611974300286799 0.9570892190996708
-0.27555226886213413 -0.021485859985452275 0.9615141967171339
-0.033031723329650535 -0.30283684437513686 0.9529952781453136
-0.06778810022116594 0.0032780130937016677 0.9977956981497896
-0.06840491415980014 0.0016078356785939741 0.9977585988553399
-0.23528837890230372 -0.3526895552513455 0.9065824760557671
-0.014348876902345082 -0.3442073262720046 0.938776719477166
-0.1591793972278136 -0.004953113282703493 0.9874250444901194
-0.1423778512807096 -0.05362709950015633 0.9886144039238491
-0.2760519682035047 -0.020016864220184213 0.9614029376564432
-0.28049925602083936 -0.01980470979032357 0.9600255647967346
-0.32256102308947815 -0.2227389611144431 0.9206641688996751
-0.20401574617317136 -0.2771045311266025 0.9396156264358286
-0.2678073332149291 -0.06551974493830201 0.9609291228064926
-0.2764091317852491 -0.08862922885327583 0.9574651172594822
-0.10096969477002007 -0.24257701554504482 0.9650145676103584
-0.023772943421293203 -0.03779866290677152 0.9991009093346992
-0.11240436806621942 -0.006070632313285834 0.9935196338010946
-0.28833618682492007 0.0002572995406940853 0.9574333937389548
-0.3235558156061492 -0.007429001911612701 0.9461306122493127
-0.3084911626421452 -0.007098861033328775 0.9515534385823081
-0.34664686250828064 -0.04379789191950186 0.9373734598228233
-0.32976453480658413 -0.24767515142711058 0.9119849519840013
-0.3422372350524611 -0.2448230348086932 0.9082484245447057
-0.21334924087777296 -0.12039281466554609 0.9700979853641736
-0.29166946640713937 -0.09212444292871672 0.9525705034389182
-0.03771268741438135 -0.0028514365465459887 0.9992937316438216
-0.023737812132485023 -0.00235870148843674 0.9997582103309453
-0.03998245582728233 -0.3318017126471401 0.9430653667387259
-0.19028216531259787 -0.18273052047477917 0.9649480756289814
-0.29580523742849446 -0.20443470920730028 0.9335752673792295
-0.12541629416511096 -0.07852588075802076 0.9892175137047489
-0.087576576019871 -0.01944557606318674 0.9961229038575168
0.0005470266071628694 -0.11394879945530363 0.9935408091965271
-0.13567815200459712 -0.044917498037785 0.9895927175452358
-0.240754191915258 -0.31272811508201187 0.9195029547978282
-0.01944660650390418 -0.01623124169154258 0.9997422651216125
-0.06854666236469999 -0.22116554863667284 0.9732833038160782
-0.0008087222930715131 -0.07270626493404266 0.9971941556779842
-0.01238924981996543 -0.22491686953408116 0.974748154728142
-0.23441511158414166 -0.2188096171905031 0.9473355888163474
-0.24290763748309477 -0.27227374006752464 0.9318702028596817
-0.0811311004467822 -0.15966700083934043 0.9842306915737153
-0.12067959459873172 -0.0019256685225689106 0.9925302301410431
-0.06853021179560169 -0.12272160467168464 0.9904110653162892
-0.08581571951346231 -0.18786612850674958 0.9788312545295323
-0.23105855958888477 -0.048670547520581836 0.9721467610085821
-0.1983708241208068 -0.05112766240923861 0.9790519239199762
-0.20174890687542932 -0.0710564882733391 0.9765632405574829
-0.2343888914637244 -0.08071472818794805 0.9692386303028022
-0.2099379160137958 -0.0992746864252381 0.9718452997208915
-0.00038903933790803 -0.19203207163053676 0.9817000304305321
-0.0007069036601954183 -0.2597271010087228 0.9658041129105122
-0.06160734357990302 -0.05589222904681197 0.9965815845147812
-0.01303641137536338 -0.16902860162486022 0.9855401467390734
-0.009809137218323535 -0.04606113081960671 0.9989594540785871
-0.011923011649689425 -0.044749749903650014 0.9989273329492944
-0.22884892802720053 -0.005067051197262533 0.9737672147630155
-0.20247550781345727 -0.14412680775324754 0.9683786700868499
-0.047596859609111156 -0.011538876623777849 0.9987967929184749
-0.0019705316781755714 -0.22574357948731918 0.9740938264774132
0.004205342753793928 -0.23782014209683436 0.9716718108897672
-0.37174077637093733 -0.27952026043440825 0.8866145549384853
-0.027215946611444376 -0.0063096522828591985 0.9996501452527659
-0.008630971277423656 -0.003923555487139037 0.999951205413075
-0.0845976331662014 -0.3767289349048109 0.9225598105419802
-0.30718366498185373 -0.25272903958159765 0.9184690735957953
-0.22708162139235244 -0.08569110992801612 0.9706165570521398
-0.1327983575554014 -0.12536483399164516 0.9836043230346403
-0.008610160144643343 -0.28625805163084794 0.9585721447406161
-0.15611993148700304 -0.1647053364005093 0.9744079451636939
-0.22849300979962892 -0.046376091336574735 0.9727033774192243
-0.1578397056702819 0.0004898835572994197 0.9877262229826181
-0.010123200415077731 -0.006023597297859397 0.9999492381068221
-0.3372977165591571 -0.23757197131018726 0.9112904483387566
-0.031889017686206805 -0.3168958466970276 0.948177425566715
-0.35955259763945774 -0.02903266766025236 0.9329498776921283
-0.3403840544401295 -0.1778341242195528 0.9229468624802939
-0.320895359964696 -0.1386500300557547 0.937210120063734
-0.061427865892800776 -0.1906622688354644 0.9800908033298288
-0.05354350099796725 -0.26554796269187786 0.9631201353835053
-0.14493102453108897 -0.0011725756206473065 0.9896662089514182
-0.13952127827507158 -0.007399902657201056 0.9904039880386885
-0.05385515822033249 -0.043904913921022796 0.9977357945294052
-0.0643035827015838 -0.07156706129656104 0.9956111781904224
-0.02863035402070603 -0.08834064492699398 0.9957982106109377
-0.29116803765309607 -0.031553290632337645 0.9561401419080489
-0.13250186324199836 -0.13660579566534833 0.9820632727983465
-0.23158779067260596 -0.1584936517363174 0.960395171414879
-0.009309700446307061 -0.012837016636808179 0.9998439902684765
-0.272660966961392 -0.04709674775464053 0.9613403144276664
-0.05884485005460866 -0.07701075605295152 0.9951166227705243
-0.02871945900378751 -0.011910220661066855 0.9995851112925938
-0.06765153174229337 -0.05948455854248012 0.9961233637483409
-0.034803993702268235 -0.25834476803638956 0.9658653800516308
-0.2357266357327333 -0.008914950371237924 0.9722672243466465
-0.012094431685536169 -0.004416500247799315 0.9999318351005227
-0.0059117413442660504 -0.007976221583908122 0.9999341246873127
-0.047329950057534736 -0.007600191135807278 0.9989156005035126
-0.003225070677003022 -0.005560567973094645 0.9999796102042606
-0.33566454766889925 -0.30457830722189394 0.8920103703220644
-0.2347744514434803 -0.07136558153473205 0.9698450700197023
-0.1904699622884085 -0.0006518372255082088 0.9817712349144044
-0.30280886734057283 -0.3269767165434278 0.8963542343428158
-0.012690264998087399 -0.24753036208410972 0.9691741166374268
-0.37553719318130874 -0.22107921170201286 0.9012710941603613
-0.023917543895861253 -0.08285308690652314 0.9963848646220547
-0.19578448730209697 -0.1522745259991333 0.9692149160936824
-0.3121372943876977 -0.1010890784900313 0.9454149323146577
-0.031017447512858363 -0.03781157085149861 0.9988852415850847
-0.2760521855422365 -0.02294229542132214 0.9608216428090961
-0.18271642720579032 -0.2134387771059663 0.9603225064644988
-0.17647031722776527 -0.17636459156447307 0.9684382379115692
-0.14045998528151007 -0.0011658100999888382 0.9901152725364808
-0.2136126372102129 -0.02004612102447375 0.9761426196190763
-0.1631233418609586 -0.29491487475179384 0.9419600947912576
-0.027804222537643426 -0.14785578142171396 0.9886802104591481
-0.030362556802348575 -0.13981266670365866 0.9899440934750987
-0.3672499501198724 -0.2897387753647485 0.8851618124337343
-0.07590927882577271 -0.021844075656319274 0.9967458323319854
-0.09426183787056985 -0.213824542987054 0.9727174354542772
-0.034413573310447566 -0.16964616290266266 0.9851882168929571
-0.34561895900022277 0.0016374239991062435 0.9387586001748016
-0.2541219128370118 -0.15895005807716112 0.9539496548046078
-0.006108965705674953 -0.000620786877639088 0.9999788056345869
-0.12399534182852366 -0.33463101538569956 0.9347706115398678
-0.012709551871182986 -0.11374695582276759 0.9935572583296599
-0.27175965962878035 -0.28311824943104014 0.9200758521188991
-0.06685427941577116 -0.01595643802440609 0.9975604517447935
-0.0012125571657899503 -0.0007602171286536434 0.9999981631148873
-0.008472819357390325 -0.02530120890167297 0.9996458722381243
-0.15813933001111466 -0.12178752493472345 0.9803463652488739
-0.21641438930176662 -0.009565025098471722 0.9762345227242699
-0.023872609714459342 -0.24555546162572003 0.9691130280943155
-0.004100892799021693 -0.061311587852024424 0.9982038366965226
-0.04022721755645642 -0.0012110179512947444 0.9991088515233043
-0.07076159227798275 -0.1647256635472109 0.9838524299437919
-0.0665234250381241 -0.12374214611575476 0.9897053885810293
-0.05312304130442236 -0.24332891983880178 0.9683804520381797
-0.053345887417289316 -0.010901721592604281 0.9986157138615397
-0.00730221655976658 -0.27839273924589997 0.9607938989180173
-0.03732169627277604 -0.1794773117766855 0.9833465146052044
-0.08883383653076167 -0.2906222169000255 0.953359451201905
-0.15596958604746802 -0.018533433051586383 0.9875798227430131
-0.0825096173169858 -0.0028601333517459956 0.9966659332030846
-0.2978658189843951 -0.17384810881247842 0.9387175927834885
-0.08711823931337871 -0.35727997718008114 0.9306034261758135
-0.0015435331265847229 -0.0022796879422157155 1.0000026967144444
-0.15198456791179002 -0.036682391082821945 0.9878319252079846
-0.1943084829136809 -0.3374953642620223 0.9219870214680946
-0.250657945203424 -0.006166302362575019 0.9684614812785592
-0.31195647742013977 -0.055482494117075704 0.9486301725100218
-0.003113647539726197 -0.08523159117246205 0.9963739363477055
-0.1233414354744988 -0.32106264538981444 0.9393557307955145
-0.10452867555994702 -0.0012069982413447592 0.9946627110139613
-0.12617195093848255 -0.08585095420520494 0.9886394107620892
-0.127904454528886 -0.09347895291560027 0.9877062928014276
-0.2118364811026686 -0.2802277016385863 0.9370876253063887
-0.18923051193759705 -0.2931395716509338 0.9373493868207939
-0.14898695330461498 -0.1755802281745482 0.973678421064069
-0.002797355028277893 -0.020276337388464197 0.9998028675902748
-0.005344098140281861 -0.018731076270234494 0.9998363739459816
-0.32174735531677295 -0.036586817537325754 0.9464800784306637
-0.19852213341432517 0.001521073251352303 0.9804186323800163
-0.046018800439203235 -0.019703801406361608 0.9988208819950057
-0.06579176225993619 0.0018868789608734002 0.9979179390516899
-0.02420515914460242 -0.0023749477051843776 0.999747304990543
-0.06570738089564192 -0.19342961605875275 0.979325115379038
-0.08349888389452881 -0.010385466778290888 0.9962434520045265
-0.08642459587398102 7.626322116662334e-05 0.9962335000431668
-0.038164285131323056 -0.292369832066412 0.9556474783829392
-0.32477464009090035 -0.00931481419608099 0.9460968909782407
-0.06563457436473356 -0.14457091177859982 0.9876931486970002
-0.020478277765982093 -0.3195914070855891 0.9472258565702769
-0.04343462712516516 -0.002794803407612737 0.9991232629785259
-0.19391055650989705 -0.2032791828061724 0.9601403604013032
-0.23301450081975186 -0.11586286378579602 0.96612769461224
-0.07556182759450114 -0.029450696061456928 0.996873228680231
-0.26277857280916117 -0.006278124280838161 0.9651228447742176
-0.18699551245557183 -0.22253679707569052 0.9558919689159584
-0.09246812239107098 -0.11485303650885684 0.9893926487211132
-0.03944586286377169 -0.22687521035965585 0.9736440840089567
-0.2020948367878493 -0.3027540029978793 0.9321745025201028
-0.15046581508826773 -0.2891628393789916 0.9458612329324991
-0.3139196976984119 -0.040361560894218766 0.9489198973197577
-0.0029768201528701547 -0.10299268634387818 0.9948310605121942
-0.001068088812849924 -0.13555723005360631 0.990848028525181
0.00811455508197586 -0.2430999277223569 0.9703113701745097
-0.019260139556782158 -0.007308012040812342 0.999756530153666
-0.12983547407180926 -0.13273176278492407 0.9830237693337489
-0.3567054995700037 -0.25123306783999955 0.9003868744681938
-0.06771173901000373 -0.3793664836710558 0.9234129374849954
-0.08423830432872913 -0.06472505005721098 0.9943848134955833
-0.08061877162957995 -0.0406562875751762 0.9959976612094662
-0.06458139648006325 -0.1368861481086578 0.9887761317671209
-0.03641664561304065 -0.00903663545723846 0.9993747233902294
-0.32089747528130613 -0.282164196379468 0.9047347945985755
-0.04948690818819086 -0.2687353036807207 0.9624683186365954
-0.3296770282904755 -0.02096254967511348 0.9443349251611035
-0.13380696901082872 -0.11491591375783104 0.9847188322412467
-0.11300905595448063 -0.11797778983281111 0.9868832080931061
-0.09099684371650413 -0.15361283996266853 0.9838109276032273
-0.07908771685019322 -0.08610945849350884 0.9925600478664016
-0.17374638028990233 -0.08536517265612854 0.9811831734851157
-0.0003376216967022666 -0.03739467524739911 0.9992861059774157
-0.008270898059857656 -0.054539039171057714 0.9985595420082363
-0.131094308455381 -0.0788431223695452 0.9884089431571765
-0.1162162085838694 -0.05906396128473079 0.9917039503031085
-0.007223261987192719 -0.0015640275824634563 0.9999773185190904
-0.014360317019182103 -0.013441122301748563 0.999734699264571
-0.1793849476000573 -0.0052829341768157005 0.9833908674505227
-0.2347292583500053 -0.1702941369041998 0.9576750039193931
-0.3222211488052203 -0.0022747581468535536 0.9470367946821154
-0.34597423907611213 -0.20815933815567828 0.9144744532537864
-0.08606488447604582 -0.38551625172695697 0.9195643024401235
-0.014547583693319056 -0.02929571816377189 0.9992980026071863
-0.015463077522568017 -0.04635247788927907 0.9987422839161157
-0.04651803613371557 -0.3553277666342651 0.9331876312741698
-0.38221616658614815 -0.020443797442580715 0.9246950153456651
-0.3348341251960613 -0.14398708167702404 0.9301356018802973
-0.14507704646785438 -0.22760653397714328 0.9627996325113409
-0.08649170663716906 -0.19428127162310088 0.9774559831532365
-0.09798365250146567 -0.07510682188526033 0.9925724463513301
-0.11093800432069989 -0.002703097868632224 0.9937914740736188
-0.001669798865550619 -0.005123617224379794 0.999977011000378
-0.01719200420061217 -0.003998964984883056 0.9998034449442665
-0.008071280762004161 -0.003613791581945069 0.9999576159297036
-0.2646860334294017 -0.04405848442582387 0.9635147602767712
-0.24024909708482198 -0.052770910001568694 0.9697516452838092
-0.24354013605736868 -0.049193225489944536 0.9689917582533158
-0.11558448898827417 -0.09654961610462529 0.9889614791719911
-0.004287242713980774 -0.009246120790711182 0.9999437192197952
-0.020206962058896605 -0.10093434145367759 0.9948451026676687
-0.031800253335136926 -0.06331236657313699 0.9975535004695891
-0.1849886418078706 -0.19330272020694983 0.9636534169411073
-0.07729289985885751 -0.3405137530913304 0.9377417508548811
-0.06392251921005582 -0.06407859646814178 0.9961058676072808
-0.02919071671928282 -0.012608497492340665 0.9995593398332567
-0.1870961145003621 -0.19826829065052215 0.9625141060447715
-0.0003776336875317241 -0.007979291896891418 0.9999654081587437
-0.012087209148285068 -0.011491922058265632 0.9998851467278425
-0.37627573930134517 -0.041174898530412354 0.9262159487126198
-0.11190231262559748 -0.14583394374815406 0.9833986965881225
-0.057239298050218636 -0.01678373529831997 0.9983370054919439
-0.033903096629271684 -0.008410175919502532 0.9994381521629027
-0.0043505512763745155 -0.02538176196349548 0.9996600697036433
-0.006551362620580814 -0.007598013172587719 0.9999518905169363
-0.2691691828571204 -0.10266762284275549 0.9578204508234234
-0.000608271119544579 -0.0452596717955495 0.9989279689430028
-0.03361925099639495 -0.0010678113984101793 0.9994882536256652
-0.05472649120792626 -0.0034142193097782443 0.9985024071808043
-0.06978755646919185 -0.005384798145765042 0.9975753275989557
-0.09759446904969113 -0.1332588815508634 0.9863425042535905
-0.36592661495698114 -0.004563593523323795 0.9312338428010833
-0.0015714285766070257 -0.002822459285748937 1.0000013087001933
-0.001009897571855388 -0.0013461719441619677 1.000000676536149
-0.16025372050538578 -0.010087850547451033 0.9872538985129232
-0.15988299181663973 -0.004244161677887107 0.9874144522671375
-0.0598117486871777 -0.06984639944877402 0.995916388145033
-0.028152747676562225 -0.054639531060108895 0.998242042351341
-0.12760776066692597 -0.18705178269776376 0.9743255173651404
-0.3168414684072902 -0.04187333000486553 0.9479699120342602
-0.0021191067900157303 -0.00043383880326687796 0.9999994253180415
-0.20111624850491086 -0.14338688365934082 0.9694415970314395
-0.2437871760351164 -0.022840772333260533 0.9696979450900456
-0.07772358571631496 -0.03134886079524266 0.996634887891876
-0.08202828183162994 -0.015607824813980958 0.996646648963197
-0.17377384769977267 -0.31057174551692535 0.9353816447055496
-0.16641720713993507 -0.31717762511399933 0.9342749650544595
-0.0006052764969292552 -0.04374140416101554 0.9990118926171935
-0.00046245968844390716 -0.03527404710334622 0.9993923859367274
-0.0004526642568254746 -0.0399722596931761 0.9992275522832113
-0.10005914591445839 -0.0012723881261532278 0.9951130480842834
-0.12061375063169115 -0.00044891675511622286 0.9927721155304692
-0.15613793006381457 -0.18807472272206283 0.9702125402520848
-0.056964231010300896 -0.14492829507367233 0.9881310357606103
-0.055699478120522374 -0.180105085523299 0.982159563239374
-0.22254309195678362 -0.16944547475804234 0.9606071725188715
-0.2600694644477996 -0.010103282096761465 0.9656000184855337
-0.030996500781534816 -0.00939500319278184 0.9995381340804269
-0.07120923510480061 -0.19999406926672683 0.977122842775993
-0.005387534994222084 -0.29605157154119044 0.9552041210887042
-0.048676278196919096 -0.21364132823650323 0.9754923380132888
-0.08411674102550899 -0.05028443260279391 0.9953920678047984
-0.3611339797284562 -0.007369923787320546 0.9331436555054469
-0.3371932660140309 -0.009537725729790558 0.9418436618501942
-0.0077367105416713865 -0.10321306686431797 0.9946044283656772
-0.023639023066300044 -0.06358107339272455 0.9977956682994559
-0.00973774531554875 -0.06508337745186943 0.9979184677992413
-0.29811801988330044 -0.08886720339463246 0.9506158360219241
-0.2958362898040706 -0.14864155777515925 0.9435428647553608
-0.09567542580126558 -0.017423360159163577 0.9953544261229168
-0.024656778498660898 0.0012391759173759874 0.999715234732311
-0.012076272164130025 -0.000502822682465748 0.9999305667857702
-0.17995923060509478 -0.0020663740049274826 0.9837033620342436
-0.29321538091257554 -0.27722802479370817 0.9157797084787712
-0.3138991275152225 0.009156476117472568 0.9499474196968216
-0.09684940394120047 -0.020013103148511874 0.9951358178171282
-0.001364601293437117 -0.022777033798876724 0.9997835863605427
-0.07348165079332654 -0.005414202880435827 0.9972791674815897
-0.2963399508033228 -0.003933933533691293 0.9552724005691946
-0.204153388850072 -0.013098787989218121 0.9789796834513717
-0.027114317730042636 -0.21770844986703458 0.9759546903314483
-0.21344441964603306 -0.2918769968426573 0.9331338207397919
-0.2568200802121241 -0.012860597923754307 0.9662257035149618
-0.008529252440410036 -0.042129781329386676 0.9991579822802924
-0.07619472394478226 0.0001319378614256146 0.9971189761102613
-0.02316615955019656 -0.0043604074223928925 0.999737153964097
-0.058560394470137174 -0.23304805046545063 0.9711910824275249
-0.03611668471783177 -0.267658390154896 0.9626454716285379
-0.0681941907733711 0.0014168163677398754 0.9977739710849977
-0.060497524552786286 -0.1715107654663486 0.9836435493911974
-0.0016717129791666485 -0.012187478280574123 0.9999431273193475
-0.02989941122823022 -0.36412881853844553 0.9307584699312301
-0.06682907536764354 -0.0015074156478012265 0.9978341593322835
-0.007185273635975798 -0.26768430006997573 0.9638216152781215
-0.14992438755389936 -0.17883398933842137 0.9729422437321963
-0.30850696743025036 -0.13540456765467113 0.9417678424464844
-0.06880810143125002 -0.21667138810474773 0.9732830075429523
-0.10418200956659464 -0.2342601744224985 0.9668004444702515
-0.06473782806572229 -0.1515419981434958 0.9865862218625296
-0.24771895758491028 -0.0010912123770405549 0.9692697231286835
-0.0018137047226011631 -0.06676360027384252 0.99782276980304
-0.00067500938367954 -0.0597756220989039 0.9982939891900077
-0.04186531980594144 -0.325283682500049 0.9448781592055919
-0.003662480317168698 -0.06413048413683967 0.9979193923208816
-0.08768456121406046 0.0005823672600763199 0.9961450621546001
-0.22195193520676754 -0.317905551892535 0.922412010373715
-0.028976732181376322 -0.03410389098660162 0.9990602677259169
-0.30440017093850325 -0.048477352867712306 0.9518916638542576
-0.2969357758058227 -0.020521982571842096 0.9540635323411304
-0.2753951682685143 -0.08407827717258325 0.9581429082038803
-0.02396789573044935 -0.02296557182473764 0.9994480052082122
-0.003553417946124492 -0.028688261013034736 0.9996134351201356
-0.22749046791893324 -0.11820585691378846 0.9670514543144377
-0.04194288507604173 -0.0008572816980236598 0.9991817628384281
-0.015584297535732605 -0.34121139030868947 0.9404289904900803
-0.09360733045597593 -0.0014567192703492798 0.9956917225206927
-0.06610275048482221 -0.007265184311679218 0.9977879624093982
-0.20285660755851423 -0.31922222607364836 0.9264851108101713
-0.03228253970483684 -0.015825230217938836 0.9993145253665914
-0.28779456770786566 -0.01152886910472246 0.95785130092706
-0.25573328568990855 -0.055046806339281336 0.9657228534085421
-0.0069198715253131135 -0.04218095230856693 0.9991184776030629
-0.0011901053867266417 -0.14473872737384785 0.989453295534016
-0.040535482910471064 -0.014134390679414032 0.9991161820333874
-0.044550089349844196 -0.0223457271728331 0.9988307737341098
-0.07620145097779694 -0.3586363496120873 0.9311112781140313
-0.12797876720407797 -0.15892289641155413 0.9788297303204812
-0.10832775586795043 -0.1734486084799553 0.9788316704270957
-0.0072832178019546475 -0.08711810622248309 0.9962978538194612
-0.23902062224271511 -0.05614559634379072 0.9691130273520804
-0.017310821057435304 -0.3360216119397328 0.9419294741710006
-0.012998718063492523 -0.17327051902892127 0.9849316207542357
-0.20072019763524948 -0.01200802149781535 0.9798511612411485
-0.008452204782324819 -0.18893081103825676 0.9818371740801374
-0.20411013193671323 -0.060796172795564096 0.977460265127303
-0.2132012390400257 -0.1854807933544749 0.9563123114495936
-0.11658484366103895 -0.025958148173994347 0.9930213426257543
-0.1358672136784515 -0.06890337533642611 0.9885057375798882
-0.35598349571050303 -0.09242067006566071 0.9304841833688419
-3.2262562964170314e-05 -0.3182603963773896 0.9480881623272248
-0.19420492321671898 -0.03308629736363231 0.9802694530665501
-0.24722022644425795 -0.10917817709349799 0.9631965016781298
-0.35333103426519685 -0.034180771591345534 0.9350455722170821
-0.34207429219331315 -0.02211053047584577 0.9399711743899012
-0.3406856063651962 -0.3419967874702308 0.8761065042149061
-0.005202711767031777 -0.029706954389372264 0.9995845573577716
-0.06120536520910453 -0.1933595938582522 0.9786699448174166
-0.0009957070772744396 -0.11766723780377512 0.9931837663569926
-0.02577641013488745 -0.26114611470870464 0.9652891948494832
-0.3005739936206062 -0.04772137791601861 0.9531982843662886
-0.0038364815744151787 -0.32909588262965067 0.9448773460871875
-0.05114426148781168 -0.3362311084529614 0.9410814941107305
-0.25882896666194194 -0.11633199817985376 0.9586906285855122
-0.06122164669533666 -0.14641551271233624 0.9876840828124451
-0.0008721222935924274 -0.3137901753883163 0.949802615141219
0.0004489694727864834 -0.06908143654074943 0.9976716803011733
-0.032399374058619805 -0.11400548868654886 0.9931840750354594
-0.09104925023573054 -0.003432165395278022 0.9958339819871207
-0.20424598926702087 -0.18654013180638174 0.9614821893006775
-0.011174961268403654 -0.24266341651534576 0.9700370487221623
-0.01550289295285569 -0.16141836297483106 0.987034919711404
0.0007567785729149464 -0.23722874123567192 0.9718110486620374
-0.032755675923650016 -0.37461907049775794 0.9271004662685459
-0.15923004750893285 -0.1707516470952953 0.9726204160180918
-0.14647057492551083 -0.1256925337989026 0.9807602800644349
-0.006138889078938408 -0.09164988698296125 0.9958957904582951
-0.102151464365164 -0.04913150595155808 0.9935780618985193
-0.0021299974046297154 -0.08780148185945952 0.9962092100533235
-0.013601024744583749 -0.15229799393696045 0.9882344609871206
-0.004657428869183801 -0.3347590862902829 0.9417639649180027
-0.2826305759172807 -0.0075564290919724235 0.9587852120394093
-0.32176621642922393 -0.01551087987653336 0.9470137701861774
-0.3365934728778708 -0.08230949012312103 0.938696735695485
-0.30075501842265995 -0.16275614342722855 0.9385830512865485
-0.05169173615187115 -0.1337814948588592 0.989553196231695
-0.2668683390959835 -0.206064786744797 0.9406331727921103
-0.2746536153641246 -0.25581123183412335 0.9277644028343085
-0.03403665544837513 -0.22846730155234218 0.9732444192119428
-0.3223511681848615 -0.06495471934610839 0.9447711249033339
-0.006228237201777861 -0.24048261425404355 0.9709641622065893
-0.367073891777627 -0.18561542339960546 0.9125542570884769
-0.35318144144949876 -0.1745366387417518 0.9200606957335099
-0.3459169855098388 -0.16875071311770168 0.9238848016803286
-0.3154567504831494 -0.32503854905476465 0.8924841556239319
-0.01366728842808249 -0.3178397988669183 0.9479706902599869
-0.0010600354038960047 -0.28915840179049657 0.9575577453083711
-0.18053344854348594 -0.024386485031963827 0.9835810150437365
-0.008105513744617784 -0.04833591691552723 0.9988222403526156
-0.011078387410548889 -0.017182813066747234 0.9998304133156577
-0.008760120114603202 -0.38099921856079294 0.9254052712211411
-0.09840691310936356 -0.30861518878967575 0.9460905899391698
-0.3152389225462377 -0.12398167159901566 0.9414317171022563
-0.007856688954284284 -0.11726777705170496 0.9932358915909983
0.001961765209393154 -0.06280976409004671 0.9981090217459407
-0.01991016818959112 -0.12954348107017263 0.9913342755914523
-0.0014744675976880537 -0.15626554546639615 0.987953002016069
-0.035796657803485676 -0.006590495244204037 0.9994041794141758
-0.3015548959094322 -0.16017970921970748 0.9401444828733502
-0.1621456050359339 -0.13112973099290726 0.9783942692192628
-0.1958436988298335 -0.15583949169744787 0.9681291981995328
-0.35642198411958703 -0.074306471197371 0.932164640898236
-0.344898182970012 -0.05675384939042706 0.9374306186071621
-0.3103071442009814 -0.14884743974710005 0.9389897231987179
-0.14984930279060496 -0.34132685505348137 0.9285468378986325
-0.19777818075662265 -0.012731874029636794 0.9803810150346421
-0.10116712577695551 0.0007299890837342204 0.9950172863261691
-0.0727045797621144 -0.2900108253389855 0.9548019845166119
-0.30362004977776363 -0.12975144345122197 0.9443601094822965
-0.14986184292862526 -0.16864888352387739 0.9746743641794199
-0.26702346957771317 -0.026271482166183843 0.963149589270728
-0.0626266244807191 -0.1606951836769582 0.9851895909119079
-0.05755997236095125 -0.12796650516668642 0.9903300609515148
-0.01539253574758533 -0.2149775561981297 0.9766348208808063
-0.2422547449313338 -0.15162797806215592 0.9586524171918718
-0.12422086746908599 -0.01217019781160939 0.9923125743777115
-0.33800144880205807 0.005694117815584658 0.9414148096846264
-0.25842647005372843 -0.19413165975262064 0.947069855542303
-0.23384745682157837 -0.2695073662804044 0.9339467364614208
-0.2834540627830714 -0.02457779074018847 0.9588867789475904
-0.21573737532374346 -0.32812148147420434 0.9204202663370176
-0.013564201948754979 -0.017537902086180664 0.9997488297244934
-0.0018218878338401433 -0.10879316116881459 0.9940385507353404
-0.07089910760753007 -0.12158420486397999 0.9903405934327225
-0.09243433254011091 -5.256971774908977e-05 0.9958660512489048
-0.30383841796695393 -0.00025630283960845126 0.9532244868353043
-0.05982721019392985 -0.012480172644154366 0.9981570461887198
-0.06978921433543121 -0.009002315530213172 0.9974735163796862
-0.2101590724406684 -0.07453308556357408 0.9749927159984888
-0.014251165322257717 -0.08027598952660653 0.9966988333581194
-0.0366670551942886 -0.0019861144338316956 0.9993808845887765
-0.13092421671452034 -0.3276777579382747 0.9358768347231515
-0.05881355702592489 -0.2793584406099692 0.9586510288842597
-0.03390968409215556 -0.11514916791785912 0.992743837929064
-0.1507365804740004 -0.013144495166334612 0.9887524609527629
-0.243338201878936 -0.028154182835747058 0.9695027026840439
-0.3714906829688458 -0.1461424115391851 0.9172080029774774
-0.3245007015162607 -0.0031423531406348003 0.9457511105352385
-0.002806328367256282 -0.009908536616691426 0.9999622605941104
-0.24909089412327157 -0.007132651091573337 0.9683203128925915
-0.3466713102864388 -0.07890873234461211 0.9342969136126473
-0.1539682313640602 0.00012588922025051034 0.9877876332784441
-0.047805069267180596 -0.07516045624564241 0.9961531786933003
-0.3637878897750117 -0.18954622276792277 0.9127574667780558
-0.05005054088497117 -0.005101920680939918 0.998804564909118
-0.3093662949241092 -0.08997114645712702 0.9471799514924396
-0.003737621617733711 -0.12254317043734134 0.9926536355922244
-0.0143028309534202 -0.03733584813903019 0.9992880317858921
-0.0025711197270827393 -0.28053232657785354 0.9602170973937653
0.0011978020606807055 -0.2706752766521447 0.9628962345531975
-0.09678895310663133 -0.1565500418049021 0.9833475625690901
-0.009180800240218605 -0.06987728802528778 0.9976234768720181
-0.29611284794908804 -0.1289026331066601 0.9470759401705896
-0.06511109103809157 -0.022759137489585992 0.9975852601858454
-0.2121088891334745 -0.001210407154000352 0.9773633456127553
-0.1965770129866435 0.003082583203644338 0.9799813962279107
-0.022813808305954697 -0.016814566992420482 0.9996775135613417
-0.0013241825907129847 -0.12201580617943064 0.9927299712603802
-0.03800238514614635 -0.016408430317035434 0.9991935721855192
-0.22766178120671854 -0.07692836186751004 0.9710584431152556
-0.06734561762275498 -0.11539021291693798 0.9911643809550705
-0.24414273942950132 -0.07079592956141124 0.9669932876818688
-0.06454270256212184 -0.06344404964847312 0.9961013904331506
-0.23262639117977058 -0.02177984955742785 0.9726388593454364
-0.23919215301649724 -0.03147623118652587 0.9705743296593108
-0.14255973048464995 -0.35727970293397165 0.9240006164171408
-0.005400333075352809 -0.040098659856592 0.9992403598986743
-0.14939204715346127 -0.18188899813753284 0.9724280632681024
-0.10135573685634122 -0.00886997417481 0.9948493384217615
-0.12205964025808136 -0.3399345433588603 0.933277794754053
-0.14389554555395306 -0.33007113465431104 0.9337537460013999
-0.06951628977361374 -0.17181749994336956 0.9829981818810652
-0.01526430539772837 -0.024145746007231364 0.9996487508542613
-0.058243841552718605 -0.0018040530785974449 0.9983627662715712
-0.03790988342948359 -0.2839243376067756 0.958283583752192
-0.29695466605670096 -0.09887663692230418 0.9499414982431158
-0.048176441307074186 -0.04108808980103611 0.9979834144712582
-0.028263041735085544 -0.03742808497011592 0.9989641926634321
-0.018744282067441775 -0.039343298440791166 0.9991041295477804
-0.3036284971355551 -0.05503640629253653 0.9518441409297828
-0.38416729630724455 -0.018696881978770678 0.9229387700029111
-0.027531522952218952 -0.124866050681343 0.9917886576864385
-0.2227834245411089 -0.291915111812625 0.9307747261468008
-0.10102971892229144 -0.028507369939156396 0.9945011359694819
0.0004712172264144058 -0.0750227355113329 0.9971444212249562
-0.024134943883636406 -0.14745550249161143 0.9888908696558963
-0.07122326776805307 -0.23679653377579868 0.9694258875721273
-0.16038990730844627 -0.007936216210202504 0.9872755645055553
-0.003471391327672839 -0.3189081501496457 0.9481236305183923
-0.030722006975240416 -0.12027435136606954 0.9924850195884296
-0.3014760146881317 -0.17377455554489146 0.9379072196842515
-0.02822662121353274 -0.1695425095033551 0.985352688507606
-0.10751814750423885 -0.17755280697261477 0.9782915660775444
-0.29253466751531293 -0.05540067124639266 0.9549007800128987
-0.2558509925304805 -0.24627852259414293 0.9355921830622691
-0.017527327205807908 -0.001353661352153161 0.9998628538319219
-0.06956479868602686 -0.28518073403542304 0.9562885632512838
-0.004434180250970455 -0.06201520393009138 0.9981617629485356
-0.26690389684062876 -0.0279896999065539 0.9635462687534355
-0.1810537299620192 -0.05747472464298042 0.9820477964207124
-0.22914477312633036 -0.3005245616837206 0.9267601938032799
-0.1770544812379427 -0.012481889477568148 0.9841843289319889
-0.3077018085187848 -0.07404978447055931 0.9491802341679967
-0.16629320038561748 -0.14354778662530993 0.9755268125983417
-0.040227048824837984 -0.28621564334903465 0.9568726778337563
-0.005567483781453182 -0.09442507648924835 0.9956311699800166
-0.178247206475689 -0.020831155431008636 0.9839348631457296
-0.3145503136250725 -0.015325173675891392 0.9488494785495265
-0.2283493005221727 -0.030211915773522086 0.9733900012706974
-0.009922206466176978 -0.1333536087750667 0.9911162464464587
-0.06391352704922837 -0.014453538204626672 0.9979319662757813
-0.16794350037432154 -0.003877444003994166 0.9859996414903165
0.004677977148041523 -0.2723808622193534 0.9621532094354727
-0.15266587690839276 -0.04781902396682819 0.9873472908121375
-0.13201225745821843 -0.17268259517298348 0.9754700755191696
-0.21266108513973778 -0.06318089594432481 0.9754860897650096
-0.089901859224468 -0.0292500081892714 0.9957062156404709
-0.2681170298212006 -0.25550755705036415 0.9278999456216965
-0.17885204377444566 -0.3178760503198434 0.9316588943157046
-0.04284852830058031 -0.028572611256579533 0.9987751789532393
-0.005508358403697901 -0.3000810534711299 0.9542936241506328
-0.3648299487088138 -0.19287113630807284 0.9112061577339597
-0.14066569988625996 -0.006980332269898273 0.9898801698883708
-0.08759688647100859 -0.21614652985171345 0.9727451593667221
-0.2548075458810177 -0.2027235081005432 0.9458002579953493
-0.1875194191724716 -0.0073814824072324405 0.9820289944525914
-0.043766970037201085 -0.18625590769185044 0.9818269612038195
-0.03278808272490528 -0.0632154503659379 0.9973105123766609
-0.3604185402961816 -0.2530393307086298 0.8985461074705069
-0.050202907601359946 -0.02719057649175788 0.998484646781416
-0.046711333685324256 -0.24767674706944912 0.9680345434124619
-0.188765644787514 -0.24162393005832808 0.9523416602818883
-0.0420910483067456 -0.037570815159946036 0.9984768693105152
-0.11320321215247953 -0.18141583065103917 0.9768979171064613
-0.13675193024656596 -0.08660010424204445 0.9871779734089979
-0.003836195683693708 -0.3393931425951955 0.9407598549913622
-0.23849864420584568 -0.24851577991684567 0.9396245594013267
0.0003127796822729825 -0.38537612491831347 0.9236347935929411
-0.35461314068266514 -0.12126859055862763 0.9279127902298283
-0.2078185830555243 -0.25414359548603027 0.9450575031786977
-0.19743099108757337 -0.023985081076960395 0.9794626962212831
-0.18269213043725901 -0.09420222470670359 0.9791166681904598
-0.11601510132225226 -0.15393969875540908 0.9813854216318346
0.003170522399829746 -0.33046412364415456 0.9441820115336708
-0.24850865088862584 -0.015542564593841957 0.968386743772437
-0.06770948525898302 -0.047231615724278087 0.9964481346224675
-0.006010807318098126 -0.26420046725518403 0.9648062388447254
-0.005695618175827401 -0.0872606189215039 0.9963202907239446
-0.06838136031388437 -0.23139537262635193 0.9707277721428086
-0.21243102837809277 -0.291848040956325 0.9325123486146036
-0.15645003683823439 -0.19209656769059336 0.9692539452604699
-0.009566992659871227 -0.2326803424389895 0.9727981653980349
-0.056925520554822515 -0.16265635859310582 0.9853102768394626
-0.20270739222838635 -0.22013895252862964 0.9549000190485512
-0.09594303208222575 -0.2504359246004743 0.9638969614137183
-0.3801332245460752 -0.020858028434649265 0.925531519516434
-0.20454677663530155 -0.0002711157185661889 0.979117923525032
-0.05649195713436997 -0.2548378918443974 0.9651973085947373
-0.30386448802800153 -0.11333750065807979 0.9451794890432397
-0.22389502909528328 -0.045907926525870654 0.9737868594939022
-0.2079426282905952 -0.023494069819518813 0.9782285267083255
-0.1117304733747202 -0.0986041411194519 0.9880383314683882
-0.030271156393595747 -0.28088275302486315 0.9592546975994964
0.00031477743124754063 -0.02297316094137561 0.9997695791485077
-0.22537609789139848 -0.29366160349836085 0.9296628853039114
-0.0033374973683138864 -0.08992600428218553 0.9959075622300073
-0.1895118228137275 -0.14912013311861078 0.9706994014051933
-0.22484164979454974 -0.055287149480725224 0.9731770480893714
-0.022815349293798897 -0.3618513238730655 0.9326802932947384
-0.01603691800675507 -0.16946522906666356 0.9856081918581587
-0.2345203919836354 0.00044883976575103976 0.9723829049870276
-0.17387634806014857 -0.05440187906448952 0.9834649001484275
-0.014989764531889424 -0.20176818353972564 0.9794890297431834
-0.1686375118486567 -0.2379182975905496 0.9571143613072178
0.0002909320270239511 -0.17379205915746457 0.9848855339419965
-0.21965487987271834 -0.13839826235189415 0.9662048136406666
-0.2530917335304096 -0.35108824416310247 0.9026463883801601
-0.037461981844797876 -0.01143910666220368 0.9990861917386501
-0.2857820672118076 -0.1456147841775537 0.9470203734896777
-0.008468890098691784 -0.0977040417692305 0.9952188100595096
-0.10096107996099027 -0.28857685260440247 0.9525746083633814
-0.05793894940753119 -0.051631248154758363 0.9971322726456586
-0.1590640724153152 -0.006701450949820786 0.9875397527126885
-0.007161550426668466 -0.2690181934441936 0.9631538036297029
-0.012622263701822147 -0.06998029898178512 0.9974161357325145
-0.15261086249437933 -0.02025379905493968 0.9883773326123245
-0.00017716933466368394 -0.007920302965638686 0.999971727204992
-0.10915472028992865 -0.35201193138723047 0.9303413366853599
-0.25671240733007866 -0.3198177090823422 0.912784644692455
-0.03570899773118398 -0.028117742556313018 0.9990613049483412
-0.003927056005257633 -0.3342764983059587 0.943076748538311
-0.3139654569946105 -0.3179820575161058 0.8958728851834282
-0.024738650499756033 -0.04483046099727281 0.9985647316859425
-0.05567553712807636 -0.0186532599763938 0.9984023976665896
0.010005353772350123 -0.3629182862762985 0.9321751423044241
-0.02373969145634511 -0.2721330316445594 0.961923637516759
-0.0008035004678255591 -0.23768446124344433 0.9716773222266706
-0.31917603905490166 -0.3106069412511157 0.8965802652180468
-0.006764923110918318 -0.17230828493674644 0.9850814164836305
-0.074961047680009 -0.1684104239020491 0.9830997716292995
-0.13182341704320702 -0.3021756793227899 0.9438305741711133
-0.004179162012746481 -0.09221530046274252 0.9958509340143936
-0.2529601218097163 -0.1986102088452377 0.9474323276487879
-0.04764847185096508 -0.05247496094363836 0.9974920780249595
-0.370737236938548 -0.02121362720459439 0.9284794276336489
-0.007595681698923624 -0.048308753779621516 0.9988444971050244
-0.0005674715532700853 -0.022948067587082382 0.9997682806923563
-0.013829366174555786 -0.18013010867978022 0.9838733050317264
-0.36152060278235576 -0.05070921086577253 0.9317309519671169
-0.005912534504594658 -0.056875601308133426 0.9984554812054841
-0.019025505758295688 -0.18118077872808142 0.9835521561403745
0.014894563315168667 -0.3369219733863108 0.9420389557664157
-0.002266489088688734 -0.2727691449576723 0.9617088605674287
-0.018955815521935607 -0.22701994644476764 0.9738141363310444
-0.2957681538071812 -0.18522450370664678 0.9376296234099216
-0.02670551186243897 -0.2528043810584611 0.9675295911008621
-0.12080132032639662 -0.36394234944987197 0.924443084853678
-0.28778350994928065 -0.08130348466374109 0.9536076987838907
-0.04071401970854005 -0.028960185756998172 0.9985772375446221
-0.1325881463215614 -0.28139347574595885 0.9510895038585823
-0.12099856522043231 -0.014808036458087055 0.9925330916843761
-0.16747152760534068 -0.30070679340019285 0.9386200361993126
-0.08569109798685733 -0.04037875815302571 0.995669503715231
-0.2775966410341703 -0.1977556334594792 0.940871127253402
-0.26955592044387555 -0.054840223032144655 0.961753597789446
-0.2939035275741057 -0.22980341578765487 0.9284513268034387
-0.31016340168734813 -0.21421302355192362 0.9271685636155127
-0.09786101441256859 -0.016941662782668652 0.9951406219608413
-0.2729531076650462 -0.2507857423902421 0.9297288137189952
-0.04880067299208013 -0.016725654950129728 0.9987476893804722
-0.3228262287361136 -0.08235933595979351 0.943292635640176
-0.1673188900524262 -0.009089841266354398 0.9856796808601649
-0.002435310119667116 -0.0021989177865711835 0.9999978680499848
-0.12066113292331176 -0.02118642359164611 0.9925560469597489
-0.050782317167326466 -0.00899837733781236 0.998756210423072
-0.16297615949182725 -0.07617945073951472 0.9834566596733006
-0.2825192296899592 -0.07584260237150033 0.956836750320869
-0.01316010897470486 -0.3017951016523827 0.9524609424807787
-0.2939404961149329 -0.17169434008876286 0.9410972037313039
-0.08320684812317831 -0.15034731230911025 0.9855247918310573
-0.009586208111175448 -0.2914285096277768 0.956590443305352
-0.3810944045553069 -0.09940253515766755 0.9201295672012185
-0.31396217154411077 -0.30312831369728405 0.9007918423759876
-0.3694580058938905 -0.046198207411768034 0.9286584446696948
-0.0012639950555477818 -0.0012782444273392681 0.9999995114016638
-0.030250419215924453 -0.3589253456666468 0.9335452340753426
-0.25395655645589266 -0.06819866421929556 0.9652554276631998
-0.05546748676401553 -0.19703275456579686 0.9790189506221151
-0.12626260290968203 -0.32144270827993077 0.9392559688995965
-0.1134554847856595 -0.026149598110036892 0.9926355387453439
-0.004457933563018911 -0.28766859732916944 0.9581571555670043
-0.27647471250607436 -0.3142323310761913 0.9090894598934248
-0.10452195492250424 -0.3110113239118327 0.94527777853739
-0.12745800179122307 -0.07333962257213344 0.9894460258277433
-0.17567669238510472 -0.3261920520174739 0.9292369629215788
-0.010333693021713665 -0.2667268736796757 0.9639332092105264
-0.04637379934511254 -0.21933277162887527 0.9749407742514037
-0.12151578832872718 -0.23897784018938975 0.9639820898138933
-0.1308117519771116 -0.2773966218958031 0.9522509215896178
-0.06687498222651503 -0.017700230320268052 0.9975664023104087
-0.014767777619688841 -0.1815243006404511 0.9835812653126246
-0.26187744678235453 -0.30717712146472864 0.9158920753907165
-0.28928728514470525 -0.10742802995657046 0.9516894084675315
-0.17568275695965388 -0.14773704337379379 0.9733020364783664
-0.0863457734067431 -0.030161492160406873 0.9959234746744251
-0.30898925984544234 -0.3482145038421461 0.8861315084129137
-0.03085899123859228 -0.025244199004195354 0.9992824203711438
-0.13214433695647362 -0.06356506765323641 0.989428006525614
-0.016698733849219355 -0.30861462985434934 0.951560124812041
-0.22596388199052345 -0.3415819565854812 0.9128894826494909
-0.26950726511105894 -0.33984295383606755 0.9018760757200748
-0.20720752082972993 -0.17125944588462078 0.9637096970943935
-0.32938799695607973 -0.09217675392453589 0.9402546617721437
-0.05466121703730266 -0.029066427680058425 0.9980093246321484
-0.0120839706061198 -0.11615298183338964 0.9932370682646366
-0.28112573067757074 -0.09928465945743248 0.9551827657313843
-0.001826964272544004 -0.030801020064580395 0.9995608996723568
-0.3155888557075084 -0.3409973437093523 0.8867271847856801
-0.04089296691341609 -0.31652797742592786 0.9481821974956728
-0.010969734953272949 -0.020126109970476203 0.999778428976795
-0.062351859024363895 -0.03635296579580098 0.9971491689100216
-0.16903914662923814 -0.0030347749577727783 0.9857824436088842
-0.275837293130396 -0.01814442606532258 0.9615465320004531
-0.09026352177144671 -0.0030311809215792206 0.9960507455352847
-0.005237549065696339 -0.013168492141665322 0.9998902653492805
-0.1892013739206601 -0.0037934321531966153 0.9818105669214351
-0.1226589601235291 -0.23864926579363338 0.9639676371402178
-0.3005311276899184 -0.11907964704526591 0.9468604274342047
-0.1161078999032396 -0.2058604584386074 0.9720668766846942
-0.006674008435266717 -0.3321652186668796 0.94379490548647
-0.09173758319181943 -0.3926460345497243 0.9165166542694151
-0.023203439029854306 -0.06672502676010197 0.9975153614158742
-0.23227019841527127 -0.19287682075355625 0.9538712406040879
-0.2656946348812333 -0.005558085729926552 0.96387725669571
-0.03695648629047492 -0.08194490884441062 0.9958283649782486
-0.005399284374219993 -0.02218342422519601 0.9997693470550045
-0.0010408634668238408 -0.003560109039250013 0.9999944763675911
-0.03654208691873811 -0.011530239532364615 0.9993030801845233
-0.06237863456285503 -0.0025886869784327664 0.9981118151255538
-0.3307656213642698 0.0003702218298891987 0.9441140183391397
-0.028094582864121503 -0.19992632786245362 0.9796369126492077
-0.2893210496824345 -0.22641218274992886 0.9298511972506911
-0.0657021792795392 -0.009648715490880973 0.9978455337235013
-0.12445836570577729 -0.0023733811993460223 0.9923396214335983
-0.036481395542964645 -0.07535703416051831 0.9966581527604165
-0.12139475542206832 -0.0014043598890651713 0.9925862130439304
-0.0029796594489032427 -0.06979736961239143 0.9975430939917577
-0.33565483837866156 -0.0028213821597330513 0.9422580923652559
-0.18193687344448817 -0.10786689665421721 0.9778356980269396
-0.04767183468838696 -0.3204651243025118 0.9459852807200069
-0.35595687717771235 -0.23858850347503258 0.9045405288925734
-0.03862123186914812 -0.28604088141032885 0.9576251545433604
-0.3444064214148978 -0.09180610270195785 0.9342836100984675
0.009293090269060651 -0.29500661530433314 0.955646885768734
-0.012925009938590453 -0.0010118845792607461 0.9999297144873102
-0.061543960253392274 -0.24060490658127917 0.9689732064328515
-0.018216806688934183 -0.21374204763056126 0.9771001445159391
-0.1260364218168859 -0.006079958214254099 0.9922232636954182
-0.03558238267130501 -0.07100393829399995 0.9969479238043883
-0.25809470120428074 -0.2717168910614872 0.9267629849916754
-0.2866487767268522 -0.003410124903883312 0.9585559478859151
-0.25325446699270654 -0.14634953142068077 0.9569793130580414
-0.026428039613239182 -0.15022343821518197 0.9885519176066807
-0.1372302165016867 -0.021650348866105215 0.9899914939297064
-0.19609871579449986 -0.054911510493019795 0.9782662769158542
-0.061498155072707325 -0.03813357415588181 0.9974896971140922
-0.12998321663045037 -0.004802183509520032 0.9917289234154337
-0.2686448112247033 -0.08515827632071214 0.9600753636610164
-0.2005986607181021 -0.01704504649887953 0.9798311908227955
-0.19593166022049124 -0.03202930907014247 0.9804090441050533
-0.3153485699724252 -0.19324446919198202 0.9293424808579949
-0.06793697942722492 -0.09708886427139182 0.9932140208132202
-0.20695926953788965 -0.012276358320040358 0.9786443257756869
-0.3681954830335732 -0.004438043140714184 0.9303952791359801
-0.07515339411970386 -0.23829903489411441 0.9687429388549006
-0.26796446638822036 -0.12013288068036315 0.9561789635680108
-0.004693665185803917 -0.001565284701025206 0.9999966308022188
-0.10159798615709152 -0.20086929030248774 0.9747818613002527
-0.3049581518637641 -0.041086186096715466 0.952092006287326
-0.3298011858408735 -0.1253248295183664 0.9364021777839743
-0.0018279742766954133 -0.3779194664727874 0.9261856917110116
-0.10972345831027441 -0.011579056869474181 0.9940524613912347
-0.03521387904694699 -0.051488544771034636 0.998105828401229
-0.10595054326743512 -0.02777886960812654 0.9937851533305561
-0.2550375072295097 -0.012916586827549377 0.967216577019403
-0.050043674052558135 -0.3988804715762124 0.9166344629519692
-0.33031647945732084 -0.010410254334636012 0.9442484249392974
-0.0979721104601555 -0.10956048787231304 0.9894331344518413
-0.17102430832765322 -0.06951907527625589 0.9830537763707105
-0.20016859684140414 -0.22006421587936303 0.955481738761288
-0.1622606712899247 -0.019861131936005187 0.9866923540566258
-0.37158862446666435 -0.20878130404256356 0.9054909683847636
-0.06023609936932127 -0.012705729049166135 0.9982036938790833
-0.3120884887034146 -0.009661825632238542 0.9502469694181089
-0.18700956260419402 -0.04029093331595738 0.9818257106871793
-0.22274469997756144 -0.04562560542917958 0.9741474877585917
-0.0044569252900381 -0.33887433778986714 0.9412926281216214
-0.09162312864676683 -0.3432662998019767 0.9354798219699939
-0.027328677633637936 -0.04766803134770101 0.9984258406280689
-0.03862172009006976 -0.17607696154414232 0.9839814484402314
-0.024970959491367913 -0.027178582976794527 0.999302555970268
-0.03392602308640762 -0.018334990420618015 0.999233488231904
-0.24085467461887144 0.0036199633522610635 0.9709618506459469
-0.32813754123529976 -0.00010923911493871991 0.9449736188151298
0.000182882856518765 -0.08977752968658267 0.9961098457392219
-0.12372649889053336 -0.022974408501247597 0.9921324748770006
-0.37852702052641723 -0.12090143588415342 0.9185939396835133
-0.058689704739817695 -0.37636556088917483 0.9248882961269556
-0.024766986771737755 -0.06242494859393284 0.9978558807778782
-0.13685386696901922 -0.05101169443090165 0.9894257036649562
-0.021063581249329937 -0.030035226667724506 0.9993562998416627
-0.009464186788786294 -0.0765391212120158 0.9970076631061652
-0.08772827785742106 -0.27083549652835376 0.9587655398509272
-0.08470323580052667 -0.005809143656569935 0.9965342834803058
-0.3793451724094509 -0.3452454285365094 0.8600504067354651
-0.2205105451574119 -0.05400008389085379 0.974237780803445
-0.2041814056356613 -0.017682203681888567 0.9791355861112628
-0.13454549074080052 -0.07652857909116181 0.9882890595364222
-0.25716812482307233 -0.24454475595914843 0.9357116741700024
-0.3649561411432488 -0.23253378562148522 0.9023829580276618
-0.009052058378387524 -0.04155150205174378 0.9991311547401854
-0.04438662320205023 -0.10187589506426022 0.9937868926161877
-0.011415978722671595 -0.0034859075480658803 0.9999297898906855
-0.11901436572358354 -0.01563831494819095 0.9929816377597821
-0.0342464260612952 -0.3304072741429212 0.9435801056844383
-0.02024985477561714 -0.25388252146287904 0.967470843803806
-0.08625936013046578 -0.009443407377254662 0.9963792697640591
-0.14567115365067906 -0.3753511701148213 0.9163456764056326
-0.05898078371163949 -0.2765271396054807 0.9597495675776347
-0.026138381112157147 -0.04772455701549404 0.998588463375942
-0.0072147893604296316 -0.005801685016483198 0.9999489859662781
-0.04320989039528569 -0.002085928409656883 0.9991394560274601
-0.27809483051374523 -0.26585237509310605 0.9239655640810622
-0.013864748943566069 -0.1427749572009442 0.9893748596770172
-0.0045612979779834075 -0.08906653304527898 0.9961722126461628
-0.08254772313330488 -0.047217850594448864 0.9956510444068327
-0.16267223914123552 -0.002427512544991838 0.986928529170225
-0.1490227485924105 -0.07734009793721491 0.9858554015963338
-0.2593528434953348 -0.028089318684645252 0.9651679746928508
-0.0477852269724932 -0.27390007747731787 0.9610056599632487
