-0.026386045682130974 -0.0314472356150481 0.9990972344306596
-0.16252561471665844 -0.007109117057462042 0.9860559562167617
-0.0013465915143333156 -0.05312201977725348 0.9984048173377885
-0.009595656808043545 -0.2856324093641475 0.9570320975751115
-0.24194664048389072 -0.014942947143103286 0.9692007180219749
-0.08367917906857646 -0.051927453958376106 0.9949102138381543
-0.11776375172721223 -0.2637912766692371 0.9569129949122118
-0.3553375434850896 -0.005152067124492004 0.9343994776584318
-0.26429514039331753 -0.04222073081573927 0.9631505377479754
-0.001267652309105861 -0.006883840304546215 0.9999634470424293
-0.018918222278740477 -0.0077439648682988685 0.999662862877804
-0.16418773014665122 -0.12624978358786065 0.9769308215401437
-0.0261936406262964 -0.2028049746364287 0.9783182913113889
-0.0022909596841139755 -0.07613279230944764 0.9968135119225819
-0.19360786535312147 -0.21793218425471292 0.9519072555062993
-0.008414876700982624 -0.3140092930341304 0.9487394193152758
-0.008906932542550346 -0.13583020044646818 0.9902857663011282
-0.006895378636208525 -0.04874468057907071 0.9986091554922162
0.0003519039273983417 -0.08568995164891681 0.9960388206708884
-0.04894429425381846 -0.21626166996242777 0.9748550812534608
-0.1468916314245759 -0.10475660720782104 0.9831194107803547
-0.2804868712147328 -0.32435064291495763 0.9027359686669705
-0.012360461604007897 -0.004606872528063936 0.9998020887033248
-0.022458715833396946 -0.06333895100896215 0.9975643111089504
-0.041746928659981884 -0.14839620681169927 0.9874514379789827
-0.03541393199929736 -0.013016129903673552 0.9990455974871427
-0.2726376836431242 -0.1850090762996527 0.9436340263866871
-0.25777486843699066 -0.35153610107475236 0.8984489000667996
-0.06157158212352757 -0.3656697862734773 0.9280636108851096
-0.26824697608995623 -0.20572801685016487 0.9396277427421446
-0.0008564811456426336 -0.024370180743867778 0.9996332057446808
-0.007115156292806254 -0.0023482881922540387 0.9999563117454223
-0.020708266244333282 -0.009532486167228574 0.9996726054656478
-0.002923275369416745 -0.0011165302645430744 0.999989966599526
-0.016126583081149806 -0.26281206589397627 0.9642333237417362
-0.24789417929200994 -0.07523926874980373 0.9655370130083386
-0.14895053626511714 -0.004632500328744938 0.9883764573785705
-0.00606159137788751 -0.3192162673159989 0.9467980349867827
-0.06945258420509152 -0.05312931563636726 0.9954555975252505
-0.13760424601887836 -0.09353781734644478 0.9847004199991936
-0.0832188447602844 -0.27044546138039144 0.9578097279510125
-0.016839113738822097 -0.02583873749915035 0.999497284775788
-0.30409048311147885 -0.2886895136605458 0.9072750187227087
-0.12295337597775054 -0.018741167404939092 0.9915926965221407
-0.014265042965045317 -0.20300472992585852 0.9783610915442943
-0.09605054993570612 -0.2996663991498211 0.9487217803637603
-0.22754596714552158 -0.3246385675903632 0.9174822243988958
-0.09038783343039458 -0.13520582924515206 0.9849314712998839
-0.005334100685543897 -0.3742098420948742 0.9269448001399632
-0.19369130778815521 -0.3161150927000578 0.9279916891595368
-0.028029539359579084 -0.29506059842998106 0.9543585531794454
-0.002043124452043193 -0.3360418339894891 0.9412965221687827
-0.11703549568389399 -0.0699566739045676 0.9904846739779385
-0.0009097825501035317 -0.08417396580879388 0.9962131048023746
-0.2309490816390032 -0.062429045611485656 0.9695323308770093
-0.19276656612978954 -0.05583462469515455 0.9792526624848651
-0.24463667429739275 -0.0043633133118476525 0.9682297629964173
-0.16116743870513056 -0.058537452514405786 0.9839910261567356
-0.035245016218307425 -0.1896109898486853 0.9810446545218295
-0.07531954174875359 -0.000397576768375438 0.9970158265985863
-0.29013651476545277 -0.005110346543186568 0.956319257029972
-0.10662090268596566 -0.14032722072183623 0.9820360947485651
-0.14962361873277258 -0.1588267060222048 0.9755358515492979
-0.012097149421620434 -0.1961705218340012 0.9791129063579075
-0.34719387059274304 -0.1034843285709467 0.9316723311863112
-0.010659082075996073 -0.0969177520664337 0.9951230685962688
-0.004465107814147259 -0.024710197593615542 0.9996298759055992
-0.17293878485888442 -0.003967121495390866 0.9847068751041707
-0.013537480733915367 -0.02392392054120546 0.9994682566750213
-0.007697584003539088 -0.13567496192726602 0.9897059360057201
-0.04579682104987989 -0.08812164571030055 0.9938271961443611
-0.02273546323334596 -0.0031803221177282327 0.9997024664584115
-0.21570440082204337 -0.18500509871962922 0.9582815732433999
-0.25898859799167234 -0.1371150583080951 0.9547070718630729
-0.3055487604130697 -0.02541206786112003 0.9512207019833777
-0.25765657382736684 -0.006551528373760456 0.9658323669047553
-0.18923285899888687 -0.08311170023937592 0.9768133332211347
-0.06155240103024015 -0.06954224590041634 0.9955557933838028
-0.3420339869210879 -0.03965976141558115 0.937266076132883
-0.19327239431944743 -0.020296932324171527 0.9803489534816868
-0.20555422432793582 -0.2269021329260666 0.9513612498245744
-0.11489678628534988 -0.04163352936982948 0.9923353151042086
-0.14770703633897042 -0.28569058537895986 0.9444999399568405
-0.22377733652511905 -0.3067385525932702 0.921863599058488
-0.0008030215419226453 -0.0032770691568254355 0.9999870352762976
-0.10673576745352213 -0.011194829961558997 0.9939986579056023
-0.022699708146104246 -0.22495284512530983 0.9738450679465651
-0.06751541883951366 -0.0025456354947549628 0.9975996992648641
-0.039159036038594205 -0.3689931260228894 0.9266434472485593
-0.00909960088324145 -0.06156787789563494 0.9979597931166971
-0.005914857499436779 -0.291767461990946 0.9556103320493151
-0.36531679241190196 -0.3460275671334179 0.862958002784734
-0.007354845308067012 -0.13411541406480557 0.9903016904655995
-0.2631647409858028 -0.27663427541417424 0.9233646227373355
-0.028982502001557747 -0.2680643517504417 0.9609084368500971
-0.1032395364318534 -0.38229493417692123 0.9175703760188153
-0.32829376378334946 -0.0806469083488273 0.9404931065972838
-0.10209249560999072 -0.004302334172513972 0.9944457458764009
-0.08992685044154705 -0.1516260823672676 0.9836363881372602
-0.005925313829911548 -0.09505502845417639 0.9951409974046614
-0.011395164135732452 -0.021935696426030764 0.999648571052515
-0.26027086050958864 -0.04513653363634558 0.9637837674860044
-0.07648895357665282 -0.28366096160355536 0.9554910880065804
-0.14427806327445875 -0.2590462788980333 0.953476995233323
-0.1430458298008749 -0.1714091741787105 0.9726208627722384
-0.12666129346919733 -0.2936702360573921 0.9464038405794947
-0.2880867807209938 -0.19752487815272635 0.9363375680297561
-0.3369216135711593 -0.17230564077217264 0.925011534468767
-0.05712949216908191 -0.019975254731301604 0.9976642922253385
-0.06542649764410718 -0.006165516191305899 0.9977363851581514
-0.37304305911435187 -0.01333765025532772 0.9272168290764027
-0.025559659520974106 -0.3723686904819376 0.92720465044398
-0.016406602013911257 -0.194959629605217 0.9803680904673716
-0.010863792944363822 -0.06324304149565614 0.9977157249480821
-0.05060193787836898 -0.3094022136639902 0.9485449090569723
-0.052995263079112676 -0.10943515501991752 0.9920539349566048
-0.003209749419181679 -0.16130404272252535 0.9864882510114342
-0.13196310789344723 -0.2320201442719663 0.9629154405634506
-0.00603049359476311 -0.05011953709946348 0.9984552123010303
-0.003240999889644709 -0.11478987127807712 0.9930261736631807
-0.17803359249419237 -0.3482519938954966 0.9171373633430445
-0.09564660126431718 -0.06999812895894895 0.9918469859815242
-0.07159839062391468 -0.10765211997422963 0.9908368188541467
-0.00857571896935906 -0.08738481875258745 0.9958784324476746
-0.09261254009571065 -0.03535703456222079 0.9946601962418307
-0.14380140168728753 -0.08198501676536406 0.9858397092492147
-0.1517926264612834 -0.029593249464787655 0.9877290686151265
-0.022315984952808607 -0.16001675573422594 0.986629429140314
-0.005291900618048134 -0.009557244705065155 0.999824897785952
-0.05068691751974462 -0.1362617906319886 0.9891107273478458
-0.002166779179379946 -0.02998112527932238 0.9994653198327897
-0.06412149991436353 -0.01935876238491514 0.9974748056195827
-0.0041686658546716895 -0.010666373858636745 0.9999211401953314
0.0022377217132773233 -0.1405080815064994 0.9892476061693092
-0.03941779636217127 -0.3014228826543569 0.9521021066892175
-0.019082658702011833 -0.11577933545502642 0.9920761739752239
-0.18275873767191467 -0.03849592534988222 0.9821560576280749
-0.13837760718245617 -0.2290841259102613 0.9630869637134283
-0.23576360730379226 -0.09834810921696323 0.9658433893704857
-0.07526593111872192 -0.01044000775310654 0.9964560095916283
-0.1328304252278049 -0.051650901246029376 0.9892380736436915
-0.2548962031917627 -0.1737963202006364 0.9506705882895827
-0.25106941277995415 -0.20853881359032697 0.9447140866473543
-0.22797123674421207 -0.28457808444354543 0.9304221122825928
-0.022605985582753178 -0.053809764433802004 0.9976938786528585
-0.2663439180691774 -0.295723898501138 0.9168237727481352
-0.12171263392269262 -0.00854552935672117 0.9923629102800579
-0.2802252992634621 -0.2361032871640519 0.9297931514862471
-0.20096924207851377 -0.14978331920342772 0.9649122079927588
-0.07072840083710384 -0.32080822538476517 0.9437793575900797
-0.05461445274583783 -0.04386418872173879 0.9974400751434848
-0.19628592435994116 -0.2564701579712848 0.944072630193831
-0.06300752065996587 -0.09629300391148614 0.9931682118161255
-0.3787710353353738 -0.055739431286054526 0.9230601389300869
-0.37375524502766316 -0.014288059628787776 0.9262175779493113
-0.3504721359036287 -0.10637817255810633 0.9247575614955819
-0.034067905304729466 -0.25853754740717866 0.9650917800805139
-0.06238352654353881 -0.25742907279955035 0.963698583243776
-0.15674246902741878 -0.06515360951284638 0.9849475679201628
-0.15311115097401257 -0.025285536630127614 0.9869192491828529
-0.2707961627462243 -0.00837750854728044 0.9609278178840618
-0.16719151467428695 -0.07856246916520349 0.9803421202755346
-0.0026819491537123223 -0.21961534904707583 0.9752506149473272
-0.060205861574419414 -0.04874079539032818 0.9965646859361671
-0.14101756086944556 -0.2643304261264531 0.9536176153658766
-0.17431745580496488 -0.0029977318571742296 0.984309035571651
-0.3004448514314465 -0.058612361351461494 0.951390881753191
-0.23551385888628368 -0.01627327302582502 0.9710072791697191
-0.015601479055264487 -0.1270947201295636 0.9910979615023251
-0.05662337555173587 -0.005307689331700044 0.9980817480539681
-0.145391376166015 -0.14941422691625866 0.9772470304534755
-0.13672206234063689 -0.1650053537261587 0.975283040417057
-0.02576229101833178 -0.11299833217665833 0.9927746857734802
-0.04087592294131185 -0.006305610277736565 0.9991063181982347
-0.14002284430606002 -0.0009518537429750725 0.9898221086726573
-0.0798486693212165 -0.3564445229491963 0.9279489256275095
-0.0010708858033204507 -0.3695196182957738 0.9278183489346278
-0.045297538241358425 -0.3903063260756457 0.9190464589802277
-0.2759128393939628 -0.1414130557048162 0.9487986771829283
-0.29315457091983804 -0.3615762815198306 0.8843194063122726
-0.2331654511824009 -0.13980460552199622 0.9619858721121008
-0.32544693725898644 -0.3529349719729128 0.8765904727855858
-0.08757202202455347 -0.24835054980146334 0.9643956579478825
-0.10818138172083062 -0.1522246057231063 0.9821261018330195
-0.2068317193480149 -0.08275863092568723 0.9745848896210162
-0.3757145740523839 -0.10861580203867263 0.9197608716903071
-0.36603388407572945 -0.15616964596240346 0.9167780658749736
-0.01713081302865238 -0.38930928867394055 0.9203831707134801
-0.28852662019378017 -0.0886758823064755 0.9530240408846095
-0.1537875276865758 -0.11482339108931128 0.980111513801353
-0.018700827133569693 -0.3178034248179678 0.9467733447799581
-0.0034313484103294344 -0.34873248970486725 0.9366043861524338
-0.1132454644513467 -0.14571417712845425 0.9825101819748103
-0.1172986414117912 -0.09836929791503783 0.9880230303708692
-0.09606011805369133 -0.20845092155807324 0.9719086910157823
-0.026080367529318697 -0.31826816740632 0.9473078348137736
-0.022738787555682864 -0.21700468704211998 0.9751871887734589
-0.00021772203407158057 -0.09230165753880883 0.9956184535739703
-0.0018925026043601924 -0.148787158453314 0.988377996705732
-0.3356262964602651 -0.19799483629627943 0.9176974711235686
-0.011791840393294518 -0.08752507476760484 0.9957616926944226
-0.11245373465515748 -0.36977556707683196 0.9180573023788655
-0.15506335662871887 -0.011692202636359629 0.9875037599501656
-0.0627472899366873 -0.2890008987518429 0.9538491780935809
-0.23162881543009056 -0.019018349929528486 0.9714707394792623
-0.11955632335653349 -0.02259377901755314 0.992319750958191
-0.002979811957340429 -0.2152651092399337 0.9742636793741791
-0.2652857045750577 -0.030070739673071244 0.9620572073081431
-0.03479368200867932 -0.16245978591729424 0.9844068060653726
-0.15483649681467673 -0.0039922488853862195 0.9874196397056141
-0.0787054587605769 -0.08769310954306377 0.9928586879788073
-0.30856313885665937 -0.005867340592228252 0.9504771642996093
-0.0567001563733546 -0.1487905155629351 0.9864192298559774
-0.36532125272636395 -0.18784178988292022 0.9110324422560808
-0.04070961089669542 -0.1186733555162019 0.9919766339117183
-0.23961164156515916 -0.2322034025567822 0.9384011077759776
-0.17422479888827622 -0.24575718413987885 0.9529962176329173
-0.21939678725324582 -0.015633306272913195 0.9753262359483491
-0.27534981440594747 -0.26007533186350157 0.9249077791682151
-0.21619763521083216 -0.05295121557160138 0.9746399232980937
-0.22397808402590577 -0.03025319517336827 0.9736570856095271
-0.002985997131630585 -0.009847473123820937 0.9998949411645272
-0.2393742314118127 -0.24896112247274857 0.9378110932350252
-0.08536691757776754 -0.08132534927298178 0.992732212282676
-0.059517071046911674 -0.016821204086347342 0.9980018034412375
-0.039173630438618316 -0.008747917520919267 0.999115337844084
-0.254233233568191 -0.1084078449296458 0.9605899725258292
-0.14275069740150154 -0.3686298283925752 0.9180387703521655
-0.0372732127116443 -0.08534117490873484 0.995529824882936
-0.16490640271821094 -0.19432648631652122 0.9664938248191252
-0.11714803691441222 -0.3129178010071077 0.940907204883405
-0.03508314134585268 -0.05479174394726278 0.9978020404000998
-0.030253193333521868 -0.052178251505611915 0.9979303734270305
-0.3319427458711313 0.0033590158989687726 0.9425714445568045
-0.24991595303470537 -0.0015212528958836729 0.9676729046982258
0.0017740070934379308 -0.29612055492424777 0.9546974588001389
-0.001903878113908662 -0.027136594803924795 0.9994828343420361
-0.17571846709844519 -0.2161628414623711 0.9583612478904354
-0.16451572552191415 -0.33154888779499225 0.9285263435333598
-0.004458264419866486 -0.19593526900421576 0.9798288825233511
-0.04310746371878245 -0.28412054532083475 0.9574093483637419
-0.0035586189455002887 -0.042961105590267584 0.9989189111641973
-0.0061660601051494145 -0.23665736402766227 0.970914438038106
-0.051593873808207694 -0.07284042071725287 0.9954350732273621
-0.1824397663206111 -0.36347841491942573 0.9126264857470945
-0.3828199025616331 -0.05450641337680148 0.9217351022952776
-0.009238264295282527 -0.004582202688992421 0.9999336602632397
-0.0010965708448293556 -0.18424690842138503 0.9825605015864259
-0.005543578714633321 -0.2688143699807958 0.9627009015474817
-0.04913782511254588 -0.0014660789863604363 0.9985966451701979
-0.07835500667242738 -0.28121441530707453 0.9542260422783262
-0.21535853612464406 -0.25461515235666987 0.9397955595302164
-0.06165290727256415 -0.13850377558796995 0.9882090260952155
-0.0023548504762518165 -0.06773228188322068 0.9975750596695168
-0.31631884711511793 -0.12335761131105562 0.9390913792616298
-0.30632133467985906 -0.058950151853436744 0.9488922620995291
-0.3014723525872584 -0.00663032580321514 0.952860739722436
-0.1976249297964691 -0.252861341022506 0.9466654882517074
-0.26305896084139396 -0.239707003833484 0.9337802360932285
-0.06137367453548277 -0.001585088827813104 0.9978661123356314
-0.3714540200161445 -0.003388286727563604 0.9278514786427356
-0.21774710401695133 -0.13779649533683502 0.9642691067452258
-0.10255025083258575 -0.0017132590576086132 0.9944933776987911
-0.3777990653625113 -0.25421120019128346 0.8895676692596467
-0.32489252544523667 -0.1386593072693381 0.9349274422189569
-0.08944089576282353 -0.355395005663259 0.9294868709426027
-0.0591989997224509 -0.02129350205547682 0.9979395805884389
-0.2468414845374284 -0.09946621002805496 0.9624030552450458
-0.20800196438259522 -0.36817219271483886 0.9056577009174763
-0.007160688259693652 -0.12977541001824072 0.9913438627553867
-0.044622358621279765 -0.04284307689035005 0.9977299984234071
-0.1092123392493388 -0.031186735180106357 0.9920728438165125
-0.27471524109165557 -0.13907675082045035 0.9508582945637074
-0.048312117587996674 -0.18295082236152402 0.9806546431231579
-0.04146678670816855 -0.14949015237781452 0.9876409711900622
-0.02883807156187719 -0.0026295905691736373 0.9994419511248174
-0.1932900553035255 -0.03164663769630547 0.9792137879930588
-0.006205638249452987 -0.015353122991868192 0.9998295699355725
-0.119788487864074 -0.026197462432165145 0.991833942925592
-0.1921287775721121 -0.12381711104850683 0.9731703211641416
-0.050223205302944045 -0.34527062922994617 0.9362065365333658
-0.3702947651556091 -0.30402455615171325 0.876750931947099
-0.02846240090662812 -0.08863485030382294 0.9950741847067336
-0.013057611347495427 -0.03815829653581214 0.9990230133708581
-0.048936621509302176 -0.22950881584026467 0.9695346817080723
-0.16584996028416735 -0.28747386379743134 0.9424282554094112
-0.062356962992257084 -0.17464179801387442 0.9823960464005081
-0.11176502544718638 -0.21851846934922475 0.9691124491999399
-0.34159768256433354 -0.01600371375912156 0.9389033400006239
-0.03351154462509362 -0.28427041975722817 0.957192504643437
-0.02511829226410515 -0.11520935078803865 0.9928805747883839
-0.011288626781827975 -0.0008861383702854998 0.9999074764433308
-0.3366749305070807 -0.010019974994539379 0.9410038407044267
-0.02892765215670818 -0.010174822407892059 0.9994666409784265
-0.11290200748718432 -0.003271844207618663 0.9933264673988105
-0.2984864696586855 -0.10929479273240113 0.9477588457719988
-0.25578098165005725 -0.1161570105803349 0.9593208526484402
-0.1298130381059706 -0.18632091517026006 0.973467255955626
-0.26776657928675757 -0.048072449074307286 0.9612422002228768
-0.025089139054439935 -0.07741768799352815 0.9965848415929252
-0.11917872597300064 -0.3383846548463475 0.9327721591346164
-0.3627788841486534 -0.0029445499957180456 0.9305265759273775
-0.001427915758744204 -0.001978276574114933 0.9999910238951514
-0.05906904051202456 -0.03802091482358002 0.9974230249785123
-0.27320450376469757 -0.06674574849517505 0.9583638623821199
-0.27005627877942723 -0.030695434700899756 0.9607419999775774
-0.00010323086188211144 -0.014873938577688161 0.9998729177922004
-0.006682834254300666 -0.28582890776024034 0.9571507424379073
-0.1846524085634832 -0.008027491332814073 0.9822320311203496
-0.30674014457137194 -0.02836703587550511 0.9507446322461578
-0.07910082066396014 -0.15322110694659885 0.9848348313166624
-0.024559175616595413 -0.0017757093723186242 0.9995709182770888
-0.0021758278528787567 -0.051914417916171116 0.9985168779697512
-0.07433699257628504 -0.21252585004341862 0.9740856848608488
-0.21509593559828086 -0.00481479234608664 0.9761763221015357
-0.3629869645081527 -0.03668675460686542 0.9306449303931754
-0.14532521699198325 -0.054625085320285996 0.9876801531652929
-0.17238298419623632 -0.02846351796230967 0.9841420686322798
-0.034062185232604486 -0.02830420076241085 0.998417906291688
-0.04937869472595467 -0.29692252517005696 0.9529173226678829
-0.003118823865904343 -0.21563021067930646 0.9752123438747361
-0.06564071472181893 -0.19861708700920552 0.9758069765644853
-0.0930273509086462 -0.0941192808434221 0.9900363308075384
-0.013308509658303611 -0.3025922136154868 0.9523148615775856
-0.11107221440231202 -0.047148123683721614 0.9923825286331281
-0.009946146628222952 -0.3390746813592519 0.940162672067876
-0.34635687059678777 -0.27332352972435087 0.8967806655685162
-0.05112474751375105 -0.23891695224013562 0.9685091372498631
-0.0938869629114929 -0.1743595117256921 0.9799708702241393
-0.02334507172207926 -0.04798496445929072 0.9984957396242746
-0.31287371661097124 -0.25095130316777786 0.9154296935910349
-0.09793886980402465 -0.3076994859751185 0.9459680036978465
-0.2991637308927313 -0.15831202848556503 0.9403739277524509
-0.23033357472196966 -0.16354423353454975 0.9561410505423134
-0.12390389910515157 -0.003935457891350636 0.9918752395535595
-0.08878581917876135 -0.011524067091721834 0.9958814894593578
-0.1836899819185524 -0.15646434395472802 0.9701183493471414
-0.0009124393226887762 -0.3771190149831927 0.925560874900898
-0.2235495856118291 -0.11072931062908303 0.9680209879979227
-0.0075010785721055335 -0.03729220804787568 0.9991894934647252
-0.256142046610823 -0.366387472202947 0.8937472966277528
-0.3396477645377079 -0.05826596723872882 0.9383334536974985
-0.18909240745844624 -0.017363758263028536 0.9801897794629784
-0.1870966057740928 -0.04033391207423247 0.9806916977493837
-0.034140641517068505 -0.024758943764318846 0.9990265260921899
-0.08485448757376464 -0.011566648615656108 0.9958673491250023
-0.007680186804582887 -0.16378264314766222 0.9862527744762931
-0.19691007305480843 -0.2619513266432042 0.9439220167988895
-0.2898194851504954 -0.022141253155805566 0.9562387688769092
-0.17448336214952356 -0.06708886010912832 0.9821879410347443
-0.283909603430444 -0.024733644853792237 0.9582258769271782
-0.035634631833218564 -0.0023113020346900116 0.999188609499456
-0.32709827283722054 -0.3267518623381701 0.8860702776807488
-0.010046496528549049 -0.22940961176274877 0.9730484125848946
-0.11724511314739937 -0.22229831959261515 0.9659600514967354
-0.00045342047375514043 -0.28666705364799566 0.957642968112555
-0.03403155621848088 -0.021165381914825913 0.9989359835819837
-0.13655197040757733 -0.2992303803782715 0.9439425257823877
-0.1199957075513756 -0.24287519438231317 0.961219036205243
-0.1818988454499706 -0.004582138847576358 0.9825847523015846
-0.011877230515648771 -0.015577740910528722 0.9997285421910733
-0.30970860132806094 -0.00313993021135921 0.9504584465411209
-0.09224000471742136 -0.1174260734704496 0.9886166988792943
-0.16873974346543907 -0.0029990965187861964 0.9846931145768496
-0.06758450524989253 -0.211145468887014 0.9747144562883816
-0.367420211814218 -0.09080502658349038 0.9250747813359521
-0.09852970972216851 -0.0644948247806695 0.9923492759698216
-0.015431121461263643 -0.2824659703181391 0.9582924167500678
-0.2673089015729994 -0.008147516391122078 0.9628337660064455
-0.309794737374319 -0.03348758325330595 0.9497283217679766
-0.2371827502553574 -0.05121105553792302 0.9692475816583912
-0.0028068646393133593 -0.188339634774253 0.9818498138356947
-0.003064222560149894 -0.2527099323619067 0.9672067385238716
-0.017691116700468523 -0.1683074512104067 0.9851564160490192
-0.08498692172426572 -0.03184181588190267 0.9957682668982448
-0.17911322444132952 -0.16045998541855153 0.9702875045072508
-0.10589648708305706 -0.00493044554417716 0.9938510581477304
-0.32374228355764706 -0.21511356620043348 0.9208590134824101
-0.2642972847105547 -0.002120755825135646 0.962792812725313
-0.004071515950888118 -0.1256399821207197 0.9918220436245181
-0.021190035372384543 -0.250335182618973 0.9674018656859753
-0.35665686170505917 -0.23743933904065445 0.9029605815083993
-0.26165948133830763 -0.07905358161975666 0.9602319975122557
-0.0027391511927563387 -0.22801554707899274 0.9731959921998324
-0.2885525369025196 -0.2126001686907641 0.9281729383386487
-0.21313055157106495 0.0021251732634376833 0.9766013174018807
-0.18725393959955214 -0.10003922338950118 0.9769063060433207
-0.013217740684567825 -0.006176284007819079 0.9998762865088121
-0.03851424598761214 -0.08646216874438321 0.9953807909554008
-0.15144188591498542 -0.12238681501467615 0.9804750674903068
-0.31948263574729574 -0.026818166315576167 0.9463226210863044
