-0.018272262242182834 -0.03412428154531647 0.999228192299586
-0.1639979414802034 -0.006953005316685469 0.9862063508579529
-0.2232407862828081 -0.02349155947336 0.9743147088228676
-0.08620579072231957 -0.05159368611760108 0.9949090840257008
-0.27118977559282886 -0.039517477085308964 0.9616275154061252
-0.0026649916852224753 -0.00907679140841306 0.9999403266356002
-0.181892455916331 -0.11003930009971118 0.9770807888171493
-0.029535020425296158 -0.2003800503523106 0.9790939083898289
-0.1877660612017037 -0.2158780692710385 0.9563841319506299
-0.016596862486068245 -0.30553387089427486 0.9519891763420342
-0.009778627880985808 -0.1377251736479508 0.9903053738580387
-0.13783139656384877 -0.09441608855579693 0.9857799341347565
-0.26254195348280285 -0.17429715815002342 0.9489251619422028
-0.2536097630273555 -0.3503638856229552 0.9008890782819501
-0.018238437615498856 -0.009907165526170427 0.9997308358263924
-0.0034035361114372617 -0.00040023757245027225 0.9999867087077157
-0.020984779465486058 -0.2613047609879116 0.9649701285040455
-0.16590289173843756 -0.0044894643045508345 0.9859729480001087
-0.004853594949935721 -0.32202655656903756 0.9463316435494131
-0.10916808220651714 -0.2613102648761649 0.9589479525014502
-0.011342136802989646 -0.20878834780385627 0.9773514433579286
-0.08440142578586966 -0.13820948632134467 0.985894500045879
-0.029887555776200763 -0.2816899935924999 0.9587479763000228
-0.0034628752738968854 -0.3325869621842783 0.9427957696101404
-0.11276062290177565 -0.06956870575948867 0.9911246899712499
-0.19629300153751358 -0.06420076404105947 0.9783354131395937
-0.20738917280523994 -0.004144707624601322 0.9776069187945772
-0.041089854459119994 -0.18646212316433733 0.9815914976219978
-0.003921309810647702 -0.025635248903087316 0.9996635751839879
-0.1736098953773325 -0.0028112244598852225 0.9847776735059305
-0.022384597200358174 -0.0036759163734312833 0.9997214550781449
-0.3098519219793195 -0.018975164817767363 0.9504696835389971
-0.25745700306995295 -0.0038913055078815665 0.96615252466818
-0.18827203884865754 -0.08333224190272176 0.9781537962860961
-0.371177037157844 -0.039256583768194124 0.9273721699379275
-0.11623503167871192 -0.04066177045349114 0.9923057946667793
-0.16508633819762766 -0.275477799251165 0.946165966943548
-0.18902940575236726 -0.2945387372495832 0.9359779608140647
-0.00034517926762931404 -0.0033427984252919086 0.9999861248934481
-0.02231745765073705 -0.22868241667201616 0.9732444598783822
-0.06548106010920389 -0.004370854032732439 0.9977247098851331
-0.3671282540395728 -0.35859539975043775 0.8572082384022344
-0.008102876807706674 -0.11943633085063048 0.9925619294236004
-0.27475131224374927 -0.2719582310701294 0.9219102358914358
-0.3486548679420994 -0.09545542551976867 0.9322939535316351
-0.08410360925435094 -0.15201571152225718 0.9838447431433632
-0.301786452331453 -0.20204026628106955 0.9316999505574822
-0.3578070412387452 -0.17372919528914582 0.9174763896644696
-0.07014836936524585 -0.009525298373157123 0.9974905942744049
-0.37233223459632825 -0.018550405286513038 0.9275120374576304
-0.045937350586849446 -0.3245162960316871 0.9443043338434856
-0.05115507300901356 -0.11555503768231414 0.9917161014690359
-0.003705976471085103 -0.1640323336937499 0.9862420698600709
-0.12257859083681998 -0.2193633121248332 0.9673130773097988
-0.00872270925674994 -0.04651193273438482 0.998655401999274
-0.1571367942446752 -0.35751029477800383 0.9192245082294453
-0.00865240167678728 -0.0971510567910758 0.9950893807966944
-0.09409932041091178 -0.0292586234418362 0.9950467589398876
-0.14632472431597718 -0.0945907236153054 0.9846667412154901
-0.1541570508910402 -0.028280206356804234 0.9874869188690154
-0.020981950437034397 -0.15810786052736592 0.9871959841496006
-0.0023061163850633423 -0.02740549495541478 0.9995881994157515
-0.0046714197480339816 -0.008918440403223886 0.9999478125174811
-0.0017202688676470398 -0.12860126079769424 0.9914043044163375
-0.03533857200981583 -0.30248767545968297 0.9524534359833431
-0.014848574684389262 -0.12142264172590318 0.9924053008310303
-0.18063191521500926 -0.0450952689297032 0.9824854879809004
-0.13795337860049534 -0.24950475285340223 0.9583900961572612
-0.2522082783652334 -0.10282832718575903 0.9616435471108149
-0.12820403606372166 -0.046484633819060886 0.9905593911365432
-0.25529383850545384 -0.17700433115095207 0.9503711212534842
-0.2622706307509862 -0.20229682892644682 0.9435289448596824
-0.22870572544496012 -0.29475603510493853 0.9277961869373093
-0.27639573329084643 -0.3095394382857145 0.9094750298075969
-0.12857255276354235 -0.012020806385136052 0.9916147375948811
-0.06403510717170623 -0.35093883104445883 0.9341479245542967
-0.04940665340961283 -0.04290495577369942 0.9978049146132419
-0.208622649261323 -0.23021753675307796 0.9493156391464367
-0.060828739830093535 -0.10224574859657498 0.9928569535054022
-0.3831365292292208 -0.053314110222358345 0.9214294051210861
-0.3684829432379203 -0.012310358934423109 0.9294934830756163
-0.03143755052446287 -0.26833053148386693 0.9627761151879181
-0.1636093637793091 -0.021935562313344786 0.9856406847281253
-0.29224773586445213 -0.015663528949230367 0.9560470995201433
-0.1651553656800424 -0.08264657459331923 0.9818528858606903
-0.1739236167977694 -0.002281075348756766 0.9847560766111795
-0.14239195003219407 -0.1606658344479146 0.9764123759044427
-0.06386461052896904 -0.3400711276343442 0.9367900064095243
-0.0020409727042384473 -0.39356891457926035 0.9188472362122455
-0.03967438846319822 -0.3920815218539758 0.9184652256902706
-0.2831869498016687 -0.3793076745565363 0.8806649927221737
-0.32996236685864144 -0.3435360434400529 0.8791439663297896
-0.09848671654238018 -0.14640159663188868 0.9842258444979839
-0.011495416263093909 -0.39165658051522023 0.9198630007649778
-0.15193383240937489 -0.10982169756771619 0.9817401362985007
-0.11863091565733097 -0.0991690182058956 0.9879076312845382
-0.019365447072153038 -0.23095090228011098 0.9724623643291119
-0.13743841736120885 -0.36786056448740667 0.9176255513575586
-0.12925100115511523 -0.023239807320973988 0.9913376755670423
-0.0007310607670914098 -0.2101908956562 0.9774193849246068
-0.02931596856008426 -0.15244734435728835 0.9876546241553911
-0.07305647606764679 -0.08819149480209379 0.993417866045522
-0.28487611981671507 -0.006652922996478423 0.9582305844268824
-0.061266806627897075 -0.1587233257054971 0.9852642600682497
-0.3658673332440366 -0.19245542126423965 0.9105444531960895
-0.25396522237525254 -0.22324211756360876 0.9398777837590184
-0.21629468856972503 -0.017216396260496925 0.9761282257439277
-0.2273466553974873 -0.06144394755649379 0.9718487776492009
-0.22411938308118343 -0.023309452979031378 0.9742631756392219
-0.26362116509318834 -0.2584100496233325 0.929347192955923
-0.08451995344914634 -0.08051483659520989 0.9929891924150532
-0.23211247658934023 -0.09277192585178791 0.9680756702791277
-0.03727828991281233 -0.07436127858470451 0.9964131487376422
-0.11556661597768182 -0.32663211092882355 0.9368397859792396
-0.03767808603615491 -0.059332253753538906 0.9974942311485526
-0.02756321437409772 -0.04979469076815826 0.9982330314459299
0.0016994843570946375 -0.020762667061783997 0.9997707665315836
-0.18680214764197517 -0.23697367909354827 0.9514720550577328
-0.00285322662176975 -0.20728986572390976 0.9781661950689365
-0.006955741024814538 -0.2532580265732843 0.9669362915353447
-0.04758638461066977 -0.07301509700619588 0.9957873122015696
-0.18451678993948384 -0.3835959277649375 0.9043626482100398
-0.009015860028925174 -0.004887477317554611 0.9999234468153475
-0.013714518251573542 -0.2802795735759115 0.9596380562706566
-0.07385683063506793 -0.28603766782100415 0.9539802356617664
-0.20294081469089748 -0.27486439842522725 0.938727030444275
-0.0029850376318388827 -0.06906140671628395 0.9976071947318993
-0.303147699780764 0.0017357968631751917 0.9529122726800253
-0.2393539431212189 -0.23931910111877983 0.9404614592046823
-0.23531680518376885 -0.12396967384590629 0.9634589597739925
-0.06071934727425471 -0.017987880109808303 0.9979669581156926
-0.2108452175686842 -0.38473016352959244 0.898378639092708
-0.0077842128092770356 -0.13400985040406488 0.9909401497484588
-0.04648063444667289 -0.04019516907163446 0.997844067080204
-0.2605022568994426 -0.14137214446568433 0.9548309578758541
-0.032230717892403934 -0.0012426962797939232 0.9993564639428106
-0.0055479340231268486 -0.014632918550809329 0.9998696201981335
-0.02147505378041083 -0.08737692184961578 0.995713576791758
-0.06437831943859332 -0.222016671279965 0.97205094140454
-0.16198825964962252 -0.2952844151047629 0.9415768319615047
-0.029580516270578755 -0.12271971051470973 0.9920004375481709
-0.3382912400504382 -0.011275356699465973 0.9407175734156921
-0.2568486465811052 -0.12058618389862226 0.9588840210139441
-0.2705947893531432 -0.04747477668808528 0.960732341043831
-0.02408279063525737 -0.07586433176128071 0.9967652509181346
-0.12655385212590686 -0.34321173322737053 0.9306932050520581
-0.36677721916878264 -0.003123726420800609 0.9292262286551708
-0.06523369792325798 -0.0405976481603309 0.9969699515277077
-0.2883031064805089 -0.06423611411433557 0.9533433856668142
-0.20843157902489273 -0.0041837247209438756 0.9778681823957026
-0.31207483397644953 -0.011227049467601303 0.9498640188525133
-0.06914909137687775 -0.1538322556066442 0.9855945295078122
-0.07639429847050966 -0.21542764985429 0.9734966613136173
-0.14425664907230115 -0.05737311343777402 0.9878728918972646
-0.18088193320336884 -0.022686800541033107 0.9831898377044194
-0.03952653218705517 -0.03249130212764742 0.9983672569220208
-7.289776610650478e-05 -0.21225888761415637 0.9765605661410595
-0.09151035605280236 -0.09469718392203678 0.9904723933136869
-0.01799924077339916 -0.3088256399345926 0.9503584760802599
-0.006303889154667157 -0.3392888367044072 0.9405089291234026
-0.3564506408766659 -0.25934060517796625 0.8975885158459971
-0.0990590259286814 -0.17623483257387995 0.979335822156994
-0.026433724051008776 -0.0483877677818813 0.9984580467187191
-0.3033840536852165 -0.249854946124564 0.9191318988571215
-0.18115655097713884 -0.15695260630813815 0.9708182071188818
-0.23204485487716953 -0.12771783879041437 0.9641655727787677
-0.010025592019741467 -0.045599867367246624 0.9989060522111425
-0.17664047319297735 -0.020355794542267 0.9833302676381126
-0.20098037345852324 -0.03554053727734068 0.9787945775500424
-0.19237000380995034 -0.2574160395890968 0.94695869804007
-0.28632508058700384 -0.022362329702560038 0.9578089279226848
-0.1837999095569651 -0.0703358335995213 0.9804205469183646
-0.3309588030036846 -0.331043047831055 0.8836558547780676
-0.012144267664584001 -0.23023894429374767 0.9730493583499108
-0.1309990794591416 -0.21446440727784108 0.9673000554426245
-0.1517204265462958 -0.3186021957752032 0.9354131317041322
-0.014684712731304042 -0.018519231198679726 0.9996969659180366
-0.31131474774900525 -0.0023554381918194176 0.9501310400975579
-0.09824235366694319 -0.11727848410179299 0.988164682565881
-0.17334440472216936 0.002607759405837003 0.984810554145866
-0.09434740870042226 -0.0664475616925212 0.9929777531033345
-0.019355340387903812 -0.26821393786113923 0.9627445849960774
-0.2807570531490492 -0.004233466169719992 0.9593839135860527
-0.006344406749892221 -0.19731546370809216 0.9802264725956595
-0.016637943895949386 -0.17968532194566594 0.9834289179708819
-0.1723621046173632 -0.15097948641975775 0.9732072249625424
-0.3283757384686034 -0.22789807800667652 0.9166261454125341
-0.256264023125964 -0.00112274105257091 0.9655235638173444
-0.0008016584739884956 -0.1324467495713926 0.9911891142777769
-0.34944648170328796 -0.24824119753958157 0.9033498416013002
-0.2701739073737758 -0.07704891092633914 0.9585158505071829
-0.0005650748547565849 -0.23160593268424612 0.9724824447636589
-0.21800331313043195 -0.0009648551668370594 0.9758898703871359
-0.16148328830761954 -0.11929813092989092 0.9792758740604616
-0.05163352874998761 -0.37520637601572904 0.924938109427324
-0.32787908088711276 -0.2029330518343166 0.9216198629852614
-0.28604489472325356 -0.2450009354142804 0.9257549035324719
-0.3295548795116436 -0.24573648619049854 0.9109548218449997
-0.01770957593866752 -0.3972465098851604 0.9173794903123317
-0.2360901927477382 -0.38295435097620467 0.8928299915332557
-0.2639420366826315 -0.3813932814746243 0.8857694656209697
-0.12058042376234518 -0.356430760178769 0.9260263472292132
-0.16876205984621404 -0.339615960376165 0.924292474890408
-0.01364846091954789 -0.20223815881391186 0.9782757137840449
-0.014323813581040144 -0.3761458138158689 0.9256591566540218
-0.025149330389708808 -0.36366247239082955 0.9303482847458784
-0.3132083846366648 -0.08468999146293882 0.9457523451187859
-0.40180726742164696 -0.01410513999667807 0.915583823481097
-0.3618779514558719 -0.002938518075527121 0.9319366736034415
-0.2689261757461986 -0.2915291272275951 0.9175307979939596
-0.01117046368193912 -0.22256484151324427 0.9745454404883354
-0.11867032520201277 -0.11864960452920742 0.9857087617937061
-0.12161577135552319 -0.1497032854896357 0.9808595246424687
-0.13957868480966243 -0.13282241325729702 0.9802765741436716
-0.08791363392501583 -0.15051941228337729 0.9842693335337346
-0.11262468597030637 -0.14679080415684403 0.9827257405305373
0.0012909944555955248 -0.10201895935198695 0.9947610022610484
-8.729686498626722e-05 -0.09046270293571163 0.9957056904642585
-0.0426660827937785 -0.005475704830084403 0.9990735483251922
-0.02304839069681677 -0.005158843973118371 0.9997206273962342
-0.1625577076878605 -0.05390993618465272 0.984970155473365
-0.253940706032348 -0.09837152916050103 0.962013633030679
-0.2579145659519158 -0.12008555665098485 0.9586610092497694
-0.09841979508388182 -0.39191631201266314 0.9129391355556504
-0.16896843778545606 -0.09241326142561967 0.9806248929742656
-0.1260124396442065 -0.12205866244111883 0.9835614333822201
-0.3718189458225826 -0.31118173116442344 0.8740242637515566
-0.07025846473653008 -0.2862851155154798 0.9554878594253716
-0.3536710276134742 -0.035760392117823815 0.9346631196051752
-0.3481509335552564 -0.018159786936917385 0.9372605056854416
-0.3557530259262456 -0.029878858119644608 0.9341001603055717
-0.28087343421599986 -0.029759772234911434 0.9590450757911081
0.000728594943230365 -0.09230365102623073 0.9952764873714229
-0.00016077847648746443 -0.12654215696124355 0.9918826168968129
-0.0008802630351448667 -0.08965244979099946 0.9959066153242677
-0.35333496998377106 -0.1115314456389637 0.9286052793077927
-0.3715551626001377 -0.15469406914807182 0.9154051106100279
-0.002974667435308233 -0.10273568051042833 0.9946888495559781
-0.2688924324436643 -0.1156701816396377 0.9558305183566507
-0.21407578227009075 -0.35703958179882817 0.908793122870277
-0.11390252862256087 -0.04401163528671321 0.9923322652636969
-0.006630562889579905 -0.12198383763041244 0.9921719686745635
-0.01403047345536433 -0.099137009675784 0.9949254296045572
-0.007754697376465879 -0.06441697563669524 0.9978277929238973
-0.1840540953522597 -0.11096285721358531 0.9765308423764423
-0.1373819417590561 -0.051126714784450876 0.989069922432017
-0.14838966895376468 -0.05233263491739434 0.9875128796771286
-0.004539434548041546 -0.035703299596615376 0.9992589513478898
-0.27894900605431827 -0.015261811951713935 0.9596689963404008
-0.026065046227275766 -0.3114858180999503 0.949454799968269
-0.019734066425528076 -0.2783100061343725 0.9601617062137326
-0.16343823599596938 -0.13042826202994398 0.9778444729748227
-0.007817852163566013 -0.19648369689850254 0.9791952210379624
-0.00045684861133883794 -0.1639626266804456 0.9863444572945884
-9.14233724042443e-05 -0.11936450576637764 0.9924945715351096
-0.014795942446119143 -0.08676699923593113 0.9960458328552818
-0.022708624902923046 -0.09051392109628051 0.9952178619197509
-0.017326470490463115 -0.06250177981136944 0.9976148941431912
-0.04667721261016234 -0.1381698157791713 0.9889931365932073
-0.15789821408374452 -0.051594254261483896 0.9860991760349487
-0.17952661268962722 -0.05716562596572284 0.9820495701798223
-0.028955308914030132 -0.0829005713306776 0.996066518108343
-0.20139330565938476 -0.030574739071771627 0.9790331329920962
-0.17106124750575227 -0.0374670976843522 0.9841655324225237
-0.19078897238112472 -0.2578066819060102 0.9471684227842009
-0.19785047731164196 -0.2530275966997428 0.9468317881330367
-0.20349010611285298 -0.24618483361381147 0.9473801982600489
-0.17687579151990174 -0.12086949174385193 0.9767193208331584
-0.21809657603397922 -0.022014008774869316 0.975678106085874
-0.2400415120557356 -0.004145532709299804 0.9703167605781746
-0.08402050659334423 -0.2070689587304768 0.974528682847103
-0.12081137383901293 -0.2573425479287519 0.9584798375002392
-0.2559545809740511 -0.27495056376898314 0.9264110868017563
-0.11394348758363035 -0.09228842264668492 0.9890943387148229
-0.10797865592015994 -0.09202380973232721 0.9898848599095939
-0.10306644750779229 -0.08324783053228701 0.9911593268440643
-0.28918713352922704 -0.2686982524263896 0.9187286305913354
-0.2773836903804908 -0.3139970243672964 0.9079239190099323
-0.3154747845346396 -0.29969759458660056 0.9002367423809328
-0.1299969979859552 -0.017304281728136105 0.9913527083707072
-0.15006071798985743 -0.00964320099298171 0.9884535275122784
-0.12645520036358807 -0.007573741909895022 0.9919380000268962
-0.12367628269199123 -0.0019687463246973506 0.9922308612708864
-0.19602850213904421 -0.1163489695351789 0.9735742872445683
-0.13358233914784812 -0.29194353508107324 0.9469501485092566
-0.14125160349554716 -0.28952996865351766 0.9464419901237267
-0.28350504178466873 -0.03090022265449954 0.9571951251002057
-0.13261435903993693 -0.25501649979434543 0.9577742022205297
-0.0734479710140058 -0.2628527491260873 0.9617556664380867
-0.09367757272139159 -0.2557370636873774 0.9620958261545005
-0.22043579525470008 -0.038238778195097585 0.9745666794043318
-0.24184696600478323 -0.2187113391589319 0.9450874813691084
-0.22844112478883885 -0.2444458620389774 0.9419054427988882
-0.2582360682683705 -0.196114987292061 0.9458782020548633
-0.101518998492582 -0.021584940408544574 0.9945591544008495
-0.11415982597254833 -0.05676023589240842 0.991788143305769
-0.09736094804673728 -0.06240437701822302 0.9931613590561991
-0.1045293761079489 -0.04675414515119019 0.9933995963376883
-0.1377204431178635 -0.02704322241645978 0.9899956967558653
-0.1677167070895541 -0.031079249929886147 0.9853452146301709
-0.1475683163627387 -0.07225384086525664 0.9863651126531909
-0.012902559728423225 -0.30657113411650677 0.9515394036725989
-0.2925120141858563 -0.005826933061403855 0.9560136282718317
0.0027255395265095234 -0.08063025889108905 0.9967390305455074
-0.14133379859505582 -0.2398634987529067 0.9599538893895732
-0.13263709740480228 -0.268149397462447 0.953425844136152
-0.016004350575240127 -0.004488372412163435 0.9998567100152234
-0.019429952402622207 -0.004096320429554196 0.9997698214443782
-0.2992174435759826 -0.05259507211000223 0.952321166265195
-0.2930896851706947 -0.0346573488828151 0.9548532649854686
-0.04642837831967632 -0.3939373772834707 0.9176708778254821
-0.006631358125491325 -0.4005152299349525 0.9160518649279568
-0.1055450721942522 -0.39198731959257255 0.9137949474648034
-0.04555020291195378 -0.3360699250073776 0.9405892602262875
-0.039440013523327336 -0.3248871738953769 0.9446908637583553
-0.35740027003587554 -0.06041047707220249 0.9319713693481152
-0.15186568599594552 -0.18910414747183585 0.9692996303208721
-0.02325940273520445 -0.2791145435019404 0.9593370291486233
-0.20595838251370238 -0.11183683136566648 0.9718522390503125
-0.19612592350154348 -0.10563082703567614 0.9748658783694131
-0.30203909619492075 -0.24829124649209958 0.9202379718716597
-0.0024025707001679615 -0.1985250145392263 0.9799565851862546
-0.0019487816739963638 -0.16616163686196053 0.9857007715624978
-0.010343895367266407 -0.400814767049641 0.9158137078433278
-0.05673558695915856 -0.30072793988947083 0.9517708307950102
-0.028304916041777775 -0.3955863144466919 0.9179804681314521
-0.36900563155029287 -0.12355793514859761 0.920280229897116
-0.35678123532251554 -0.10035712912984779 0.9287795665213471
-0.2365034204719059 -0.002008094388809451 0.9716271242409206
-0.1371700841939045 -0.16151299987959844 0.9760899385558897
-0.24621261310865755 -0.051904168255098075 0.9677503934118892
-0.029552876184654457 -0.22821283696154998 0.9731390281585615
-0.04015772356749468 -0.23017670515279418 0.9722808336902382
-0.08428917197255097 -0.28206047800936285 0.954802039757311
-0.17309276262382747 -0.2757533183537424 0.9446310901520415
-0.14594547306234934 -0.18460142368392443 0.9709105996310617
-0.15160276733156444 -0.2144246706934921 0.964548116183714
-0.22445909323459026 -0.15212536994389098 0.9619012342291853
-0.2135996306199497 -0.12283328047824872 0.9691678775012355
-0.20943194396550358 -0.09223965530363615 0.9729628756279581
-0.16049154277724684 -0.10645782530309549 0.980116238707585
-0.09213317204625829 -0.22498977918174334 0.9685505536925298
-0.14191284286506156 -0.21570442831746015 0.9659813801916075
-0.06419771843071835 -0.1882993822873291 0.9797677422674792
-0.39881968304225124 -0.021808730234889485 0.9167432616167398
-0.10062462860371273 -0.10660160097315993 0.989119891680713
-0.09349657043011904 -0.10562229083708782 0.9899657861461533
-0.0663148833318237 -0.1257384604193833 0.989806943952253
-0.04511887758307183 -0.12802305930520963 0.9904814549112652
-0.03542029303474555 -0.11095271396651861 0.9930375013937336
-0.031100734320649363 -0.14019011387574543 0.9890006226343184
-0.33117201637070076 -0.284090558884435 0.8997723799365174
5.880558703710768e-06 -0.1742929613835444 0.9843278734490174
-0.3652409596906194 -0.1583375902460134 0.9173484963235252
-0.3016104006316299 -0.09992815717950783 0.9481518280561175
-0.12535146917438228 -0.06791793969590404 0.9895100075844485
-0.30864449190306714 -0.01212687187209365 0.9508224038485196
-0.148927910911347 -0.03291157157578754 0.9880533840827127
-0.13209599630721047 -0.03799432038662334 0.9904109956867615
-0.01191529036809926 -0.05104855205652333 0.9985968423212427
-0.023061385006405036 -0.1780339215754476 0.9830403121217101
-0.07286925474548728 -0.1326267393659731 0.9883672128335516
-0.06329458098814715 -0.11889871354782058 0.9908694133045717
-0.04800137378653552 -0.11911976783555091 0.9916853195692609
-0.06726253304089973 -0.0889887657446896 0.9936233362464925
-0.06960041024782906 -0.07554661615052524 0.994686563147895
-0.18181770552242688 -0.07862888823913732 0.9801346674558615
-0.19661644229800906 -0.1083701703472104 0.9744675474963538
-0.16422114686481626 -0.03304458771838704 0.9857391723817961
-0.23233322560431371 -0.02045526100365188 0.9716926099602607
-0.2159408524808907 -0.01627428936569485 0.9761251440010212
-0.18205026876013536 -0.005349046629221674 0.9830785994375407
-0.03454773595310745 -0.11172931883632742 0.9928943905160317
-0.025196943916832054 -0.16093519167453754 0.9866084844510862
-0.044973729408128216 -0.08562876612144003 0.99527864479772
-0.037180417329355224 -0.06471382708260952 0.9972071903071166
-0.06012010630902177 -0.06137206242796955 0.9962948131196664
-0.2701492211474134 -0.04874648501032799 0.9613184389407324
-0.018878582451138173 -0.11420561920994339 0.9930423603819859
-0.023380437485255628 -0.14743266047647852 0.9887957175674568
-0.08490934664304761 -0.11706483090971001 0.9893526626250903
-0.21861449750519035 -0.17843311668229075 0.9593524004201215
-0.01387946781360964 -0.01498901702510896 0.9997828066715387
-0.0155925827613919 -0.09109432652696346 0.9957184528891773
-0.23891242132722088 -0.03388472683868711 0.969981372445554
-0.2660585029150325 -0.05118188482686446 0.9625904396821068
-0.059781401069524356 -0.034104991987753165 0.99756658027804
-0.06489814834280476 -0.04999791867228504 0.9963648032441615
-0.04880940751760066 -0.055557613508272416 0.9972467707678879
-0.15773592617821403 -0.005406955431750426 0.9872288376556634
-0.17308938158314263 -0.00796512392795742 0.9848696206983448
-0.2584261486241438 -0.3186716727418061 0.9116230283060842
-0.3033261848980906 -0.28022111512005937 0.910388559087487
-0.21635546215534526 -0.23122124839491467 0.9466906429921642
-0.09909207759761707 -0.32078929430403663 0.9418431300191056
-0.0317075800859791 -0.012066726747684876 0.9993997665563055
-0.03388721274849952 -0.0162302433253662 0.9992937113993227
-0.07864820617689217 -0.04117458478945319 0.9960073233349274
-0.048274951147460415 -0.10656035678974247 0.9929685082754753
-0.37433643060893085 -0.07989834861532329 0.9235443918641213
-0.01796674819389164 -0.02041731919355412 0.999610707823528
-0.15754633915461397 -0.24000398621226623 0.9578601002107459
-0.16337483570700104 -0.24964520463047496 0.954379370901429
-0.25186460049133946 -0.05537871260446235 0.9660614536531195
-0.18391625928870056 -0.09920207539115428 0.9778630454246822
-0.053156327791462454 -0.2685735800157218 0.9614704533512682
-0.06295346670743326 -0.22610218619364655 0.9719818700772412
-0.16717118289262314 -0.2281101402113158 0.9589391976057644
-0.1722662253469214 -0.029238625262590467 0.9844951497512566
8.817604279903282e-05 -0.020075769427044844 0.9997592507763772
-0.08537431120115306 -0.03202090173271752 0.9958342424534138
-0.14091571044293855 -0.061000503015786994 0.9881113139093001
-0.0027895397123496916 -0.02507822828542576 0.9996707430525609
-0.15409570395031658 -0.05599806675178234 0.9862920951469075
-0.17245215430169888 -0.032441873596207545 0.984051505109464
-0.38390813701588733 -0.05518782726497771 0.9216886459283055
-0.38296808166761787 -0.32483323539798553 0.8642186878554269
-0.12491576509688752 -0.1719848755007533 0.9770862799035164
-0.14155796093856712 -0.16661175936706973 0.9756537875353973
-0.38152882756764395 -0.04600753462947078 0.923120625831623
-0.06822958773349584 -0.0118370766164909 0.997595083514298
-0.06058764824137687 -0.007354312821045592 0.9980916568405199
-0.019471696982345174 -0.3039562942581649 0.951765138947693
-0.16049893270927895 -0.002386876887489662 0.986904679134614
-0.154295049423715 -0.0030796480822069456 0.9879431955189644
-0.1007804004069414 -0.04814558869154898 0.9935335879129297
-0.07095209456982464 -0.04985459950625005 0.9959119624628646
-0.17400287721524502 -0.39291826874984487 0.9025757673840327
-0.18229196583404245 -0.39916197777612417 0.8985746076756882
-0.2740725232992306 -0.05726584146767805 0.9596198602998898
-0.013373788697860371 -0.009888953821600729 0.9998594563764305
-0.018115337210963478 -0.10145967402976822 0.9945318755340457
-0.01423405380776154 -0.10669186452526698 0.994148626729386
-0.02064700287217181 -0.10921115683162422 0.9938002173869778
-0.0005412010825459812 -0.20907493631595858 0.9778772215830439
-0.002205274198955396 -0.19724915850588434 0.9799942045953025
-0.007242318316340733 -0.24556218144184205 0.9690410729531772
-0.008136509013324718 -0.25278537101882864 0.9674870119910558
-0.0005529382080267928 -0.16794430393213616 0.9857961680264932
-0.0030306480035682776 -0.17131181491419237 0.9851928920347431
-0.0018468689950472727 -0.1973082346092861 0.9801981849230414
-0.27325199812871265 -0.09597927629327245 0.9567753982033907
-0.27571334173210044 -0.1109313539493341 0.953486439859245
-0.28445865883409266 -0.38838636963389706 0.8764926227658936
-0.28339892550874674 -0.39030078664545176 0.8759735967307702
-0.36387119328786444 -0.18707586079946634 0.9124071784190577
-0.3616026919249196 -0.1661633472353923 0.9173387886979053
-0.3885321170248445 -0.06379001436742852 0.9188250716949807
-0.3936587449286681 -0.09246346945577676 0.9144848875452438
-0.39377810469419483 -0.1028594515467423 0.9134044548245139
-0.37373124594869855 -0.10135654799713714 0.9217427177756612
-0.0037892198154991508 -0.06746030321332075 0.9976775072204069
-0.07054340902842167 -0.0740772140207854 0.9946214963925524
-0.06710547137419855 -0.08032534798235848 0.9944167114793584
-0.0981041371754896 -0.07768929182114888 0.9919713188849908
-0.037928701925592 -0.0035623020271031147 0.9992123902255262
-0.09386082064140244 -0.30709212742622766 0.9467062253539938
-0.25934698945801354 -0.24628250400205423 0.9336284683693501
-0.2718700265161297 -0.2511407916978725 0.928986009978466
-0.22760759380840248 -0.10034725277707893 0.9673203206177756
-0.25425182825912596 -0.145800060041059 0.9556958901888654
-0.22924035736170198 -0.10674309078267467 0.9665744946760203
-0.10830912583432008 -0.2863973696316528 0.9513745763277222
-0.09848307174781666 -0.2973265188858569 0.9493840173704183
-0.14654376048672293 -0.286225481807965 0.9460609853304794
-0.09873307951163032 -0.29266393292598925 0.9504734383071706
-0.21967132126291036 -0.0022522819719579053 0.9755293671151536
-0.3116877137225629 -0.00149174770377175 0.9500611835663538
-0.07934505133903019 -0.10677536148539228 0.9910861056697716
-0.09227027977523745 -0.16717993222606792 0.9815605377038028
-0.09548243647785615 -0.12943460964220221 0.9869561532048934
-0.0011356479126476172 -0.3139021492436405 0.9493664695744374
-0.007849365875309615 -0.3149860449402257 0.9487187008653238
-0.022306658318904885 -0.3112583359821585 0.9499796112852866
-0.06634409407635164 -0.014135078498843613 0.9976840297110646
-0.11299850408803015 -0.10996870640584001 0.9870747503920069
-0.08702556150762235 -0.1217622021645699 0.9884708240632945
-0.06902399445749857 -0.10795940833924053 0.9916153043038279
-0.05033512350431025 -0.09337648464082547 0.9941269480155589
0.008054632202347874 -0.3121519482408526 0.9499695737922482
-0.0004233057172307221 -0.32159524546777607 0.9460134463626481
-0.03765382118871299 -0.311152961000992 0.9486724638058651
-0.3940219531936813 0.00024827152362702466 0.9188733948655087
-0.36393690332503387 -0.005657280467181483 0.9312844879301173
-0.39812253718517077 0.005639944116352958 0.9173145870506297
-0.3913287816883205 -0.003956615725931768 0.9199675095835675
-0.2891444995083001 -0.1569195351668427 0.9441634989170546
-0.1948166496845281 -0.03129253235717456 0.9803073071167938
-0.15958382207211333 -0.010822330740828952 0.986837089743091
-0.006160554987516679 -0.0012124026069174234 0.9999794509565761
-0.0029596175646663695 -0.004105735914508797 0.9999817920083788
-0.30127170425202343 -0.1559070879986367 0.9407063051069666
-0.29370656331159356 -0.15724032017518663 0.9426585394761589
-0.2977866862039956 -0.12144609041451679 0.9467746191555089
-0.00838740171763409 -0.028257193189940473 0.9995539917628264
-0.001181837268616611 -0.04201465714612342 0.9990885760678472
-0.004824018646021327 -0.2516817220130851 0.9664102737522564
-0.006389786424238919 -0.008264388630390458 0.9999369165604086
-0.12050382017905728 -0.21081487840334662 0.9700643129688528
-0.13520295031394008 -0.20363462888463002 0.9695212611784418
-0.12529205282280095 -0.23159146579907874 0.9639523164424822
-0.16591055748164005 -0.21276873229238943 0.9625489913615104
-0.29795193735631914 -0.15316281673147966 0.9413968375013632
-0.31037320751767566 -0.19894553722638764 0.929357549685654
-0.0005368731917144501 -0.0014313831181062395 0.9999984387033968
-0.002481254304191137 -0.0007455552528739382 0.9999949856789155
-0.0010535763128852384 -0.0013702796348470797 0.9999982899724799
-0.030118642306672754 -0.11286584955723404 0.9931020382970832
-0.2924160133296978 -0.0010499006920063664 0.9561177961783682
-0.1934888190119432 -0.25075311564504305 0.9483066762981134
-0.08146455558186534 -0.011058711747205175 0.9964623355852745
-0.17805953446795564 -0.18665418754884713 0.9651446447385353
-0.1872164133616583 -0.3313792712574163 0.924542611096286
0.004033362727214155 -0.3610516414187695 0.9322328288949407
-0.11022078678796086 -0.008980756530047788 0.9937130417210313
0.0006668313585937555 -0.04978747942174204 0.998711512797019
-0.039523805872235196 -0.31576579568581226 0.9479492535231739
-0.15113996845882052 -0.29622566133021694 0.9430309549226661
-0.18437147794690584 -0.3114021756925782 0.9322115642106654
-0.027191177134235054 -0.19359688307739276 0.9805891280323598
-0.0344416439609671 -0.16145480192398515 0.9858748183625569
-0.25090287121440225 -0.1408813722155215 0.9575254095957895
0.0016452641654863876 -0.21480556820051533 0.9766491704025961
-0.008043141610210192 -0.22442111486600524 0.9742847446435273
-0.012865114261126024 -0.21876352038205304 0.9756228707936121
-0.003810322781175963 -0.38683465589148797 0.9216916228703461
-0.27349636361208635 -0.23949434374014936 0.9309210964866181
-0.24300138751323197 -0.2182340878049603 0.9447477937514863
-0.04047139856588654 -0.10478248215122787 0.9934448862752857
-0.027914049034794323 -0.030575750350551434 0.9991065889183328
-0.032685551235219844 -0.005869926367614989 0.9993294670137305
-0.06020202639049534 -0.3033194234957997 0.9504882427940271
-0.004495921442603362 -0.351777009097234 0.9358907550910277
-0.20229436320359995 -0.15424832134678704 0.9669721128908866
-0.16811004394717322 -0.1534587814799189 0.973727387984747
-0.19614955339328072 -0.014669174070214022 0.9803256244249909
-0.22227904922691585 -0.01627599841766707 0.9745240844693603
-0.21831804909776656 -0.009435450169468632 0.975445759547212
-0.0794118672425983 -0.005847693135222703 0.9967815476878176
-0.014762676612459176 -0.00253490513355369 0.9998775966389882
-0.010748492877708496 -0.14901834964112484 0.9884721103807348
-0.14258023202208045 -0.01873218549191909 0.9890695784631282
-0.08754460973494266 -0.2209528003918389 0.9695028827901249
-0.0945974647003527 -0.18834467715761136 0.9765876561065444
-0.01297862982434974 -0.08531423926891628 0.9961855061548383
-0.05408709682266862 -0.0474395137180726 0.9973728995020565
-0.0024267543483496466 -0.2670765677882986 0.9636619882178374
-0.004418625584249197 -0.24551751881049147 0.9687989545998427
-0.05850583003642767 -0.27759360362744534 0.9583944774765153
-0.026225050979812748 -0.2136164158049618 0.97609254248322
-0.08926004017387036 -0.06854374006020483 0.9935351019623081
-0.04835630060642862 -0.15575671425284304 0.9865292307878948
-0.10493453446180344 -0.33722072552218474 0.9354409523765037
-0.10218960563629913 -0.31394996827002036 0.9438975845046946
-0.27842327288439506 -0.19042190400962555 0.9413664514068583
-0.2285333789391095 0.0046179594127870845 0.9731454113100008
-0.3771850858567987 -0.006076660249466222 0.9260376045524322
-0.33159035871590153 -0.006428380373127378 0.943235461205428
-0.25758569525528335 -0.007142129298364902 0.9662025897725507
-0.24922992358856477 -0.005023967043200205 0.9681930328749071
-0.2212565649392397 -0.25475912599774864 0.9408882199256765
-0.35693714039264324 -0.16188830652128353 0.919937269267428
-0.017016204397921713 -0.19373756162943112 0.9809010368362546
-0.008921430401478624 0.0006832173494760298 0.9999454471031071
-0.011873150376447646 -0.07246400075716666 0.997233276439959
-0.00028348046475430727 -0.03813936072005457 0.9992362206666142
-0.0010261183076605126 -0.028839230961738734 0.9995663277943504
-0.22803769010525382 -0.31998603239313334 0.9175514177323087
-0.06332495779811571 -0.36150843555377987 0.9300708481785143
-0.07426612980333211 -0.41274546218021035 0.9077694132340237
-0.10920273956665492 -0.03117271724733112 0.99336389229047
-0.029433734151208705 -0.0009636956311358737 0.999529637538198
-0.01611341856983914 -0.002056506495413255 0.9998321290090263
-0.006860318058572543 -0.0009730867520920741 0.9999631752393567
-0.04213865967022086 -0.08427932739675129 0.9955469238098855
-0.036171201800220126 -0.05964483732971771 0.9975568184315848
-0.016964675696688587 -0.21698109998557946 0.9759106888952047
-0.0055481606650406275 -0.21337920009049505 0.9768288115486428
-0.010331727557613985 -0.19031775832412776 0.9816658983296176
-0.32688846185419246 -0.3612259164993504 0.8732888285968566
-0.0729105064242196 -0.025963864196879134 0.9968784434426454
-0.016301791394755107 -0.07362613882026538 0.9971483856450221
-0.06542385890588222 -0.0003215911332108756 0.9974823889340311
-0.06279013165552806 -0.006801374851764555 0.9977556276726953
-0.10486392496419193 -0.267975279408988 0.9573616229755371
-0.2678678808013358 0.009909605696855957 0.9632446108924968
-0.08131359383147055 -0.007228274367116984 0.9966587698314273
-0.3497592334374278 -0.00137750442544009 0.9366796994593941
-0.017419606071385953 -0.011027546128496811 0.999762614094317
-0.014436942258851655 -0.024853112956317824 0.9995682026622309
-0.192133221053715 -0.12065293576622117 0.9731019208103521
-0.011040541550602856 -0.2793910050715796 0.9599542752585506
0.0010197439490236132 -0.37007164540986653 0.9287570590975054
-0.008775673286976742 -0.34991322887840587 0.9363306492436213
-0.30981062928565534 -0.17434136363380584 0.9345208458472815
-0.1040559760518026 -0.008149748364307367 0.9942469427040627
-0.07329068002734293 -0.010961027889241193 0.9969758663578878
-0.012026723065041323 -0.03399585827884444 0.9991265540604068
-0.004118065942413642 -0.04284620098921293 0.999055030437728
-0.029773782594702165 -0.3223259257386886 0.9460580387740888
-0.020137946968086684 -0.32410013645454194 0.945808371365832
-0.02399257045492605 -0.3286213965974081 0.9440762453788037
-0.25917492078835147 -0.1399556814344755 0.9554616811692392
-0.14998716168299742 -0.02904000683809241 0.9881993789771499
-0.09318313145531099 -0.008946052343976574 0.9953394277194243
-0.05261997238935945 -0.011947873801165765 0.9983773868837437
-0.10446314772958631 -0.235391628848531 0.9654854568949955
-0.0006268540352135625 -0.006977013427806796 0.9999722110230921
-7.955939634872393e-05 -0.012548806711923809 0.9999059118029207
-0.00014527541678260414 -0.009979165810438326 0.9999461886432812
-0.2646905572420905 -0.13138013958262013 0.955127124509796
-0.2614870810021486 -0.1081079938986553 0.9588403748825901
-0.32675053231335993 -0.048393719164270564 0.9433913722491224
-0.3354540493312531 -0.015591858840685554 0.9419089664884633
-0.30356514052926004 -0.01864325934538106 0.9525495925505963
-0.32909391442416536 -0.018253643559778942 0.9437084860797964
-0.2934968722638591 -0.0015884704148563722 0.9558044763047021
-0.2258383132319678 -0.014315503480727472 0.9735497691185498
-0.007155347788008241 -0.17645097558723 0.9841891089512876
-0.011571506391719217 -0.17604944868962755 0.9840582886855286
-0.04312245972665503 -0.18157657727408424 0.9814922662103739
-0.028772461373509934 -0.22891119412445635 0.9722682224725057
-0.2088514545965179 -0.19629246571491826 0.956954031998321
-0.2290829577795174 -0.35718917231988545 0.9053367672316865
-0.18920877828291283 -0.2677735689957141 0.944567904557175
-0.18303474658545593 -0.26341389137610804 0.9467949262356353
-0.06593894925597876 -0.3588898018891478 0.9310363527022036
-0.3245269782598315 -0.03386668154132122 0.9447434612877018
-0.0018110981292480447 -0.1617480142575499 0.9866334816020113
-0.2359037862678358 -0.1837369809785863 0.9535909221679169
-0.014053110412896067 -0.1950816281361767 0.9803099439836482
-0.0021298009776217993 -0.018328082997145435 0.9998255695172454
-0.0007288902781003742 -0.01707957394477877 0.9998459692921976
-0.3435444093439186 -0.21623545112805095 0.9130272051727536
-0.15356566905732 -0.29108542085574596 0.9442663936205583
-0.29131736123969176 -0.0252418121259245 0.9562921851050967
-0.04331048512993612 -0.13478810603118124 0.9898493782681039
-0.0032404962824213435 -0.046333640391464606 0.9988548372045767
-0.04721402936949144 -0.0017091099505260514 0.9988590530224617
-0.27566125487322257 -0.3372416769280786 0.8997166191492344
-0.07385015715714312 -0.26812932418349306 0.9603900860698015
-0.01245543553604883 -0.029942502145645797 0.9994648564776568
-0.01797987738171641 -0.04218501502357599 0.9989302404832489
-0.00113851102068523 -0.015119797824177628 0.999843890218423
-0.013125137999587538 -0.002839961178246009 0.9999091574622606
-0.007310823425866394 -0.23890352100982362 0.9708555436890318
-0.0023825481256804512 -0.20653733973021599 0.9784340738367187
0.005443469998883544 -0.38436990127417414 0.9225935384414199
-0.2582206205655681 -0.007641890323784087 0.9657682500241831
-0.25269887481382297 -0.12611137685886692 0.9592909932050879
-0.02138331141111043 -0.24326263306719162 0.9694324805132909
-0.03325042920242868 -0.24348797087753943 0.9693334910037562
-0.005013440303601829 -0.014594702162049857 0.9998800738891211
-0.018364845883181005 -0.37322307277235983 0.9258665373318252
-0.03186665841527058 -0.06538919386883799 0.9973236923327772
-0.09561769825223944 -0.3050286340090865 0.9475258416157081
-0.27056140311818677 -0.017736116936663826 0.9617848741853391
-0.2987621863080419 -0.03355890571498848 0.9535651356215151
-0.27357097333421926 -0.0537172432964054 0.9603305046788524
-0.16523385663443074 -0.25238392271698895 0.9531974076955964
-0.1222165082318896 -0.2547852388658632 0.9584658042746559
-0.02356211765670919 -0.32471628432303384 0.9454962111111853
-0.026148357019014957 -0.0006823558830582363 0.9996499615513614
-0.04023948866288696 0.0010179006857916235 0.999136474724735
-0.005515973176322969 -0.00587548931484985 0.9999672728604723
-0.008821853045883841 -0.3078671894204558 0.9511869223358169
-0.22266897212234657 -0.2754090203934958 0.9342134880463234
-0.0008826739018268344 -0.16985596491042826 0.9854585845676994
-0.2706980194065376 -0.22987608586813166 0.9344726652972803
-0.012480438945946087 -0.059713531252874076 0.9981202758638847
-0.018145488978832457 -0.2471076288616332 0.9688073063573956
-0.17166044564248445 -0.18739714252410083 0.9671291657771837
-0.17879283594942047 -0.138744448826588 0.9731702539162936
-0.06255883339006109 -0.3331823091941496 0.940139565078009
-0.013518025858755058 -0.15113670342248303 0.9883525912022738
-0.06463387813411017 -0.17005184279439228 0.9830868029385372
-0.07486943160569295 -0.16584172701527722 0.9831894123064076
-0.3350038801390213 0.0003852911844256463 0.9420151554185985
-0.050429572690265934 -0.18336652106085521 0.9816354629393539
-0.05053084844545119 -0.2691622121427955 0.9616189016331889
-0.004439388707114704 -0.13393612228379523 0.9909702606673019
-0.010456576616732409 -0.1541870734592145 0.9878739859037756
-0.18438283658619967 -0.39668220168365986 0.8992284439906452
-0.07279006888524653 -0.25585692411072636 0.9639698923416377
-0.05427472847103026 -0.3549797819634559 0.9332481708481422
-0.06833766120959746 -0.295388405648302 0.9519600390131063
-0.06497401223656016 -0.2599480180550044 0.963419122633497
-0.09167773575872598 -0.2105295496683849 0.9731830003076224
-0.1159168053621157 -0.17910956437197953 0.9768463980708985
-0.04481770541978445 -0.04876698424499194 0.9976937206403167
-0.2813861620966786 0.0033337768236711375 0.9591825972774457
-0.12358321113826401 -0.05705992165822117 0.990318589997261
-0.12468502054630845 -0.06652923792480536 0.9894569675000859
-0.3066059230796044 -0.013725302039444108 0.9516469685760545
-0.2909901920370726 -0.0255888075278999 0.9563837411276059
-0.03866669653099418 -0.3187008158343717 0.9470521730578135
-0.07589685281520203 0.003932540062578172 0.9971079159536296
-0.07671251844234032 0.0011839131607693594 0.9970487843552736
-0.2488917666912609 -0.3696285613741282 0.8949806190789595
-0.012044898257086796 -0.3606476009008552 0.9320759486307404
-0.1465386603587855 -0.008481227619237284 0.9890819110044002
-0.15388470523897313 -0.06107744759280628 0.9861487408456044
-0.29139569820813704 -0.024621148827827 0.9562836830778866
-0.29549165455052817 -0.024523662165968876 0.9549540942613335
-0.33865977510292167 -0.23625038467988654 0.9104596417465662
-0.21728623102791558 -0.29243029190942305 0.9310989172129723
-0.25285834888116154 -0.07496016570809942 0.9637669862282767
-0.2616868723269672 -0.09881048348053774 0.9600503910849769
-0.091612576077653 -0.25678424643961917 0.9617760683991112
-0.028942714522493206 -0.04415775076495871 0.9986012420076227
-0.12294755604994972 -0.0035482899871435163 0.9921014160065124
-0.2735636911008166 -0.0020463780792087656 0.9613729034878157
-0.3086899539576044 -0.009650558637224886 0.9506634342580075
-0.32500416792215064 -0.008376866708525438 0.945505101575726
-0.36399659846035626 -0.050633986749645594 0.9297159449024125
-0.3462080941398515 -0.26146616481841145 0.9008760574685225
-0.3585459226295206 -0.25886072991087833 0.8968692305955531
-0.22772777216249257 -0.13106216819320396 0.9648493250469332
-0.3075099729984469 -0.10166715580810391 0.9459347828719863
-0.04405169680680727 -0.0038445590734387425 0.9989692786405578
-0.028912205654126992 -0.0036732370761771347 0.999575082976428
-0.03710497254413035 -0.3484834435736848 0.9365802262221503
-0.20349488407621724 -0.19575976935683537 0.9590427038957456
-0.3112926715863628 -0.21766540834541423 0.9246280891832237
-0.1133731784309043 -0.08861713541494418 0.9894262853205248
-0.09656761157423761 -0.014165859327989569 0.995212103448537
0.00045836577134271346 -0.1252672135895268 0.9919767011204444
-0.12332968238851003 -0.050000456647721785 0.9906888333736146
-0.2272149994354278 -0.2982575354169317 0.9269194284569853
-0.014618632393342035 -0.021607463938618426 0.999643977188431
-0.07832805306145821 -0.20696983174575304 0.9751701031009862
-0.0004935598891965498 -0.06461814469281046 0.9976540780923847
-0.007543651458677945 -0.24128850001461544 0.9703608483298435
-0.22021911138267644 -0.20636042575532035 0.9528644204978417
-0.22832812805277544 -0.2575196253288671 0.9388631452404609
-0.09020993466767616 -0.1723151417409391 0.9808927320280113
-0.1098786786143621 -0.0016100610342179213 0.9936069264630304
-0.05938139404115878 -0.11063500024043636 0.9920541260213568
-0.07586942080078228 -0.17469746072704737 0.9816314434580681
-0.24732655282319352 -0.042820572429915715 0.9678865454525392
-0.21343577487069584 -0.0442625789670189 0.975751468624571
-0.2166419407414819 -0.0628082699216576 0.9734595683989777
-0.2507090743329937 -0.07187780549120354 0.9652400323783596
-0.2249951260922453 -0.08852602196862941 0.9689604066309969
-0.0007874100839804575 -0.20577052645270114 0.9785945168472677
0.0030965983560592284 -0.27556450096068835 0.9609267567084147
-0.05381452203477849 -0.06297407361596664 0.9964415502510454
-0.010647864590190171 -0.18181391072437228 0.9830168320913536
-0.007467139126934759 -0.053066941914304396 0.9985492934526928
-0.00839181030265661 -0.051555651731081405 0.9985467298071027
-0.21466048479073005 -0.0045861777827446775 0.9766581029410065
-0.21606774176058174 -0.13130906407158252 0.966693656023405
-0.05441186792964623 -0.008273129836919182 0.9983952727306675
-0.002186632215002585 -0.2408173756507639 0.9700894608567087
0.0030574605446407797 -0.25271966154885345 0.9675146626007689
-0.3888818552904111 -0.29412120154145455 0.8730599268326644
-0.022204509039896927 -0.008626961501734478 0.9997108999673007
-0.006271190474463163 -0.0022283182637080315 0.9999615147900475
-0.07529093362907845 -0.3983404585289869 0.9130709543562833
-0.32545357511740036 -0.23747984481094414 0.9151640384262993
-0.2418757522634615 -0.09527746656305816 0.9655756539548472
-0.14643757632652843 -0.11472170755083427 0.9824773289434721
-0.0033348247654536034 -0.3018655868919243 0.9533023184110342
-0.14438841421312393 -0.15158314142499787 0.977808938857504
-0.21402975707319077 -0.03993242788150535 0.9758514744237575
-0.17092775378266403 -0.0016319673730003292 0.9852567619346119
-0.013021672730431696 -0.008065981618243085 0.9998824756911533
-0.3558208644045243 -0.22218477575296966 0.9070169443105649
-0.026355921000821708 -0.3330384212208912 0.9422475021848508
-0.37768340433087466 -0.03439257926384896 0.9248323119857604
-0.358324327424032 -0.1626891020227252 0.9179238653902552
-0.3081029845373524 -0.1508963909621431 0.9390699979146659
-0.05287731180494428 -0.204240206965785 0.9774219701191026
-0.06082636197330195 -0.2812706897519132 0.9576553605845892
-0.1327577362127036 0.0002949467504739191 0.9911350767704286
-0.12792064290840835 -0.005284418698089277 0.9917631970364481
-0.062225310004134234 -0.03830505792850799 0.9973237518002948
-0.07333079355716032 -0.062291862746410645 0.9953491167118876
-0.033493209341712155 -0.07887876399134391 0.9962668755127706
-0.2760902256382065 -0.02585924902853833 0.9603221284669097
-0.12137261160892544 -0.12443071408764941 0.9846652452738195
-0.2462049013995479 -0.1706835950916957 0.9539593853899244
-0.01252341648073028 -0.009853205004580734 0.9998144411072778
-0.28772781615740595 -0.039326209752847535 0.9567744831202071
-0.06836613020097906 -0.06735940066686341 0.994927760980349
-0.03432439116352432 -0.015639373650509665 0.9992883669264487
-0.07611995512376858 -0.0672884647575687 0.9948070204182513
-0.04081860374546019 -0.2733424168834038 0.9610190136814845
-0.25191836628665637 -0.004260778224135425 0.9677243697532585
-0.009456112838419893 -0.0068130834362478115 0.9999278247222708
-0.003985844092168675 -0.01083789723014529 0.9998992147636157
-0.05468919178740069 -0.010498618964381014 0.99841845981127
-0.005108997623916162 -0.003892020533023361 0.9999702548673386
-0.35171368702053224 -0.3191796604647176 0.8794326561813217
-0.21946306076980623 -0.0811085128067198 0.9721070998263767
-0.20379583398291704 -0.0014406282191097193 0.9787963093178428
-0.3182037427444697 -0.34264395667235453 0.8838428345958149
-0.01131089946600063 -0.26281760190841125 0.9647384386908316
-0.39338505009876956 -0.23393232703848651 0.8891110008451457
-0.02896133223604387 -0.09214096616645885 0.9952616902403109
-0.20944252634201868 -0.16407085639324048 0.9638273941678889
-0.32844307187706523 -0.08858985024755642 0.9403427248250281
-0.0362768362348261 -0.03188542586589589 0.9988197132758764
-0.29190343860451035 -0.019353386245054123 0.9557307491490961
-0.19647475903753142 -0.1987476906795987 0.9600663484275279
-0.18895340181069115 -0.16332007449045577 0.9678381437784785
-0.15284736208279895 -0.0025710962014441918 0.988028699961102
-0.199886035540495 -0.026640806228723522 0.9785235732561249
-0.17539299884998202 -0.3105230360692648 0.9339028300959978
-0.0216743020223864 -0.15967666632985086 0.9867112005746849
-0.02413003086281853 -0.1517817564472378 0.9880591886529656
-0.38422591324245614 -0.30381916527201186 0.8718167134065099
-0.08506145855729196 -0.016031306039987245 0.9959390736823933
-0.1038680523851913 -0.22765172639522613 0.9680885711771351
-0.04053882712465977 -0.18312872213089895 0.98217237052022
-0.36245220501331504 0.0014561590302323926 0.9318178506559233
-0.2710172644933073 -0.14580483535490735 0.9505989926513466
-0.004147376490872477 -0.00126278627403947 0.9999819670369536
-0.111709944345813 -0.3211522824352059 0.9403952671597444
-0.016033014168023614 -0.12444431339208081 0.9920286153162253
-0.2559639706141323 -0.2999244273576529 0.9183166407760462
-0.05801715736165527 -0.020930056972227752 0.9978666664823109
-0.000988231603734151 -0.0006506228899160114 0.9999984014351514
-0.011207530591760847 -0.019845818125634518 0.9996865622934082
-0.170750924892612 -0.13269136884054394 0.9763264651962251
-0.2314848196762853 -0.006564008547252277 0.9723956252246672
-0.028828928975338435 -0.23046883850368488 0.9722572053147657
-0.004893593488125079 -0.06912227860463363 0.9975956530507987
-0.03364577592472165 -0.002548440472486765 0.9992829793073723
-0.07774784791855381 -0.15138643348065814 0.9851072412544962
-0.07362974468101391 -0.11239579512970654 0.9902839752579028
-0.04500836845259569 -0.2582140399336413 0.9644404077177365
-0.04609508132130819 -0.015795665798935866 0.998794912704926
-0.00394421493581981 -0.26324411640175166 0.9646543506355129
-0.043582113646746204 -0.19241272755937844 0.9802938631429
-0.09812051525768922 -0.30686886446579353 0.9466535227720997
-0.14396069032901132 -0.014061386979795953 0.9892175486107001
-0.09169323133809333 -0.004416861099751782 0.9957237917302424
-0.3150614384689334 -0.1596661619665017 0.9347209391618175
-0.09632747841806609 -0.3748538876658456 0.9219034682702886
-0.0010135259491812353 -0.004325989728187321 0.9999899412217285
-0.14003438051555714 -0.03224810681595484 0.989493743990197
-0.20675229256210556 -0.35394207359741775 0.9120991779096994
-0.2667521093584763 -0.009335054270250467 0.9636428252285874
-0.2982939644847066 -0.04812635891714748 0.9529868466729696
-0.0019289121950058377 -0.07669131501173715 0.9969579097601625
-0.135669789203508 -0.30818639465519737 0.9414176170501615
-0.11423032030299995 -0.00039992835905154915 0.9934479767520946
-0.13748032643704405 -0.0951305438037791 0.9859256290073547
-0.13925238285421226 -0.10312009481257943 0.9848409573694393
-0.22509157365924254 -0.2950988185103603 0.9285550653108858
-0.2017745635435124 -0.3085135257904743 0.9289550437703765
-0.16081734635419626 -0.18889145932906645 0.9687232776434126
-0.004003271428691868 -0.02490463228928713 0.9996600109340678
-0.007052137007508729 -0.023307703966371322 0.9996937918359262
-0.3384152397777968 -0.0430431571524775 0.9397501051843663
-0.21240999208580313 0.001978740385974815 0.9771762128820014
-0.05321752232769823 -0.024281416177595185 0.9982515390507166
-0.07398350809813067 0.0022930331063296524 0.9972403615086773
-0.02954427931973359 -0.0030210562877998554 0.9995584851946815
-0.0740102637078758 -0.20720653324944424 0.9754618946660734
-0.09204669420505386 -0.007374571441254322 0.995394225295035
-0.09527178476889323 0.0006134722162277718 0.9953065159137222
-0.04439414787565712 -0.3079229344686749 0.9499590982258749
-0.30985828959256384 -0.013483279089810155 0.9506032572068887
-0.056224334691043716 -0.1570137979445976 0.9859774675870205
-0.016370924465673616 -0.33658983182845525 0.9408201890524758
-0.050216376409818866 -0.0036760309663609087 0.998731593800166
-0.2068791421129746 -0.21704840760801525 0.9537224680059184
-0.2480594626594043 -0.12640017377052198 0.9604193946802447
-0.08463442186810408 -0.03506929784685996 0.9957847691594993
-0.27887565611706405 -0.008913484133788008 0.9600926239476482
-0.17245386702981255 -0.23896124009868383 0.9538673519402575
-0.1020451151720435 -0.1257908459339799 0.9867707598896602
-0.03384367799089178 -0.24313195757982264 0.9694026307866391
-0.18898380430662687 -0.28711176970187274 0.9390193776760081
-0.13881600519339532 -0.274311582207244 0.9513848675852993
-0.3302901524144661 -0.04670773701808657 0.9424573736455961
-0.0011038650273427235 -0.11334068801644082 0.9935360804203385
-0.0002822546888147078 -0.14715045047824765 0.9889791596827704
0.008179781277115383 -0.2578964929556118 0.9660967411960399
-0.015477160499868211 -0.01005594604623124 0.9997661549162229
-0.14104176935984936 -0.14438514635750643 0.9793852585279457
-0.3734957095187601 -0.2646271814480902 0.8885321619860898
-0.057913987553725274 -0.4004095009334466 0.9139879251149254
-0.09425944779722753 -0.056910755398209896 0.9937136313660978
-0.09076339332962113 -0.03475033394875828 0.9951352908587572
-0.05492057838308961 -0.1502895300244457 0.98696904672136
-0.04295382598974822 -0.0059831806656701495 0.9990591325581644
-0.3364295615184438 -0.29677262370546853 0.8932491941625293
-0.05648859543293398 -0.2841163197293871 0.9571243203525913
-0.3468430342468898 -0.025542356617011448 0.9374244394726201
-0.14539022065587626 -0.1256278276667831 0.9813425774104807
-0.12355658252473253 -0.12898840618687915 0.9838502647519337
-0.10014098322991859 -0.1410243272666447 0.9844277710152243
-0.08805283156567466 -0.07611363769565715 0.9923534279738115
-0.18693770038751012 -0.09473576329557688 0.9774505393847674
-0.0013296909627927176 -0.0313154188866666 0.9994377466973842
-0.011819615095082728 -0.0476043620129695 0.9987864678078245
-0.12002518519730446 -0.07018591101619599 0.9901507192914354
-0.10539197427211075 -0.05125627687389198 0.9930644093108386
-0.010412754680944375 -0.0006396840189761596 0.9999338060368248
-0.018757172961919054 -0.010331582249838399 0.9996563078412084
-0.19224371654337258 -0.007968278196515074 0.9806650395163273
-0.24953180822084378 -0.18260424489035434 0.950924468171512
-0.3070914930159917 -0.0033540792497009685 0.9516293647008022
-0.36439810996631694 -0.1925297035490708 0.9096468739479819
-0.0949154558517514 -0.4044450413915067 0.9095171195548193
-0.01891195642257249 -0.023803153972762767 0.9992989599660602
-0.020213219639360423 -0.03984430765167983 0.9988414882829605
-0.03837783260552247 -0.37430700172411624 0.9252674079036444
-0.4013021925031033 -0.025082349838006245 0.9156020475707265
-0.3510865935527328 -0.12961297556750637 0.9254208642531679
-0.13301368578137812 -0.24285776301035658 0.960177665708607
-0.07711136095206939 -0.20805156311869566 0.9749420245734927
-0.10857576063700951 -0.0660255420979329 0.9918092153973671
-0.10006917626481224 -0.00095424331073019 0.9947622074036198
-0.0004163330401913928 -0.007520695157109387 0.9999523831398806
-0.013876325106729957 -0.005927251229067922 0.9998238916274266
-0.005914951932976014 -0.005412031686316541 0.999952917043805
-0.25046575683033223 -0.037856955406219396 0.9671592755289311
-0.25614640685165535 -0.046635690615142576 0.9654764881912511
-0.2582322216275179 -0.04332888744981097 0.9650242580896562
-0.10495918487738402 -0.0856183022927494 0.9907746921685932
-0.006489460638133558 -0.006325128139426255 0.9999347663847665
-0.024545472983927247 -0.1111657602800451 0.9934623900380101
-0.03725995954612871 -0.05616591457782351 0.9976697047549513
-0.1971515158006898 -0.1790578214220759 0.9634145177780606
-0.08617705266118428 -0.3576944109856278 0.9297648384422847
-0.07216639436100808 -0.07220749360892713 0.9947753599220265
-0.03502696302622625 -0.016500501254457768 0.999240717694642
-0.20021863550858707 -0.2116784263357443 0.9563407755835011
-0.00014718300543530206 -0.010890889377008394 0.9999253640811865
-0.009298154071279204 -0.014790152197835766 0.9998436799883281
-0.39491861245613596 -0.047439444071093774 0.9172759974275642
-0.12232927667987266 -0.1581906064641778 0.979794948849966
-0.0651173071960076 -0.020813593383284073 0.9976581102010156
-0.040043117506890616 -0.010958221050172141 0.9991195892080625
-0.0032864644459176338 -0.030322769807092743 0.9994884623899138
-0.00860839291767544 -0.010183245524569895 0.9998970919649272
-0.253741065301741 -0.11226363741393391 0.9603911642132574
-0.001432969102386795 -0.05197110046804219 0.9985322888278794
-0.027474474797699877 0.00015557603810308735 0.9996174463632829
-0.04735378283934086 -0.0024893811404802474 0.9987990054876534
-0.06094312837841535 -0.005211752795201043 0.9980370800738428
-0.10747999131726488 -0.1450146189215039 0.9832639603511784
-0.3840948227007581 -0.0066254506423928826 0.9231673396926466
-0.0018845560793665976 -0.004929133154785984 0.9999858268722845
-0.0017771746438466145 -0.002561483956225814 0.9999941562610435
-0.173116431811545 -0.00740391812407101 0.9848218449764496
-0.17299659626271424 -0.0022842286243101887 0.9849196231875502
-0.06770891668181912 -0.07840351134149454 0.9945608807543709
-0.03385118804184799 -0.062343722007885675 0.9974721094432959
-0.13857224481800767 -0.20053007166606307 0.9696039774876647
-0.30303785988052584 -0.03559241915143729 0.9523132347373046
-0.0009501933164600559 -0.0006710260170319356 0.9999989671714145
-0.2146409677575812 -0.15494817542285572 0.9641754942171629
-0.2581329157929285 -0.017954712142680577 0.965683394153953
-0.08667850373403603 -0.03694478507936167 0.9955306995594184
-0.0914028551264553 -0.019716311174509463 0.9955952412657884
-0.18586728861823407 -0.32658235359831095 0.9267067352002342
-0.17878900936912784 -0.3333219172835293 0.9254510583520704
-0.0007322566067178362 -0.05027782368012715 0.9986403898461712
-0.0007899421325323354 -0.04124262690044118 0.9991100868668777
-2.3589037331251687e-05 -0.046149252714421135 0.9989037544185956
-0.1095517483407101 -0.0016758128496732246 0.9939716713843091
-0.13139761319261892 -0.0007825195818742453 0.9912196317674353
-0.1678301141314469 -0.20124446297440468 0.9650418543218799
-0.04902074042648617 -0.15788358173109396 0.9861955064371197
-0.04776555798091051 -0.19339291370636116 0.979657467686512
-0.20899869814715935 -0.1574355307550946 0.9650956598389268
-0.24571515349275388 -0.01339663988925815 0.9689468579735772
-0.025010907400463394 -0.006193263725990056 0.9996612525096665
-0.07915975655742456 -0.18612284634842474 0.978840607244748
-0.003748551179329587 -0.28070418535058284 0.9594182797696371
-0.04152237326057659 -0.2286938580142787 0.9719425975350842
-0.07437618941083946 -0.04337018938078851 0.9962698889901453
-0.37889570443489523 -0.008780101772937372 0.9253940461743333
-0.354171359856135 -0.012650532230929427 0.9349585225264949
-0.004685971375880375 -0.11325281408714959 0.9933606519912591
-0.019906414603110725 -0.07190507577375152 0.9971845153855448
-0.006934490230502846 -0.07350781034946197 0.9972361532906708
-0.2841884425219379 -0.07973077862332625 0.9551838478145012
-0.3142222930034318 -0.13553352115335532 0.9386368433881609
-0.0858642625289439 -0.013720890223243376 0.9961374243381076
-0.020534107072780007 0.0002323704262506302 0.9997822032698739
-0.009086240649206328 -0.0014173938800843746 0.9999467943692261
-0.1933057964460248 -0.0007915420550904933 0.9808754291650775
-0.2781588946911831 -0.29403729626369024 0.914293065328867
-0.33042163992155643 0.01116677100218359 0.9437673714830093
-0.08701805791238927 -0.02533313518352765 0.9957311002411959
-0.0030221490864837013 -0.01738700330451448 0.9998404055665644
-0.06472920777632399 -0.007791020405228691 0.9977454101954444
-0.3132679358507476 -0.0025779577087357724 0.9493182842186932
-0.21877335919187857 -0.010156882333355136 0.9754766948282109
-0.031693394287567754 -0.2028680647867929 0.978609118224373
-0.22703464514362168 -0.30650748128675254 0.9243403498752836
-0.2730972372513113 -0.016927584809384714 0.96119140815316
-0.011490384757113004 -0.048866570086260955 0.998739220702993
-0.06731238121472279 -0.0004005535054963387 0.9976378329773844
-0.017967319353320736 -0.002299599647819558 0.9998042172517895
-0.050197235381693406 -0.24809032656502658 0.9674116229304491
-0.030027800103092677 -0.28359908786921395 0.9577681677845216
-0.07628391163946753 0.0028799169035533118 0.9970813669783817
-0.06844152471390645 -0.1844598783708508 0.980387217776332
-0.0022645374009412638 -0.015842527887510855 0.9998702041095942
-0.024992435931870054 -0.38244057367978856 0.9228009851884545
-0.07523670647376489 -0.0032687221615890437 0.9971184860708411
-0.01014553209102674 -0.2829249283494526 0.9589949490054963
-0.1614812451054177 -0.19203747761990636 0.9680109146215122
-0.3259170370452481 -0.1222569787513139 0.9368176316669125
-0.059674269270203355 -0.23182357723249597 0.9698770653598792
-0.09415939301736062 -0.24898292882959314 0.9636043169235942
-0.055762024680462395 -0.1635797829380093 0.9848469190136635
-0.26362339047802363 -0.0029364698818124557 0.9646013389346216
-4.652421915167305e-05 -0.058408085133058285 0.9982377269785301
-8.24212363440379e-05 -0.052055280932736765 0.9986355353904147
-0.04825433892416762 -0.341893860276858 0.9380699942897948
-0.0015678918723871864 -0.07248660115802749 0.9972404371103566
-0.09693674521292969 0.00023894678529925168 0.9951563213230449
-0.23511804903275976 -0.3335533120414956 0.9126417281218694
-0.0348507003095985 -0.04029021640831794 0.9985316231103388
-0.3207006869221986 -0.05550135297659542 0.945527013371987
-0.31294062673897105 -0.02479173039536095 0.9483378221997469
-0.26085637231818704 -0.09341669819722125 0.9608296823513606
-0.029209150315962707 -0.027854296809799565 0.9991071909629392
-0.005110245786302733 -0.034147600497292215 0.9993866637302454
-0.24215469677997659 -0.12843341903107516 0.9615864054517098
-0.048679056247288924 -0.0006094782939686904 0.9988076286465817
-0.01231904814119534 -0.35891578279958564 0.933207015553261
-0.10284055743837427 0.0005191423057656891 0.9946436220188143
-0.07362955667105693 -0.0059712449210576925 0.9971812028925829
-0.18832443019340536 -0.30441702265292414 0.9336392190965616
-0.026483100863821805 -0.021315523383861897 0.9992877702546694
-0.30422648264004293 -0.014573825795213831 0.9521989448031363
-0.271542218172192 -0.06235757218204241 0.9603920734494916
-0.0052076360583389785 -0.04854123848197154 0.9987747027281284
-0.0012241547945205892 -0.15682282712652848 0.9873782519161491
-0.03427598602679598 -0.010387990631815983 0.9993163376947908
-0.03788744389634752 -0.018227549372146885 0.9990963764017117
-0.08493694993722645 -0.37648352886697345 0.9224272241963122
-0.141330122479628 -0.14655121829503284 0.9783925867463087
-0.09774610062998029 -0.18562878762364904 0.9772930913171982
-0.009696444230479693 -0.09697641616176063 0.9952061950915737
-0.22383941506575716 -0.06471661130564985 0.9717039286967549
-0.022258244978491996 -0.3216812704818903 0.9464040717329987
-0.009558675205435184 -0.16009169320155137 0.9869014596796412
-0.18638328311174412 -0.01011979973792065 0.9823567452218082
-0.012895097991835278 -0.17553308292219882 0.9839558614776193
-0.21817517625557248 -0.06874306285243478 0.9734353362186351
-0.2267886453204393 -0.17176662705360063 0.9552037808830048
-0.127482149553967 -0.031466010469721466 0.9912849864519725
-0.14766379547772357 -0.06025243226834139 0.9870370837074576
-0.3732515710020728 -0.10138202881784975 0.9219442277186185
0.0001791725299871108 -0.30320501606808736 0.9526052993784124
-0.20906453470071906 -0.02734474072402604 0.9769667616737382
-0.2618132862880065 -0.11926679117613966 0.9575474095249233
-0.3713065397358725 -0.028976947696040197 0.9275251560164742
-0.35921350252396117 -0.01804049261533401 0.9330187892534901
-0.35666833337890036 -0.3567488181738187 0.8624846397927801
-0.0026617943840644234 -0.0351789055552488 0.999362173047684
-0.07273228752121316 -0.17949635940508218 0.9800086162333119
-0.002370831345245831 -0.1290205866383158 0.9915641061513144
-0.022952343128658598 -0.2464010424829879 0.9688414179845268
-0.31764905734784155 -0.05461340916653447 0.9466113252460607
-0.006219696234723485 -0.34649719417072145 0.9380062876804182
-0.05851378491975912 -0.35321137118990464 0.9337094757293851
-0.2750975832010001 -0.10461727675001999 0.9548125828656161
-0.06928636727744643 -0.15876591244893562 0.9848792456935097
-0.0017463550345681957 -0.33073475548772435 0.9434791595717983
-0.0005914786463313936 -0.06132022606174484 0.9980857139828904
-0.0384926969340508 -0.12487248155416149 0.9914110097705426
-0.08165037660580854 -0.002578426693815408 0.9965159334966363
-0.19180238267822763 -0.17442019748715618 0.9657739112111526
-0.007128559628784588 -0.258990206258337 0.9653492092791669
-0.013367100530289429 -0.1741942948484428 0.9846172329472128
-0.000839430087900873 -0.25159567463542043 0.967824740204914
-0.038111107121160524 -0.39338324516887274 0.9182663402514127
-0.17375612841353352 -0.1572706910880866 0.9717537473007759
-0.15993787544649285 -0.11456990078063925 0.9795372620554218
-0.008487857567177494 -0.1014682844604994 0.9947677933225022
-0.1122207337789972 -0.042468370761187965 0.9925730207833016
-0.0024815310279512363 -0.07919720957463178 0.9968161637537869
-0.018029560687346676 -0.13978486750732808 0.9897350069411843
-0.0066243275524395405 -0.3206424583581766 0.9462960850274021
-0.26743173383181557 -0.006363740439117588 0.9627518925339777
-0.3075799860701335 -0.02070781320733807 0.9512092220465783
-0.35338090623639995 -0.09140200665160396 0.9309063296873387
-0.28595068106706695 -0.17619182901211133 0.9401309353530874
-0.06090765627885299 -0.12193173862669464 0.9902090528281212
-0.2848141312210266 -0.19103307315757326 0.9375963744367279
-0.28938289138488776 -0.269973123062848 0.9183044379525215
-0.03997799886225973 -0.24324910551239812 0.9689846712552671
-0.33922026456821447 -0.07303475334395479 0.9375560302102517
-0.005500001309384625 -0.25579787836776585 0.9666314406207516
-0.3845300515724263 -0.19822015170850976 0.9015464580756137
-0.37010080262128986 -0.1870931461325801 0.9098738638997107
-0.3627787601692145 -0.18085803557058414 0.9141096613629833
-0.3302683465039519 -0.3404135103323711 0.8801389044675091
-0.010289630445218332 -0.30323010754546803 0.95239021901351
0.0014868147854935861 -0.3059029908103032 0.951804225113637
-0.194152390437616 -0.019975959925569275 0.9807423585687572
-0.005683936659788574 -0.040988025914591164 0.9990773482093418
-0.008052661146845433 -0.012941099679390554 0.9998824747601789
-0.009510043298176089 -0.4008393949954448 0.9160976729120414
-0.08864792605857566 -0.3261017376295336 0.9404367761970155
-0.3314455570521442 -0.13470205314078593 0.933592078371498
-0.010351176856230085 -0.12842181292646154 0.9916259262310496
0.0003603179139374712 -0.07096863368230903 0.9974583357565487
-0.024419395985317307 -0.1409979358400237 0.9894304429102295
-0.0007184288961831674 -0.16838481226834737 0.9857210190131722
-0.04214013134902148 -0.004431824649244413 0.9991007736443139
-0.31678334391585505 -0.17210535484167844 0.9322413660209437
-0.1745376054011943 -0.1424782594149661 0.9741761350712907
-0.1825519282369859 -0.16675780767311574 0.968429716145614
-0.373880533020426 -0.08288783472406733 0.9237618629054211
-0.36202858874137556 -0.06429464312125328 0.9297388829290916
-0.326432072639625 -0.13485093614926 0.9348086714316299
-0.1611929230894592 -0.35811684801768184 0.9193910038846034
-0.18451570306796825 -0.008936309403708612 0.9826952816666811
-0.11112600242055938 -0.00047732076550565793 0.9937973474272828
-0.08123655334089416 -0.3052947572705376 0.9487480954302134
-0.31906068870824994 -0.14057188365495235 0.9369842104227271
-0.161561027480181 -0.18168605787552475 0.9699058506894591
-0.2813605880900017 -0.022323110051882644 0.9587748357699127
-0.07364669052601643 -0.1487995233538248 0.9858755440265303
-0.06533699614034942 -0.1395863706823429 0.9879583400920059
-0.01912773318687722 -0.20093579352633203 0.9792084893551717
-0.2277102860734509 -0.16398115093754131 0.9595694812812863
-0.13538149378561828 -0.007143943832329455 0.9906637228452064
-0.35500642712240915 0.005242480826962944 0.9345621972522586
-0.2731818803953532 -0.20710883708590913 0.9393665754541619
-0.21716504488432267 -0.2860439804210324 0.9320874824108722
-0.2991302031349169 -0.029748921732349422 0.9534638526178373
-0.22929700212154905 -0.3441800263816436 0.9102198290180316
-0.010412617500774459 -0.02215239984953142 0.9996485260656568
-0.0007901966938318071 -0.11992445469690818 0.9925644318104988
-0.07950828716079456 -0.13296369378355258 0.9878895030707147
-0.08259526936105956 -0.00012309044436356433 0.9965810736777848
-0.3202274490034982 -0.0023423329494768664 0.9473191812902049
-0.05171068506655949 -0.009042140701185638 0.9985299855061344
-0.06112351975728206 -0.006067420583060085 0.9979382157589778
-0.22419654951356757 -0.08338729180532406 0.9706625121828335
-0.010864735178779013 -0.07112174778685561 0.9972915201127963
-0.043175173087119725 -0.0004720281616904112 0.9990552742150074
-0.1193441550435725 -0.3458286151336882 0.9300036250354221
-0.06645827565524277 -0.29445932340353476 0.9530884500346686
-0.04022849845936199 -0.10440832423239856 0.9934563168461312
-0.16330223697820148 -0.016953256517114546 0.9864160278350308
-0.22892901565268026 -0.03441771342329044 0.972396976972655
-0.3894167191334632 -0.15748632198643284 0.9068245032428354
-0.31062246285063266 -0.002788023436303513 0.9500601219477777
-0.0017860666712533118 -0.013219683171861245 0.9999083591640673
-0.2649798405352086 -0.0020393747334341837 0.963632110292406
-0.3639631493133628 -0.07151260907733122 0.9276233122013017
-0.14165082975762167 0.0002620974826186572 0.9893956390236369
-0.05486255205523206 -0.08403097765498502 0.9948796813384151
-0.38139765214002574 -0.20180915523542942 0.9017934101458444
-0.04265378898360108 -0.0077650311583170656 0.9990370592111821
-0.3247713342285725 -0.07888936527090604 0.9423392201311827
-0.005524869622285637 -0.1337028819609767 0.9910010598231714
-0.010763065562478486 -0.030568601517106945 0.9994739271789428
-0.004702251930208198 -0.29640021821852836 0.9549565993956484
-6.402272780583481e-05 -0.286430057283435 0.9578754434893022
-0.10665887150509999 -0.1691982688757011 0.9797873149858213
-0.0069890607946193235 -0.07871320741398974 0.9968556736877111
-0.3120267782927699 -0.13993014747024926 0.9396213589772411
-0.07349210680932415 -0.027616730244426835 0.9967375071696024
-0.19840683027608186 -0.002340039332231653 0.9799257349387188
-0.1831001041775264 0.0032799247360427992 0.9823044457640316
-0.02831597176326484 -0.012094548060959075 0.9995255351548363
-0.0019626648589454922 -0.13336139541706452 0.9910634000642609
-0.04427832813538149 -0.012912684850344422 0.9989085223682602
-0.24221780758794004 -0.08591814786979977 0.9662505295768422
-0.07829637999565843 -0.10398980139094488 0.9912271443324476
-0.26011978695561594 -0.06116833126675331 0.9628812268520195
-0.07273556686042991 -0.07149892805681045 0.9947833183693459
-0.24903812099191888 -0.01638278009713626 0.9681473887127393
-0.25515390498721463 -0.026125668815939095 0.9661658002217007
-0.15409937663449416 -0.3744997230372637 0.9143181463896806
-0.007155222048202997 -0.046488863128189464 0.9988859881914985
-0.16109999050827278 -0.19476011497921433 0.9675106736631782
-0.09064739466509467 -0.006041450173442639 0.9957148599861982
-0.13290900136834388 -0.35661476579589374 0.9246911195973999
-0.15552272491871083 -0.3466148033402849 0.9249807690395023
-0.07918031724166899 -0.15853315597441398 0.9840617245559383
-0.01922260135561538 -0.029317141980690516 0.9993781289387269
-0.049885127047484316 -0.003155286345562266 0.9987032993773217
-0.031199733864657627 -0.2689937752041237 0.9623557375947889
-0.3141913172503207 -0.08636517680806982 0.9447772640720451
-0.0424476918386051 -0.04632569453650853 0.9979237932647992
-0.0229450343679397 -0.04303309030341959 0.998784483828896
-0.014459308991945297 -0.04544371879533489 0.9988324956993588
-0.32051629778472057 -0.06253368552263468 0.9451558200459321
-0.40262530562834953 -0.014710227018464736 0.9143588942737875
-0.03271925148298487 -0.11442127646693974 0.9926810288173938
-0.23599402662168956 -0.30731263305203116 0.9216307277270521
-0.11120136783599448 -0.03403041374444919 0.9930325965474653
-0.0004801487933727867 -0.08400256766739271 0.9963043602549595
-0.01943633754025922 -0.1352872573153467 0.9904635626682312
-0.07958457397351451 -0.2517203025177563 0.9644761204575715
-0.17278640269154155 -0.009522058882682073 0.9849125438382189
-0.002992350275106277 -0.3042588503228234 0.9525394415607596
-0.03668085274999872 -0.1311958372986637 0.9906505752811681
-0.3169516131711354 -0.1856844392195057 0.9297028552350022
-0.03366936196738732 -0.18307979942219535 0.9824030452137613
-0.11809382532430454 -0.1906997679895928 0.9741023553407746
-0.30812825557015244 -0.04866173577939406 0.9498262222343867
-0.2705748559697148 -0.2605742795263935 0.9266352248848752
-0.02190786304735242 -0.00039964598188784654 0.9997472431969644
-0.0777911449591161 -0.3010377667299896 0.9501749910370857
-0.005626763169090275 -0.06989679818873203 0.9975376686073673
-0.25281481791433175 -0.03447410921118976 0.9667216408710456
-0.19411418230150332 -0.06524358362238776 0.9786738664761545
-0.24296996799294185 -0.31578724271044584 0.9171721794460196
-0.19086263755198335 -0.008000168866433902 0.9813009003242634
-0.3238004025634422 -0.06479566131277567 0.9438453876584058
-0.1796161764612716 -0.1309559284452959 0.9743908037464504
-0.047614853287471975 -0.2701289711288421 0.9606741441911782
-0.0024298292659092734 -0.10440295392874904 0.9944769937777332
-0.164801794117815 -0.026591027236952024 0.9857937868536546
-0.3307288339418807 -0.012165708264831546 0.9428730072085618
-0.21412120816868463 -0.03676304272695204 0.9759865858282433
-0.007677798442665569 -0.145100742427934 0.9892576515581949
-0.07114989098992851 -0.012503048680526523 0.9973828782650929
-0.15520824270764033 -0.004585265807962959 0.9878209759799721
0.005393846029959357 -0.25656664361276876 0.9660587226100886
-0.14116881883720755 -0.040777771133462905 0.989081336676466
-0.11986536726160024 -0.18460613292590541 0.974401571343317
-0.22667358908149948 -0.07122290126328455 0.9713127729294346
-0.0797080574633512 -0.023882583283209594 0.9965110669068069
-0.25188044990671704 -0.27166919875503076 0.9269682923889315
-0.19069155843733973 -0.3337362672307865 0.9228913687922915
-0.049796539481574524 -0.03421214147314582 0.998153094113934
-0.006561012921589398 -0.2841847964646224 0.9586877220523047
-0.38258146726802733 -0.17751460686449236 0.9059723675846789
-0.1288098126043994 -0.00926184922985051 0.9912493981017504
-0.09685119919794907 -0.230314761008775 0.9681002995261978
-0.2696441109888628 -0.2156702427748542 0.9380178527281424
-0.1738877593672791 -0.009616382004359426 0.9842130801131692
-0.03636268127187807 -0.1996561284307565 0.9791036810039179
-0.02814973296171641 -0.07121797856701208 0.9967849584810102
-0.37735490350846695 -0.26670239823439296 0.8863788551966157
-0.04231296312083364 -0.031662137902060516 0.9985930425278159
-0.03962670198404923 -0.2328516759490578 0.9715603832031081
-0.1765240697376823 -0.22823431229116778 0.9573757703327007
-0.03622413744575384 -0.03218718550190912 0.9987988440564289
-0.12513714856198896 -0.16771155323405043 0.9773568536945111
-0.1496923915652606 -0.07656271240523381 0.9856936549985995
-0.004612670455634643 -0.3257226433795799 0.9452360146994326
-0.2528404252354919 -0.2630635393816551 0.9309962240063151
-0.0005208160393358275 -0.40533634640856725 0.9141520416951079
-0.37175503212146377 -0.13163603978717348 0.9188749227848652
-0.22095202886869533 -0.2691202803756075 0.9370962792483601
-0.1828915671159035 -0.028847594711015237 0.9817822466251216
-0.19607187625472186 -0.10393235148692563 0.9750610648710456
-0.1037679240042647 -0.16494338510125414 0.9805337909249161
0.006658808748685155 -0.34814173205223076 0.9371449038108487
-0.23431443943151403 -0.012968461043268964 0.9716116061687033
-0.0771398138861143 -0.040179114648065326 0.9958617635815038
-0.009288063742563553 -0.27948633491678754 0.9600218307069229
-0.008342759043355427 -0.09699872334168935 0.9952424318669177
-0.05966418686637321 -0.21698000437702214 0.9741425739357994
-0.22637059282666785 -0.2767851927384939 0.9331024237491684
-0.14403314772934825 -0.17967637560683716 0.9730184446653881
-0.012722583523795988 -0.2473196036277222 0.9687524109062584
-0.04853958178422492 -0.15008354900833396 0.987381106694219
-0.21577158095565635 -0.2343941761914368 0.9478856105678588
-0.10559363014071965 -0.2650981694720331 0.9583828197541178
-0.3992104318209887 -0.02535932038769761 0.9165015806738676
-0.21890045184150855 0.0019765908703271986 0.9756486932033345
-0.06730079785516277 -0.2402392794085127 0.9676985631440096
-0.29036657080586753 -0.12405200393275612 0.9475897905150502
-0.2384698193209218 -0.052470578203043086 0.969542037759259
-0.22232963992888996 -0.0284515560543314 0.974529051707911
-0.12366163471172982 -0.08882626894253691 0.9871856572221767
-0.03606906260677647 -0.26592311746361813 0.9628714926812922
-0.00019183117587818317 -0.02775999849955131 0.9996133339566229
-0.24073598585265701 -0.2777075663130491 0.9298339224766992
-0.0013365113622849341 -0.1000261507633283 0.994786062493065
-0.17656170944713376 -0.1616042975774485 0.9706129781204087
-0.2404711945202788 -0.047609994342055026 0.9693155709466089
-0.027344773225827 -0.37998174043195154 0.9245784822750021
-0.019641269166860764 -0.1566111844145459 0.9873820013552886
-0.2205065909268571 0.0018605551419508782 0.975322534356817
-0.18647151916444474 -0.045867066800667516 0.9812131346547774
-0.018767753003189485 -0.21601875895225311 0.9760128341549899
-0.1810167615291746 -0.2527830727025094 0.9502956948744902
0.0005435937713369934 -0.18678847114742336 0.9822272649214404
-0.20641519639349237 -0.12577232302319272 0.9702530291379614
-0.26694628671618614 -0.3680964486438208 0.8905946058086668
-0.031391662023549816 -0.015451718037197295 0.9991635874791238
-0.2704767463678387 -0.15796942926401852 0.9488803559917789
-0.011344274913301972 -0.10778495749904969 0.993978742712476
-0.11099438773992298 -0.3043811889018619 0.9458392899880765
-0.06582751078997041 -0.05897108899140047 0.996054863934699
-0.17243211271466766 -0.007928202161794014 0.9849882830076543
-0.0039870670632698455 -0.2845513336373035 0.9582487885853022
-0.00924882901324119 -0.07882828804369492 0.9966571152620228
-0.14004677807288773 -0.026232622543823563 0.9897861785446963
-0.000997786880688425 -0.005394137009136153 0.9999775769685229
-0.11985039796420091 -0.36901026650790253 0.9215332337875486
-0.27112610947418486 -0.3353975671480002 0.9019050504637841
-0.04203397341819553 -0.03361065009156919 0.998538446256495
-0.004552845336833387 -0.3517167109620865 0.9360953878827473
-0.32977741209722333 -0.3334680155327377 0.8832021060030045
-0.02032499280206263 -0.05147109178246136 0.9982498338834602
-0.0635187007810518 -0.023362138789763568 0.9977064531964156
0.011171455170224366 -0.3816067504120406 0.9239299671622627
-0.01907057546003568 -0.28808423896777025 0.95687849126984
-0.0030646137233622845 -0.252313658793798 0.9675928516542124
-0.33457086119716006 -0.32614283682924283 0.8841341568379821
-0.010905820211593734 -0.1598362719215216 0.9868707714717543
-0.08380774103157372 -0.1811463592670699 0.9797120657497776
-0.14431397907690158 -0.2882242603878175 0.9457774123027546
-0.002106622772406732 -0.0831013481087385 0.9965251892889372
-0.27080002374360285 -0.18474415013638762 0.9443855863287335
-0.054781267943983254 -0.05991901437919488 0.9965434519450146
-0.3878243171823568 -0.015867817506335993 0.9209289504738376
-0.01008640484221691 -0.055410438114336255 0.9983679496775573
-0.0001528460644710133 -0.027763569531662542 0.9996112086138799
-0.017458310089621388 -0.19377374222433696 0.9808861933864275
-0.37925065857382784 -0.05788941610313569 0.9234545207832356
-0.008524616926440551 -0.06467892362338609 0.9978580884658543
-0.015063061354113156 -0.16811763236773533 0.9856353192675965
0.01871619381203272 -0.3541398004331083 0.9350051958954939
-0.0018485342668684594 -0.28867728411911264 0.9566072895805535
-0.023499958963699562 -0.24173287744328853 0.9697583971103162
-0.2803169121878731 -0.19994100269158108 0.9385517429158812
-0.022910372150684387 -0.26828427886517414 0.9629963362576529
-0.13182950739338783 -0.3812025518015963 0.9150032659333434
-0.30359663285140936 -0.07200691021383453 0.9488599093938594
-0.04713537479857236 -0.024393939821771227 0.9983253463565098
-0.14415831134017112 -0.29652015207000365 0.9440698273995467
-0.10990166252185599 -0.011245721426274877 0.993660056986717
-0.18080342038563668 -0.287071780787437 0.9398053890961684
-0.0755297752309916 -0.04520955563061354 0.9960888752445615
-0.2928981451312336 -0.21045017823626685 0.9326214311891082
-0.285517480571752 -0.062248538148642805 0.9561102391216502
-0.30955640297397974 -0.24405694986190848 0.9186914864160963
-0.3260528183477318 -0.22777405244010313 0.9174629343494861
-0.10732141750713466 -0.013345816128139204 0.9940610806444257
-0.2878380893926128 -0.26543663130620393 0.9201590321473614
-0.05597149219630682 -0.012219254061710648 0.9983277684180382
-0.3092588451038141 -0.07239603258705274 0.9481225568291232
-0.1548504259641655 -0.005871261715560922 0.9874807299865968
-0.0010547702464902824 -0.0036179074860147814 0.999990316167432
-0.10923767611154724 -0.016641904233036294 0.9937292001542113
-0.043852512522128836 -0.005940006018515114 0.999020297357576
-0.1743124384756839 -0.06710169862750592 0.9818419241868178
-0.2989114251952701 -0.08471487783290348 0.9504265123871304
-0.009716663120753397 -0.3183839124083351 0.9465711440588087
-0.31259827333206974 -0.15684559567394402 0.9365987945752663
-0.07323902881324847 -0.1382051810879297 0.9876862135484475
-0.012488809659155603 -0.27633102901789275 0.9606174585356929
-0.39946015671209545 -0.10859360741574343 0.9102935306050054
-0.3295181840295697 -0.318347304472542 0.8887175415010006
-0.38631242164937096 -0.03979880908069093 0.9214054258659041
-0.0008233653825408634 -0.002557118137455374 0.9999947997969055
-0.03530785502347113 -0.3769677623810983 0.9254873327621689
-0.26947905684490164 -0.07663249778976791 0.9598278426936503
-0.0630289445651202 -0.210909422596772 0.9752386295463574
-0.13720829591579337 -0.33805658878753675 0.931028415513627
-0.1021239894069969 -0.029951276684452285 0.9935462904100534
-0.005734348375579441 -0.30390529832446533 0.9526279779764484
-0.29085784853734575 -0.3298509759883891 0.8979205754224293
-0.11471732121909517 -0.32739851984257334 0.937784086606871
-0.13901309518884855 -0.08195227610218227 0.9868705300301827
-0.16306570507477278 -0.3118608207584484 0.9357218048381636
-0.013917377132889893 -0.25210819237099946 0.9674276571710445
-0.05333314317893809 -0.2337422967318509 0.9707815512740199
-0.13225351886911366 -0.2535859934918755 0.9582073260375641
-0.14303217902152685 -0.2627409216401006 0.9540240762463801
-0.0746324965186096 -0.013962967257929965 0.9969635590715354
-0.019043735300369152 -0.1949561360403458 0.9806016814206029
-0.27622012399069623 -0.3224646426414511 0.9053381499108099
-0.30485855457492816 -0.11741946711638722 0.9449614293752778
-0.18759902027531114 -0.13430037451161086 0.9725020877254313
-0.09569855732781665 -0.035923200710768294 0.9946891295000552
-0.32411461128963176 -0.3640704944326772 0.8729762174245437
-0.025059211392371123 -0.020800368483374444 0.9994662580992356
-0.14355349383203983 -0.07157830090921394 0.9869720934635602
-0.0208777269215226 -0.32461308803220146 0.945613501038427
-0.20990706686974803 -0.357767638072107 0.9095428686646572
-0.2527972103073432 -0.3580949304884423 0.8984595330618851
-0.2208526112801393 -0.18347036943696043 0.9577888011592859
-0.34652427293983873 -0.10130238611429603 0.9323533003253115
-0.06284371772536239 -0.02361971758001551 0.9975257911087555
-0.015828946880355993 -0.10531666883591728 0.994188524408105
-0.29692868764752806 -0.1090971755978788 0.9486401291106087
-0.0029447517573081604 -0.03637871954733598 0.9993220913891725
-0.33040453322271485 -0.35645385076341957 0.873941368065147
-0.048277506230158376 -0.30167273947351003 0.9521772630086148
-0.013854655866018995 -0.024622649675567033 0.9995990302055815
-0.054271769411520294 -0.04081031003897278 0.9973235318455318
-0.18187185718551732 -0.0035240467090331224 0.9832242733625015
-0.2919157343717679 -0.02254913977043205 0.9561781995347133
-0.08043663576224068 -0.003959678224549112 0.9967392045148602
-0.0033592312099019334 -0.01681246978052042 0.9998188120844245
-0.20305593481940012 -0.0011971453975389006 0.9787201423731335
-0.1337638560828752 -0.25346113426693484 0.9580502208358572
-0.28611678319750716 -0.10745549331381185 0.9520658463568524
-0.10460105447492318 -0.21983965596845473 0.9697586255482328
-0.00866095106408737 -0.34953897850270715 0.9368690378547382
-0.08176469820838693 -0.4156141169947777 0.9058269249772246
-0.028220283109254705 -0.05872739405428193 0.9977540676024985
-0.24695087357835552 -0.20593343683918733 0.9466714811083493
-0.25088362969557393 -0.004417317445670707 0.9674732643938733
-0.0432941592483356 -0.07293822814026484 0.9960904624642919
-0.007815333651274941 -0.01814566654101837 0.9998016140850373
-0.0013995353820044204 -0.0021348039220931915 0.9999948867339001
-0.043005115013054325 -0.01508638548427111 0.9989162979751022
-0.053983084172976224 -0.0007657732358188316 0.9984921626112432
-0.3476555757964576 0.0004612523593151655 0.9374616052848267
-0.033588632801785354 -0.21396510945024141 0.9761078537048299
-0.3070806341898187 -0.21262507559786886 0.9265062584628639
-0.07340541372129572 -0.007782690888030036 0.9972291695112652
-0.13570246039040285 -0.001091213554056296 0.9906645067354137
-0.0427321479317272 -0.08418324831338833 0.9955205379236194
-0.11030290364811887 -0.001922852146067637 0.9936892481545023
-0.0031904561858878415 -0.0783814589684442 0.996792876511383
-0.32188401837070374 -0.0019712502487057378 0.9467055516320891
-0.19514417774018716 -0.11795003513154025 0.9736345036056513
-0.041556764500645126 -0.30605844683877825 0.9505963315233249
-0.37264616256855615 -0.2519990906832025 0.892984855554193
-0.033605511357391905 -0.30222370617513966 0.9523067210823528
-0.36069212315947646 -0.08177988768328541 0.928366896610742
0.010060623524532734 -0.27928491377405557 0.9599155442128494
-0.016651080926101538 -0.0010582942791526665 0.9998538149605668
-0.06939143734291593 -0.25558471443232156 0.964085531411526
-0.02192847192335434 -0.22816209481417887 0.9733747320293233
-0.1376260775475949 -0.0024165500161554307 0.990462384676579
-0.041785825459093734 -0.07969802316180194 0.9958730539674816
-0.2762654352743958 -0.25667438650027175 0.9248305891120586
-0.30370784796355366 -0.003530349056519703 0.9527374225233155
-0.2685344741967314 -0.1579526263829869 0.9502311313390402
-0.03195281139946339 -0.16281419923812196 0.9860841312961399
-0.12573678544523673 -0.027286820169915724 0.9911279912234567
-0.18207154302205467 -0.06275600570065708 0.980103620746328
-0.05323256430136094 -0.03280203852423241 0.9980063233807686
-0.1419348190243496 -0.0023715626833786616 0.9898598552896376
-0.28469368889134616 -0.0947793763889224 0.9538659014374511
-0.21508863939343975 -0.021474477982668234 0.9762742544948086
-0.21007339099831207 -0.03763359977521708 0.976883017702468
-0.33289824118627853 -0.17788241022874124 0.925278473094808
-0.07715801679259612 -0.0860609056650025 0.9932318685589524
-0.22130939679399358 -0.01638062650188249 0.9750571806796099
-0.38668378819386573 -0.007501942933735286 0.9220941548310566
-0.06531174845034388 -0.2528548000366499 0.9652267768203562
-0.2539133258366834 -0.10835110461674469 0.9608099710770929
-0.007481193880288628 -0.000762706005968926 0.9999680416064802
-0.11186529366948246 -0.2146295722377598 0.9701936220623254
-0.32157110322370397 -0.04749597002254658 0.945693485671706
-0.34599797844182045 -0.13586327876506882 0.9282749575111193
-0.0026199651551050674 -0.3975822776506426 0.9170737742919388
-0.12035976597343272 -0.01503470224624837 0.9925776304511927
-0.0294888092534265 -0.044795441529084434 0.9984964723208352
-0.1158280323137645 -0.021658394889047843 0.9926288647495694
-0.271041806302829 -0.01123084656850346 0.9624089194133989
-0.05733396453784913 -0.41901253017585194 0.906102718148772
-0.3464938169814902 -0.007368405245895099 0.9379302508037884
-0.10805372117099594 -0.09952058693820522 0.9891236942527973
-0.15892307920889723 -0.06060409477879821 0.9853034867925196
-0.21356189715333956 -0.23436631961262014 0.9484006310484799
-0.1750093244071497 -0.024316417799750797 0.9841136367646449
-0.3892777061711909 -0.22196623370789514 0.8936561918491518
-0.06827337919487496 -0.016320096379680994 0.997514683707888
-0.3295030180806302 -0.007273647669099379 0.943776629317064
-0.200494488767638 -0.04665381176040141 0.9785032639739223
-0.20757881282989418 -0.05247527659897107 0.9766865181371792
-0.006081214155208846 -0.3563601828883077 0.9341819044509068
-0.080860884648347 -0.3620779814873855 0.9284203444144106
-0.03261842897208332 -0.04167160978075918 0.9984400168900421
-0.044989807464150704 -0.18935097555992889 0.9808781784005216
-0.03021280223364122 -0.021977076884398365 0.9992042465947932
-0.04029698574642456 -0.014458046451383696 0.9989772874706678
-0.256602409509085 0.004098990772497321 0.9664757124903046
-0.31321597721363037 0.0006185899386616354 0.9496165983409729
0.00016150929443249916 -0.099925828020547 0.9949827738872151
-0.13456381072040272 -0.017788192384626027 0.9906006724219143
-0.3967142456262113 -0.13115687848718585 0.9084608428833907
-0.0665720424291136 -0.39534990635588024 0.9154755130985548
-0.020106672799547434 -0.054788529882285504 0.9982868221860712
-0.14815823022528654 -0.04295378948974857 0.9878731504791772
-0.01563793237507052 -0.035777760132107685 0.9991728451016264
-0.012630252446142558 -0.06807425937032793 0.9974629752491245
-0.09703843528673622 -0.28635224583841823 0.9527346774113159
-0.0941638043523065 -0.008197294093347832 0.9955204157772667
-0.3967836527106333 -0.36012300047593737 0.8443187667999051
-0.23482022710285672 -0.06134891730015937 0.9699981633439928
-0.2182436295390681 -0.021737674269156647 0.9756496661450038
-0.14609297792168116 -0.08526661640634654 0.985585004688671
-0.2715092485811568 -0.2594807879224128 0.9266762279933517
-0.38203183786062217 -0.24625152813596343 0.890411602073536
-0.012267454379437567 -0.03544457364989226 0.9992605108716226
-0.05258166828192918 -0.09207500748636002 0.9940926381108618
-0.015035143074086614 -0.0014609877110820495 0.9998613600689453
-0.1076103677119729 -0.020350681832527938 0.9939584295633481
-0.039615666698510583 -0.34723211386709235 0.9366895063270503
-0.024822176966304857 -0.2690133162746334 0.9628165137128832
-0.09569585129678419 -0.01265160050088246 0.9953273399089831
-0.15766756799116552 -0.3928627197027733 0.9059185918022508
-0.051825916660124656 -0.292657657127534 0.9547998364318802
-0.031681102929535236 -0.054934064953722085 0.9979310860094206
-0.010212906830891572 -0.004060157447465273 0.9999136727182588
-0.05011357919757154 -0.0035649745440654123 0.9987371532201397
-0.29298488517793675 -0.2799163799554117 0.9142165238336227
-0.01706145302298135 -0.13139680777238855 0.9906873315966742
-0.0038275493190685194 -0.09914064155373588 0.9950643933890962
-0.0926558083960399 -0.040787052716121874 0.9948222172666813
-0.17550477010353832 -0.004982454836340558 0.9844374932614511
-0.16090905631170246 -0.08624515253995084 0.9828824836252714
-0.24449440665646635 -0.03467477246823221 0.9683873532950433
-0.041015565220847615 -0.2893908176232905 0.9562521800737376
