-0.01951063381251573 -0.03573090390228581 0.9991032408079339
-0.1673605786985735 -0.007382562607119567 0.9855027024701799
-0.21952929597252793 -0.022351277025129613 0.9750027223053748
-0.08387360256805214 -0.049824313969173306 0.9951017823712116
-0.2670270605961207 -0.03806446409917463 0.9626020478050118
-0.002430450288894062 -0.008371129256919916 0.9999411738733693
-0.1789176731252888 -0.11331752049509917 0.977020610588362
-0.031151278433886563 -0.20403894532425884 0.9780885985238946
-0.19143970504584226 -0.21190553340118207 0.9562137838602466
-0.017075880299037623 -0.30129608150174647 0.9530921046836928
-0.010694218702482588 -0.1347110740088794 0.9905976875791933
-0.14087047158788374 -0.09719671927672541 0.9848718593729745
-0.26597916335562366 -0.17759937043613616 0.9470210200352329
-0.25774734461390836 -0.34526221137290924 0.9010919659637671
-0.017249733035153054 -0.009204599059340806 0.9997394383557895
-0.003056079173559049 -0.0005420560336004679 0.9999862840028096
-0.01997074546681072 -0.2573151458591942 0.9658500928863085
-0.16243278008728806 -0.005161602556712764 0.9864026551959947
-0.0043463885588993926 -0.3176057386905338 0.9475680233291588
-0.10641432296079306 -0.2649319811608601 0.9579985341343806
-0.012259152013431463 -0.21252908834982007 0.9763544997934381
-0.08713165548700964 -0.1347814158399166 0.9859191084700174
-0.028550538663002088 -0.27766433289397585 0.9597357806195661
-0.0035838045447603795 -0.32808743561939 0.9440999899087231
-0.11008886687096442 -0.06750585942778192 0.99143662082052
-0.1998689601543943 -0.06643749669728698 0.9772355517750394
-0.21098202491177268 -0.004560060394823064 0.976681538514025
-0.03953244876355382 -0.18303252191442373 0.9821311501584737
-0.004446157291344232 -0.024425907901921055 0.9996726891682064
-0.17031297475696347 -0.0023406481621143266 0.9852246836686014
-0.021251353877326563 -0.003452300797928979 0.9997325928258317
-0.3056966505654036 -0.020346309690093243 0.9515369993248708
-0.2532903524245727 -0.0048140628975443895 0.9670213849273683
-0.18514352406445317 -0.08599779475148452 0.9783259605110923
-0.3663690576570936 -0.04105608317382885 0.9288391270514167
-0.11351024238184074 -0.03906578543536938 0.9925719663682839
-0.16865799331610204 -0.27125690061398927 0.9463794590453101
-0.19300871089548094 -0.2901447161317226 0.936090931865659
-0.00046342062918198264 -0.0038707078972540407 0.9999810508702374
-0.021161798006926445 -0.22482351441200774 0.9739690521830325
-0.06346922360563165 -0.004112683712490371 0.9978113120720897
-0.3626052093536879 -0.35427774980132704 0.8602241586719691
-0.008785248350618636 -0.12225293931394042 0.9921185907378547
-0.2781449331725783 -0.2754288695995814 0.9194764791433218
-0.34401593603735875 -0.09301530503998086 0.9338705673545159
-0.08670888253816088 -0.14906621290174768 0.9839023317405838
-0.29760376042711195 -0.19867976277386987 0.9333497371582787
-0.35321641239902285 -0.170596814597724 0.9193721156235967
-0.0682290661023963 -0.010229892711392036 0.9975704718869509
-0.367522537716037 -0.01750237165480066 0.9291091494662151
-0.04812037903089274 -0.3200089612024694 0.9454073925922484
-0.05311297263906803 -0.1125360541495572 0.9918146456088859
-0.004097092742772936 -0.16079350201394885 0.9866521418795017
-0.1256150553249596 -0.22280027820018294 0.9658641950318131
-0.008136667817460379 -0.04831469376395023 0.9985368646878487
-0.16074321510650214 -0.3527343650872142 0.9199883801748988
-0.009392417791037977 -0.09957125009914358 0.9947720358884525
-0.09167164036117423 -0.030901656204809856 0.9951275993976734
-0.14335781173018555 -0.09217588074755746 0.9851584083817283
-0.15100967623796877 -0.026905721806443857 0.987875905105387
-0.019892182830813874 -0.15490762915399092 0.9875923649070697
-0.0027015673215253335 -0.0289158303321011 0.999518170892307
-0.00512900311610595 -0.009763888105049226 0.9999276282368769
-0.0015386054953296282 -0.13146593846650115 0.9909362564159789
-0.03364497760718741 -0.3062661752499015 0.9510723939425969
-0.013780748743603844 -0.12438305770398224 0.9919397254113936
-0.17728895152443316 -0.04345735876392229 0.9830032641463894
-0.13506543340464458 -0.2455176077818249 0.9595124192974611
-0.24792293363432263 -0.10550587869650681 0.9621567033065342
-0.12537785348697542 -0.04848046893823214 0.9906889184314802
-0.25140392731227884 -0.17377537267936277 0.9516593631495546
-0.2583104543872283 -0.1989325472193472 0.9449600061400469
-0.22516045420396474 -0.29057286467734417 0.9295381579296922
-0.2724307835599114 -0.3053705930670399 0.9115682953684994
-0.12574697752024785 -0.011285957762731837 0.9918884120384515
-0.06203578380252589 -0.34633996886911206 0.9356435565964899
-0.05133448127396725 -0.04475227133709392 0.9975464339669037
-0.20509435535531748 -0.23406442005125458 0.9488205778661516
-0.05889821903217284 -0.09969505873056882 0.9931158605413016
-0.37847567316589836 -0.055198859984265845 0.9228987490924737
-0.364002427531112 -0.013679325440940172 0.9309305931179277
-0.030047786176862296 -0.2642707482851862 0.9637084471003938
-0.16034820902918995 -0.023279960854302815 0.9860088820568763
-0.2960769969471749 -0.014746865022203352 0.9546733951945949
-0.16876185653063114 -0.08013773184380182 0.9812288340678508
-0.17043982143039463 -0.002407412108445194 0.9852214613195103
-0.14548690185647764 -0.15709402752929186 0.9762705762708108
-0.06630699118581675 -0.33526138060241384 0.9379901192563279
-0.0016313664637539588 -0.38839187659824115 0.9206565449201188
-0.03814451323367596 -0.3869966844368099 0.9202783803917989
-0.2794235476407673 -0.3745168981206575 0.8832747744740028
-0.32573370147624087 -0.3392574120625894 0.8817514788057831
-0.10134605986840248 -0.14960312103145193 0.9832232082886173
-0.010598842205034964 -0.38661747310308664 0.9216189388533872
-0.1553060726348334 -0.1069582035063418 0.9813014228237471
-0.11589811794848989 -0.09669681984552504 0.9883182273632243
-0.020460185062369934 -0.22674958713459703 0.9731998565190715
-0.14043980201993886 -0.3631008859091765 0.9186788551869958
-0.1263724395267943 -0.022049816216683647 0.9916245469316766
-0.000526210378590762 -0.21402889901732022 0.9764027487061234
-0.027992297456797464 -0.15570035593693085 0.9870414472086023
-0.07564454848793967 -0.09086147716130456 0.9928192213711649
-0.288481358650091 -0.006996530010744189 0.9569767064981657
-0.05872955227365397 -0.16192493376099354 0.9846994722848401
-0.3612400729022676 -0.18915685731262413 0.91257757814201
-0.24958429294239998 -0.2270764443131919 0.939719768085102
-0.21268215318093361 -0.016408683199750508 0.9767702274310803
-0.22355758189391806 -0.059529891842077944 0.9726226471281904
-0.22043895743982378 -0.02212203578229157 0.9749476476165616
-0.259668316025801 -0.2544255867476657 0.9310939450402581
-0.08220897842470454 -0.07828003536737645 0.9932455131665989
-0.2355827499218223 -0.09538262097799471 0.9667341831313666
-0.03577019084753271 -0.07219050584082232 0.996550863717619
-0.11861199612715825 -0.32185589203704273 0.9377116917292357
-0.036110220111138784 -0.05740509445780538 0.9975963960390551
-0.028982388008325442 -0.048180253540017925 0.9982222353313732
0.001823298243162009 -0.022169889110376817 0.9997185878767472
-0.1831293997579882 -0.2407537570949018 0.9509215133273393
-0.0034180617122320563 -0.2035909582349083 0.9787736583291965
-0.007713655339842893 -0.2490525867734137 0.9677998436102281
-0.04968094908213819 -0.07078820525105549 0.9957448253047092
-0.18134133185548887 -0.37875364902217906 0.9065244470119282
-0.008347412785858781 -0.004482722542477053 0.9999246712008332
-0.012986373850203473 -0.2761891362986063 0.9606149543568202
-0.07620139979346963 -0.28184284766354845 0.9547752190088103
-0.20694231549086106 -0.270618608314491 0.9386675243619335
-0.003076495295893448 -0.06699822875653624 0.9977003632642772
-0.29893521100965204 0.0008237670818977058 0.9540002045098347
-0.2434594645965987 -0.23490721951797397 0.9400468073160961
-0.23893813876234724 -0.1212442216317131 0.9626642676664695
-0.06290588600002413 -0.019061815597582545 0.9977452164998957
-0.2075174044749401 -0.3799644155289281 0.900636932202134
-0.007162140067917877 -0.13114672311425615 0.9912296789729141
-0.04478310251809329 -0.04180394102485647 0.9977972993303789
-0.2566007459048659 -0.13848241352247964 0.9560014327863979
-0.0307615887292657 -0.0015260127950090115 0.999378792632674
-0.005073497236048569 -0.013738374042924452 0.9998737302843174
-0.02275558394554114 -0.08500529133306314 0.9958112492241487
-0.061819679377220445 -0.22572585891785937 0.9711211213569025
-0.15896232735193064 -0.2910853657976385 0.9430242750821599
-0.02825601445198861 -0.11995565905961474 0.9922695135705766
-0.3337997441021866 -0.010522387795505699 0.9420502423577684
-0.252857675809709 -0.11786564269344371 0.9599758899364127
-0.2741470890196296 -0.0455433345683231 0.9596179171046418
-0.022907862363065294 -0.07366046270601569 0.9968890950609981
-0.12367492683497176 -0.3387835971860809 0.9322987907411593
-0.3622687541546368 -0.0037994182709090163 0.9307180502628801
-0.06318542377444657 -0.039020280687858705 0.9970907406982289
-0.2916632129584391 -0.06203591175079115 0.9522889108729184
-0.20463596483107516 -0.005116590539526622 0.9784826081381917
-0.3153280213278912 -0.012688109462663468 0.9485988552136785
-0.06706836687557678 -0.1506302325129464 0.9860609030910814
-0.07423491400270188 -0.21184823109295436 0.9742332776835474
-0.14126516928475916 -0.055494630179963644 0.9882663831453161
-0.18416577179045932 -0.023898671284714672 0.9824022214207403
-0.04104538352263069 -0.031114042175095478 0.9983061319578271
-0.0005001887336018626 -0.216212032733193 0.9755014993801833
-0.09426051145133658 -0.0919666631689191 0.9903089533923305
-0.017025377682739352 -0.3045260235339356 0.951516237248493
-0.005582994518989232 -0.3348137947720752 0.9418374275941394
-0.35197521820679406 -0.25571323990066347 0.8998516512758845
-0.09654437218601086 -0.1729887715778694 0.9799606328871157
-0.025248669621915527 -0.04663318400355852 0.9985227775923421
-0.299325205421765 -0.2461144754314926 0.9210193843252553
-0.17784577645705407 -0.15386536206360202 0.9716661755669268
-0.2282274641101763 -0.12481767975891433 0.9651609056304528
-0.009398266054951662 -0.04393475623623939 0.9989519836002794
-0.18016790444371164 -0.01903479437518233 0.9825545338532663
-0.19724167068471074 -0.03718081891675527 0.9792957613370815
-0.18915692161407757 -0.25360001171353136 0.9482937866473091
-0.28200172079344293 -0.021309856546978062 0.9588582545814276
-0.18042093947645982 -0.06824672737394047 0.9810054154119706
-0.32674659659604177 -0.32683994453167775 0.8861774560039807
-0.011411923771070122 -0.22642497660703192 0.9737676567192677
-0.12787692617328297 -0.21828107282468964 0.966568605531859
-0.1486794164557949 -0.3143371958888467 0.9369587602656861
-0.01583124512492146 -0.017362872695823154 0.9996713400500549
-0.3068433115228202 -0.0020116449191342946 0.9513204715314582
-0.09573639108769251 -0.11452613510993995 0.988571290460595
-0.1767861027523827 0.002256534836954826 0.984054561870804
-0.09718028745300784 -0.0643994885542654 0.992702862757185
-0.020602164601233024 -0.272068957716562 0.9614231559023986
-0.27644858968337443 -0.003952692821182537 0.9604016616080273
-0.0058371153757428304 -0.19369064588820595 0.9807931926890519
-0.01775650655092963 -0.17637171433124513 0.9838670639787361
-0.17564938368738978 -0.15426651934735156 0.9718179334786141
-0.3240879416885264 -0.22415981659201487 0.9185763468918186
-0.26001640967366796 -0.000943972940632546 0.9643509814078732
-0.0009269325489506045 -0.12950042862482414 0.9914787102900972
-0.3450754108148907 -0.24436128254467387 0.9055411462395471
-0.2660832310617564 -0.07946346630260771 0.9592003281398317
-0.000188119025650531 -0.22770056792235605 0.9732201467371503
-0.21443368275266686 -0.0008656460053339573 0.9765270949535264
-0.1582797025223895 -0.11654641753393914 0.979918483450939
-0.054150571622075865 -0.3697905261923057 0.9264713471261468
-0.3229341483071209 -0.2066570297624078 0.9220424764202625
-0.2814276829432452 -0.24871829529277076 0.9257216672755278
-0.32459395038844496 -0.24921704055195446 0.9113003230759348
-0.016677119812636067 -0.3921707239401865 0.9191826962075272
-0.23244092666046412 -0.3782467753411477 0.8952092681189029
-0.2600190438640204 -0.3766209971535655 0.888318776710136
-0.12332441444139951 -0.35169735771309285 0.9270750137553946
-0.1723938514584425 -0.33478709547465 0.9249105323996357
-0.014773931362709334 -0.20582983332314755 0.9773471032842623
-0.01342172923248887 -0.37123062666670154 0.9273108127981733
-0.023995900225774865 -0.35892809514904944 0.9318958529332787
-0.30886338225750914 -0.08238394800034884 0.9470570923747755
-0.39677453688034575 -0.014828966236339973 0.9173781330620079
-0.35743581441152966 -0.004069330223013109 0.9333569253496717
-0.27224629640412745 -0.2946587398416012 0.9152161123869214
-0.010195536785699738 -0.22630140020969683 0.973510036247052
-0.1214701934530925 -0.11546030395946742 0.9855345163117826
-0.12442847738156243 -0.1461139204741498 0.9808044515980368
-0.14281526689911425 -0.129363005359368 0.9800196386880174
-0.09055847362026812 -0.14717462374932852 0.9843266950558618
-0.11560725832116825 -0.14368002903809118 0.9826178436642432
0.001558197752908065 -0.10454418157613501 0.9944251410191416
-0.000391540203451017 -0.09276290303959667 0.9954349988403917
-0.04090756771673996 -0.0060209577241779905 0.9991066752156755
-0.02175099299037074 -0.00565087881763497 0.9997260088031796
-0.16603902631176554 -0.05236714322248575 0.9843013716895442
-0.24999046164094013 -0.09577408747346768 0.9630237123939845
-0.2538280560828831 -0.11723790347353345 0.959775787225761
-0.10098107395699739 -0.38625474144415495 0.914551332398832
-0.1659556471151918 -0.09534361138374015 0.9806598758587034
-0.1227855867471654 -0.1250146970888367 0.9833862108992892
-0.36716687092028116 -0.3070315932883563 0.876780278168285
-0.068197810840498 -0.2821994493909207 0.9565783245691538
-0.34906587612675377 -0.03429111962239982 0.9361202624022056
-0.34360424306939075 -0.017157748316053885 0.9386549659132303
-0.3511418039923831 -0.028630776211724523 0.9355617967876082
-0.2764971328305253 -0.02849485343912777 0.9600891283333621
0.0012317781647390746 -0.09473042349221518 0.9949827527328275
-0.0007918635937388307 -0.1293899022736322 0.9914168538796005
-0.0013634599599652113 -0.0920885770714249 0.9956145778803202
-0.34884781242723156 -0.1090450287284561 0.9302207106487886
-0.36694173429450283 -0.15162446923138856 0.9173102324122077
-0.002646789620040929 -0.10009875054434525 0.9948791358875092
-0.2648707834708352 -0.11287619130306742 0.9569762820588603
-0.21816804530373188 -0.3520271936841843 0.9091951885933803
-0.1110307535617943 -0.045986617805411814 0.992431023203249
-0.0076256716022654525 -0.12509930576306114 0.9916557135896832
-0.015119441810288802 -0.10188264390124946 0.9945322376727277
-0.008371390948652448 -0.06665118165658489 0.9976165014824252
-0.1805932039591941 -0.10830571188754436 0.9772417265668986
-0.1343691080053717 -0.049344697197206355 0.9894331269523748
-0.14533723387228745 -0.050524360967116606 0.98791380826005
-0.004055334869947087 -0.03721595252580326 0.9991788423136377
-0.2825591706269426 -0.016245907196216984 0.958416294252725
-0.02744205372344154 -0.3073007596820281 0.9505320892178278
-0.02066658034893791 -0.2743183249626999 0.9610782347952644
-0.16662776305898122 -0.13363388977929672 0.976606608788862
-0.006849922485488866 -0.20010581735114705 0.9783129740573331
0.00018287251101062763 -0.1673420795123853 0.9856357362336701
0.0006886044909413297 -0.12242656063291625 0.9920090898133802
-0.013618907972726859 -0.08932334045104968 0.9957473358918996
-0.02144801126022913 -0.0930439431026766 0.9949260776446098
-0.016066716674683137 -0.06461527100376753 0.9974362473059062
-0.04463843009595396 -0.141138902675455 0.9885196427291788
-0.15483469336287023 -0.04980914539067015 0.9865288901573048
-0.17622295124099357 -0.0552892719775226 0.9825831370693547
-0.030211521521371777 -0.08536188821225474 0.995734986933962
-0.2050300032217533 -0.03191618584458961 0.9780456349508024
-0.17444715671685296 -0.03901038835588026 0.9833467085225169
-0.1874568661723401 -0.25385921698816183 0.9485315400515705
-0.19443226526934587 -0.24897096489798495 0.9482288794593796
-0.2001311140155742 -0.24233011381458575 0.9487350360098988
-0.17354700873347614 -0.11813558682680858 0.9774230371551165
-0.2144482774088625 -0.020952361157564617 0.9763342526651718
-0.2361030108868329 -0.003566254229546717 0.9710954542892588
-0.08176492505951394 -0.20347926419456863 0.9752573635464303
-0.1180599427254979 -0.2533726127168449 0.95957825432655
-0.2521572572823238 -0.2710791436792102 0.9281669508007862
-0.11126420527499391 -0.08987716082904801 0.9894707101120329
-0.10533340152979759 -0.08961735963862269 0.9902413659389336
-0.10048837792362571 -0.08097219630183361 0.9914758249109032
-0.28508294595446987 -0.2649229585665965 0.9206348717208501
-0.2735968824150902 -0.30982889860736873 0.9100059083180521
-0.31125165144097344 -0.29574455040565106 0.9024732297220989
-0.12716859190551152 -0.016322211317656033 0.991633646930957
-0.14694027695545891 -0.00891894213693386 0.9888123563956457
-0.12364835168920507 -0.0070152614643685905 0.9922025793758689
-0.12096105849205425 -0.0016371885036927933 0.9924820965394293
-0.19273191331547973 -0.11938089737590721 0.9736245348284422
-0.13061342767342415 -0.2877727291309994 0.9482831410061436
-0.13824295530420178 -0.2853560815125661 0.9477947146318124
-0.2796392883626087 -0.032397405321950026 0.9580847424795207
-0.12968326894977508 -0.2512140095506361 0.9588767044922575
-0.07135315399832415 -0.2589460962482876 0.9627251594830609
-0.09130380364554988 -0.25181552257885126 0.9630883792568458
-0.21671794577634235 -0.036766761891897856 0.9752621155389745
-0.2380980962748269 -0.21519775858278245 0.9464856470985425
-0.22484192702683223 -0.24065011832822267 0.9433758884116772
-0.2543278233277424 -0.19272768290849987 0.9472647150269864
-0.09901594254494271 -0.02045614389959348 0.994750578786531
-0.11146609963099212 -0.054887773227394986 0.9920765648800166
-0.09487098874537343 -0.06045641464165346 0.9934099282836477
-0.10195234606811666 -0.04505602923262695 0.993637345744337
-0.13478436958268383 -0.025754966802335622 0.9903167266688295
-0.16442748340166205 -0.029719481494204336 0.9857920986588344
-0.14459192947624597 -0.07481716600738135 0.9864346382789811
-0.012059205068701156 -0.31026516448211244 0.9501573621691914
-0.29632079370396974 -0.006021148432150026 0.954642961307944
0.0023039411740134034 -0.07831797896499784 0.996862837607238
-0.13793369758873422 -0.24369260148066169 0.9591570179010074
-0.12944095442780593 -0.27187722288804383 0.9525115668538596
-0.015115091288571154 -0.004187219276317431 0.9998623046796312
-0.01840073346321133 -0.0037210659996707463 0.9997779188934761
-0.30276051173468554 -0.050661230111164975 0.9510945385860078
-0.29671366091385587 -0.033062706607721655 0.9535890141088835
-0.04818782140115419 -0.38888755223065263 0.9193194661392997
-0.006127004380891879 -0.39525659547512876 0.9179204477355365
-0.10301083427774241 -0.387097197911871 0.9157060729852681
-0.04751136929213876 -0.33157453916459334 0.9417645915166616
-0.040992631291854084 -0.3204725621634359 0.9458436338754371
-0.3527632643005293 -0.05846548916041001 0.9335012640608104
-0.1550320094598832 -0.1860076137761023 0.969174850353807
-0.022056320660566783 -0.2829288041603994 0.9580432894866133
-0.2024135413991429 -0.1092062575601149 0.9726574412542688
-0.19278244861299837 -0.10299597500873034 0.9755905406464759
-0.30525509499799885 -0.25173508220603397 0.9178748117778717
-0.003240731912027439 -0.20211583486432527 0.9790525444996012
-0.0027049080533499605 -0.1694821638807478 0.9849989233620053
-0.009531428164439365 -0.3956581352328183 0.9176590455716692
-0.058874640910917334 -0.3043706515247916 0.9502362608323983
-0.027268528918114966 -0.3904557660191704 0.9197956160956756
-0.3649120116232744 -0.12715686831493395 0.9210409346188093
-0.352243235776165 -0.09791565947457934 0.930387398668556
-0.24004977507680603 -0.0024437131183580717 0.9705923939133736
-0.1403504638530075 -0.15850585526436875 0.9759211010809419
-0.24988895409924436 -0.04990558305854657 0.96668838605779
-0.028173806406028512 -0.2244237830760092 0.9738608593061465
-0.03859087383242527 -0.22631524322392604 0.9730357284700566
-0.08177796908792656 -0.2857031321794353 0.9536961292304594
-0.169508558549865 -0.27938678883178114 0.943893600156101
-0.14237309646827745 -0.18829460399788048 0.9704228547692955
-0.14815519757610912 -0.21808279976982908 0.9639513518383376
-0.22810965351971843 -0.14894072846360473 0.9612571427178839
-0.2172884991892561 -0.11990675001622199 0.9684349861937173
-0.21332722314901098 -0.08940395356013955 0.9720970870908205
-0.16401486999191675 -0.10352544600673726 0.9796123624455826
-0.09495755662889332 -0.22106853266414053 0.968920503453832
-0.14486308467431028 -0.21202672381319265 0.96608618406171
-0.06652605369506391 -0.18496867599265532 0.9800541352263058
-0.3937034453967281 -0.020708846657020316 0.9185669921973092
-0.09811066871486446 -0.10398979651822748 0.989497706796554
-0.091052637233273 -0.1029991642156417 0.9903204221790388
-0.0687242616970428 -0.12246674336244806 0.9898597336327826
-0.04718299360802174 -0.12479065047076128 0.9906304135942401
-0.036869777884610655 -0.10815506376543897 0.993182115164216
-0.03260019734668398 -0.13692859459004408 0.9892682282772408
-0.32686050584549475 -0.2802431194287625 0.9020117137223569
-0.00031815730168012566 -0.1777502167613378 0.9835676944767923
-0.3606598828296566 -0.1552338884721065 0.9192253157224718
-0.297289415365396 -0.09738520642395082 0.9494386752937779
-0.12231590125717806 -0.07000616385655271 0.9895909403393621
-0.3120529927025739 -0.012626128154320881 0.949543617052763
-0.14603825179164118 -0.034794363994080896 0.9882857783854158
-0.1293518857391977 -0.03965855962271553 0.9905910964022718
-0.012754613947396999 -0.05291891374140581 0.9984426718625335
-0.022179320932193186 -0.18155464002293467 0.9822659664532055
-0.07053592897825182 -0.13570937312980633 0.987943106655008
-0.061318129780641786 -0.11612139140440653 0.9911886199862636
-0.04628054342872134 -0.11635638894292978 0.9919735480064402
-0.06522087900862152 -0.08661974445356954 0.993858650017702
-0.06751357675520994 -0.07338103919898485 0.9948899549440958
-0.1785215721020458 -0.07639890118063936 0.9807260538073903
-0.19318486056991863 -0.10568337931212066 0.9752129260688776
-0.16102328911216943 -0.03159523928756013 0.9861710277369825
-0.23589315402710098 -0.0216986424949037 0.9706360967362702
-0.21214732474952716 -0.015312243111886866 0.9767878479822074
-0.17890242182432248 -0.004901402815421427 0.9835423391989995
-0.036118837138226896 -0.11478582632954004 0.9923539704281047
-0.026657509001066396 -0.16419709391058032 0.985878336591812
-0.04694148928217213 -0.0881871438500874 0.9948439905513671
-0.038885703816946206 -0.0667638118866228 0.9969265093700352
-0.06244895556201758 -0.063493542037662 0.9959043202335189
-0.26587605560966576 -0.05065379339450742 0.9621368872328857
-0.02006878910509588 -0.11145373805745856 0.99323209006457
-0.024688526957853237 -0.1442101145454076 0.9890985650338926
-0.08763259329880366 -0.12005580604907362 0.9885589191629907
-0.21501109790935496 -0.1751408912370553 0.9604589984819881
-0.01296712353375681 -0.016096213923396715 0.9997554038542589
-0.014673584544996947 -0.08867541810400426 0.9958755677091583
-0.23504144246334374 -0.032541624689883204 0.97077152278963
-0.26189411123443024 -0.049467469822023095 0.9635607368609445
-0.057717350728637616 -0.03543882858663528 0.9975749801669817
-0.06267376206605894 -0.051803888680757394 0.9963255172880602
-0.04690525679330333 -0.05769771669779883 0.9971243353943129
-0.1544896148430788 -0.004859937904994883 0.9876216809712806
-0.1696094478605784 -0.007490902834260131 0.9853332127056336
-0.25463067501402264 -0.3145185979803848 0.9136489554813538
-0.29928117594853454 -0.2763283157372807 0.9124336749304097
-0.21318233397068362 -0.2350814202857469 0.9461797754449967
-0.09654230504752431 -0.31656525759130993 0.9432027830759793
-0.03031684071247848 -0.011370602219892228 0.9994247806448495
-0.032404481191594114 -0.015295935493511926 0.9993238938290411
-0.07638589125701815 -0.03957264679577159 0.9961621975696846
-0.04654689167238677 -0.10393465487759045 0.9932181893407527
-0.3699562393833171 -0.08198979235547113 0.9248044989044293
-0.016963113159472864 -0.019340531905507552 0.999626105034871
-0.15447907014483403 -0.236152379774256 0.9589961292384243
-0.16023344191770578 -0.24582671369052786 0.9555770055679811
-0.25559667354993004 -0.05750040586854289 0.9647113817109608
-0.1872730161546169 -0.10209576568147517 0.9766738342621057
-0.05138041786598426 -0.26450414023917335 0.9624468130660765
-0.06095928986595395 -0.22238042154297114 0.9727471377323055
-0.16409920503251252 -0.22433816813132645 0.960052186296358
-0.1690157583753863 -0.027905389030236566 0.984953208704898
1.0778706131657457e-05 -0.019060368459295648 0.9997681088033902
-0.08306002106321114 -0.030582059596852916 0.9959915352493591
-0.13785035379994098 -0.05907091979777241 0.9885073791316656
-0.00304115753253936 -0.023947032350726413 0.9996831875221578
-0.15117231173844473 -0.05812148945800385 0.9864722722229552
-0.16930604836361784 -0.03440223405289767 0.9843758591989338
-0.37909570341421717 -0.053389167759050636 0.9233967156200479
-0.37823027288430605 -0.32085046132744094 0.8671026621573993
-0.12217433334422612 -0.1686362221639566 0.9777865372449821
-0.13865721126370664 -0.16330369757485508 0.9763921624482943
-0.37691253649368783 -0.04731947121674132 0.9246218515527453
-0.0661480067563653 -0.011090656723796426 0.9976895842811055
-0.05861164615099265 -0.0068467401337967805 0.9981676033612273
-0.01839548097141418 -0.29964338954458997 0.9529056693272483
-0.15706711443237442 -0.002792905849964352 0.9873175212377066
-0.15099079814984925 -0.003019095682097536 0.9883276662648952
-0.10354581417222124 -0.04669706268339268 0.9932089152877237
-0.07331843747428433 -0.048328301157818006 0.9957296735582316
-0.17078309321004487 -0.387999404732507 0.9047729297871553
-0.17918502505515074 -0.39423213437655946 0.9008212375822923
-0.27774696751016575 -0.05507960865699633 0.9584571263534849
-0.012660359277937714 -0.009136915345088632 0.9998642211073245
-0.01897950378715738 -0.09884417068644723 0.9946950296126745
-0.01513504402921897 -0.10418618845753691 0.9943215480859807
-0.021847613382915645 -0.10652665805382752 0.9939678625032562
-0.0009159688703244303 -0.20546490577018062 0.9784834675281369
-0.0024506370215399706 -0.19375386809470901 0.9805489912436021
-0.00774714259065111 -0.24146686154802896 0.9698583331129166
-0.008750336841091472 -0.2487869521091182 0.9683127569387746
-0.0004487580210497573 -0.16481635345117118 0.9862098500416426
-0.002699079724537423 -0.168078510909183 0.9856272229339349
-0.0015777714359097698 -0.1937120273577647 0.9807621028249693
-0.2767479065381329 -0.09345001264593689 0.9557866761531667
-0.279234009130035 -0.10825199189431575 0.9525408509257993
-0.28083628717719117 -0.38363682892468637 0.8791218850188895
-0.2795752131097856 -0.38538008289342834 0.8786875680333537
-0.35914726165639904 -0.18388019029592947 0.9144230422651005
-0.35707047908417106 -0.16301465950960037 0.9192172411760194
-0.38366359208478695 -0.06178788486994121 0.9206026780709301
-0.38874429920159054 -0.0900819079262614 0.9163720879049904
-0.3888724566506513 -0.10042988908472256 0.9153170623745362
-0.36904932222779246 -0.09887669444765508 0.9234872918781002
-0.0033921581255339198 -0.0654482225383651 0.9977666990119938
-0.07308044725004503 -0.07178114427961355 0.9944742331786312
-0.06970441048128787 -0.07782592946436956 0.9942881678992328
-0.10080866244210007 -0.07520757633075727 0.9917374479511384
-0.03966229793181679 -0.004137895825315072 0.9991065513549204
-0.09651130332692365 -0.31066823638045515 0.9449920193700259
-0.2633744719287234 -0.24212012887440224 0.9331455334118228
-0.27577773817169005 -0.24669145426137562 0.928550778929864
-0.231529775100211 -0.09759928981099927 0.966401606826924
-0.2582846222567784 -0.1427358344886628 0.9547497603104564
-0.2330639068304573 -0.10432567406985535 0.9656809732452256
-0.11127619080845644 -0.28205360605233865 0.9519855351565089
-0.10115130101994452 -0.2930351208480193 0.9501129747147303
-0.14972303672520743 -0.2820875034961869 0.9464740641203152
-0.09603484756136937 -0.29610913913368725 0.9494430928755218
-0.21604218124984986 -0.0019231738028112058 0.9761797605778549
-0.3073365245823438 -0.0015020677307363494 0.9512284028436617
-0.07710246495772682 -0.10416413894356404 0.991403953884317
-0.08987244753594723 -0.16383155375106967 0.9821427866938713
-0.09302826459123409 -0.1265637388254842 0.9873944982303249
-0.0014530334759792927 -0.31755433796300336 0.9479643245191828
-0.008494647294452332 -0.3185612917303955 0.9473399708591937
-0.023721966361077387 -0.3150121745502373 0.9484825087239486
-0.0643649231064796 -0.01518414230668955 0.997742693579171
-0.11597184755291039 -0.1070424937307956 0.9868525225015318
-0.08975223470666945 -0.11860889019510278 0.9884100325028071
-0.07151472964462167 -0.10501926124740389 0.9915840466441539
-0.0523482169890248 -0.09072893346445082 0.9941448197239641
0.007633495891220433 -0.3077909971833938 0.9511402384091255
-0.0010000458883621297 -0.3172503507249758 0.9472370752914772
-0.0359516391416179 -0.31489298423202955 0.9472877263607814
-0.389119302800392 0.00021517031982306307 0.9206095241959259
-0.3594788661839347 -0.005826171139197204 0.9327356265699625
-0.39315667812714405 0.005060055835585419 0.9190846775936772
-0.38639135762745275 -0.0036976560015964605 0.9216983339925987
-0.2849190955841944 -0.15394930303664991 0.9455699937357435
-0.19115746698238337 -0.03247333566153111 0.9808126269643166
-0.15630375746493896 -0.011754484576041916 0.9872193744217647
-0.005561704632657911 -0.0010189804856339788 0.9999788854145651
-0.002586301186831884 -0.0036108186879668376 0.9999806019217093
-0.29716326153172073 -0.15283705037404455 0.9421480488606182
-0.28948667663047584 -0.15410365114216976 0.9440999011850074
-0.293563402969099 -0.11880555858557285 0.9480908700120221
-0.009082597215138374 -0.029673273802778833 0.9994796525399657
-0.0014168255027737124 -0.04384537040998058 0.9989722049578184
-0.004363779438103583 -0.2556369992855103 0.9651867078063792
-0.007214992676730593 -0.008999038454635457 0.9999117218355857
-0.11774131599169031 -0.20730870525325115 0.9709076900098559
-0.13238433482825387 -0.20025743412314723 0.9703720763748659
-0.12249528352384914 -0.22789931842621686 0.9649299663338522
-0.16273099093721305 -0.2092201843612395 0.9635815134321136
-0.30141849799124787 -0.15632138258466063 0.9394606696100617
-0.31364132266150574 -0.20237461308757163 0.9271667382622476
-0.0007379250845434532 -0.0016392627656827672 0.9999970876377275
-0.0029047275160577037 -0.0008587840732416121 0.9999916818407719
-0.0014309739554248288 -0.001824722668147154 0.9999933112559748
-0.028716218486637468 -0.11016441048644855 0.9933417441808503
-0.2879633246380473 -0.002046297883387141 0.9571974268537382
-0.18978504879899155 -0.254458760473892 0.9477167367636005
-0.07918682934059655 -0.010308740999602942 0.996591201587667
-0.17452502988176952 -0.19006382106384292 0.9648458152493583
-0.18400603130360954 -0.3271429256259363 0.9262822347346534
0.0035794243528851676 -0.35631602415982794 0.9337412313177154
-0.10758869525716616 -0.008347991624269533 0.9939256868790151
0.00034323387317239525 -0.04805651440305864 0.9987627475988764
-0.03798300170918429 -0.3113394060247864 0.9491809315976435
-0.14809968922636071 -0.2921311375070713 0.9444300313939489
-0.181162451363199 -0.3070844576658993 0.9338527928183046
-0.028903817162076944 -0.19009100222170447 0.9810458294980887
-0.036332705400935035 -0.1583002510826786 0.9861660020241888
-0.2543353846446921 -0.1439853682788186 0.9558577411127294
0.0008578345235891415 -0.21099839779705182 0.9772960913689083
-0.00883592331630715 -0.22041092890825942 0.9749904158930465
-0.013474486864469004 -0.2148076018231286 0.9762985341105009
-0.004023557099166297 -0.38181268236813487 0.9234204015599271
-0.27742780533001626 -0.235040299148835 0.9304342344438776
-0.24717006834481414 -0.21408683746757878 0.9441649432911527
-0.0418441746620765 -0.10208650139242827 0.9935674447806242
-0.026501935358960626 -0.03194219735432189 0.9990600247171983
-0.031095121545022558 -0.006732044807767509 0.9993397765364869
-0.06245886207887781 -0.29895443473620337 0.9514198564837121
-0.003893321884280492 -0.34720365321019864 0.9373069354579165
-0.1987640801408651 -0.15114887139210387 0.9679128994557854
-0.1648687974040752 -0.1503370391378136 0.9745153104396417
-0.19977122937974667 -0.01385674687322543 0.9794366900985076
-0.22598237735884752 -0.014993949568525898 0.9735024698750883
-0.22199114057829006 -0.008780387799861504 0.9744520747798767
-0.08184144957511344 -0.006739166059517994 0.9965040444263766
-0.015834725017856884 -0.0032721913515082893 0.9998406399323535
-0.011983190714248151 -0.14599843559732126 0.9887891057550332
-0.1458441815056415 -0.017815089973945344 0.9884811386881468
-0.08518403122442922 -0.22470918122450048 0.9686348168729485
-0.09230667926916411 -0.19202810255788472 0.975873668880627
-0.012187045452704194 -0.08292969697128019 0.996326964384064
-0.05223781220395834 -0.045719852250614715 0.997480851699589
-0.002640927321462194 -0.27103603649907065 0.9623440156979861
-0.005073692806552932 -0.24944173628234367 0.9675945951272893
-0.056101718280253246 -0.28136792120438564 0.957181701433416
-0.027931633826835056 -0.20978074193551502 0.9766703133508848
-0.09193051885588631 -0.0707342751007344 0.9929992036181903
-0.04661366141956945 -0.15258309954225538 0.9869558194053845
-0.10229361375262841 -0.3328684965171621 0.9369278585344224
-0.09963130317728099 -0.3097125912650734 0.9452340781344364
-0.2743669242178677 -0.18714091888703716 0.9428331441772486
-0.22470697507888426 0.0042197719199986465 0.9738621460459557
-0.3724145449990872 -0.005573266397733669 0.9276392089695558
-0.32730975821802705 -0.005891702297814034 0.9444843592076304
-0.253473431822653 -0.00683451219909138 0.9670777889868802
-0.24520719321400092 -0.004682944599368272 0.9690214875470821
-0.22518430612168738 -0.25054357524756576 0.9406623008623022
-0.3524115242835969 -0.15877863366809244 0.9217705862693739
-0.016003905373777553 -0.19001509932677788 0.9814671889007277
-0.008146680252574019 0.0007287253482353301 0.9999455808008726
-0.0129066308613489 -0.07032986191126916 0.997311256992167
-0.00024234381111924553 -0.03978908862195747 0.9991422173900022
-0.0010460960017693974 -0.030459457211336846 0.999489544479401
-0.2321447111623581 -0.3152503385553191 0.9176799436556019
-0.06130649774743225 -0.3568800880514529 0.9316305043467958
-0.07216232724528034 -0.4073870436849187 0.9098378140972555
-0.11200230364158051 -0.03261049407300797 0.9928927241792038
-0.031001899797820975 -0.0009492636966537923 0.999455528088708
-0.017119714577078442 -0.002046380046931882 0.9998046407585329
-0.0075124280540668845 -0.001000229463378365 0.9999539206936169
-0.043456295214406165 -0.08193670730654336 0.9956048033636727
-0.03763990182780839 -0.05777375806621442 0.9975497450796039
-0.016116743910192022 -0.21317097456710588 0.9765804527406119
-0.004951426036330313 -0.20956495370698996 0.9774782519517192
-0.009582216212139302 -0.18677715914298773 0.9821972303741
-0.3228519642573559 -0.3570932659921629 0.875898861154787
-0.07536386226639034 -0.024967796041513796 0.996643552090949
-0.015351554013474244 -0.0714334040544931 0.9972593004329633
-0.06345344728384511 -0.0007485991894794883 0.9975676250216633
-0.06088504994792512 -0.007413171687393067 0.997827184119348
-0.10777916888144545 -0.2716005046376789 0.9557174164195024
-0.2636538760767976 0.00956011220005664 0.9641848686157082
-0.08364367262396763 -0.007753761380830061 0.9963976947304719
-0.34540213135781045 -0.0015051115596049752 0.9380355830518258
-0.01872797482198037 -0.011969030293287202 0.9996998169850806
-0.015539581561990212 -0.026170076295133158 0.9994857543247362
-0.19577770054941493 -0.11782829037775197 0.9724736174955503
-0.010241737099085015 -0.2752528058142409 0.9609325256379533
0.0004547111879948159 -0.36535322244645196 0.9303064396550865
-0.009620338321084372 -0.34555290181070625 0.9376762581234046
-0.30554444300881833 -0.17125515642155137 0.9361017175931572
-0.10684184328519013 -0.007162298669902461 0.9938618543996893
-0.07570736385016315 -0.00989254444844187 0.9967304348997363
-0.012955522892336075 -0.032537243796333166 0.9991324163081403
-0.004938700084196137 -0.04126323449669866 0.9990831465642246
-0.028468150773540746 -0.3178773947706659 0.9473138321129488
-0.019054617314544768 -0.3196952629771145 0.9470512587721012
-0.02295156327195269 -0.32420555566356735 0.9453501288468278
-0.25515490005172 -0.1371403680062277 0.9566343226570071
-0.1533119544430727 -0.027384090760960305 0.9875720402737922
-0.09574228232834703 -0.008327040409070332 0.9950258360959299
-0.05471504811090307 -0.010885885967690046 0.9982168945746704
-0.10186689252971357 -0.23925226989118634 0.9645517387305362
-0.0009716339377321154 -0.007642375330122081 0.9999609942687934
-0.00044650491342155207 -0.01347236757804989 0.9998831531778359
-0.0001778071296013774 -0.01089365805844155 0.9999275593058244
-0.26029228818790134 -0.1346617321576494 0.955495472806889
-0.2571828113253668 -0.11090025122426456 0.9593568443285292
-0.3224144553164439 -0.05046650379948519 0.944476077025962
-0.33110281464193514 -0.01599984784730778 0.9431813806021295
-0.2995196430575174 -0.019490296657406706 0.9535911585811933
-0.3247344273605506 -0.01940613888426397 0.9449288595915193
-0.2891720524683974 -0.002274210241551775 0.9568730078379473
-0.22183948756444835 -0.015252834287054309 0.9742555637889402
-0.006599860892891289 -0.17307690173723805 0.9846554583224182
-0.010776041217885507 -0.17260996117424166 0.9845327029364686
-0.04133397500816366 -0.18501285748628768 0.9807588441594104
-0.027561242489767893 -0.23263065632803104 0.9712368946051041
-0.21243684409006314 -0.19300275437736444 0.9565597717280778
-0.22549657951341823 -0.3527435829163551 0.9074649019099231
-0.18590056692604418 -0.26389951128532635 0.9459586747987345
-0.17970431720751484 -0.25946659650591986 0.9481632772262487
-0.06387185387081454 -0.35428037299587556 0.9325802716782361
-0.32022215274542454 -0.035390356438140445 0.9458878299602671
-0.0015333332846768509 -0.1585747887928388 0.9870332207502158
-0.2398320718113889 -0.18027710771824768 0.9529320694182946
-0.015254109655752551 -0.1915547137786146 0.9808270781952485
-0.002305847439738405 -0.01955627266982389 0.9997851352367921
-0.001253063098186198 -0.018223490019258493 0.9998080271891626
-0.33911688994066785 -0.2126880040369344 0.9150398133931181
-0.15052163374606814 -0.2868117396638145 0.945680937199297
-0.28702008670888673 -0.024056524703132007 0.9573616636352
-0.04164183445650038 -0.13187904489874053 0.9901834076940753
-0.0030193613982592554 -0.04814107318558235 0.9987339505450206
-0.04929266605409182 -0.001679794375942621 0.9987109129004141
-0.2718514663238695 -0.3329469726085373 0.9019526486113371
-0.07628056742109829 -0.27173224296798565 0.9589306015056739
-0.011776113423034529 -0.028584505352297562 0.999487683680629
-0.017047117990958427 -0.040561173423227743 0.9989753772170817
-0.0008137238099995905 -0.016140598025147522 0.9998160297776173
-0.013965460814374027 -0.0031218858894506226 0.9998883948764076
-0.0067667734994503 -0.23498416441982428 0.9716242158554519
-0.0020121012165050254 -0.20282631786967995 0.9790431792198097
0.00396016154397276 -0.37992830650276754 0.9241365169500098
-0.2540003133937477 -0.008067496288662735 0.9666606837116665
-0.24877185876615726 -0.1234274536418177 0.9603692451318125
-0.02263668900686583 -0.23930291438545576 0.9701798421638667
-0.0348471478763033 -0.23954649109752327 0.9700347958210469
-0.004673920777337028 -0.013675646693221891 0.9998842759689623
-0.01944499998868245 -0.36858904223417044 0.9274111649649636
-0.030523663709634143 -0.0633231102611238 0.9974314796834873
-0.09316259989600506 -0.30085644155974356 0.9487860932574379
-0.27433412869179596 -0.01645660272755393 0.9605398227177374
-0.2944067555406697 -0.032172352395440355 0.9546942099346153
-0.2694923296786063 -0.051941423567820666 0.961325621494069
-0.16889814687767388 -0.24840955258387026 0.9532298657227695
-0.12528242022429575 -0.2509438746750739 0.9587966818980288
-0.0224106415372231 -0.320427064080159 0.9467214315718893
-0.024885028078990384 -0.0007167374768102714 0.9996648151899636
-0.03865781749612391 0.0009848617004783791 0.9991719243641556
-0.005977355651621509 -0.006483444086318109 0.9999545396048596
-0.008119965081154729 -0.30363964054376 0.9523124647760994
-0.21867661816469075 -0.27901797572492926 0.9337279532114882
-0.0013592503842900807 -0.16669975082302638 0.9858780132319982
-0.27433158489142745 -0.2334174813654552 0.9321294031093372
-0.01163196180908923 -0.05775537499721963 0.9981954536120344
-0.01967709578093173 -0.2507232022942024 0.9676468225455741
-0.1685355752355933 -0.18396500036849153 0.9680623517184401
-0.18219282280496837 -0.13543805029042882 0.9727459831324468
-0.06059393652307196 -0.3287968860152845 0.9415062610562945
-0.012714159026677442 -0.14804762283999323 0.988713466252848
-0.06261936859837217 -0.16673828666111287 0.9836082564920087
-0.0726904213754615 -0.16259385884343863 0.9837139152895836
-0.3309223429791403 -0.00012822139106049592 0.943232077618878
-0.05238637538717171 -0.18687847470581873 0.9806694352389295
-0.05243962361052483 -0.2728765754094695 0.9602351779772733
-0.004809709571276488 -0.13100412961447852 0.9912604948987773
-0.009834864013395323 -0.15110544891834496 0.9882432541029016
-0.18137453473031187 -0.3917178396590353 0.9014676417757621
-0.07527625604027913 -0.25157265139142054 0.9645955696926325
-0.05253263724579463 -0.3504347140376089 0.9347308076603934
-0.06594580930727514 -0.29887023561742304 0.9508224199630375
-0.06272045047615399 -0.26340398166202666 0.96241075840779
-0.09439401367790586 -0.21410064914955057 0.9718790830542984
-0.11889656908639926 -0.18239271339840077 0.975626389880055
-0.046490911872626946 -0.04726370482594269 0.997634356922869
-0.27718579742864663 0.0028580645148037383 0.9601835398542544
-0.1268240247104375 -0.0552045481743006 0.9898550713165929
-0.12783860869869407 -0.0643503825434576 0.9890329783884524
-0.30244323735130824 -0.012916176619924113 0.9527544158932806
-0.28690963873449843 -0.024520379071364392 0.957412943629485
-0.03719647135851922 -0.31448721951558684 0.9482520671176726
-0.07379576799016811 0.003763094756939409 0.9972169600791773
-0.07455972280851238 0.0012933979221728224 0.9971603648969926
-0.2451936222261288 -0.36498024337987095 0.8973306437879143
-0.012637003999048206 -0.3562707087083398 0.9334875766393808
-0.1497791249719327 -0.007567659227416453 0.9884701437385263
-0.1508783586699048 -0.0591389243863032 0.9865814427189445
-0.2873388947651033 -0.023423395905384333 0.957308523354844
-0.2915278808876333 -0.023296444801955696 0.9559801935844601
-0.33428022427801257 -0.2326054412236201 0.9125159426866131
-0.21373360843988726 -0.28830429798201407 0.9327791151729063
-0.25664127955212246 -0.07249206895418463 0.9627065045509686
-0.26539684562167865 -0.09614274852529738 0.9590318900487997
-0.09400291788249196 -0.2530269046720094 0.9623011757067009
-0.02760447004787191 -0.042511044517071446 0.9986608056620327
-0.12020639497803239 -0.004200057288564274 0.9923477015461406
-0.277316314071276 -0.0014501296681485084 0.9601125914374097
-0.31245507397624783 -0.009073456293211286 0.9492437114475473
-0.3206237867014229 -0.00804360963672002 0.9467455759612095
-0.3593439952216468 -0.04884324878100428 0.9312717237135792
-0.3417150763341061 -0.2577181291771346 0.9031176599018924
-0.35407429135127877 -0.25504730532587755 0.8991699080169552
-0.2239222072798099 -0.12825313954771686 0.9658285626101079
-0.3032810477214521 -0.09915583675730832 0.9472392389282202
-0.042411264555682796 -0.003587662944184996 0.9990113726119838
-0.02757394759694209 -0.0033333642794316095 0.9995932582974609
-0.03783507976344327 -0.3440436652184166 0.9379122753443628
-0.19999242713780477 -0.19230804144685398 0.9601635386917643
-0.30711045367619993 -0.21411997153994378 0.926417560681511
-0.11645665834844095 -0.0859846125587157 0.9891090445639065
-0.09423260033808872 -0.015528909561735792 0.9953335037177219
0.00048121121277464474 -0.12232409168468127 0.9922466463292484
-0.1265012417279263 -0.04867626562562166 0.9902221583971076
-0.23059826354928264 -0.30184482232625637 0.9245250934364895
-0.01586576070864481 -0.020216681816465583 0.9996158024746187
-0.07577365898569383 -0.2105703559501307 0.9743579590346075
-0.0005750262812556929 -0.06670529523223244 0.9974702407492582
-0.008793653936781567 -0.23697333893888578 0.9711610728025054
-0.22379754628023174 -0.2094929180778338 0.9510278885537935
-0.2319692507069159 -0.2611895984115382 0.9365311896356547
-0.08783829448508561 -0.16899817968793063 0.9814837337624412
-0.11265885523695006 -0.0016914886247521802 0.993210066457695
-0.06173124213420455 -0.11373128896290974 0.9913793917229019
-0.07841715836338477 -0.17804772710342967 0.9806058091063246
-0.24303426067315823 -0.04431783678701549 0.9686482574562107
-0.20947439416228247 -0.046023881569130426 0.9763023541497035
-0.21271927499640644 -0.06492320807445409 0.9739569047430514
-0.24638857593189578 -0.07413354271125776 0.9658850824079844
-0.22101371136128575 -0.0912779015075241 0.969358724576449
-0.000684272746887886 -0.20217560424465664 0.9791882619076493
0.002112178186115591 -0.271383285507363 0.9618882289954959
-0.05582305315929369 -0.06113596300835193 0.9963636252567427
-0.01126356747063929 -0.17847458187085932 0.9834891755697734
-0.008072062594438557 -0.05125313485633803 0.9985991435532372
-0.009304136793366152 -0.04979318878071399 0.9985853775804516
-0.2182793556079655 -0.004709452260737284 0.9756899395929151
-0.21246931565267818 -0.13457676726428952 0.9667665524225802
-0.05264697707569742 -0.00911685460941584 0.9984410818003026
-0.002130018393024056 -0.23685686511051499 0.9708770302663735
0.0033533543673872892 -0.2488023186644849 0.9683359951978388
-0.3841179108464622 -0.29009502484459604 0.875815094305758
-0.023499124983970655 -0.008027738318262189 0.9996640723470367
-0.0068810788098401425 -0.002666473355021632 0.9999504128948797
-0.07764445803589917 -0.3924488011845828 0.9148466965291188
-0.3205059287207577 -0.24125778282152596 0.9153860965946232
-0.23796078672907758 -0.09276374172397885 0.9665158923164338
-0.14286321946695735 -0.11743494860547647 0.9824427679515898
-0.004697324907745578 -0.2977314036173554 0.9543492462636044
-0.14736917038001932 -0.1549207585811585 0.9765799689996876
-0.21770875959693176 -0.041587253017695294 0.9747621662903665
-0.16751155488215821 -0.0010832008703608761 0.9857036455062049
-0.012272344346349889 -0.00753798749292393 0.9998869400853968
-0.3507804539545171 -0.22601229356068347 0.9074920019344254
-0.027777175635076853 -0.32874506977392737 0.9434438818219808
-0.37281494021814116 -0.03299008504940603 0.9264939906796631
-0.3534455487453936 -0.16650965767931536 0.9186378329307111
-0.31130408708251683 -0.14767704586852282 0.9382626544864454
-0.05507235528160507 -0.2006713165792627 0.9778295679496017
-0.058921387884821756 -0.2771029510691035 0.9587153383222571
-0.1358827643063904 -8.441901933422256e-05 0.9905952349886946
-0.13090003393803915 -0.005830423345558462 0.9912642250669839
-0.060055271141410085 -0.03974838835766781 0.9973244170767808
-0.07098440963280932 -0.06467814057183961 0.9952392339692006
-0.032232244896937656 -0.08131528568637093 0.9960280024137325
-0.2799085970044689 -0.027324661888590115 0.9589567265896081
-0.12421273921017581 -0.12754020161749394 0.9836924826613436
-0.24231338787113876 -0.16745417534784415 0.9551858061128962
-0.011692453415059938 -0.01062431206768054 0.9998030125033136
-0.28373495146735056 -0.041321698080752645 0.9576299683289887
-0.06589046365075206 -0.06984327022010219 0.9947885025659522
-0.03287409401759087 -0.014674777118514818 0.999318441618653
-0.07392029318460897 -0.06526181894785371 0.9950064899219735
-0.03925113141208931 -0.26938010927164857 0.9619705148371871
-0.24764812439318823 -0.005462324311116663 0.9685717873644034
-0.010137918440314293 -0.0061935500120015325 0.9999159749399341
-0.004483609784436822 -0.010098078974728605 0.999896435476056
-0.05278343898079274 -0.00974875432834013 0.9984825261638954
-0.00462202359172944 -0.004323268340102035 0.9999663198957387
-0.3472997301422883 -0.31516473475643375 0.8820310543449578
-0.22333992019306903 -0.07855963620554013 0.9711613893322324
-0.20031017638316825 -0.0012363824328853247 0.9793728540888853
-0.3139763474395128 -0.33832712385969305 0.8863892091776229
-0.011664276035704945 -0.2587928595389724 0.9656163507982759
-0.3884684494615862 -0.23042971178364335 0.8915682865391829
-0.027654135602025055 -0.08972926140456794 0.9954349886672161
-0.20582860011339887 -0.16095620767114532 0.9648381893740288
-0.3240582330297192 -0.0917747262202161 0.9411665756944841
-0.03491507141980813 -0.03341512553798359 0.9987720287826803
-0.28771282148259514 -0.020275736582323782 0.9567521104466827
-0.19282758419990342 -0.20245387776421894 0.9596901087851757
-0.18565776065259307 -0.1666367166340531 0.9676515156138897
-0.14961912003614045 -0.0022073233973641426 0.9884037184353537
-0.2033914201502934 -0.02492712881317067 0.9776720611347494
-0.1721282618254684 -0.30632429368028524 0.9354982503645352
-0.023255322585417765 -0.15658961553630588 0.9870327994670175
-0.025736331863402653 -0.14865774474366772 0.98835088006251
-0.37952331127915184 -0.29993086299158533 0.8745517834433485
-0.08268448412366011 -0.017532638977112974 0.9960283324037725
-0.10134991839214649 -0.22400071382649303 0.9689596102485767
-0.03894542224674177 -0.17959837236638648 0.9827100059151219
-0.35796733048222096 0.0015025087440363315 0.9332704744262528
-0.2665042852145649 -0.14913076780451986 0.9509716481090722
-0.004654373816204904 -0.0010968419957859653 0.9999768997285815
-0.11483954651987283 -0.32450422309272947 0.9385548467353724
-0.015171789693298725 -0.12166249039661044 0.9922911711428892
-0.259894705666999 -0.2953925908205578 0.9182092930233057
-0.060296030093139434 -0.01964187399643836 0.9976831243640502
-0.0010462125347607207 -0.000678949449189776 0.9999982840471014
-0.010500208471798984 -0.021255234652221566 0.9996384213947225
-0.16743560680646613 -0.12982984460736938 0.9770479542481444
-0.22752577035371763 -0.007338342581791218 0.9731300979231324
-0.027538720983221153 -0.23430730171233277 0.9711728443820724
-0.004688392657330876 -0.06709903741127723 0.9976889806185884
-0.035345796574445254 -0.002202557415954591 0.9991931515703142
-0.0759222836453407 -0.15479938379742272 0.9845445012655596
-0.07177737186468687 -0.11531138997384459 0.9899549075582982
-0.047093200868687006 -0.2542804064158378 0.9651482828035931
-0.04796558188207978 -0.014529449007706693 0.9986694922619918
-0.004811127273408957 -0.26708668395017854 0.9633878819273172
-0.041953692643086404 -0.18902427981188102 0.9808551239944476
-0.09567593028729879 -0.3025313583339756 0.9479610018909118
-0.1470410181079813 -0.015215322937837028 0.9886224110713595
-0.08931104239817818 -0.004014069108560718 0.9958771706115082
-0.310429997251533 -0.16324365771277274 0.9352148615709809
-0.09389436710976705 -0.3701073043199904 0.9236531360236149
-0.0011505112886571367 -0.0037970666643879366 0.9999887050463777
-0.1430994230973617 -0.03338886699795606 0.9888920313211124
-0.20340798019337447 -0.34947209389547074 0.914091083776873
-0.2625059925513869 -0.008512972353766284 0.964578517182468
-0.3017432992696421 -0.05001522601769669 0.9515944210356688
-0.0022350500601082185 -0.07889321490810496 0.9967308892367219
-0.1324341373698096 -0.31140595198242166 0.9405503015973555
-0.11171126603045095 -0.0006084915226212806 0.9936622672387393
-0.13452449899773392 -0.09270924868663155 0.9863906641636326
-0.13628445889505605 -0.10060233076400839 0.9853363061655076
-0.22154234253444588 -0.29109360210428586 0.9302528541750218
-0.19842372466015581 -0.3043753787577592 0.9306429646730244
-0.1576978343116797 -0.18537843815266605 0.9696329167939198
-0.00369147621327537 -0.023707740361835213 0.9996737823096568
-0.006610484070599682 -0.0221242058738405 0.9997063631984
-0.3339681199918877 -0.0413562057902847 0.9411092042562315
-0.20877381281543705 0.001860013265010306 0.9777999646370346
-0.05135276593573827 -0.023096344391434515 0.9983235223453936
-0.07186097454635962 0.0021878960109511843 0.9973458207989164
-0.028163411729736697 -0.002853967453922824 0.9995776989119518
-0.07184188677520431 -0.20358319475984643 0.9761674563520948
-0.08982856630307182 -0.00815264850709013 0.9955321625805922
-0.09297682663019387 0.000474544850377464 0.9954658385048536
-0.04276778919646013 -0.30379601612414386 0.9511084297863656
-0.3136265778700541 -0.012401891834048323 0.9491689716791544
-0.05864158032597934 -0.15375543246068993 0.9861562590701595
-0.01742734169144016 -0.33206566030335377 0.9421270280351242
-0.048461089410528034 -0.0034480830689173417 0.9987846557004962
-0.2034332156561638 -0.21339069343787068 0.9549546419534336
-0.24406692912206868 -0.1236236443680626 0.9614938273766332
-0.0822791964002194 -0.0336128106852036 0.9959460197064038
-0.27462509294944787 -0.008229286076534914 0.9610879703806797
-0.176134519280453 -0.23458152924757117 0.953903400505842
-0.09954561426395034 -0.12293399676568789 0.9872158744020489
-0.0352798545903793 -0.23884518339463484 0.9701604117403086
-0.1922713149406304 -0.2910008349163324 0.9367452688244058
-0.1417677831590678 -0.27803201886521817 0.9495429823626655
-0.3259292236391906 -0.04504858419483612 0.9437635234740657
-0.001587851363930228 -0.11065264183812752 0.9937541370620254
-0.0004853824728119403 -0.14413194477160104 0.9893195948826247
0.008160817589700988 -0.25400556981758865 0.9669381065845802
-0.01645471661543964 -0.0093454035595189 0.9997419557191065
-0.13810260529167326 -0.14132940340273084 0.9800304820632212
-0.3688880630072173 -0.26097523917719895 0.8909692012540067
-0.06040500074674862 -0.3946679173351782 0.9157450348690217
-0.09165233402272593 -0.05892156940536453 0.993719284381535
-0.0881276026514239 -0.036272123539598605 0.9952145189928492
-0.057401650784524104 -0.14677910328581173 0.9871392504964418
-0.041261868675587406 -0.006772079075112142 0.999087052864154
-0.3321804153259317 -0.29278931238535894 0.8956036123955303
-0.054659109719927365 -0.28004140832416313 0.9581707817218563
-0.3422640792412613 -0.024347942009451007 0.9388297639716446
-0.14235476218079207 -0.12282322743081764 0.9819358425388233
-0.12079773238516381 -0.1261084395844386 0.9843764801553404
-0.09774974193777387 -0.14424497220410207 0.9840180583391592
-0.0857162729939774 -0.07868742090688892 0.9922297193213698
-0.18347088904594883 -0.09228453741600934 0.9781263936399167
-0.0010731874957966262 -0.03288573529570256 0.9993603628878628
-0.010901629376315659 -0.04939381118214354 0.998665307853945
-0.12286123441269889 -0.07240903784462756 0.989489152934047
-0.10816974239832322 -0.05326465420426242 0.992522297274575
-0.00958824322500409 -0.0008785942597672935 0.9999339413193217
-0.017619976045376004 -0.011135148547252536 0.99964801993469
-0.18888175332265536 -0.00727179531043528 0.9811920797424848
-0.24558665948149427 -0.17933531002291236 0.952217255644238
-0.3109183987479453 -0.0030741862481156058 0.9501818967300298
-0.35937720680689544 -0.19644829195494423 0.9102794671854303
-0.09256711269671056 -0.3992948360548648 0.9115365399368041
-0.017782557306525913 -0.02522222387297649 0.9992506285902344
-0.018983912766570438 -0.04152425810813803 0.9987506003773737
-0.040464897181390194 -0.3691920826976685 0.9268245834012246
-0.3961499770322929 -0.02386972939222774 0.9174525685266532
-0.3466917943210804 -0.13327188321076933 0.9261633144998185
-0.13607992830171445 -0.2388096583805815 0.9604548320210775
-0.07951240548619119 -0.20442708946683244 0.9752892908145705
-0.10581499444254534 -0.06835934339377683 0.9917998928835978
-0.10286687971904598 -0.0014062820134365696 0.9943865178918059
-0.0007403205037273579 -0.006901052759688427 0.9999514812185922
-0.014733211483590965 -0.00542871301849614 0.9998041858881189
-0.006472258183381933 -0.00494719119781111 0.9999462514830435
-0.25407417677802446 -0.03945014379892474 0.9659527752198948
-0.25194946985068184 -0.04820559975741205 0.96625115749368
-0.2543592803968634 -0.04483224298910572 0.9657699118134271
-0.10767865209006329 -0.08842181360837713 0.9900522023039904
-0.005920149146911898 -0.0070800561040538 0.9999236779414267
-0.023420820833484145 -0.10850649208290039 0.99368917128802
-0.03584559215510195 -0.058008528442451385 0.9975565274185947
-0.19393012051609165 -0.18267389109286628 0.9631072220601817
-0.08383712610513747 -0.3530732757969717 0.931359421835043
-0.0700252645302502 -0.07009607647798129 0.9949766123343716
-0.03351668008750068 -0.015493689581674873 0.99927248606716
-0.19673796508285163 -0.2081183798677577 0.9575193898797659
-0.0002067462076837624 -0.010138225175148757 0.9999271775970772
-0.01001886407569885 -0.013937380046212188 0.999835417483199
-0.38988665528658306 -0.045794370036986935 0.9190946557571998
-0.11959727614576865 -0.154949010492938 0.9804307158751108
-0.06307576584657512 -0.01977029945397854 0.9977520576245754
-0.038454263428950496 -0.010299119337949037 0.9991566620736142
-0.00356143414930208 -0.029044796383476183 0.9995071498435754
-0.008076612339000219 -0.009514919448326949 0.9999002777919219
-0.2576371927843791 -0.10974038040825705 0.9593721162153862
-0.0012197290394969761 -0.05023366231367627 0.9985887006819961
-0.029061615047780247 -0.0001606394343884721 0.9995438448387773
-0.04925698611940522 -0.0027283008730292135 0.9986662398038761
-0.06322458297565633 -0.0052560542861562285 0.9978375272744169
-0.10489549303269848 -0.14193667507050947 0.9838030420076308
-0.3792240586278817 -0.006089436043813396 0.9248342241288917
-0.001803614073561603 -0.004384603107018629 0.9999852268390126
-0.0015788543934027203 -0.0022473591754162002 0.9999937548750542
-0.1697586165535987 -0.008096286090462486 0.985263311296527
-0.16957342640170284 -0.0027903652478743473 0.9853725276463347
-0.06565772750577936 -0.07618020239128577 0.9947677892999791
-0.03237504461504867 -0.06034640941777822 0.9975751509537951
-0.13568781609516997 -0.19697358594818373 0.9704793156475585
-0.3065233128915229 -0.03720616933002083 0.9509318155663796
-0.0012523185424556695 -0.0006097197133945844 0.9999976461517237
-0.2110622421443135 -0.15189986214246134 0.9651676038315937
-0.25435554904251223 -0.01921332384066142 0.9664674919292324
-0.08435365227888447 -0.03549401116814539 0.9956987163611846
-0.08896962921148506 -0.01865216918197488 0.995757034910721
-0.18263772996164526 -0.3222617904973766 0.928431820455593
-0.17548840933941665 -0.3289580643334559 0.9272067461862987
-0.0006994156429898594 -0.04858591555426931 0.9986934347287725
-0.0007052693934781672 -0.039698327894138526 0.9991467879018966
-0.00013449901914767246 -0.044550802379476576 0.9989483866154389
-0.10708773812761406 -0.0015713777555859758 0.994171951078523
-0.12859361940943917 -0.0006961766244082811 0.9914987788336932
-0.16474466072071328 -0.1977644925593969 0.9660142568763743
-0.051061553187079216 -0.154494665178032 0.986444988695211
-0.04980472772504674 -0.18990592663431752 0.9800478347672069
-0.21241845669625953 -0.16047871953922907 0.9635594746752789
-0.24936764383233634 -0.01254181164222394 0.9678471070029404
-0.026556825960550447 -0.007020526912713509 0.9995821465732126
-0.07708118287100381 -0.1896610202742703 0.9781292790434316
-0.004171301337918613 -0.284596801754931 0.958066828822361
-0.04336045524771663 -0.2247291997446607 0.9725634795482999
-0.0768826079017834 -0.0451507685828092 0.9958920034772268
-0.3741425596932002 -0.008411851391352613 0.9270008595634786
-0.34964584291925394 -0.011840936335883076 0.9363788114543768
-0.005474165763199392 -0.11064409586281557 0.9935685871954492
-0.020869504848273247 -0.06974723953662118 0.9972561965818485
-0.007658507738400331 -0.07132421253716302 0.997330851070139
-0.287698012496781 -0.0820672904702446 0.9536924900904215
-0.3092743099693847 -0.13884568004838968 0.9393444147388503
-0.08839061139758429 -0.014676391027757967 0.9958206112311035
-0.02159932173713778 0.0004925963228589165 0.999746603794223
-0.009858991952433354 -0.001180987180615116 0.9999327573172642
-0.18981653461933773 -0.0011210911696242318 0.9814136678847837
-0.28188473884850856 -0.2895156295711105 0.9141296696657314
-0.32603506290273293 0.010643251362066442 0.945033364686543
-0.08954850568983728 -0.02395446044573117 0.9954480543951576
-0.0025936256949849034 -0.018779596915248848 0.9997932194791698
-0.06698639929462168 -0.007175938158983856 0.9975409130161088
-0.30877943840923133 -0.002927723855428443 0.950522563202193
-0.21493782926933566 -0.01091516520580932 0.9761385108705263
-0.03050112903750752 -0.2066497692026929 0.9776593628406601
-0.22339577680727307 -0.3025556953738834 0.9261013425366088
-0.26879654291377925 -0.015870041717799415 0.9621806706986777
-0.010724382845686262 -0.04712258985223707 0.9987915568319825
-0.06960307902592457 -0.00026286653961551763 0.9974225553951489
-0.019310556159647788 -0.002832204787284965 0.9997551949457292
-0.052341625022570615 -0.2441166771425183 0.9680549810228065
-0.03159338946220956 -0.2793797553032568 0.9587097824128324
-0.07418760221729744 0.002501548453439195 0.9971901825496905
-0.06637010276447593 -0.18106431533235898 0.9809724118613531
-0.0021112793264495265 -0.01489759123977442 0.9998751110420894
-0.026251095464160344 -0.37752358621913007 0.9244350977522323
-0.07305770866567063 -0.002813206940427678 0.9972271753862231
-0.009377352799314858 -0.278903607732303 0.9599664406749606
-0.15843409245745702 -0.18855335806643078 0.9689255354467537
-0.32122690904428314 -0.12559027816494542 0.9375680273563601
-0.06201938105143197 -0.22782161402501705 0.9704321544042244
-0.09671739333981123 -0.24508631402165287 0.9640856068303688
-0.058068652446759905 -0.16042759742784427 0.9850543237533242
-0.259431784621844 -0.0024586186413811818 0.9655128581751935
-0.0005033300686305027 -0.06056353020632759 0.9980554943406308
-0.00023558502660184683 -0.05404754704249227 0.9984854403194102
-0.04658265722375536 -0.3374612909301634 0.9394564350694111
-0.002109252011145289 -0.0703208185039429 0.9973402791064716
-0.09453620941675375 0.0003277103172366104 0.9953238339730247
-0.2315731685519333 -0.3293080516060864 0.9146240179609268
-0.03332974323280173 -0.03868809861902479 0.9985932582775189
-0.3163590056900976 -0.05366358099845917 0.9467938596540328
-0.30869897600348334 -0.023678506642703736 0.9495192437323499
-0.26452580883443916 -0.09097124537404226 0.9598092527358678
-0.027852733812832126 -0.02658910744458214 0.9991431743429691
-0.004707675995266204 -0.032735370167016546 0.9994124307359954
-0.23826924022471974 -0.12573931007544487 0.9626238462404323
-0.04693567443096069 -0.0006734949299209841 0.9988576247778672
-0.01315791210501976 -0.3541867612162016 0.9346777424523999
-0.1004442592488088 8.354095209439421e-06 0.9948217263195632
-0.07167949103233834 -0.006305373296340825 0.9972786146242609
-0.19197587943307273 -0.3080740415172547 0.9312669782918443
-0.02798066399660723 -0.019894778092358043 0.9992303460884691
-0.299874113656094 -0.013781502346163915 0.9533372713446676
-0.26735525248931963 -0.060444795122524084 0.961413579573149
-0.0056499848754633 -0.04689505969086278 0.9988192838090308
-0.0012151239886621294 -0.15367380280061374 0.9877611694292338
-0.035892111347717366 -0.01135581808785074 0.9992102407286003
-0.039607189872110274 -0.01929084726439616 0.998964584543931
-0.08263247639364506 -0.37166467180575147 0.9241691547934574
-0.1378255167685324 -0.1497005549262122 0.9781587104375581
-0.100455744224838 -0.1824264577539581 0.9774188905829323
-0.009071621324111942 -0.09441769938836152 0.9953803497722332
-0.22769589873708912 -0.06247717845902368 0.9707153476878846
-0.02097308527008764 -0.3253022180389999 0.9449919911482049
-0.010446048883653376 -0.16346676054052087 0.9861943073367285
-0.19004620388359914 -0.010605556518116944 0.9814815392439191
-0.011743151913519845 -0.1789612521763422 0.9831995677652332
-0.21447313840560844 -0.06666797703949749 0.9741796570114749
-0.22318054938467968 -0.1752767189960967 0.9551704101694951
-0.12464484698220775 -0.030037235809150718 0.9915747134205253
-0.1445798871398908 -0.0624751656587903 0.9871890915228179
-0.36859406801835687 -0.0990124667096643 0.9236761985516591
0.0001241432706840022 -0.3070184642087029 0.9511862555008204
-0.20516170609651707 -0.02882234719577626 0.9775490428705433
-0.25793949888819784 -0.11661259391831756 0.9586389603989616
-0.36648909674135405 -0.030310085529290348 0.929052718432468
-0.3546383074241223 -0.019085326439341275 0.9344399213075617
-0.3522554957178271 -0.35265556199240605 0.8653429176605629
-0.003318460374698844 -0.03376322793507435 0.9993824833165552
-0.06972305339942765 -0.18302543402480154 0.9793293273968604
-0.0020150253773394133 -0.12606773105464605 0.9918443071910977
-0.023676409475058828 -0.25014893617222345 0.9676732251938325
-0.3130976718719957 -0.05280827001683153 0.9479032165778354
-0.005601182433884989 -0.3418606016215229 0.9394068041268936
-0.05658247697111193 -0.3486625014699017 0.9351920652230284
-0.2707611615994686 -0.1076029745110841 0.955385010027377
-0.0671849391423075 -0.15553489617958718 0.9853634747239048
-0.0015196362186495642 -0.32623418362627093 0.9447738040634832
-0.0003225115023878925 -0.06332248246815969 0.9979156872144466
-0.03691125542536088 -0.12204264875467254 0.9917026443824213
-0.08407277919430073 -0.002798874464420691 0.9962484949470932
-0.1949505955080001 -0.1774909239909376 0.96432053645081
-0.008172832648417519 -0.25468189304108957 0.9662464121859309
-0.013916661833309722 -0.17085981018663857 0.9850596272871973
-0.00042665478491143137 -0.2478209119314908 0.9686192691692229
-0.03670600222408278 -0.38832492610622604 0.9200703917244092
-0.16992338680623667 -0.16068853712892128 0.971552837401456
-0.15640179921187025 -0.11741172939178962 0.9795405539054858
-0.007879786718786027 -0.09891949756159049 0.9949524928299323
-0.10960014061508226 -0.044184671856683254 0.9926816215099142
-0.00239049354862392 -0.08141523771149935 0.9965827426260532
-0.01688113318143906 -0.1429945772701485 0.9891628326084666
-0.006113950698634423 -0.32422280648131546 0.9449087900322285
-0.2712964169524492 -0.006671188938773662 0.9614797592213785
-0.31116524962463893 -0.019358868087123778 0.9498711552974838
-0.3488693703666643 -0.08900705717751005 0.9324674747562672
-0.2896703409929915 -0.17263707307299686 0.9393429309521063
-0.05850954726076359 -0.12496829579522328 0.9898057137697076
-0.27999159799730244 -0.1948140051194783 0.9378177704772349
-0.28540310950262965 -0.2661515525877633 0.9202027083850188
-0.03843016638355751 -0.2393555552111105 0.969799447216631
-0.33470541942441107 -0.07091251681240016 0.9389990972233953
-0.005686723016528755 -0.2517682377438994 0.9674847341411451
-0.37974743904090497 -0.1948226010585513 0.9037575984647651
-0.3654865404542923 -0.18372564116422074 0.9119157081237294
-0.3581944286466039 -0.177615863501728 0.9160677279455594
-0.32619769240170743 -0.3361901257245499 0.8826889260636559
-0.011160452680856636 -0.3069306170991548 0.9510019839959464
0.0008278003826777452 -0.3014659633637442 0.9529580515263811
-0.1905875616712277 -0.02111139875884059 0.981250877819986
-0.006309550881330812 -0.04288489155742226 0.9989503526529262
-0.008834492819104608 -0.014037089745168171 0.9998412924102098
-0.009310862861615607 -0.39548593562201895 0.9179883986273231
-0.09113059729067637 -0.32142154452685867 0.9414500235829272
-0.3270893212976538 -0.1318627616194199 0.9351516204794212
-0.009704935088463507 -0.12552068146592374 0.9919032803217736
0.0007742269203965844 -0.0688546702410877 0.9975549479780017
-0.023249452673146143 -0.13801336344090162 0.9897640274269209
-0.000913724372091956 -0.16522512917071264 0.9861384837146159
-0.040498594555144554 -0.004989568024171764 0.9991330259590073
-0.3126894061387035 -0.16893627545577786 0.9338299077039884
-0.17127642069445984 -0.1394974264922709 0.9749449107315956
-0.1859325879113459 -0.16388038993979262 0.9680461080954859
-0.36917352191730785 -0.08062667818977888 0.925453295766642
-0.3574318315906314 -0.062315166568129944 0.9312970655433235
-0.3220870032936587 -0.13840098220270605 0.9353959107746868
-0.15816761176879934 -0.3535706567704662 0.9212327715052144
-0.18790569261949705 -0.009915632418034113 0.9818919908712309
-0.10854005989178338 -0.0001652149488736987 0.9940067064526183
-0.07899994322796802 -0.30122677315653856 0.9499483509523781
-0.3149207648426618 -0.13770898957923933 0.9384586303995291
-0.15847743827271 -0.17824925467018965 0.970783158484687
-0.2775804447693437 -0.023339095728357247 0.9596666107402272
-0.07077629160227024 -0.1518333496259236 0.9854185323915622
-0.06331251197156855 -0.13655254867174652 0.988359193390916
-0.018157559634044994 -0.2045198825372235 0.9783162001697054
-0.2313787416777027 -0.16072040308067762 0.9589428970241356
-0.13247465087080967 -0.00844217571438554 0.9909312271884602
-0.350477736141869 0.005357365731977985 0.9359884670928885
-0.26922728057770917 -0.20364789597204816 0.9408745206622986
-0.22135092005482754 -0.28158450323351425 0.9319907970423493
-0.29497831580641254 -0.02840191530225565 0.9545529985636466
-0.22564371669078057 -0.3398070381854932 0.9122736434810438
-0.01122694487794493 -0.020958907804352403 0.999643009585742
-0.0010568741043328576 -0.11703075133842947 0.9928157539377493
-0.07726499533228845 -0.1299922836609517 0.9883002370673689
-0.08512997556639894 -0.00010485000527069664 0.996295062278114
-0.3158818507339689 -0.0018023496204540917 0.948521884720618
-0.05380469603777793 -0.009930157234726662 0.9983540179385011
-0.06335888604437248 -0.006825718393140254 0.9977331469238114
-0.2204951770667088 -0.08107114714661627 0.9714728668851188
-0.011739131010198037 -0.07348129600010686 0.9970403219615612
-0.041491019619232516 -0.0008633564510552771 0.9990936302437169
-0.12227365368152215 -0.3409374196184687 0.9309997402825572
-0.06445852199110796 -0.29045221639915436 0.9541955037528648
-0.038588133747152566 -0.10716898422789037 0.993111831335414
-0.16002332916880913 -0.015965572057188383 0.9868325839910391
-0.232593946182548 -0.03278853752871469 0.9713855168631079
-0.38452728953429527 -0.154449498489148 0.9089294851862076
-0.3141434641982373 -0.0028791528679887836 0.9487367081273322
-0.0020497503532135777 -0.012363693706204663 0.9999101020087051
-0.2607844929998953 -0.003356323620260176 0.9645375906895923
-0.35932994404992885 -0.07339737988756813 0.9289567375622659
-0.14481526044019286 0.0002267170153545334 0.988825582429428
-0.053030739459285346 -0.08172657205151404 0.995073465149809
-0.37658204578964743 -0.19849954733535624 0.9040085557884439
-0.0445629701431839 -0.007076187051402988 0.99891340555311
-0.32064851274202866 -0.081720206617345 0.9431838616867484
-0.005062157658081569 -0.1308000485626234 0.9912919853836237
-0.01167733600323544 -0.03231588221214149 0.9993657213471795
-0.004149830002967874 -0.29220594697298113 0.9560191991038514
0.00026230318598179894 -0.2822711119593825 0.9588883646339664
-0.10407613646279612 -0.1658788674125066 0.9804168670460304
-0.007554962603445935 -0.07642252238172835 0.9969678651956289
-0.30775902661274374 -0.1370104571195844 0.9410849180371842
-0.07131817363293996 -0.026358128241075016 0.9968606441470098
-0.2019085232060269 -0.0020476064826377587 0.9790605321183097
-0.1865539501953247 0.00322794141135521 0.9815193622493159
-0.026892306092235325 -0.013313866909040104 0.9995107086483579
-0.0017973632923288408 -0.1304103618932985 0.991356323962926
-0.0426537649704134 -0.013815591196550566 0.9989293448153642
-0.2383703968638234 -0.08356421086442792 0.9671571553855336
-0.07544376956800514 -0.1069099995075539 0.9909457773367757
-0.25588293691040137 -0.06363555450108763 0.9635674119678183
-0.07060770025121166 -0.06940690265220212 0.994983643181198
-0.24470744725597549 -0.017772421331265425 0.9689696306032932
-0.2509425229331399 -0.027500675111793597 0.966989545327451
-0.15102122637107523 -0.3698168583021439 0.9162546929701985
-0.006701312011269997 -0.04483508003317489 0.9989324766408411
-0.1580149606571673 -0.19136215492423142 0.9684286599219277
-0.09340443305158819 -0.006771963458903208 0.9953639688005534
-0.13003199070333774 -0.35210846590815226 0.9264062495905596
-0.1524289803608082 -0.34214174924125407 0.9267235513918232
-0.07665856472139414 -0.16192057885051347 0.9834960459144741
-0.01819865709344966 -0.027979208391193337 0.9994045646093983
-0.052042111331034 -0.002805773630092182 0.9985415484756553
-0.032925111165537174 -0.2727717682771327 0.9610064455547626
-0.3095616846278577 -0.08955570195440932 0.9456027568390358
-0.043926019548903454 -0.04496888902095856 0.9978782544977814
-0.02431821271093789 -0.04158167257902474 0.9987696570336202
-0.015566064315516551 -0.04386428388572723 0.9988457426863854
-0.316010579960368 -0.06056837528755005 0.9464700588246057
-0.39765889636031093 -0.01573523976555384 0.9161490373158667
-0.031373239764163806 -0.11710577050463801 0.9923100138501785
-0.23244281904956002 -0.30315495271826276 0.923466956554944
-0.10855584520084882 -0.03259761798381917 0.9932722361738122
-0.0002341683705668845 -0.08167393175022193 0.9964383582436719
-0.020647606280258423 -0.13840868963203637 0.98987698486755
-0.07739523638538108 -0.2477739885161641 0.9654157815756315
-0.1695525533283821 -0.009110528959028861 0.9853537838209011
-0.0031154334123564735 -0.3079682383225884 0.9511561258048554
-0.03513445166505256 -0.12835085708035388 0.9909586402106537
-0.3127885972958489 -0.18251005918493304 0.931351886998445
-0.0322542679184895 -0.17953666560212397 0.9829319852639438
-0.11532026379305571 -0.18723716404153556 0.974868594461825
-0.30399038364761266 -0.050387495822640675 0.9508118446437849
-0.2666100186341867 -0.25672595989796854 0.9284081965958677
-0.02077516556624994 -0.0006462237330699574 0.9997567389331253
-0.07563323517999401 -0.2968185235598503 0.9513802417466387
-0.005318147174994604 -0.06785503773471906 0.997633092009925
-0.2563892653261672 -0.03278828781494102 0.9656394456308593
-0.19068697126171535 -0.06321812767171574 0.9792902490029903
-0.2392484965665953 -0.3116498871325452 0.9190920698003644
-0.18724757783941204 -0.009157225609630492 0.9818191844342476
-0.31950250945851427 -0.06716054047639676 0.944826774426094
-0.17610423907473194 -0.1341661452682085 0.9743305097601462
-0.04568540719984816 -0.27420123758908915 0.9593605366029098
-0.0032405864670293143 -0.10181174486311603 0.994660675329956
-0.16823981330005897 -0.02509565784083586 0.9850845631903989
-0.326434616449741 -0.01297958981240214 0.9441141920968128
-0.21774111146803146 -0.03505943451312478 0.9750489323142334
-0.008256855728647584 -0.1420415002016296 0.9895866521676782
-0.06927536583245826 -0.01300646586289524 0.9974667857433409
-0.15847287380012584 -0.0044015109314786685 0.9871762794359842
0.005207050616374895 -0.2605851653495819 0.9647758599534334
-0.14411296642137836 -0.042589873088316625 0.9884383864276919
-0.12297435710535881 -0.18146334445337808 0.9743882935792025
-0.2229821455787551 -0.06912234335722242 0.9720946853634481
-0.08233174347686745 -0.02526658515153943 0.9961631207250717
-0.25594923388781526 -0.2673283944819152 0.9266905865318791
-0.18752744338895178 -0.3294559296839496 0.9246629232211784
-0.04799649224702416 -0.032751598538199166 0.9982307315900054
-0.006286979330129212 -0.2882088397447871 0.9572650877571575
-0.377732053756481 -0.1813692447858175 0.9067211371525083
-0.1318568143953257 -0.008670514944993463 0.99074592485462
-0.09442585122535886 -0.226573835835782 0.9689740038227894
-0.26567032631396176 -0.21221254431644349 0.9395575264378594
-0.17737929616104378 -0.00903660256938492 0.9834499535597575
-0.038267282223534184 -0.19613970808805714 0.9795514524815795
-0.029346656555900488 -0.06914263218677032 0.996835251189558
-0.37269519566323084 -0.26297112083538904 0.8888709909242228
-0.04434867921193609 -0.030503662145958278 0.9984797989836103
-0.041446037718763484 -0.23661259995574058 0.9703493098770718
-0.17961848306872147 -0.2316049565302221 0.955694324908838
-0.03773824847484471 -0.03357664114768019 0.9986503862803832
-0.12200514130537225 -0.17119683609336428 0.9768891447477871
-0.14630307426577796 -0.07913473703335382 0.9857858908451266
-0.004410985182939141 -0.3291856304102496 0.9438707064451398
-0.24898779332888063 -0.25915177217390556 0.9326914823472482
-0.0003050477056554952 -0.39994496621059605 0.9160795830154791
-0.36711471367694076 -0.12888198035128243 0.9206940715939351
-0.2174396210143165 -0.26510619951990755 0.9386632769419181
-0.18661065919933592 -0.027581873698883926 0.9809426371831909
-0.19255072638963208 -0.1013840683174855 0.9757966610253789
-0.10690483040315242 -0.1620493122384048 0.9804674513046526
0.005753939975372758 -0.3434251207397456 0.93857426831604
-0.23793253562153718 -0.013631400361996785 0.9705560581581217
-0.07468981226791128 -0.04199721239192067 0.9958723358000771
-0.00843821159491016 -0.27545333031185004 0.9609785318847803
-0.007657653254522915 -0.09447125984886617 0.9954139528124875
-0.06189881829890974 -0.22063719012162725 0.9729456046648398
-0.22265815255436766 -0.2805555450882667 0.9325188892142139
-0.1471916673846336 -0.18282288789130752 0.9716973990286548
-0.011903511259352163 -0.24347073456182883 0.9695462864271546
-0.050695269900802 -0.15329604004493666 0.986598019336681
-0.21228992225365548 -0.2305956157592916 0.9492377795458888
-0.103059096228045 -0.2612077904300303 0.9594452483405054
-0.3940631175417488 -0.024182109880283766 0.9183388488280292
-0.2151373570518426 0.001395037297179535 0.9763114115128284
-0.06447986376399358 -0.24393035988101314 0.9667029937191463
-0.2937728485419914 -0.12123740360377515 0.9466739613848119
-0.2346307187585329 -0.05075826288411729 0.9703517881047897
-0.21855151016527435 -0.027162548315595995 0.975225104996937
-0.12054234503162875 -0.09133766377537071 0.9871724536870286
-0.03455917438241475 -0.2697156247420803 0.9616588199297696
-6.088437981584819e-05 -0.026522094676256554 0.9996300667412295
-0.2366276936088968 -0.28167449498636765 0.9292604609044314
-0.0018537571965356612 -0.09740366494600196 0.9949669791956697
-0.179848294414624 -0.15831864911515278 0.9702922580152928
-0.2363461631876773 -0.04957805402723378 0.9699740794642582
-0.02616103182476739 -0.37511480107818035 0.9262329297243188
-0.018705771483406578 -0.15990384654347142 0.9867331974122293
-0.2240800914401958 0.0014951829234779238 0.9743459717441499
-0.1831678646734729 -0.0480620847203135 0.9815461552886177
-0.017786202149417688 -0.21228099544331275 0.9766723437960757
-0.17772967443218068 -0.24881900734372048 0.951603131932185
0.000478188937664572 -0.1833935823187409 0.9827326860114068
-0.20975660383592878 -0.1289867318640186 0.9688254272139216
-0.2631615645539363 -0.3634194462275926 0.8930311917986964
-0.03295949332558924 -0.014413466259645053 0.9990914663460909
-0.2743234954258089 -0.1547055250439649 0.9479977398658309
-0.01059964452054442 -0.10516640015351339 0.994185004432353
-0.10835062766374691 -0.3001590018041315 0.94715991157558
-0.06378037431006668 -0.05706663158846927 0.9962111678810359
-0.1689423725282069 -0.007609537921092252 0.9854506145822348
-0.004806848637298239 -0.2804495629968492 0.9592355543630415
-0.010120153213352027 -0.07653342878013526 0.9967620370977694
-0.14326485583095988 -0.02468173510353006 0.9892141429508581
-0.0007856740346577927 -0.006047038955874405 0.9999689629656344
-0.11701846747372274 -0.36440981408835377 0.9232960154594058
-0.2672168350410219 -0.331143597769912 0.9041134921942542
-0.04039607761723951 -0.03218843458964336 0.9986009042464431
-0.004389285537939953 -0.3470689799857497 0.9375273398652183
-0.32542710284168064 -0.3291990186072324 0.8857718157616419
-0.02146490366724226 -0.049750799895853556 0.9982680227765939
-0.06148593296956818 -0.022142997662690803 0.9977990396999056
0.010864595990387055 -0.37659417385514893 0.9256265055922823
-0.02027229028356289 -0.28386484360060893 0.9578750679365541
-0.00247939238075369 -0.24846765822123806 0.9684013518967884
-0.3303328406769968 -0.321874873290449 0.8866669833954497
-0.009833127277454006 -0.16303176195978603 0.9862261603358002
-0.08149775372880755 -0.17780438074598862 0.9803214675135917
-0.14102631886692432 -0.2917266307864286 0.9449161357399943
-0.00264212698927598 -0.08544948824623232 0.9962600115317027
-0.2660233107871848 -0.18821899355104718 0.9446046956465439
-0.052931198720918095 -0.05798792637748846 0.9966789418715347
-0.383244079823718 -0.01724424884137132 0.9225036953784543
-0.009441996593840398 -0.05357152281775167 0.9984330862730608
-0.00026001042385348375 -0.02651824731850209 0.999627978332088
-0.016516413073691772 -0.19020373773745483 0.9814379730376569
-0.37447801374618955 -0.05600452190641286 0.925131798740055
-0.007848865070773852 -0.06265743085639644 0.9979423603922088
-0.01608417578334647 -0.17145977610633323 0.9848954320833758
0.017720800471596396 -0.34954538605002083 0.9364426911397756
-0.0019557769723178796 -0.2844763099349199 0.9576499191192016
-0.022318679619491362 -0.23786281384089192 0.9705440978282568
-0.28416670857386367 -0.19603146992067821 0.9378250151853148
-0.023884522598101688 -0.26420198448734905 0.96387874165367
-0.128899983876051 -0.3765129763203894 0.91689596077876
-0.29938789449295583 -0.07438741983326977 0.9497341888708852
-0.04547217536892331 -0.025573142517518636 0.9983293290453467
-0.14109971191151988 -0.292470411601135 0.9454389075408329
-0.11275521713441868 -0.01216515816817985 0.9932279859629528
-0.1772820824084306 -0.29048860715129177 0.9391321178851165
-0.07814626559785828 -0.043954861141849405 0.9958479463079851
-0.28878549672273124 -0.20705569036575358 0.9342534415436967
-0.28128252462156034 -0.0603096454894662 0.9572086659852339
-0.3053120097199496 -0.24021599966311907 0.9206316613545578
-0.3217408516013567 -0.22412565086153424 0.9193954315373151
-0.10486439862501848 -0.01427392072283689 0.9942334257452362
-0.2838106755222956 -0.26148373829592153 0.9220568698127506
-0.054113818721664646 -0.013383171440778444 0.9983623108456952
-0.3126614879051682 -0.07494732735155327 0.9465530633624816
-0.15804873330499722 -0.006702743326644462 0.9868439363703412
-0.001411592545799224 -0.0032511285891535196 0.9999883128674659
-0.11217360937141807 -0.017814119831793616 0.993267366150323
-0.045641047860683355 -0.00673014522617985 0.998892859334179
-0.1713416784815091 -0.06943566354389528 0.9820431207556083
-0.29454248985884024 -0.08238412900489209 0.9516655981698046
-0.010604938978017996 -0.3139834503414816 0.9477855032554576
-0.3075546361658532 -0.16057551625554978 0.9371059742684581
-0.07579531530431034 -0.14130561622861934 0.9868562212767588
-0.011734929770273723 -0.2801611427882444 0.9593177828573822
-0.39446829823908947 -0.10615141034424681 0.9122779498160417
-0.3252500219427062 -0.31417453691837083 0.8911740295081694
-0.3817908504593941 -0.041436183892774134 0.9228882195806545
-0.000937252809527144 -0.0022265649383277674 0.9999941754693971
-0.03398371984919185 -0.37212452133630786 0.9271303412508449
-0.2653637057728357 -0.07442308479473692 0.9608660013629754
-0.06105593363119253 -0.2072615288239633 0.9759383037542431
-0.13430517030796332 -0.3335802501278905 0.9326542742628647
-0.10504243178458397 -0.02896310313527118 0.993171049497342
-0.005402499122878896 -0.2996090537826283 0.9537463637223865
-0.2869399630813858 -0.3255868482128735 0.9001934905649351
-0.11202544910656279 -0.3230015745033889 0.93926157184879
-0.13599419739439844 -0.07970713298781391 0.9873080445657079
-0.1662526679847762 -0.3154245901017005 0.9336178161858104
-0.01298732072326446 -0.2558230228397672 0.966275969853498
-0.05151823532914121 -0.22994752782820904 0.9715658653453813
-0.12942405618187736 -0.24970657396715315 0.9593087433700225
-0.13981393659359484 -0.2664222826273698 0.9531739237836004
-0.07262129348162419 -0.01492814453261891 0.9970441750031647
-0.017934233589012166 -0.19144073812056422 0.9811527129705186
-0.27233158948138164 -0.3183015503657686 0.9074726506840857
-0.3006998078275224 -0.11478508661852835 0.9462885161961886
-0.18445066313010947 -0.13773034025797537 0.9723707415963552
-0.09326860146299773 -0.03442917756817627 0.9948814527031493
-0.31994628145650283 -0.35968164163010397 0.8756825978121997
-0.026556899183086353 -0.02194781897644342 0.9993637871560318
-0.14057344624314808 -0.06949147200160687 0.9873954453186369
-0.019790415803499523 -0.32036655046687007 0.9468259991628504
-0.21392976169002825 -0.3533609309898583 0.9098468029159096
-0.2569294557966467 -0.3531073929112225 0.8986722534595695
-0.21723310571328724 -0.1802372211828346 0.9589206814466797
-0.34191995420592325 -0.09889210509635304 0.9339285301767034
-0.060721831062099 -0.025025749216762382 0.9975528021844261
-0.01485864366974987 -0.10810357723090003 0.9938055715430466
-0.2927126974417326 -0.10651264648343096 0.9499115531366618
-0.0026557377179146236 -0.03493582768766422 0.9993507763039006
-0.32632484355032604 -0.3521887980185721 0.8765842004923264
-0.04635326095677699 -0.3054153699489867 0.9508382740690555
-0.013108588757184816 -0.02345971611967008 0.9996162180910279
-0.05635694297906327 -0.0396541667510622 0.9971945716889786
-0.17852149098250672 -0.00339693546026654 0.9837071658981681
-0.2876604659445805 -0.021402970499063794 0.9572398955062869
-0.08296843144397033 -0.0037192806746595645 0.9964595564339235
-0.0038446881365504807 -0.015870285202172485 0.9998204674767469
-0.1994280952269005 -0.0018685845799136886 0.9793077176266917
-0.13083624518979897 -0.24952408818443889 0.9591692013459636
-0.2897236472749485 -0.11041553497180387 0.9503236075446343
-0.10753743962942738 -0.21614419937053136 0.9699974699894743
-0.008143924528077136 -0.344909107082396 0.9382861290946756
-0.08426638026140157 -0.40928963212248914 0.9077454689130595
-0.02692077665070144 -0.060789628247027626 0.9976012228464017
-0.24303190400943597 -0.20245497041413862 0.9480606060705792
-0.2546538902823392 -0.004711453405054785 0.9663072707299251
-0.04164987350469087 -0.07525881621766704 0.9958999437499352
-0.007190683130346257 -0.01918889259751102 0.9997707173577066
-0.0013068268994441642 -0.0025031957666777596 0.9999926054551005
-0.04133210866311558 -0.014166324224999648 0.9989605995131005
-0.056149105660517264 -0.0012369082157550927 0.9983178978715136
-0.3431621265634212 0.00043753826036722513 0.9388395514775307
-0.03215957138560034 -0.21028039222563147 0.9767684232471686
-0.30230658591948234 -0.21607307024450845 0.9268414710703576
-0.07140947387956668 -0.008264529142873582 0.9973238628596564
-0.13277725443149227 -0.0014225006901846175 0.9909620563817095
-0.04111118919573583 -0.08189146421454012 0.995691105766884
-0.11315654482532239 -0.0017885856419242857 0.9932767678095266
-0.003135759729075671 -0.07615640769578867 0.9969115270229458
-0.325371128508406 -0.0021905641026788974 0.9453423349648624
-0.1916670284651728 -0.11530547724883365 0.9744043672417347
-0.043126500828937674 -0.30969903093654777 0.9491357328876198
-0.3680671346328996 -0.24835328483739985 0.8953376190611986
-0.0348911344091849 -0.29793481490686125 0.953355281400544
-0.35631996195169935 -0.08433835979330265 0.9294913921203716
0.009859206969684195 -0.28326987326987874 0.9585363828960354
-0.01568776656287155 -0.0010462826645944038 0.9998593589451971
-0.06733890033306754 -0.2516247199986174 0.9650217856704992
-0.020963501168146634 -0.22437648662734822 0.9740882127983709
-0.13460845115072376 -0.0033630722889452097 0.9907593662846395
-0.04017720906262813 -0.07744108728031587 0.9960314556078204
-0.2713881926656103 -0.2604104381753281 0.9247549819582316
-0.29918839353612436 -0.0034979913087991353 0.9538961326513813
-0.2644576883514311 -0.154878659895171 0.9515246795053592
-0.030518013694064053 -0.15952561625573525 0.9865161912755934
-0.12868912038253158 -0.025824017669342926 0.9906685557202706
-0.18565539567608322 -0.06070898139150337 0.9793702447086335
-0.055363730600955084 -0.03417684586356302 0.9977722228240989
-0.1388227259149229 -0.0029994325314588568 0.9901832772916827
-0.2804195918423444 -0.09225058303564376 0.9550505440571928
-0.21128646881439184 -0.020323816520451152 0.9769376536207836
-0.20636219231872172 -0.036174936700822294 0.9775363110284124
-0.32814335683876655 -0.1817424906715016 0.9257341701881432
-0.07475728800125879 -0.08889254989359296 0.9930071315759709
-0.21754358875322272 -0.015315585268250071 0.9757345979429881
-0.3817188140287024 -0.006706306156417988 0.9237973506533252
-0.06783260341473611 -0.24900205276450496 0.9657915294771201
-0.25744711975572654 -0.11135538034484208 0.9592330262656737
-0.006760639982574416 -0.0009701419364475867 0.9999669127064967
-0.1091720940614053 -0.2109973989779134 0.9710400703793196
-0.3171472950372758 -0.045820053516531345 0.9469654096728642
-0.3416362173492074 -0.13307039254895514 0.9299065469116492
-0.0024138758285083997 -0.39228453138915703 0.9189415351908747
-0.11759437538443633 -0.014139459891842192 0.9928263981569974
-0.030966419304330237 -0.046522037387270114 0.9983157469708611
-0.11325741822679912 -0.023238489018001705 0.992790876412038
-0.2668208064491588 -0.011663111855304779 0.9633542658544212
-0.05541045745131411 -0.41352313186050027 0.9082085698114404
-0.3421927530540775 -0.008152229123230612 0.9392412243043902
-0.1054242894290316 -0.10209405676337736 0.9889884009544372
-0.16201200811305816 -0.06289378374096222 0.9844771029992817
-0.2099931986440383 -0.2305523044334419 0.9497560451279745
-0.17167834968600984 -0.02315974234221399 0.9845833735153876
-0.38441097908377464 -0.2183899111654075 0.8960441933852678
-0.06619040015971961 -0.015384538184981748 0.9976121238235068
-0.3248717539561174 -0.007888570210332641 0.9450859625718987
-0.19695804644669612 -0.04499724638529594 0.9791154360029607
-0.21143516915447236 -0.05068824939473425 0.9757274477494603
-0.005658808755230097 -0.351696486873178 0.9356454887091398
-0.08359439445881998 -0.3569945199350288 0.9296818163393118
-0.03124877660220992 -0.04321925159421751 0.9983721717711181
-0.043332805767670526 -0.1858735543127595 0.9814393930029065
-0.028856067258913543 -0.023320521699871335 0.9991745662064785
-0.03864772732404215 -0.01545947543227752 0.9989873357084168
-0.2524564458938224 0.003973969577403278 0.9673510878295993
-0.31698996496296744 0.0004302629489518001 0.9481641276685628
0.00016701376314543192 -0.09729188113147115 0.9951657595674904
-0.1317414120977011 -0.019126314674004056 0.9908449719809658
-0.39175963966799476 -0.12842209008321512 0.9105005107219527
-0.06449446421785904 -0.39020861570054377 0.9173775799062669
-0.021309563163966518 -0.05675776985365872 0.9980923908315512
-0.14520483379094254 -0.04502828318052407 0.9880702207213755
-0.017039423142008757 -0.034291048021897134 0.9991565497086783
-0.011810740730006436 -0.07025690242716294 0.9972620661557113
-0.09459152578988061 -0.2822243778821166 0.9539145128359718
-0.09170908294810487 -0.00757920670806565 0.9956825490261946
-0.3918864023426974 -0.3559236992688883 0.8475553506394167
-0.23104996390777643 -0.05943066700225281 0.9708007140385935
-0.21455538742111044 -0.020684119582276218 0.9763111621456694
-0.1430739961148123 -0.08298807154125458 0.9860526395242405
-0.2676394696052166 -0.2554644336383567 0.9284580149138886
-0.37733119365938994 -0.24252052485805162 0.8928422382492927
-0.011435729245849435 -0.03702138979816762 0.9991784945419853
-0.050453732774324925 -0.09459391619442423 0.9938450996765167
-0.014099409377205174 -0.0019843624521469023 0.9998617456343156
-0.1105406168175179 -0.019129332577736084 0.9935447343870427
-0.03821167379815874 -0.3427433153623949 0.9380971596334738
-0.02363296326167685 -0.2650221655041776 0.9637320989903319
-0.09324676841745048 -0.011821051838967669 0.9954948272035363
-0.15446138302806112 -0.3880741043794128 0.9080098868188944
-0.05365579562288728 -0.2883782498984317 0.9557201185331133
-0.03024562670943903 -0.053065755846114775 0.9980154868089799
-0.00943783391717793 -0.0045102592114264215 0.9999108001102814
-0.04832661693749747 -0.003182503901534442 0.9987897451689133
-0.28895826313864115 -0.2761111965054974 0.9161811723288872
-0.016232044525648484 -0.1343214961134979 0.9902070030644683
-0.0040167887566770815 -0.09652609092204983 0.9952433311925167
-0.09002890544825062 -0.04244310720697718 0.9948852158600221
-0.17215461717741215 -0.0043211065287423155 0.9848951392563232
-0.15779632255897355 -0.08392155681680605 0.9834122511261741
-0.24826803560964153 -0.03296098349754486 0.9672751533164151
-0.042751611808612394 -0.28528777989573695 0.9571549423310198
