-0.09341824306104364 -0.13156708830743277 0.9868957052990412
-0.36585113309964734 -0.03292479522015741 0.9300908053891378
0.006017173570398214 0.04614914175426149 0.9989164381156058
0.056313245289929294 0.056397263463199725 0.9968190242359836
-0.012120238098835378 0.04964610492010784 0.9986933283519467
0.011585675476572346 0.03379949234861269 0.9993614793660639
0.0028207658233612557 -0.3067235714967201 0.9517944599378934
-0.1270766359298331 -0.4186191004204108 0.8992272112007968
-0.4032128078008502 0.03052242826534628 0.9145970768585155
-0.04533324974724047 -0.04141587081477489 0.9981130307294901
-0.06527041596604698 0.04688029765494343 0.9967657751404807
-0.31956780241009775 -0.26133766354498394 0.9108122996949645
-0.46351966714078996 -0.36967761186097786 0.805287514781184
-0.49197446728361244 -0.024756500359328987 0.8702575706254813
0.04184713535442255 0.03278253571092843 0.9985860616967324
0.017706690059063588 -0.009016250896798608 0.9998025706842917
0.04103167112121118 -0.01372826154486589 0.9990635299118654
0.04716294244529098 -0.04523390134009412 0.9978624910424567
0.025994962207541304 -0.046146101144430546 0.9985964146185367
0.060703373847202986 -0.4748661144688797 0.8779620001644692
-0.06675593701705643 -0.4318911123440579 0.8994518952957892
-0.24778456353656397 0.072239738694707 0.9661181243648806
0.05189446155594849 -0.03139144042678574 0.9981590766645112
-0.010730276954370864 -0.051363726827992714 0.9986223654228968
0.050998254184265956 0.05663987642028292 0.9970913210279447
-0.40924673342445855 -0.19865227235411273 0.890536010428527
-0.42177515283470746 -0.02918452488222137 0.9062306461153574
0.05420456993155158 0.02497105647408868 0.9982175669347357
-0.035801578203863246 0.04789201769606235 0.9982107000223515
0.028910566994604345 0.025811022469837568 0.9992487028938851
0.04649502417422245 0.009913982968828183 0.9988693236198277
-0.05044564216940065 -0.10179663667949933 0.9935253806254064
0.0010776951771767269 -0.05984382854361822 0.9982071702599352
0.0050775264523544176 -0.24341490550190464 0.9699089660914701
-0.06768733614580287 -0.1471798556562964 0.9867910187139306
0.05057972237817592 0.05673091367622559 0.9971074641770601
-0.3756951638935362 -0.010396482039137206 0.9266849826063974
-0.4225350021857037 -0.016901333579315208 0.9061890072447182
-0.007528806171929548 -0.03541463249471151 0.9993443455000334
0.048320711285397284 0.01011723706786475 0.9987806317580381
0.0569869139975278 0.01131722533022207 0.9983107792886259
-0.07404881429297767 -0.07810953037317817 0.9941909647380053
-0.049447607998779806 -0.28923225531155206 0.9559809812703348
-0.4715166939412881 -0.47354682416647875 0.7439256768364159
-0.055254930325158665 0.05593277349092205 0.9969044174465148
-0.24033307382514904 0.029156125158688432 0.9702525104278197
-0.03710110148568112 0.009198295457339445 0.9992691827677007
-0.06524080185030733 0.023210085025738635 0.9975995838647022
0.046800553349912226 -0.05228834056525738 0.9975347801691296
-0.06944222543953209 0.04557058363832203 0.9965445796515416
-0.17688905908238006 -0.041664196361901246 0.9833485422364072
-0.16922106106114654 0.06934293328401407 0.9831356926166951
-0.02740591559769134 0.034583460311580355 0.999025975669867
-0.30332285806200276 -0.4219351749510783 0.8543804491654179
0.026882404467415296 -0.15575130697021336 0.9874304363888732
-0.36860231109280833 -0.05443084417116612 0.9279922518317999
-0.05352253038908164 -0.24337827058042663 0.9684535900857771
0.05426846075563873 -0.12876062911035008 0.99018969624932
0.036384211674555 0.053705495887081255 0.9978937362526853
0.038997016066434576 0.05553877871066459 0.9976946811511236
0.04550577809360259 0.03841701740879444 0.9982251033376731
-0.026321720290918 -0.11907824003499644 0.9925359136026739
-0.03246756378988083 -0.060275379876677776 0.997653615180275
0.009335870249969125 -0.3011795656863084 0.9535217410943928
0.06829861956112525 -0.5254942909932342 0.8480513243310001
0.050179198070884334 -0.2998122190321811 0.9526776377138083
0.025350824632756373 0.05513042867496148 0.9981572879684615
0.04137603094303498 -0.00023033589811274357 0.9991436188100161
0.014835757765913143 -0.2621227923435078 0.9649204848201501
0.04517437319898766 -0.16705989914472658 0.9849112985969003
-0.011344558736635103 0.024450620055321625 0.9996366680779479
-0.013188794005999408 0.008644451207524223 0.9998756568573856
-0.0049042807913963595 -0.029771072526572056 0.999544711991683
-0.02434154106129458 -0.0437278072383482 0.9987468989953796
0.04435657999161812 0.032742403469466316 0.9984790577806276
0.059371081802049724 -0.060839363026007905 0.9963802720609456
-0.16609853130924743 -0.15476433581741472 0.9738887401833463
0.010943950670745186 -0.45556537605442265 0.8901350560921129
0.057154972799398025 0.05390070314677638 0.9969092352288563
-0.08892198060383244 -0.16595158857525916 0.9821165672234836
-0.08638622641588314 -0.09513246043393962 0.9917092491539082
0.05367020419443497 -0.01586168158328904 0.9984327299518371
0.03618717546396591 -0.10306917714697834 0.994015710667686
-0.518978816378795 0.040288711337065804 0.8538371085217975
-0.3796365498546149 0.07101556940869296 0.9224060271464207
0.040194389257305375 -0.009924732104263319 0.9991425878046091
-0.3266165166348216 0.06011965101325875 0.9432429584276679
-0.2089748912952408 -0.03820088326622678 0.9771745940853264
0.022830820219644717 -0.06630850809594221 0.9975379368235519
0.054351452085666344 -0.0701984021545196 0.9960512557048115
-0.04110507807313013 -0.07023396987489008 0.9966832807026588
-0.05762887472774538 -0.06750937130047018 0.996052909028546
-0.2699734234368561 -0.3376375701981499 0.9017290179585403
0.04330899934029735 -0.0729099010535235 0.9963977503509869
-0.35295633757520956 0.06619849736175741 0.9332950137617473
0.04921629599716072 0.05254634422222706 0.997404951821074
-0.08535029578122628 0.028972269675492515 0.9959296835620011
-0.31325760009728515 -0.06789595750213932 0.947237992764309
0.047086961374973806 0.049320009327732124 0.9976724686731534
0.011716169915429878 -0.4393695149894221 0.8982300154528754
0.05143867513680853 -0.3476729014454642 0.9362038326671508
-0.22911927035513344 -0.24898707151535765 0.9410153017725786
-0.49894573327645636 -0.02738854682967889 0.8662003363817043
0.09396092917445807 -0.3500356954867515 0.9320119933100531
-0.07000667905113082 0.015698598589117433 0.9974229889523148
0.020021127105267985 -0.4459793950425213 0.8948192743045612
0.006612958789977346 0.032121404617173784 0.999462097401128
0.007633039842370539 0.056131721477714655 0.9983941939668484
0.003398440476251833 0.04923686304756053 0.9987813484039262
-0.013387271552480613 -0.006455468524569566 0.9998895478434148
0.056754132524233517 0.05611609202648303 0.9968098879210102
-0.43738506926511556 -0.24910347853137962 0.8640843466742796
0.05459422068791331 0.0580546296250421 0.996819507757838
-0.2951089765387615 -0.02629850611276013 0.9551016074441931
0.05783087134533026 0.058156869676237344 0.9966310093655028
-0.11358590206616521 0.04848725381025456 0.9923443097381853
0.009217900831158143 -0.10620946538833202 0.994301050872517
0.04070327262058936 -0.45759135593304034 0.8882304850506627
-0.037109711899260274 0.020718692553498837 0.9990963942791643
-0.052797961572302744 0.007172923497319063 0.9985794532345993
-0.17411133475276017 0.06279024324075098 0.9827220504620721
0.015772953186103895 -0.0737746067424254 0.9971501999938573
0.03159899020346379 0.019704421613675152 0.9993063792386156
0.03076739582346924 -0.02619459838961027 0.9991832716621355
-0.21343374569638476 -0.024941171182343815 0.9766391217732701
-0.43681541427711457 -0.00791843466276718 0.8995163101591901
-0.008526971940924267 0.05663035246029532 0.9983588001964733
-0.04047018280809218 -0.053710055836093465 0.9977361345594151
-0.478599285307405 0.03790711476201618 0.8772147825667671
-0.44923037551357003 0.04417206448344115 0.8923233149678471
-0.19312931101566166 -0.08310492239679278 0.977647503500131
0.00019484224009661436 -0.0789735210580137 0.9968766949869984
0.030085948728606444 0.04126614096999577 0.9986951192924416
0.056819441151828874 -0.13756836294598504 0.9888612120128666
-0.016411057921492236 0.0380015424211505 0.9991429126764153
0.0570576269173136 -0.018445609791059685 0.9982004741984452
0.02328232787196512 0.039731446254104866 0.9989391099498606
-0.09901105775109437 0.05728167199608626 0.9934362689656253
0.09207284177564867 -0.44127671488750847 0.8926351173382352
0.027082509016369497 -0.030640607660591845 0.9991634955639483
0.05121287499075484 0.04654548524987649 0.9976025056293888
-0.05713292637252771 0.03471715636382752 0.9977627712929166
-0.007316404458845048 0.048014140769404384 0.9988198598906465
-0.48038203011563646 0.07033300982432777 0.8742347355665014
0.04744882189882544 0.05853309943166776 0.9971572020355346
0.052658154119140974 -0.06251974829706133 0.996653600744831
-0.08466157168294212 -0.04388761970413847 0.9954427633555225
0.0596680828184441 0.05551328585145273 0.9966734645744042
-0.48512501507114675 0.0694603237128013 0.8716816983176442
0.025688114884145 -0.060746849810220986 0.9978225999604505
-0.5045614184142959 -0.09975556720340455 0.8575934945297107
0.05838147429542595 0.043231349098828836 0.9973578364429628
0.05634189228995892 0.00640721852145595 0.9983909748810859
0.039572176882025356 0.05758259684034228 0.9975561574958778
-0.377697529862604 -0.09596263640260114 0.9209428583524331
-0.13150705172764618 0.05120764190577104 0.9899917538830071
-0.02601544434647974 -0.44783176662639196 0.8937392827081845
-0.2564350011356679 0.07219852486375973 0.9638612261109205
0.04145111095147747 -0.04105760647759002 0.9982965883700192
0.037620340134270305 -0.05909579641794145 0.9975431804457946
-0.06949583265073844 -0.02801043172694998 0.9971889213978715
0.05565024335962547 0.024417317264824115 0.9981517144360387
0.045694480983857644 0.058454783173820114 0.9972437278477702
-0.04563153815608303 -0.013444441522956862 0.9988678639928535
0.024298928089152128 0.03434763265254827 0.9991145090653443
0.006016429470847242 0.05184376608939276 0.9986370844776847
0.028124702236503783 0.055732074890761 0.9980495663805874
-0.3871332138680056 0.059953554063312466 0.920072522182576
0.02980915979795192 -0.13443104061843697 0.9904744869558147
0.008591514374991038 -0.017878867013509755 0.9998032466415868
-0.016974341649868385 0.042096718703815775 0.9989693378677472
0.024832781618079895 0.057862642226721606 0.9980156549832527
-0.05988878532834464 -0.06052235556109235 0.9963685953848767
0.03256384066315749 0.0055553415418012845 0.9994542182919729
0.061840048194484784 -0.43972241853836713 0.896002233855515
0.03790066480254905 -0.04915460439740875 0.9980718233043447
-0.0842920586473793 0.05178629300695828 0.9950944823008439
-0.03226518932276287 0.01857783263989897 0.9993066704932827
0.05553320252302068 0.05176954692824214 0.9971138237073948
-0.3799304152421036 -0.01876104638778856 0.9248247956842409
-0.2648795679278597 0.05871849734160529 0.9624920532473472
-0.0945913514034351 -0.4964069931084043 0.8629209543363427
-0.0132150800252837 0.012898430397727883 0.9998294815383273
0.024560952014558702 0.025896799007389934 0.9993628547416146
-0.08431409247733716 0.0240348687205421 0.9961493155623354
-0.3673481538595812 -0.346526465166248 0.8631191938517777
-0.054751981305860856 0.008323144057430927 0.9984652952487042
-0.47877299551264846 0.009784552905501485 0.8778842072234156
-0.008404855292043304 0.04789442481241259 0.99881704154435
-0.06900843922418214 -0.0019784277805202127 0.9976141143444992
-0.015765414096554003 -0.2210971334267384 0.9751243558176789
0.02228298563699812 0.009428860855164298 0.9997072397127448
0.002085451301033298 0.005074899809508689 0.9999849480291162
0.03617959010648919 0.05008782257809697 0.9980892982539746
-0.2020918626215203 -0.031153961446724006 0.9788709362057597
-0.014877547055571295 -0.41925215880982963 0.9077479198141446
0.004947613465100338 -0.4606239318016542 0.8875816100914804
-0.015459439117560668 -0.44655529639614966 0.8946224751271998
0.045560458472174076 -0.07571220078832075 0.9960883029508952
-0.003929324690330301 -0.07989654577095352 0.9967954165130114
-0.012866334207003954 -0.07300349145204392 0.9972486889837886
-0.28265850721602187 -0.057313357938398646 0.9575068392968455
-0.38160496934700355 -0.03330411049040949 0.9237253290855
-0.08151645735919097 -0.4161719451672249 0.9056246348434519
0.040727372139147774 -0.06687145981549583 0.9969300321591199
0.04548334087132028 -0.06636869988375317 0.9967579753274732
-0.04029265787401971 0.057782896764900886 0.9975157334914092
-0.08303033360043433 -0.05761841557039709 0.9948799334037036
-0.08293976545262438 -0.07147701762030204 0.9939879432159984
-0.4620198087067177 -0.47259161654898485 0.7504630972474431
0.04818472488478423 -0.44524396670009214 0.8941118735398523
-0.28627565307239256 0.07745034463839989 0.9550118819016694
-0.2893803600196379 0.0715321005414915 0.954537671245628
-0.33182742807525023 0.0797889572442736 0.9399597226896673
-0.24650236354686608 0.055422097212037606 0.9675561874673883
-0.2914628478277956 0.0452890739865787 0.9555094495155709
0.017515961141221094 -0.2546584588532154 0.9668724116654712
-0.018548912895075598 -0.22955205683216354 0.9731196180503885
0.06434221641791975 -0.038582172567085606 0.9971817763810332
0.05582860004853389 -0.03504189085002036 0.9978252518864593
-0.3710663971493524 0.04062949861779261 0.9277170758095734
-0.0074650171464785186 0.06191277952989594 0.9980536464789281
-0.0021165512968247097 0.05642547673738903 0.9984045701946512
-0.2485296222519923 -0.03247600324226138 0.9680797157655409
0.01693440683950602 -0.26806468660470106 0.9632520696372874
0.07183897750010275 -0.2982604031558162 0.951777228778389
-0.07080970478523345 -0.0437216679142465 0.9965311843906464
0.05664952877867868 -0.030988089798674803 0.9979131070287547
-0.06379213003505727 0.05452110668792174 0.9964727859159599
-0.06266448089959724 0.04320310028766229 0.99709911992696
-0.0656270748730332 0.046787294289079365 0.9967467261730616
-0.008359397555352574 0.0477572728688709 0.9988239901807725
0.03125014213470055 -0.23881478451971147 0.970562170760516
-0.038490862969944535 -0.29823742661844155 0.9537153091105536
-0.030219989866268334 -0.23696666150692447 0.9710476577113738
-0.06952954931009525 0.04298721833567408 0.9966532701157892
-0.07714976520714055 0.03766946095671307 0.996307645980755
0.016969162102641967 0.05830160076603922 0.9981547830299925
-0.017232668284978717 0.05715235120289889 0.9982167319253673
-0.45236680342649976 -0.0364762020286207 0.8910857208166103
0.061984425015796735 -0.1633062376111413 0.9846263269955534
-0.06691992670497278 -0.3094779534491723 0.9485489548456174
-0.08003556374024953 -0.26491089122069517 0.9609456427131753
-0.045165171619877445 -0.19972069594289765 0.9788113969936352
0.030170965846596044 0.0528360571157952 0.998147315724658
0.04749793729741761 0.05779553416070162 0.9971978851680191
0.03919840480173359 0.05827591339316986 0.9975306526514316
0.024871696068245262 -0.12746693139787227 0.9915309274726123
-0.4929176789922683 -0.07463330519468002 0.8668690970917079
-0.10895039657472441 -0.050622111175100855 0.9927573786914837
-0.07597195736646052 -0.030372360827199088 0.9966472702976169
-0.35313619187149103 -0.32192339346444937 0.8784418926319684
0.050799806164190046 -0.41206690193296097 0.9097363618241563
0.0383956398858595 -0.36688245376030904 0.9294746042580023
0.04724861455057614 -0.3037627546293672 0.9515754081117429
0.05682526969052605 -0.2412201408443061 0.968805311905159
0.053970761019969456 -0.24312259639400524 0.9684929323838987
0.05924446754125345 -0.1903002173816766 0.9799366920011925
0.07769835285840411 -0.31621042328963916 0.9455019482613868
0.03052188502563194 0.05761006430698972 0.9978724843510951
0.024159515741955177 0.057772097930110025 0.9980374254004045
-0.10499345807510053 -0.23166368564315734 0.9671133907229599
-0.41869120453452524 -0.1115217490646024 0.9012549998368942
-0.37367382844957775 -0.1304692368584747 0.9183385259071966
0.017739809576196603 -0.009754810632160991 0.9997950504106984
0.016319423515909433 0.0017456828637701157 0.9998653054324105
0.00678157593199252 -0.004504172942197176 0.9999668607778888
0.029121743294187222 0.04778947972244618 0.9984328168161168
0.007248118039296011 0.04286047489656465 0.9990547755135998
0.003217441757662527 0.03107689459171222 0.9995118181847935
0.05468133216091518 0.01518572714914476 0.998388374133062
0.04949770507519346 -0.009334277588802061 0.9987306185624754
-0.016322272722033432 -0.03016183698432547 0.999411750482712
0.05046718208154077 0.05552520764108565 0.9971810341403224
0.054328505328498033 0.05553948169919113 0.9969773214478637
0.054950713753179434 0.056129437377343945 0.9969101791624554
-0.02876087585282227 -0.02903497412787438 0.9991645421538798
-0.03632851267517599 -0.04832803026753225 0.9981706470625501
-0.04561189112527732 -0.04691168853792223 0.9978571284840816
0.04318567401135173 0.042539827983601834 0.9981609893175103
0.04111079169374099 0.03443578772850954 0.9985610043106183
0.04527320146783786 0.026428643569900174 0.998624986683143
0.04227504298195968 0.018181613697307315 0.998940563629406
0.008594988034561246 -0.29782410293072803 0.9545820708007211
0.05089279005935988 -0.029532740815142188 0.998267369565849
0.04581233772691171 -0.027061920323390273 0.9985834377659214
-0.04424811307473911 -0.12072352268920822 0.9916995187852181
0.049065140837222104 -0.017065968673694913 0.9986497707744452
0.05540357105511135 -0.01965392647205147 0.9982705883118927
0.05281696538167301 -0.01123084996296319 0.9985410538265218
0.009477203632956144 0.05187786104721209 0.9986084668900347
-0.00667075236497126 0.0014735912061609215 0.999976664523649
-0.002677427494042458 -0.006244426187922586 0.9999769189954325
-0.012607217654649564 0.015889823741394804 0.9997942646187142
0.051411026283971255 0.04716863458047387 0.9975630437662787
0.05087593477856451 0.05767888210608479 0.9970380062060823
0.05495402849799029 0.05660145095855875 0.9968833083672471
0.053171872955145194 0.056920234357388425 0.9969618041064271
0.04220615323953813 0.05150633702100879 0.9977804056381337
0.03458644736183081 0.05199227348821548 0.9980483861799558
0.0358214582328191 -0.22669834535131267 0.9733060584138226
0.03853997593921815 -0.5251879784368466 0.8501130851598643
-0.5182230791463543 -0.017496238247832804 0.8550665014414061
-0.022906722759565516 0.06036933394582194 0.9979132354926223
0.06902255002593163 -0.4646887408712265 0.8827798489405112
0.06460283340465693 -0.48636420990947765 0.8713646362087571
0.03803933543011146 0.013812723660256107 0.9991807732463235
0.043119198648647876 0.018704197700791965 0.9988948331512523
-0.50804593117918 0.06569536098451279 0.858820965834786
-0.507058347981802 0.06266549612327298 0.8596306575137894
-0.1516021414469434 -0.07370982062423902 0.9856894303238944
0.0241838695263019 -0.0672848684821189 0.9974406683748557
0.052334614477264174 -0.08022455850945921 0.9954019832909107
-0.16332980106481856 -0.05353333769256865 0.9851180425916581
-0.1326272116945517 -0.048489718140486096 0.989979176524832
-0.06465657705833522 0.059616225879858355 0.9961252093260873
-0.3401934243992553 0.0024461650065498016 0.9403523011468994
0.050115841594842885 -0.5046513459314212 0.8618674036479426
0.013757361284451248 0.050276769068018694 0.9986405667218664
0.011145829268345361 0.05667901439894718 0.9983302358521878
-0.48790673441849197 -0.44967430487258125 0.7481577628057092
-0.05326308563966562 -0.413288935455761 0.9090408679140808
-0.04779163148659772 -0.365280668535426 0.9296698301838999
0.039270998668742764 -0.07423877310367012 0.9964669554137865
-0.18528003529761156 -0.5149617921607398 0.8369502142509522
0.03562659793139021 -0.0703589265565801 0.9968853329112837
-0.10874034072709968 -0.33722244172637283 0.9351238223329877
-0.06946499477407939 0.05124194690568219 0.9962674728095624
-0.44824334697128887 -0.02844303223981493 0.893458950267432
-0.32656884866533 0.02374743486271449 0.9448750427537188
-0.464317844992828 0.07058371223071033 0.8828515607897787
0.05478702408965759 0.006309563766330685 0.9984781276505148
0.055839959354377446 0.009065906793787394 0.998398571850595
0.0697514581793066 -0.49592427538497225 0.8655598460913899
0.04878571992749252 -0.48733390244578684 0.8718518343492296
0.07453816664444818 -0.402426281419708 0.9124128176083403
0.06190864878488704 -0.43016367362022956 0.9006256342694106
-0.4395713750944087 0.04489115296307239 0.8970851635063734
-0.4322666885717981 0.05811401903820336 0.899871252314685
-0.4398213678712153 0.08213219333604693 0.8943217917403685
-0.36956230743351265 0.07344717644352887 0.9262986630654776
-0.26038743730302816 0.01762731782654706 0.9653432861738892
-0.3175351461678369 0.01304936218679504 0.9481567091439517
-0.20430074660847672 0.017370221877814822 0.9787540448586327
-0.0743674852872186 0.04575739144227808 0.9961805751270465
0.05356914573240476 0.05362546628021016 0.9971231899779137
0.05634362845074395 0.05528697670787914 0.9968795041224927
-0.2114362449761276 0.07536325954409112 0.9744819615679322
-0.1696251884556144 0.07026714779693743 0.9830004188106335
-0.12302548749306619 0.06015692024626621 0.9905785553774005
-0.12149823338016634 0.059442745867569674 0.9908101428877392
-0.055212192024745345 -0.038320434154401894 0.9977390230807056
-0.019661648426505984 -0.3815183402841132 0.9241521387780305
-0.07308539137514486 0.036227016855743116 0.996667511669401
-0.030063796088618814 0.05755360562633927 0.9978896485304122
0.06077012482830137 -0.19358558985565077 0.9791994747387237
-0.5108082920316369 -0.04222747297228155 0.8586569334245762
0.028436563988602375 -0.14672352458339355 0.9887687136850298
0.0361180730632738 -0.13861774846595504 0.9896871246047536
-0.06284560582663036 -0.16442287157342772 0.9843858741021387
0.03071732026609757 -0.3884568916323325 0.9209547706478404
0.07006269003378814 -0.3175362964790331 0.9456542285019449
0.057622822053959896 0.05141706161829101 0.9970134884509229
0.05711929005235351 0.050203068182989696 0.9971043268630064
0.05744318495580912 0.05585680847349781 0.9967849805496107
0.05789709247867222 0.056798970557783074 0.9967054748651138
0.021741515519439366 0.0582753000621601 0.9980637734661965
0.01621563402425772 0.057261996811338034 0.9982274875670223
0.03229270084815871 0.05543025978699777 0.997940212523715
-0.4440164134109246 -0.09542751404141724 0.89092256351805
0.018252320142020724 0.0424149154384494 0.9989333450024493
0.01116394018119384 0.02188596535647014 0.9996981399202691
-0.12942965890019084 -0.2957389286548539 0.9464599566146787
-0.11354250661351738 -0.35665660414493355 0.9273101778324895
-0.16396376864999043 -0.24000982229922455 0.956823477852622
-0.1404796175893972 -0.1887290987598707 0.9719294235299308
-0.20091589096205079 -0.18955603477192529 0.9610938114671583
-0.003981932183567535 -0.1632603961980021 0.9865749780170572
-0.09093381555846458 0.054004514977074466 0.9943915494160589
-0.10253116270639867 0.0504090866694995 0.9934517022257403
-0.24862680438414136 -0.2964345234190118 0.9221232485232511
0.0064560200449135016 0.026602899798636084 0.9996252325384166
0.04158255752847245 -0.08222079919228915 0.9957462684286457
0.04036319477739204 0.056573472693216914 0.9975822044798074
0.0004715371323404275 0.048234391802240026 0.9988359330241382
-0.006683807263441332 0.05420365814068202 0.9985075313509825
0.06599894908606124 -0.11488524447944416 0.9911838978314941
0.07070457984578897 -0.15914383591490644 0.9847203165768034
0.06733392339168096 -0.1850512780231713 0.9804193833572826
0.04125187039798862 0.02786077040836985 0.9987602618551259
0.04081346942812805 0.020960642926028134 0.9989469015725344
-0.01792577588387637 -0.054081460026361 0.9983756118016798
-0.045914738422082046 -0.0329476368726151 0.9984018679971218
-0.01919158684584536 -0.4571416583873494 0.8891868122960452
0.05865737801377598 -0.054856736568136194 0.9967698081591574
0.05286771724129541 0.030255236955841317 0.9981430884950516
0.05631880699202165 0.04059275495059008 0.997587299550529
0.05946581129712973 0.056495760878409886 0.9966303458602611
0.05718007204237535 0.05406136499144955 0.9968990962863243
-0.09801052759075103 -0.20454597112680528 0.9739378225416521
0.04304873835531213 0.04504884132173668 0.9980568160288195
0.03329109018861118 0.0008359454172838634 0.9994453484354775
0.0321540326548481 -0.010500618897561554 0.9994277638663033
-0.47273754485724223 -0.18294931354639532 0.8620027623826095
-0.3834449626070697 -0.2726130060222106 0.8824126640063576
0.05583952235038762 -0.015372661846631358 0.9983214056662462
0.059474997209536355 0.004646464717875464 0.9982189815228676
0.02395440600951443 0.0072112434799783045 0.9996870432291317
0.02756944714753628 0.05214011916484611 0.998259151501981
-0.00461394552008942 0.041628372794916005 0.999122510048285
0.05596479166093859 0.05567256089979026 0.9968793849093315
0.04743212347024519 0.05714061562677727 0.9972387596302584
-0.01807212593087232 0.04368490296419767 0.9988818886722031
0.025675685224525763 -0.1840590958202226 0.982579772046063
0.021071051101036724 -0.15081727302950226 0.9883370684950767
-0.07901128083125923 0.055887397767298105 0.995305890805537
-0.07623454004462395 -0.0666425696805122 0.9948603232668206
0.04431207648006707 0.03514647635419821 0.9983993014209838
0.037713311432818704 0.03797015911781323 0.9985669597765285
-0.09034609866293652 -0.1243870396877413 0.9881120618705691
0.05862298698026452 0.033578813145095365 0.9977152944128291
0.05973239998047255 0.02351410845637655 0.9979374364638669
0.04621087434404297 -0.03555264597378251 0.9982988352475535
0.05009130767871426 -0.027017584404724987 0.998379141923533
0.04833346536044173 0.0006351629271346784 0.9988310531287596
-0.267498596775927 0.040306489537132915 0.9627148527077491
-0.2139038666113962 0.0432102550049511 0.9758985652777143
0.028876456325035993 -0.07742599879303104 0.9965798337218197
0.014305208462959303 -0.08249761607734765 0.9964885871661481
-0.49087811307968643 0.07661221264048547 0.8678532404581178
0.02998805163218248 0.03581431907894695 0.9989084298914576
-0.07043421339123061 0.05822124847527126 0.9958159005609115
-0.06884792709412352 0.04638048026788305 0.996548450395144
-0.09338622991268805 0.054973572451593455 0.9941111197419553
-0.023301575430428073 0.013460870876427293 0.999637855194424
-0.017062995933538314 0.01759015562352028 0.9996996751999635
-0.03773854627184153 0.007808239676547387 0.9992571408393546
-0.04527371596462257 -0.0049700052925900845 0.9989622563891721
0.0057830647672162715 0.024014948305845617 0.9996948726585356
0.0171496118912277 0.0272165262106562 0.9994824418232694
0.014519304623801983 0.024032943292708685 0.9996057259889675
-0.47919329670836125 0.059494496549321624 0.8756906926935534
-0.4822285940164085 0.053224226866486486 0.8744271066174828
-0.05109992525889804 -0.08169435391216537 0.9953465879669298
-0.0368189410913065 -0.07169016301445368 0.9967471525436508
-0.0622080896422017 0.01460833325604564 0.9979562867092666
-0.07266986513674008 0.03135691575641574 0.9968629968733181
-0.07979804432577009 0.05992795989172708 0.9950079958196306
-0.08060709954331764 0.05559124196975015 0.995194508284423
-0.08106462366134289 0.04857079236660569 0.9955246882521424
-0.07657422140481171 0.0526517494883909 0.995672728305872
0.02035079880660685 0.055096286506632924 0.9982736319271946
-0.22364508194556093 0.06632228143842708 0.9724115550045492
-0.2239509549661007 0.07265800805568579 0.9718882567636834
-0.26078973850083675 0.07417111984942837 0.9625421327261195
-0.14308127556343195 -0.03850981525227067 0.9889614465247759
-0.2522505278280601 -0.516206979473718 0.8184742057958121
-0.4940619467031089 0.015603785764984238 0.8692866700287856
-0.4986860154249205 0.028988036112630053 0.8662978424202318
-0.4586918842484932 0.06859197212733675 0.8859440708556322
-0.49126250689096806 0.04435511147180653 0.8698814708967683
-0.4551905242958672 0.04208507208462244 0.8893989168527728
-0.28466755714144903 -0.014214772000587883 0.9585209033547945
-0.25747202631411864 -0.02826948709356002 0.9658721404850482
-0.3344867852852972 -0.026922419760447826 0.9420158033619976
0.06708585732680408 -0.4948658698391427 0.8663759337695596
0.004205139418739594 0.01777491769101452 0.9998331706357549
-0.04032673990065556 -0.0020899283269478655 0.9991843604903817
0.05796969135565693 0.05331120744035958 0.9968938910663365
0.055198172994823984 0.039499138542095094 0.9976938306677384
0.0551790903546797 0.04710081408732845 0.9973649188235673
-0.02039690617994941 -0.5301995730813821 0.8476275000981306
-0.04686948405067083 -0.5265261570566171 0.8488659831799213
-0.10780893567188832 -0.5327853477113081 0.8393551135564941
0.0542797751017319 -0.07778741442569606 0.9954912476621132
-0.2910799502901041 0.06966517735899488 0.954158910036819
-0.2507826012825878 0.07199298450696259 0.9653626764463802
-0.21909608002469663 0.07238177812917064 0.9730147922373387
-0.1718865501190622 0.06848201077262127 0.9827335488771644
-0.017718575190399998 -0.03997644791683904 0.9990435104164255
-0.03534637992151196 -0.05108722887803778 0.9980684988877302
0.06610011249582642 -0.5309370394877789 0.8448293527263312
-0.08450086211928275 -0.0017639025153672436 0.9964218448774668
-0.08420397727113356 -0.0157688591631702 0.9963237592732669
-0.08389665014072754 -0.02976988515164541 0.9960296712614651
-0.07965002519072464 0.011900321423737767 0.9967518526880843
-0.02335947398196657 0.0284458376662593 0.9993223550460335
0.030795202917115797 -0.10248925639631103 0.9942573146829873
0.041564088274275234 -0.06723190722378909 0.9968712540829834
0.030226457871923906 0.01053982099298122 0.9994875053836103
0.01972274794864199 0.025964901977464955 0.999468277174746
-0.04210165161035703 0.03556361233963573 0.9984801852861359
-0.027811392987583065 0.03839957395232907 0.9988753671706845
-0.03244847832674717 0.04253555957707363 0.9985678857372411
-0.05059862456297773 -0.11420822291031833 0.9921674561342969
-0.015451700958764282 -0.15306400027993353 0.9880954694541341
0.023107862736068154 -0.4858977999544365 0.8737101090631889
-0.05651562714671052 -0.0528859618713353 0.9970000295512322
0.05014114516550434 0.007114509102935402 0.9987168013614851
0.03900252109849339 0.006049686493246571 0.9992207987433483
0.04726993814813157 -0.0021677878807809 0.9988797993968923
0.03138562395498706 0.008180941096146897 0.9994738689989536
-0.49924408946467314 -0.3400093446463341 0.7969623483501337
-0.49930765532922305 -0.4010398133189565 0.7680227428030567
-0.012752089970912543 -0.014061353527273932 0.9998198150358668
-0.028209407899987025 -0.00762479924310226 0.9995729546873677
-0.0239826224782392 -0.028980256279415535 0.9992922388195785
0.055390359013264154 0.05243035161351132 0.9970872410968187
-0.01484187101812117 -0.061523969557718945 0.9979952505070063
0.03730805078670727 -0.46786240241030336 0.8830135229753595
0.0573618452717597 0.034547312315672145 0.9977555321414069
0.040581243014197736 -0.3878002979295537 0.9208496574583562
0.014189451046108506 -0.0626475880614737 0.9979348371457377
-0.023610007130353994 -0.06361382134648029 0.9976952687554467
0.050521942481679794 0.029517480450060345 0.9982866580675904
-0.01899188073123947 0.05553224157176063 0.9982762536554227
0.055115243497226664 -0.038570540406923995 0.9977347459856047
0.03826292327242815 -0.03825226070312069 0.9985352839302919
0.017079070787669452 -0.038123313464476956 0.9991270781594896
-0.1307171729381534 0.02269568561751218 0.9911598894998768
-0.1485780366617457 0.032311938908667744 0.988372655239765
-0.4524742602746425 -0.3254930036575855 0.8302537855131272
-0.04622480000818872 0.02029035616717674 0.9987249718069596
-0.05601426872840848 0.023398602076402878 0.9981557529362298
-0.04963548566265798 0.02559591339852392 0.9984393661010805
-0.016589700863626055 -0.06994807361630041 0.9974126772919141
-0.500836802131654 0.03971415435717742 0.8646301426472667
-0.4863914258828283 0.041706939926757176 0.8727450440934139
-0.12337173145181923 0.05993705587742954 0.990548820205913
0.05798907997141254 -0.11344310719739498 0.9918507589519048
0.06401138782970414 -0.05820215749273107 0.9962504961561156
-0.195239336742254 -0.030176780411564554 0.9802912645292914
0.032209600128775 -0.06487663377174334 0.9973733323334806
0.017296836342597287 0.03793545532714851 0.9991304823103234
0.03275430016658564 0.03980271370429134 0.9986705662040769
-0.41280900764507467 0.0349147086004347 0.9101481672400573
-0.4427900921355091 0.06179318048480738 0.8944934528280235
-0.43739426086691024 0.030493809621674365 0.8987526846332344
-0.22637956946021223 -0.05995552165940211 0.9721921754229244
-0.07986516103679503 -0.04732291149919475 0.9956817253017183
-0.08553965327824542 0.036060090742722706 0.9956819962079582
-0.3385812518725002 0.03709542990818432 0.9402056503554834
0.05674159704579481 -0.4421386049296769 0.8951501802466063
0.04607375585767068 -0.4072393403795246 0.9121586093812948
0.035193876441299086 0.06012549999555005 0.9975702057055031
0.05864707819775174 0.05737144385502979 0.9966288364525963
-0.01539070100949189 -0.502350142827028 0.8645273045567162
-0.04406932604321134 -0.4785625353367845 0.8769468594356936
0.08855523533348396 -0.4995412857756712 0.8617519794584869
-0.1291462952136124 0.023231065294710758 0.9913533941223338
-0.25018378745259273 -0.20062229489541725 0.9471846532153971
0.05820770835592583 0.03935016719551248 0.9975286597535113
0.05875128117712299 -0.06230284610465459 0.9963265741348598
0.05623716772673626 -0.04728252233510747 0.9972972195126711
-0.022875518136459504 0.01513969853326041 0.9996236792905171
0.007517835386021307 -0.01962060390507783 0.9997792326576447
-0.07662525211782886 0.024674517566407414 0.9967546031600478
-0.06416055878734904 0.026305616206585652 0.9975928213715689
-0.002587032774390107 0.011689276409022639 0.9999283314710399
-0.00029539528260301385 0.01577788277065364 0.9998754778255653
-0.451193801333861 0.01028955033214363 0.8923666728379442
-0.06875830572232572 0.03302302910966557 0.9970866436486938
0.04478036900177273 0.035768742914250216 0.9983563069277417
0.038153250117198674 0.003447350505288087 0.9992659532276621
-0.07456878303657463 0.057623919091318636 0.9955495871853905
0.0022167478034129935 -0.13823701564180202 0.9903966950346837
-0.0022362299835553033 -0.12718265041524682 0.9918767931093125
-0.46530810805758177 -0.02065175712096293 0.8849078310782941
0.06121939883858392 -0.0691947091216578 0.9957229923203599
0.05660148394002944 -0.07018678585742491 0.995926747861905
-0.2779062114899976 -0.11810366008288894 0.9533203360310227
-0.1246113217480371 -8.478613762513385e-05 0.9922056295463748
-0.07722538341588406 -0.0014392107142501822 0.9970126222013388
-0.04647485435989282 -0.0026215728918596404 0.9989160201277179
-0.12184354307523819 0.0587475625604193 0.9908092020687342
-0.12516686897166926 0.05442017981043564 0.9906420639874065
0.034824879216593566 0.018246670374409062 0.9992268445192
0.030780099066268395 0.0219372851051895 0.9992854151961212
0.03536334835352694 0.027696537968621007 0.9989906583035598
-0.06721568506941601 -0.0941912124045287 0.9932824709952421
-0.2213090635174423 0.03473506523711054 0.9745849237742221
0.04153779706809712 0.06007961357076284 0.9973289584925916
0.05439860400010128 -0.026231882524243536 0.9981746742039063
0.05309942998000425 -0.043902259749414856 0.9976236976559315
-0.2788334665539302 -0.48058273590236034 0.8314397945023564
-0.006307253842066032 -0.01151415706408799 0.9999138176543393
-0.22234048029395642 -0.039106936349222736 0.9741844580735368
-0.07703517882233066 -0.009089744935880315 0.9969869396139612
-0.09685224735930972 -0.06819068936686051 0.9929600556241542
-0.0813751473756885 -0.10477647659757296 0.9911609230298495
-0.4081195416555248 0.05328061173492649 0.911372380606323
0.03769931205687106 -0.0222398831973798 0.9990416154824611
-0.033294807525248396 -0.0733145008488109 0.9967529482058964
-0.05978233130409944 -0.07698749872202079 0.9952381613987547
-0.04033620889440767 0.01891729715250436 0.9990070701053473
-0.2720460676954909 0.05185515619765604 0.9608860389386127
-0.21935436809772563 0.05396990421763275 0.9741513797327327
-0.06837421712549134 0.054665090342692506 0.9961609781206557
-0.053958097656730736 0.05347826531010069 0.9971101237259048
0.05029402582796599 -0.04379925886572334 0.9977735894925407
0.04618413849247941 -0.04839714442036426 0.9977598617721911
0.03983557668105369 -0.05220912058902362 0.9978413373667221
-0.007759759322562645 0.03494397896542642 0.9993591468883045
-0.3495189005543992 0.0720113113786157 0.934157860957545
-0.24773786978612775 0.028690402880884903 0.9684021936449567
-0.17948753632421716 0.052602790647781394 0.9823528748470829
0.05540382857337267 -0.463216403543749 0.8845117179932706
-0.02157392865944428 -0.04739722194341012 0.9986431139071876
-0.022371859721136093 -0.06864232446270785 0.9973904607449252
-0.002121600779477126 -0.06553044466784036 0.9978483149415885
0.01122855329271064 -0.3261230781726402 0.9452606293896698
0.007477455573917323 -0.27431924794291596 0.9616096078275077
-0.054976447071712134 -0.17275550923591795 0.9834292675612263
-0.06326624858723601 -0.04001252708400187 0.9971942536266694
-0.05162323268423568 -0.06970849015598955 0.9962307806163195
-0.05665901823028484 -0.08767968793290921 0.994536086814937
-0.02419384833965033 -0.04318638291900705 0.9987740455342695
0.020949499284652378 -0.0708436909050143 0.9972674114492447
0.026677711294759227 0.030851365306300404 0.9991679002944454
0.036875125843854516 0.03524151143876674 0.9986982832495063
0.06586156060348293 -0.38619462804483745 0.9200630218111059
0.04512913273642574 -0.44988151801538967 0.8919472972808575
-0.41987738836275545 0.0075773065673531 0.9075492070223278
-0.0019228505249542787 -0.0726092611624128 0.9973586104502769
0.01755162806565089 -0.02418960351200758 0.9995533019475134
0.024840126995257537 -0.015573568795218547 0.9995701236260718
0.061703803034 -0.0676520786459549 0.9957990946702165
-0.055521041953569876 -0.1253614262723513 0.9905563722996039
0.015072849113561182 0.03279018226815209 0.9993485944185949
-0.4665292261541324 0.03160016175897952 0.8839411241258281
-0.08665211345150788 0.021938745196902 0.9959970395004055
-0.0128218324464436 -0.09291493768453234 0.9955914900037036
-0.032573274003500303 -0.08654664245625711 0.995715150281566
-0.061460800656858695 0.007387807994445898 0.9980821560751675
0.03642204747987548 -0.021871032041796593 0.9990971386280718
-0.023323091709585044 0.047371072856449314 0.9986050344603392
0.058592400653436065 0.04364231535141819 0.9973275685031647
0.010204122471060995 -0.15594398359843217 0.9877131921079355
-0.1732561132389183 7.990490640140226e-05 0.9848768008439173
-0.03307302000090599 -0.06267350816085206 0.9974859431204187
-0.21966680012623796 -0.4805267308365294 0.8490232964258737
0.02884916219073919 0.05264118571578872 0.9981966897397166
0.038759177085338645 0.05663699243826518 0.9976422090505269
0.018592508731111183 -0.07710901259275507 0.9968492959299584
-0.06416832738627488 -0.01996614956587368 0.9977393340106228
0.025868615537945307 0.003468005222177912 0.9996593358089189
0.02016322369936369 0.022286934344721916 0.9995482664521826
-0.08454347499587651 -0.10481531355621558 0.9908915939091085
0.0033596495329025885 -0.0333106576625701 0.9994393992839703
-0.007348278819773806 0.04032820141309311 0.9991594662360818
-0.09702643981017546 0.0019249175099755474 0.9952799428654946
-0.12956378045799538 0.0011026941006659896 0.9915704770005774
0.015620159052166498 0.04126017447001715 0.9990263303006026
-0.08309545798044417 -0.0832185433393947 0.9930608334374533
0.04994274299288464 0.060583126837635046 0.9969129386084432
0.05622858575322809 -0.0429789698320576 0.9974924332025618
-0.4936865251868521 0.060079957004326244 0.8675621093704415
-0.026901709186673138 0.051462622294937824 0.9983125244878801
-0.019374446832333605 0.05542891818842973 0.9982746444933887
-0.3822342162593708 -0.0029128744349180852 0.9240608849437958
-0.3044611282572855 -0.015219502743122948 0.9524031646926383
0.04695739526187939 -0.056367766039700964 0.9973052080391003
0.05065290561343376 -0.0027703107647278446 0.9987124754058013
0.05595149567078565 -0.000994294006249159 0.9984329930003472
-0.03354431980469563 -0.042808860966869464 0.9985199948080957
0.033970655205009366 -0.04442312972503419 0.9984350655552796
0.026104509917700542 -0.4846319196397328 0.874328574980976
-0.029826573598836656 0.02390959363931667 0.9992690863022612
-0.48172091642186027 -0.4366716044101623 0.7597781706416273
0.03913136651320092 0.05956160539204319 0.997457343106928
-0.11085355154569033 -0.46207213466424707 0.8798868293573514
0.022495701711426137 0.025824751324290362 0.9994133407272233
-0.37998632046886305 0.06487086777235351 0.9227145640830627
0.05825987219273393 -0.05811309023393132 0.9966085771432781
0.035463891366234866 0.03826654465955225 0.9986380645504067
0.058746588178040994 0.0340314467983672 0.997692687658003
0.05877829607901438 0.034334811967906456 0.9976804260870192
-0.08027201283626662 -0.03079466388705018 0.9962971909181004
-0.16828304801134378 -0.393093565534035 0.9039680660774202
-0.1653350328282999 -0.48880037487704986 0.8565853842085567
-0.02689379980537367 0.04554966430119672 0.99859999580116
0.02741849881503543 0.03470293950518393 0.9990214872125772
0.006237709274222551 -0.07817262501608922 0.9969203236373025
-0.22180841953669214 0.011600765727787909 0.9750212547719992
0.053121944220820096 -0.06858873709207146 0.9962297145670345
0.07790378550640961 -0.49980183982858345 0.8626291909666253
0.07326357167226175 -0.46460043130476764 0.8824844974826739
-0.2543788364213808 -0.4222336736545472 0.8700632921880395
-0.29407450422237064 -0.37420702788765475 0.879482396779978
-0.14616631129550658 0.042800683555960714 0.9883337042362805
-0.020758368326050502 -0.02557169439354481 0.9994574421106098
-0.3181779914140925 0.05639011336426806 0.946352429539048
-0.3137434151300756 0.06667708054785701 0.9471637854099636
-0.04715232128492148 0.0357146238092113 0.9982490291723856
-0.0368625562390676 0.039871695955566014 0.9985246115189893
0.051586489425990645 -0.05503661926156108 0.9971508434780367
0.052147962148837594 -0.0063826240579337645 0.9986189724583938
0.054493633162584806 0.007829584081490574 0.9984834207726497
-0.01325732359000847 -0.07090292333729643 0.9973951167082458
-0.047600950715443055 -0.08654121629259358 0.9951104297381194
-0.34139719266791474 0.04712275942211003 0.9387371316736718
0.03100389861366539 0.05757614896791014 0.99785958197573
-0.03867539704711403 0.048677600439979506 0.9980654812579451
-0.048650686396609785 0.0505120593827654 0.9975377900460968
-0.059135416362957056 -0.005457521758595654 0.9982350514722643
0.006258440455107477 -0.031344284641177736 0.999489053338456
-0.4758119884613933 0.0763505932351014 0.8762268761850798
-0.4806032997825826 0.06568946265747988 0.8744743350915821
-0.23450449315924562 -0.022993540173114217 0.9718430633587054
0.05251387788154315 0.056118745151063965 0.9970421149944029
0.0445129684814278 -0.04307320856712549 0.9980798035932319
-0.4961111594909544 0.034165279505721034 0.8675865669227691
-0.531191333445276 0.025526382524616666 0.8468672688608507
-0.05142999968901021 0.012056145807316277 0.9986038275914333
-0.07056465894635372 0.059592180985200444 0.9957255650394902
-0.058364152581661666 -0.0225332678268413 0.998041019965847
-0.07118254067366926 -0.01585372504906006 0.9973373076874795
0.009450614514638255 0.04303574823799325 0.9990288335473064
-0.04181855395487144 0.05375631395367723 0.9976780378735602
0.055727991696117876 0.011768214706752985 0.998376632370837
0.05245982135383985 0.01698439407038271 0.9984785914087417
-0.08054412826216717 -0.07009137147773396 0.9942835828106878
0.014903399133139568 0.019341295394921562 0.9997018570487527
-0.04612124548421041 0.005417609259501255 0.9989211581625933
-0.2984478267366306 0.07287321514873366 0.9516398421829912
0.04610323611704981 -0.09685612491227749 0.9942300451537928
0.0018432590851462074 0.05467630617146931 0.9985024306126594
-0.313903989938515 0.030934953919560717 0.9489506381928806
-0.4250392328844194 -0.5061235073896588 0.7504536266663078
-0.09032576056469249 0.06297177755877684 0.9939194193743764
0.07862707913904834 -0.4209834363732535 0.9036540979409261
-0.005434211356955279 -0.1909687334932858 0.9815810777388174
-0.08328645572081969 0.02645820653148711 0.9961743469898234
-0.43070449576773345 -0.390214785084557 0.8137727316805814
-0.44134591354206404 -0.4712427319464761 0.7636387052705897
0.05561234262422526 0.03251928370519851 0.9979227242302616
-0.27755182467822836 -0.006535485049297367 0.9606884365146467
-0.20108093171431335 -0.29677542084815184 0.9335367204782605
-0.22901102599779355 -0.3744967667660678 0.8985021545067098
0.01925831196464583 -0.13272320501338186 0.9909660278088488
0.0316105016614741 -0.15021748905146304 0.9881475002082348
0.025691806929288 -0.18942240981005184 0.9815595151178867
0.01838308184269606 -0.20687703137927207 0.9781942323432828
0.021378493485992866 -0.2524493653957996 0.9673739080249826
0.005490365884891652 0.015755947044228103 0.9998607933183447
-0.05671979346742908 -0.015809025096698806 0.998264964703512
-0.17530844782735375 0.04915786542362213 0.9832855396004545
-0.04786562271105159 0.02325630578719273 0.9985830092704441
-0.04418702117592624 0.0573503183809102 0.997375780807418
-0.06376314748458291 0.05571226350020957 0.9964087538347616
-0.43107654105769916 -0.011999148957494717 0.9022355768722632
0.007589971377806385 -0.32568604254350975 0.9454475099268237
0.05300966300676613 -0.05948000020574826 0.9968209995798811
0.0012595799179320453 0.0037642961903920223 0.9999921217352772
0.020978959601165255 -0.010118002521524233 0.9997287178425092
-0.07974889452308613 -0.03461742083345632 0.9962137059874177
-0.1008072575235699 0.027799475704638307 0.994517514165097
-0.04331971915309559 -0.028846185601187024 0.9986447313778603
-0.21396963181142123 -0.02279907733718689 0.976574215682074
-0.011024319347941318 -0.4567744453536752 0.8895142328567638
0.0020762029515342005 0.059840787077344706 0.9982057751702642
0.07398010001397735 -0.2769011725917609 0.9580462856351094
-0.08602600850698511 -0.043901941614933326 0.9953251455593771
-0.32195718683313573 -0.3506613997451016 0.8794203503304319
-0.43314637261966854 -0.13958449583507787 0.8904495428764566
0.03897844037153624 0.03172923971252476 0.9987361696331357
0.03251781125808114 0.02402105988500303 0.9991824561275008
-0.03466101197219686 -0.4440215254532695 0.8953454635967141
-0.11196660264776133 -0.06430615824855747 0.9916290626554014
-0.0704627261732551 0.05177022276613186 0.9961700900222702
-0.04857564488203369 -0.38606991734973367 0.921189679513326
-0.49492986604870626 0.04804120525417912 0.867603867148329
-0.18513776634715245 0.016619907830767406 0.9825720259277099
0.056399506429546116 -0.021099428480844565 0.998185308343238
-0.3210658912179045 -0.022756020959309023 0.9467834266644892
-0.3075543364247704 -0.03840018051898888 0.95075536090123
0.07010206431237798 -0.12569716071536188 0.9895887652794163
0.07015929668794862 -0.20647033954301222 0.975934255970783
0.04339074777525064 -0.22618919012398359 0.973116484948519
-0.5018350562576176 -0.11412951737876599 0.8574007403622905
-0.29127599395019305 -0.310639020947924 0.9047992561960042
-0.002403593595267376 0.030623720546678956 0.999528093891166
0.037967693345065744 -0.05667627999778455 0.9976704132867066
-0.03857457331825944 -0.15958401953203666 0.9864304045411986
0.08269470906396321 -0.2169953156393025 0.9726636716169809
0.05391128200419604 0.043021233460357376 0.997618537891219
0.05829580265795998 0.05652617970133476 0.9966977427489422
0.0552816143195637 -0.026748401091962134 0.998112451659254
0.013312191908138999 -0.07716147828649646 0.996929732636781
-0.05087005261072775 0.030833478495804992 0.9982291993080699
-0.03421985595554553 0.03411427575375587 0.9988319266263861
0.0613461944830196 0.03510539625790126 0.9974990002882345
0.024479277781802655 -0.030090254937714007 0.9992473875457794
-0.0677596939799152 -0.06088742950812979 0.9958420280343869
-0.4493373123949763 0.07571380886109243 0.8901479645752192
0.010669643018190482 0.010974968588675482 0.9998828475288202
-0.04646896902435064 -0.06432677371675435 0.9968463778842794
-0.03256157016777408 -0.013242149897611162 0.999382003847527
-0.07635719099021247 -0.010236258780957812 0.9970279827518652
0.05068803462996246 0.055141185240225515 0.9971911415750017
0.015602041874268493 0.029443756005160495 0.9994446665632181
-0.05104998964284741 -0.27911233630264176 0.9589005174058184
0.04662922217948681 -0.12466415934082165 0.9911027005385376
-0.03146433566134792 -0.07484890355134359 0.9966983682230807
0.031005233639504245 -0.417785855471371 0.9080163293988796
0.015518451990700713 -0.36035438975963346 0.9326863842840071
0.04496845396345632 0.01954122330407257 0.9987972660855239
-0.4083708107232384 0.07748673376920512 0.9095213505130187
0.02869961735841686 -0.04511834954165824 0.9985693098118514
-0.11730841642709355 0.029847717596840097 0.9926468904850441
-0.12135543915982556 0.040114222959744365 0.9917982186426137
-0.07974234919337565 -0.0527375043007521 0.9954194660469776
0.05990840430100397 -0.10696380720277092 0.9924564106512669
0.05147102630935913 -0.0006738400591309741 0.9986742609030415
0.05693647236735664 0.03447292938129714 0.9977824689050382
-0.08107649880580935 0.00423034166663148 0.9966989041585103
0.011854083760939988 -0.3420465710636205 0.939608228955988
-0.03494835251794612 0.008819409623042073 0.9993502042178121
-0.2987741149071999 -0.5159846644219345 0.8028037458450246
0.03643693834470892 0.045742052204240685 0.9982885425488005
-0.4837591736862964 -0.013341970616403942 0.875099453601945
-0.19588374423843205 0.057419886723692234 0.9789445925851835
-0.004510954397530304 -0.0023716488221368678 0.9999870132018154
0.031788068269347165 -0.1054010899747093 0.9939215909456072
0.03446706210485027 0.0441106329203046 0.9984319073893976
0.01305417854119531 -0.05341696226343197 0.9984869636430722
0.04994199915339224 -0.4585691257024206 0.8872542779119639
0.00759718508841352 0.05413328777744618 0.9985048171807368
-0.13674605679975477 0.018460238574179492 0.990434114689868
0.03433775285817574 -0.3558296662490665 0.9339197863551928
0.03952350288996927 -0.28747192922244297 0.9569732402885847
-0.17031638675051944 -0.013819231151855361 0.9852925236977185
-0.15946187209590149 0.06122243503529436 0.9853038743433518
-0.056527035747621635 -0.4915358844540212 0.869020810178669
0.05604305442411121 0.016563107059026607 0.9982909593577253
0.053298335826561946 -0.03425817870030817 0.9979908138806974
-0.3290574714377757 -0.08391026742395757 0.9405744242279913
0.05362040927282465 0.020080578946242846 0.9983594653523341
-0.022399477493868933 -0.37019172656870575 0.9286852798381604
0.05477850349580197 -0.07350951597415474 0.9957889669081527
-0.009335945332054363 0.027811131184597174 0.9995695979305244
-0.32438675143720364 -0.10111039979047695 0.940505142222108
0.004460365364369129 -0.06861761911250513 0.997633062547622
-0.0029520550954390576 0.040809663937440205 0.9991625777119691
-0.5017927504123947 -0.16177969843826573 0.8497242875231871
-0.020506386440155247 -0.20997458193550603 0.9774917713495987
0.06405122648253915 -0.49616224847976204 0.8658639983101212
0.039659533818943736 -0.013068419855816289 0.9991277885134294
0.04442301097691585 0.05358283572203629 0.9975747971013151
0.04347815313300308 0.051630075122793745 0.997719392185477
-0.0015752611120550563 -0.04142566065514979 0.9991403470942974
0.008235386149139913 -0.04700360029449334 0.9988607710658829
0.03284234478623901 0.02939988519939576 0.9990280412176649
0.014945463938689842 0.0478501457484576 0.9987427079380898
0.0197928517785462 0.04863729040204698 0.9986203768203509
-0.05922496155185177 0.060509690555228764 0.9964090431535094
0.01180628301112761 -0.005265403945490692 0.9999164401102485
0.060359444834460235 0.04784331567685715 0.9970294652437913
0.05535011026597697 -0.0041068763753418554 0.9984585614135328
0.0544186318631397 0.007137309559999118 0.9984926996820703
0.0592512679920129 0.017202544888111723 0.9980948650758158
0.04308268920506382 -0.054524842546848445 0.9975825396608049
0.04464482791068412 -0.007826589455222278 0.9989722637983124
0.055282961646776804 -0.05034952779690243 0.9972004408353367
-0.5325868631979283 0.0524598103537714 0.8447480106201125
-0.20202413066913896 0.04387266025252428 0.9783973836380315
-0.07997703968691043 -0.053796925569883254 0.9953439425254703
0.05661105158036514 0.010186424077366455 0.9983443422003659
0.008473674368639428 0.011427412837058885 0.9998988004185952
0.0013753526010743464 0.04578486720019197 0.9989503763154022
0.0592016877756918 0.05372724476631374 0.9967991489434219
-0.01470189712409708 0.032818190848161004 0.9993532011108015
-0.3880172911386555 0.03379849173612119 0.9210321621603575
0.05149601383360796 0.049852203871973914 0.9974281519630153
-0.12029987124732339 0.023083088671552624 0.9924691995196923
-0.38213467251240313 -0.5134041031001256 0.7683679580668326
-0.31395021063558326 -0.4921913883631005 0.8119007959492813
-0.05692557023574059 0.05519806872891788 0.9968513693936188
-0.030497189373687186 0.05093407348933367 0.9982362654192086
-0.01261143030473918 0.037664659329855694 0.9992108512537454
0.006881286387576666 -0.016900225337956726 0.9998335012796774
-0.07482578912719608 0.033118983510949905 0.9966464941054545
0.04044153073818668 0.04424864859035611 0.9982016528184471
-0.07742366456801002 -0.03134933520223232 0.9965052911787464
-0.20627429964855415 -0.0336760173130248 0.9779145357148707
0.06512560154151474 -0.17826747391046732 0.9818245076231479
0.07023318066626331 -0.126791665740184 0.98943982830303
-0.20441845334039888 0.06599414388279412 0.976656474358869
0.060017104857814946 -0.05389030169346452 0.9967415826119994
-0.06402594774626362 -0.04229316478483878 0.9970516366907358
0.05600644276535012 -0.02979217749335015 0.9979858238116293
-0.0593217819195119 0.047677381506494476 0.9970996908446909
0.041881913976792313 0.04723068526255809 0.9980055949999829
0.04628513053584426 0.0483118553224761 0.9977593153293934
0.04658479627354488 -0.33365800794883743 0.9415424528335224
0.05448209260253313 -0.23082969343789933 0.9714676290093327
0.027268554576294804 0.0559708651210911 0.9980599622211664
0.014252698505406789 -0.1265956414690463 0.9918520071796774
0.044006897823197874 -0.1560974886982493 0.9867608458821614
-0.29039913955999747 -0.20410568264626539 0.934884597185297
-0.2726724511105887 -0.17254850484732362 0.9465076586485166
0.039688316689195105 -0.015153856268834998 0.9990971915477301
0.050339994358138136 -0.05910697017229481 0.9969815700628945
0.014037668020556844 0.034294245969523206 0.9993131884298968
-0.002126423766763729 0.021655449544882237 0.9997632318839161
-0.533690352355904 0.013714648650058312 0.8455687530973673
-0.04473531476738172 -0.4202336490713786 0.9063125464213858
0.051483728881581474 -0.0754936440944053 0.9958163160753066
0.0497024166643491 -0.10983977572798972 0.9927058443696947
0.054536943005510256 -0.14165021401696215 0.9884133440603493
-0.16316926507322854 -0.051430996565513275 0.9852566384083594
-0.07423163742456448 0.049470644397680424 0.996013212436535
-0.07311466564683286 -0.3452751315632961 0.9356491485547883
-0.31481322030573633 0.00933557028575596 0.9491077301593174
-0.22125961163291716 0.016513953250278914 0.9750751117775995
0.06070335408805475 -0.20678417179760028 0.9765016175595618
-0.26895395407543643 -0.028387250581338737 0.9627346127524554
-0.020098888434731746 0.030127577069660495 0.9993439667019559
-0.06590767599995376 0.02436001988810581 0.9975283292595434
-0.03976967337981918 0.022831662264728828 0.9989479907770432
-0.4646628736034079 -0.13382112713495617 0.8753172680959477
0.0047707073325051735 -0.14091418867958813 0.9900103190271913
-0.01781484460411001 -0.13376574332351265 0.990852843375261
-0.26829919459904583 -0.2544118201353781 0.9291340957864518
0.028103027203371794 -0.052180672576335935 0.9982421536238028
0.044011028008270274 0.05144438901033061 0.9977056200367967
0.04888619938930786 -0.16774229366911997 0.9846180286912746
0.0034167657221724447 -0.39355779396998297 0.9192935268549868
0.05876283741568065 -0.06530576189486272 0.9961335685550354
0.0586728277446595 0.056826966974645995 0.9966585147927589
0.056861569950628625 0.0447298708285208 0.9973795669244551
0.016881063446093008 0.010574578552923944 0.9998015843082851
-0.003765895898170428 0.03484283042239295 0.9993857089213556
-0.05307194226964288 0.03704205366228435 0.9979034297987999
-0.07561876995270182 0.05409905481701516 0.9956681645501908
0.04619804554709085 0.042043262594423474 0.9980471455086906
0.059313869728227504 0.04269928172409658 0.9973257422718563
0.056620145061279506 0.02912117945705692 0.9979709996188615
-0.019982700358947166 0.047364672264763756 0.9986777656019062
0.023706435808179695 0.030428136581783744 0.9992557897782894
-0.4836759442403728 0.04362592587805335 0.874159230091673
0.011525091233739605 0.05371007928987711 0.9984900598677631
-0.12381812091208545 -0.01905670161470711 0.9921219254997685
-0.16274429522371028 -0.016991813335357597 0.986521957511192
-0.19913400725486347 -0.007873265137088005 0.9799406404730346
0.0513224569136046 0.04442431273318557 0.9976935831479199
-0.07676985677434772 0.026125910108251046 0.9967064893497292
0.0030338904706259354 0.028156507521170514 0.9995989228649771
0.01027239230201358 0.016524072911143127 0.9998106985678942
0.03320066794867657 -0.04935884039256102 0.9982291422929224
0.037388277278392314 -0.033003865145673765 0.9987556566085622
0.057583631989680834 0.05745842580518203 0.9966858354721749
0.056071500780881425 0.059444914024936256 0.9966555518315982
0.03988566824512651 0.02023498616643123 0.9989993387402637
-0.5090782798852125 -0.13296671712723673 0.850387651065982
-0.019306235453112188 0.0030538092234258375 0.9998089535115476
0.008230668200885902 0.03415833626166108 0.9993825414548737
-0.024088773812913186 -0.09401623286466018 0.995279196474099
0.055309748102697204 0.0515108826791567 0.997139639534218
0.05715747625691726 0.045089216132267386 0.9973464721432155
0.016972625939353156 -0.052440412275196496 0.9984798110773849
0.02809283774350345 -0.05623141808779636 0.9980224547009714
0.0012672619954337526 0.052632315675072615 0.9986131550273681
0.004356615260839928 0.05267779753346066 0.9986020576538447
-0.006760602856170477 0.05108835622505845 0.9986712542710152
0.04091875707162538 0.004680642964053802 0.9991515134858959
0.0400696511224205 0.004467024760267878 0.9991869038116535
0.02388825725951991 0.015291561821164519 0.9995976787198799
-0.17211826787730422 0.05079510507317256 0.9837658050387409
-0.1706004469309857 0.021754886885269446 0.9851001027324873
-0.411236461737545 -0.33815322497159056 0.8464850671919132
-0.4630896839582019 0.038711138946711646 0.8854656358848383
-0.11884449647125142 -0.05643173922118822 0.9913079463350258
0.048329562180381626 -0.39684762736252865 0.9166112666098885
-0.029336539905405072 -0.5113840921183442 0.8588513711665572
-0.15199800335938357 0.01650917240547106 0.9882429125479459
-0.22583195543054618 -0.1510707536983626 0.9623811902169661
-0.07935742773624735 0.013842710741466561 0.996750108112567
-0.07015519786168925 0.036839981206456276 0.9968555883364928
-0.05249907587491833 0.046069496834178866 0.9975577419346335
-0.07828445916092797 0.05963861028838827 0.99514560724386
-0.05087586078356542 0.05958593800249369 0.9969258562109291
-0.4907639409946384 -0.21973870236434945 0.8431284937081909
-0.002323819486104976 -0.33045076060170275 0.9438203720416042
-0.23857584775680213 -0.07164061187502214 0.9684777682514429
-0.08522266076182207 0.016042002439952362 0.9962327801525063
-0.05602704297709761 0.012946063095177662 0.9983453159631582
0.021181397696600334 -0.020768870840270796 0.9995599043557312
-0.4938002979408098 -0.008253092108191118 0.8695361707394472
-0.05603536992121966 -0.02090703080807864 0.9982098643975535
-0.2398227380483782 0.058617256239271234 0.9690454435092085
0.023020630290594004 -0.10195255454786051 0.9945228640922185
-0.2013939901214069 0.02961245320610203 0.9790625941981927
-0.03331780510829219 -0.023732144189173448 0.999163004316588
0.017815136346858974 -0.05597439744393067 0.9982732530463448
0.041311845262266514 -0.4287187843238309 0.9024929558777305
0.002050251554281044 -0.055588834894856144 0.9984516402428294
-0.006253454214936746 0.047575862623469446 0.9988480523112684
0.03509749159233751 0.05729667885346199 0.9977400747069796
-0.20601804388158407 0.00796356339476621 0.9785157879427717
-0.09952294074722602 -0.034649267514167276 0.9944318038587442
-0.17929409566446386 -0.0008645926478696255 0.9837951411444434
-0.12412443408710037 -0.0212457973433621 0.9920391831766535
0.05148030589867163 -0.020123533138742922 0.9984712422091049
0.05862702660759549 0.025166515599717262 0.9979626837931974
0.0070492600277919934 0.041585106151939936 0.9991100974764456
-0.10035187467854889 -0.07283976175671457 0.9922821525935684
0.057558075759683205 0.02442166011351313 0.9980434110960017
0.03670965468247176 -0.033033391688576844 0.998779853764904
0.027702673247034442 0.024461376743552286 0.9993168681368177
-0.029717560250307612 -0.3194788403839831 0.9471273077890189
-0.19995520898239882 0.015714063922567013 0.9796790201876544
-0.247049257063071 -0.0064309593349149 0.9689815825631658
-0.19487530782670828 0.030682036981161467 0.9803480132106824
-0.003420673247357769 0.02615661804738749 0.9996520046130344
-0.027792075182367974 -0.1890064229132566 0.9815824838772301
-0.009387167699286408 -0.1728542859585381 0.9849026738253631
0.05445218421463716 -0.06373012070759468 0.9964805223128301
-0.03443445414346072 0.05942868544534394 0.997638461424819
0.04945800300813922 0.005626773075568867 0.9987603543208966
-0.011015645347647238 -0.06317165102275106 0.9979418811056256
0.057735258965445894 0.05725427853872508 0.9966888117467774
-0.04835444253472362 0.057630492995106725 0.9971662720751725
-0.048969359806419054 0.04311788006517195 0.9978691548589098
-0.477754735358145 0.05731126070993391 0.8766218296612895
0.05328418201511813 0.049097564151515484 0.9973716584811139
0.019359337769499704 0.05173244289383467 0.998473319820496
0.00017788744099500305 0.03855752963520053 0.9992563661365831
0.057410734556501294 -0.004497483343235244 0.9983405131523313
-0.06291648163170285 -0.06153881697544951 0.9961197168736043
0.043427092273617844 -0.03051127515074741 0.9985905816426138
0.045139777562068016 -0.026238044881459213 0.9986360525649199
-0.40328355139035243 -0.5155435202657095 0.7560272851491703
-0.11729217205035752 0.06505608274824555 0.990964304338538
-0.03296925040625637 0.03384913157517675 0.9988830085747059
-0.01036851661923266 0.05541417501338607 0.9984096168761109
-0.03206237933439418 0.0516211479674286 0.9981519227622327
-0.0006681908597821726 0.03607778222470953 0.9993487615195814
-0.13230848964711595 -0.06913642729203219 0.988794527689445
-0.14218524724583537 -0.08273884513270707 0.9863760129746397
0.058010109909735305 -0.07058461482682653 0.9958175733024642
0.07452156092526042 -0.33362846230140125 0.9397545350247931
-0.26012703512636204 0.012207170687882945 0.9654972348899635
0.02833862075433248 0.05923563591543676 0.9978417018803313
-0.4519311861294946 0.07236310337480759 0.8891129198665122
0.05617834629866092 -0.5353897631735958 0.8427347120512296
-0.06331062036989625 -0.3627027429624839 0.9297518408671581
-0.40580545641376564 -0.039458195136830576 0.9131073224880847
0.05714594739963366 -0.38070681392092404 0.9229283084454487
0.01128087395888359 0.058751347963241114 0.9982089064896316
-0.004647823013361169 -0.37635240267302994 0.9264649301206571
0.046345455136720795 0.05568814317258337 0.997372011587532
0.04199416033756849 -0.19420402651415244 0.9800618789562386
-0.0779150542509179 0.04584737655947655 0.9959052476936198
-0.003111343265037448 -0.528899412001531 0.8486788152932309
0.03158558712191763 -0.11636955037260155 0.9927036206402404
-0.0197907598183156 0.04500168847155785 0.9987908559155529
-0.06795565011580747 -0.1088925640956542 0.9917280066137145
-0.07161327497378797 -0.08101390576294781 0.994136955313784
-0.07212727172801409 -0.09135563733068419 0.9932028011443472
-0.04254807895105924 0.050924243751122346 0.9977957618550756
0.11100597266940397 -0.38836021631769874 0.9147972542664248
0.01926285247633002 0.05164074825206342 0.9984799325146411
-0.06652056670809448 -0.46960446673373263 0.8803673432315402
-0.03201753132862773 0.05662179344367096 0.9978821825219862
0.03152031330997839 -0.055535783263609036 0.9979590405553418
0.06057047276666562 -0.06630908777677909 0.995958996498869
-0.004233268044163788 -0.28188333325387477 0.9594393497638876
0.05957660152500776 0.04026180736589165 0.9974114574328702
0.012050248169304677 -0.04938440505604245 0.9987071502979834
0.015751723180084554 -0.1826647958192545 0.9830490606196458
0.05805044696008216 0.04855997718388528 0.9971319241823698
-0.22817814099137035 -0.01595137165266709 0.9734887208982551
-0.3784021766635305 -0.35673546459321176 0.8541379285559022
-0.0702878920499152 0.008098919068364607 0.9974938695255743
-0.04657907726038752 0.030705611309652533 0.9984425646954717
0.024253953487396215 -0.01795763467191468 0.9995445308225247
0.048406932424442904 -0.07297592723831882 0.9961582619930245
0.06387617939662156 -0.35990477754727496 0.9307998629159424
0.05790687794357178 -0.2839790501999462 0.9570802957612097
0.028519568362212058 0.05416651646201245 0.9981245527061259
0.04809808453156014 -0.14617750431412743 0.9880884127935556
0.003066034581005005 -0.21347560125407192 0.9769435844004303
0.05191602226863696 -0.3326597378639158 0.9416168145461896
0.02441263592617504 -0.5320613233507915 0.8463538098226655
-0.49648672107380293 -0.024789579490649746 0.8676902745485053
-0.519582786959092 0.061606287963464006 0.8521962172992706
-0.06811842519980978 0.05696124176396676 0.996049846686904
-0.5014791855305707 0.043481351972840546 0.8640763846502284
0.08554450621052581 -0.30391740607124523 0.9488500133024836
0.01800180338749395 -0.4109030495818434 0.9115012994610262
-0.03670948514589458 -0.027645552030001207 0.9989435104915992
0.05482663496039934 -0.0018465953584809465 0.9984941813473431
-0.05497566808009318 0.05796327933095907 0.9968038594268928
-0.016736645820236363 -0.006133676161290734 0.9998411187300893
-0.07734652547211694 0.016757440660275087 0.9968634325623086
-0.0747884505402809 0.025048947510537985 0.9968847666076547
-0.0701074932956049 0.02316243962453398 0.9972704952892403
-0.0683260916314587 -0.06868669751312023 0.995295776534348
-0.06293211088354048 -0.5220552404720846 0.8505867829418557
-0.03855348833147822 -0.029233738065888148 0.9988288227199742
0.02555476761351405 -0.08863109229972277 0.9957366536037414
-0.04365802928645675 -0.15601868046220893 0.9867888060905707
-0.05553713242850181 -0.07950256286940396 0.99528637558183
0.00293258094273707 -0.06120288585462181 0.9981210381171616
-0.23615845309387948 -0.03192382752498178 0.9711900196503572
-0.05610444316841836 0.04207355115237554 0.9975380232102384
0.029010187584227444 0.04911859578931451 0.9983715603741995
0.025504259986788128 0.057837724863093076 0.9980001654835472
0.0468602929984381 0.041768181356634744 0.9980278212385965
-0.01257573677233787 0.025551476476319616 0.9995944041932773
0.05773987854800014 -0.03830306772811244 0.9975966025542978
-0.05818319984048214 0.02564439627725837 0.9979764928072692
0.027461802778682137 0.04177053372942596 0.998749754393013
-0.3834013592461427 0.011332173163174511 0.9235123061332805
-0.07534683677628863 0.057274587681030484 0.9955111630683884
-0.07185863003000267 0.05784095905118456 0.9957362907649046
-0.05163294305454222 -0.3451270048967648 0.9371346699821296
0.028367680735630302 -0.06898136498821658 0.9972145436033529
-0.38764234124852026 -0.06827844169349379 0.9192776890968659
0.046851988128717964 0.018488427875766014 0.9987307290972222
0.056731783908249914 -0.05027918004104527 0.9971226147014157
-0.057987851854460655 0.03748972954098229 0.997613116000511
0.029721215038836925 0.0315552637822 0.9990600155667582
-0.04726382876554169 -0.08347052767309122 0.9953887690246446
0.10202176021298913 -0.3299294372035276 0.9384764924651053
0.05860896327430281 0.04679784334884824 0.9971835093310599
0.040080779567174145 -0.41516081320920095 0.9088646930565422
-0.4440759385906834 0.03842060185049285 0.8951650228411795
0.04272302676226261 -0.08589587988786003 0.9953876836703182
-0.07120958875393346 0.012074426215547655 0.9973882908381575
-0.023846356543791535 0.010039739272536123 0.9996652214191137
-0.4609983419986617 -0.00456681674824165 0.8873892454043338
-0.04036610278607368 0.0526583796970954 0.9977964084889965
0.0017211458447929772 -0.06479519586548647 0.9978970990286194
-0.05985183721851334 0.05039711418263062 0.9969342448043559
-0.016964694155875055 0.05688870979043606 0.9982363817506238
0.0580304629598107 0.04966255946552827 0.9970787810178305
-0.23597796505048982 0.0009859677660295375 0.9717579060024127
-0.048769630633705444 0.03051880068303187 0.9983436912870843
-0.17858427072397773 -0.0629222531568104 0.9819106111595165
-0.19642073025155313 -0.05206081881332996 0.9791366441268207
0.0053899819075371854 0.059014568936022915 0.9982425700942291
-0.06388118978429574 -0.2138860774240196 0.9747676335803876
0.05929172984917155 -0.024245106823692457 0.9979462237849296
-0.29227986213900226 -0.036639754775913996 0.9556306873253742
0.056510093742398876 -0.04422270989463476 0.997422157982667
0.059798893995537665 -0.2706807961474278 0.9608100742987165
0.03812057628842088 0.04328253354559223 0.9983353364242465
-0.4467654297363485 0.06507065951123661 0.8922816035665359
-0.07720442606609085 0.032943399418291434 0.9964708771612808
-0.5192130443231935 -0.00825335710925679 0.8546049945448884
-0.017804894582237205 0.03879919249668609 0.9990883886776587
-0.004761620324004414 -0.08181370160899196 0.9966362652447105
-0.07308702802342208 -0.18328772317346118 0.9803386643750169
-0.3317933716908615 -0.0018679672116390486 0.9433502367628399
0.05694295613857434 0.05677609156711766 0.9967617444367348
-0.07268838664407469 0.007754064840226544 0.9973245574663923
-0.15843534078405946 0.03412036938255582 0.9867796325339497
-0.06506429797462432 -0.24850910868071524 0.966441855484222
0.02264245073551866 0.04399685630455669 0.9987750477760274
-0.06626264174067867 -0.13659008109280346 0.988409030744159
0.02894117713797047 -0.035304868842502966 0.9989574437892148
0.019736226008635917 -0.028042020817360975 0.9994118902891914
0.052440939166109354 0.035938789432810515 0.9979771296545229
-0.04132479917746097 0.060954536123004034 0.9972847163668818
-0.04276420492078128 0.04190936549802213 0.9982058043615287
0.059011789844430965 0.0489817948718089 0.9970548592883406
-0.40801492618698193 0.015466460932984717 0.9128442411467798
-0.38958122288949737 0.0001368131148032975 0.9209921020584787
0.058296325743462676 -0.08612769920254854 0.9945770748589007
0.008100217598732726 0.04728038908478821 0.9988488130256972
0.05458570989016014 -0.06771066856129437 0.99621065324497
-0.002820817062479192 0.059074194367834995 0.9982496093417172
0.0962923592764976 -0.27921640944715526 0.9553878679575141
0.0035620351219057714 -0.20891777899189032 0.9779267219617664
0.05729105952978803 0.056337717777589065 0.9967666708179838
0.019812709237932453 -0.10035175043903133 0.9947547349655972
0.006175024584115686 -0.1089678984827257 0.9940260892811839
0.0389063484248831 -0.07542460211101498 0.9963922046306046
0.02044648028230535 0.05414398704883165 0.9983237801988497
0.030297230613166696 0.016480077784457998 0.9994050654531378
-0.25716371879371036 -0.05033477714215626 0.9650560770992735
0.04650796416008449 -0.07038435843552227 0.99643517167817
0.038046317741815855 -0.06233529936794222 0.9973298291733772
0.07557384513458917 -0.3609777423257129 0.9295072153980325
0.04304950400673469 0.05206461080120595 0.9977153985515573
-0.18062802689595617 0.018092508590489047 0.9833850604074565
-0.13525383807800345 -0.492458760258603 0.8597620419219082
-0.022405167422131757 -0.27653554417142007 0.9607424739661523
-0.1320344815062143 0.03628467937055779 0.9905807981867814
-0.10626136999117923 0.045337366393755 0.993304104721246
-0.08163199611853933 0.05069856090373836 0.9953722284311497
-0.03748586790682214 0.058677637454939285 0.9975729269431779
-0.08891204149180967 -0.07625626877773546 0.993116121281825
0.04931200226104147 -0.27616339306777804 0.9598448347323119
-0.011751417395850916 -0.04364603890484945 0.9989779414366988
0.05055035759982514 0.053296002374197064 0.9972984495513163
0.014460727094051606 0.05789813526379253 0.9982177584599901
-0.09271405675507863 -0.32300821835404203 0.941843827051897
0.05531353240630271 -0.005972815740132944 0.9984511698650422
0.025828484570615762 0.015598969124094116 0.9995446771140603
-0.010412920858818208 -0.5241706585341366 0.8515495827085335
0.05770422568638247 0.04322122677148261 0.9973976879331048
-0.05369169325276838 0.013144060138696328 0.998471049033832
0.05282219444430743 0.035165013823787075 0.9979845878453538
0.05284031889570665 0.023619272151619183 0.9983236101996324
-0.04966530191591034 -0.15224505431211108 0.9870941197388948
-0.019693504737777454 -0.01714439842664279 0.9996590596166934
0.04694126961936163 -0.015379716183763709 0.9987792456477204
0.0552528903859336 -0.036894809374963373 0.9977905046377146
0.013151530214239744 0.054497664346712875 0.9984272841993937
-0.4649913240575632 0.06852388849204716 0.8826593596949638
0.017555938684286048 0.05895072859676081 0.998106507650774
-0.00755820673010145 -0.05231260137560471 0.9986021556397432
0.03163116618190415 -0.07807826017849853 0.9964453093940838
-0.053660675123292666 -0.20661539146229282 0.9769496465817447
0.03780086818475613 -0.3221309799148793 0.9459401282023923
0.07017623264200219 -0.5097126631761546 0.8574778699010532
-0.05165951976835951 0.053880701881292216 0.9972101904724409
-0.3707955841169737 0.06462524902256979 0.9264632815109961
-0.0630860909398449 -0.06113041955610458 0.9961341360152379
-0.429826514398258 0.0673934455208418 0.9003928537150179
-0.042753027862202045 0.042261165107882255 0.9981914508411391
0.04304676182092438 -0.04303390982281166 0.9981458104415881
-0.35154341715444326 0.006637568752880451 0.9361480484071031
-0.006022343707083793 -0.49499426669951724 0.8688753692624052
-0.3180079244739078 -0.1502706398182816 0.936103463715631
-0.3052829960167961 0.009362314176174428 0.952215647538033
0.0023268013971925756 0.05787294163105882 0.9983212452022777
-0.23828514294439154 -0.10771919142946998 0.965202966453042
-0.48691424361204294 0.0008388182952096406 0.8734493778986735
0.007968129469174037 -0.06227650584377849 0.9980271267518995
0.05986650249866346 0.054728289044060865 0.9967049795485559
0.010225629973171077 -0.5227335794391103 0.8524347725300906
-0.07239127931034726 -0.4033684098051762 0.9121696271259281
-0.31215866351651 0.026728874772976186 0.9496539032958043
0.05264751340313802 0.002155829368002941 0.9986108309708055
-0.0196459116706176 0.0012247095817275748 0.9998062503510722
-0.38292335175230124 0.025718699522530548 0.9234220352458854
-0.15135670686857788 0.01754918852581289 0.9883234153190872
-0.10060948723983026 0.05519392104902032 0.9933938605389974
-0.07743212389474355 -0.028179095683890334 0.9965993200657862
-0.16572492037066963 0.03892050100767835 0.9854036966489657
-0.1492513914366853 -0.4562297087148388 0.8772562197215741
-0.3597480364786158 -0.4268561423873852 0.8296837855206891
-0.12802895364954903 -0.11643905374272302 0.9849114344908891
0.06780086897131636 -0.37477993861754333 0.9246312993710329
0.059241671106474554 -0.23121172569108508 0.97109812187413
0.007717842098981678 -0.5307851670981479 0.8474712628177584
-0.009557845393733845 -0.01581663572249174 0.9998292262310857
0.012606039539713154 -0.06301311240892435 0.9979330816400785
-0.07649832433751533 0.04038654438754087 0.9962514408551616
-0.00025553127113828904 -0.016280383877425572 0.9998674331152971
-0.40459970516947447 0.04825583702864456 0.9132198271880869
0.022165839218523446 0.05317421473750256 0.998339210117878
-0.2919351584463179 0.01398530456218813 0.9563358586392261
-0.04842488238402668 -0.052190516397090325 0.997462370600665
-0.44981287315130586 -0.05293673631693108 0.8915526238509306
0.0722502049047358 -0.15006110732001574 0.9860332509409174
0.04252249779952522 -0.028882796591549773 0.9986779366952794
0.033347097720626495 0.057322748491482355 0.997798613738761
-0.1939761524527544 -0.43413171840797093 0.8797175133824313
0.005508352590771902 -0.49627592786583746 0.8681473731300681
-0.3323232816299756 -0.366389140565414 0.869091614366645
0.03725063875358435 -0.009081011113641707 0.9992646922360481
-0.17859442926778124 -0.34253495794480554 0.9223740198098958
0.00259759198365098 0.0038194569492967663 0.9999893320753471
0.05106597144417905 -0.0220042161292149 0.998452843670146
-0.0725969745729807 0.047044621539978224 0.996251214738035
0.013345178623290259 -0.03337072684786227 0.9993539417029172
0.10529373597508163 -0.45769831530303645 0.8828507695716034
-0.48956425622695815 0.048581764179238165 0.8706128021193912
-0.00048286563794156244 0.052566454520524566 0.9986173114361263
0.011330048382171014 0.05038560807841466 0.9986655698992661
0.06702502506256063 -0.23895428067478494 0.9687148691759404
0.05624821739168912 -0.49049554165173614 0.8696265069902293
0.007764394526938744 0.04750029095164196 0.9988410466821733
0.01747739796370154 -0.5083403090754391 0.8609789026041843
-0.03271813567624215 0.05996209393245061 0.9976643077153292
-0.37163573001380756 0.041668761553794384 0.9274430432580091
0.01576535809716381 -0.1659662254742444 0.9860054084465767
0.0454240428901422 -0.07247258106705193 0.9963354762934993
0.037451170421473626 -0.3544211447877415 0.934335625972492
-0.4340887774339607 -0.02035517230665875 0.9006401058504199
0.017450838425092385 -0.17829274529753852 0.9838227305833752
0.04111789636928531 0.014587500898200122 0.999047808373408
0.024291781772200476 -0.004105956627991158 0.9996964791668024
-0.0034376529024906883 0.02178263880331837 0.9997568200263933
-0.40389717687069276 -0.317678406526938 0.8578738255375261
-0.024709265651570934 -0.06698453282003564 0.9974480059400799
-0.12644258962986568 0.04763762011481399 0.9908294145197194
-0.49538829852896793 0.04432234306293141 0.8675401798107025
0.03397170819195734 0.05213092975263076 0.9980622671986187
0.05275434699910437 -0.03910508651325996 0.997841556100711
0.05912151121500219 0.05724949534809054 0.9966078176464618
0.042049351316694884 0.011545762613043516 0.999048821339342
-0.05363589105815784 -0.02996208344253116 0.9981109481145772
-0.06208321260353268 0.061019834727856964 0.9962039221377366
-0.3334690377288695 0.06837947673515177 0.9402779631777025
0.01188962988108071 -0.04505818364086619 0.9989136082706437
0.056423767442395814 -0.07641169756566572 0.9954785838694571
-0.022476745694985353 -0.0631186224493614 0.9977528929564965
0.057701848736872584 0.05297617553926445 0.9969272899653113
0.0055057334846351 -0.05997179236153499 0.9981848881944372
-0.04968221414088596 -0.0581368358925012 0.9970716052072025
-0.08941655163767008 0.053187242509652656 0.9945731735410157
0.060396681623772736 0.050860033121153184 0.9968778751079551
-0.007790995483598348 -0.06545636349359973 0.9978250171586039
-0.09147339416031189 -0.025782599633928333 0.9954736941360675
0.032544971819173756 -0.014176151941934284 0.999369732143919
-0.06146868806077272 -0.05161479376389904 0.9967735517422188
0.05434769458656596 -0.3516263945256806 0.9345615050739013
0.05803955067508992 0.025214468946669726 0.9979958121721609
0.058482488093594874 -0.4924484977913612 0.868374501934168
-0.034626217918201065 -0.22519814189561624 0.9736975002121773
0.029482027207598932 -0.388344361476796 0.9210425978101718
0.05799700925531568 0.05782314632860736 0.9966407731304692
-0.0992544798741019 -0.09883738967708942 0.9901412619554548
0.0291014689940434 0.05653496866773032 0.997976403438542
-0.006663434964060634 0.04794705382136212 0.9988276521324042
0.04004441712624803 0.026197769436163282 0.9988544045723524
-0.0769775953090008 0.058504414649207685 0.9953148664050977
0.03257447119703946 0.058473022841937415 0.9977573900633158
-0.07687993588295802 -0.3687182106333877 0.9263564954195251
-0.04226935986968533 -0.06538251237922123 0.9969646073412977
-0.00836758246885614 -0.02828810429334418 0.9995647886551005
0.048657145664577774 -0.002241098333750811 0.9988130253726342
-0.5043238398335481 0.044120113725118114 0.8623867346732719
-0.0816020698464111 -0.014773152027334115 0.99655549578333
0.05111940211073676 -0.08188853596091111 0.9953296310298511
-0.04103146736470535 -0.21392039813371216 0.9759889763456414
0.05403401438325519 -0.09584678292687715 0.9939284277513136
0.046118679374329764 -0.04132001185142811 0.9980810207760519
-0.2819770857838882 -0.06694328918122058 0.9570828172767627
0.0372708274571976 -0.4860144778050612 0.8731556635471875
-0.23374073253231276 0.031448568351693094 0.9717902332828245
-0.03296309416073239 0.0030121708136967617 0.9994520304898779
-0.02114353146686143 0.05705711533467868 0.9981470015317359
-0.039487253594960706 -0.001124413900721456 0.9992194416127556
-0.05124990910624759 0.002839992570109116 0.998681821832561
0.04276158836933669 -0.06960799844952889 0.996657500404217
-0.031853595390501505 -0.014858395031855308 0.9993820973770621
0.0571875872175255 -0.08285749261869133 0.9949192006314791
-0.50873413114814 -0.22562883880069404 0.8308316381231503
-0.34679006257690215 -0.056214290174576256 0.9362566988161296
-0.022733610141041024 0.018667259252506955 0.9995672645710018
-0.2862210814369259 -0.08762613305303515 0.9541483916809002
-0.1523244637032943 -0.0539201979087009 0.9868585866348788
0.00860679194197689 -0.20741458282011607 0.9782152697469125
-0.024840363034388573 0.05932162282656233 0.9979298078670378
-0.06320694058868413 -0.044722442785089966 0.9969978865437744
0.007106428261830583 -0.37631433985016455 0.9264647949601186
-0.22714859250532662 -0.32393516453415444 0.9184059702011304
0.03350432215269647 -0.5033949148017067 0.8634066366138673
-0.08076708759893818 0.04397314551085763 0.995762541992149
-0.05525565720322725 -0.05040472091830159 0.9971991658922443
-0.10075514268160474 -0.13810662272578206 0.9852791289692927
-0.007742625429708687 0.0175264610828669 0.9998164206059861
0.04621849656852422 -0.07104911933673129 0.9964014618698732
-0.012636666824441032 0.059513563407139855 0.9981475093502725
0.057994064933255006 0.014748527290250892 0.9982079790180433
0.043899767273188076 -0.054427540079809655 0.9975522308702541
-0.2776851140081258 0.03017899310444014 0.9601980034521508
0.014545420241421313 -0.03614164936521923 0.9992408177867647
-0.040595253647241876 -0.05692201649014955 0.9975529607093606
0.052444689945927006 -0.04987862048506749 0.9973773998416959
0.0466535648335331 0.05577780931365261 0.997352636170624
-0.3514154653159481 -0.518553271522363 0.7794932169879546
0.042806036805574925 -0.473071045355313 0.8799837664749453
0.05801406026822908 0.0016025586888521366 0.9983144798192818
0.043247451948501686 -0.010990611221409551 0.9990039361108353
0.056298379939797784 -0.47895059485779856 0.8760347139819946
0.04789986278516349 -0.07248027594492075 0.9962189582336358
0.04865995900892004 0.02168993295758169 0.9985798692130469
-0.028718993454418997 -0.05639613538141224 0.9979953383302982
-0.04347815115089129 0.04594648456224649 0.997997280020778
0.0077243666521423235 -0.338798319725712 0.9408273129064959
0.052770728395400285 0.05514651446501152 0.997082801058658
-0.05541416196688504 -0.08002711980750565 0.9952511897751355
-0.11594971557865118 -0.09042936854672244 0.9891300181277843
0.039631844050134604 0.056249186628259236 0.997629864198564
0.045671071501949614 -0.05903161234624376 0.9972108212267187
-0.4456590370692939 -0.0762666674125864 0.8919481028177859
-0.49185701333944026 -0.03896099028334435 0.869803839762131
0.005092156224704709 0.01797651137942727 0.9998254422566013
-0.055596673518681736 0.04834281718242299 0.9972822980082039
0.06640270497147618 -0.1087801380636802 0.9918455335057561
0.04325581054944347 -0.27348223033063035 0.9609039517803507
-0.03210956867884932 0.05111487594936522 0.9981764598786826
0.014621434311670222 0.051372131150913054 0.9985725400789283
-0.0673797003328653 -0.08097156943830379 0.9944363131572335
0.06969255563823736 -0.5224052227615399 0.8498445333824751
0.03150404657247342 0.04608722325044393 0.9984405154552889
-0.18039826145171048 0.029587159930783355 0.9831485478972294
0.02397629860272534 0.004243151358415214 0.9997035224364584
-0.02660774474401861 0.04761185845500697 0.9985114615536956
-0.23364595478030406 0.010674811456285611 0.9722631414463745
-0.03284496682819093 0.040444657196184806 0.9986417965708916
0.020061838228592282 -0.04186515589894362 0.9989218344637616
0.04790683967121347 -0.007061464340807906 0.9988268470731452
-0.4972291472933436 -0.2842550387038603 0.8197330346237128
-0.28024043998093906 0.010020418329933571 0.9598775375097508
0.02298083928072647 -0.05894072524094713 0.9979969298219432
-0.22929911562459512 -0.00890291341324291 0.97331528997881
0.05088609671456215 -0.1835455302307531 0.9816932532586071
-0.000954249994380433 0.011999328934045787 0.9999275501315487
-0.4749899465298014 -0.022149652146878508 0.8797124209680051
0.056858952144329275 -0.2129873407496407 0.9753991245851338
0.030149298846418128 -0.08149702324128003 0.9962174737384802
0.004233318271662099 -0.024516592982677762 0.9996904599349403
0.05880059080296145 0.040864924150283324 0.9974329794504562
-0.18525382131960208 -0.029381439546907192 0.982251369404307
-0.06619121478694825 -0.0009880936991981805 0.9978064675857086
0.05378783736518502 0.01364063327419604 0.9984592138267117
-0.006472779605535303 -0.412825388167187 0.910787188100925
0.048193284648766835 -0.03701416977990173 0.998151971670781
0.04331181871138817 -0.021202198234176572 0.9988365998249916
0.056133522866371216 0.05581392185180991 0.9968619933261227
-0.2824911465594316 0.006251895484462228 0.959249532665192
0.00015559675452406465 0.05717859523037397 0.9983639536948092
-0.5285401920219394 -0.015260267316795445 0.8487711055748961
0.020435316805617103 0.045333101542451675 0.9987628886435438
-0.13594479020483208 -0.5205734102023508 0.8429248712705416
-0.07820711153241475 -0.019536368295215014 0.9967456937552278
-0.11079056176632575 -0.03485896611474738 0.9932322507374158
-0.0850162011872 -0.23428639994671832 0.9684431466718654
-0.0023546318624479137 -0.5155222544746539 0.8568729549064799
0.041892897094719335 -0.00032759416400243144 0.9991220535325376
0.0568315702801286 -0.009235474647218935 0.9983410632782443
0.037092971482255634 0.005925460391845137 0.9992942511521625
0.04728813333607069 -0.05989118411144578 0.9970841882766565
0.056281349618650035 0.05808955756332931 0.9967236392236315
0.030177029422081777 -0.4715646595557677 0.8813149940590548
-0.02169397792229211 -0.0014784980664478782 0.9997635647318694
-0.012511386229970535 0.03371247658438289 0.9993532579309241
0.05567149864498337 0.03936332132470931 0.9976728988866588
-0.3031081771157198 0.06169192369572352 0.9509571701797649
-0.39521164376368473 0.06234401171154589 0.9164720294898896
-0.18229716142665134 -0.11607402420770134 0.9763680483506286
0.04878482701924918 -0.04048926404461063 0.9979883066197858
-0.016772882253260835 0.06158932526358231 0.9979606332087929
0.019783490524863463 0.048804680283758776 0.998612395619568
0.01921544765022405 0.05165657049819384 0.9984800274897674
-0.030848957943600454 -0.40429636201396385 0.9141076487241904
0.06986955345795734 -0.2566944544323304 0.9639637973302078
0.011444482277941578 0.04861847090605389 0.9987518551232568
-0.07295891641836687 0.04105677406333369 0.996489507129187
-0.21682529560553374 -0.012705282418628576 0.9761277411201035
-0.4614054692893179 -0.28765907923881945 0.8392599400908987
0.0363016008312471 -0.013365081923454312 0.9992515040580465
0.05439117114917064 0.011097940351144529 0.9984580292736316
-0.04412270979042789 0.05560882000241805 0.9974772406519802
-0.06968510731731566 0.038238991019367945 0.9968358768543572
0.00999610468341427 -0.06230779987445287 0.9980069218026313
0.04879838962394893 0.039493665042753444 0.9980275384936028
-0.11905218862630308 -0.1493950675583014 0.9815842756343125
0.04127450177112261 -0.11724669455887993 0.9922447420463171
-0.008900509806403044 -0.03725019516474538 0.9992663328089136
0.061925618428055086 -0.06792963575592378 0.9957664296251257
-0.07714384238102814 -0.054796235096971804 0.9955130336675097
0.053347398505077435 -0.25432076800236253 0.9656474522492301
-0.343707317871714 -0.19857246741068835 0.9178421731582526
0.010202522311904914 0.004978668332995961 0.9999355586237071
0.029746892989227933 0.04626589583570284 0.9984861487471959
-0.0758479689054194 0.005367011173191202 0.9971049497440022
0.058678530119540086 0.040612786853539806 0.9974504657610819
-0.03992667299342617 -0.044364978818519266 0.9982172155588724
0.017845051935061786 0.05478802365839458 0.9983385330563186
-0.43729967529153685 0.057168053913592434 0.8974969680180815
0.01972426822944228 -0.06357382350237215 0.9977822017896001
-0.24366375712171842 -0.03944063818824803 0.9690574851496849
0.05070079796162568 -0.1354266258434469 0.9894892915533312
0.05645968427627277 0.025187915265844227 0.9980871069080014
0.05230652829717328 -0.10347026623611583 0.9932562263094676
0.060026657179168955 -0.07521104975892202 0.9953592810749571
0.0004806021688768137 -0.003580002130327113 0.9999934762818716
-0.5366224094655063 -0.010828135668602924 0.8437530095575225
0.0004950460854520701 0.06089485077740283 0.9981440637894768
0.03830387196476505 -0.09882710606345603 0.99436714371485
-0.07991000466114101 0.04018900134138063 0.9959915839635589
0.06194815943503794 -0.06860182744781353 0.9957189436851303
-0.09306335175392802 -0.1740914943475604 0.9803220716459249
0.033321835497946234 -0.16824569154547234 0.9851817307255721
-0.10069157299162224 0.05469267051073509 0.9934132669341983
0.03721740886454775 -0.20018990188356475 0.9790499822078839
0.053979981326574555 -0.028226780065628215 0.9981429809917562
0.05567114843943257 0.029415811091446562 0.9980157480166667
-0.07689816113986465 -0.08470723231022452 0.9934341234362997
-0.0009331376734638083 0.05644292283516101 0.9984053914697708
0.009597876922054029 0.04264676567473764 0.9990441102053869
0.03973942808331894 0.05457556340366252 0.9977185403382978
-0.026188879146702575 -0.00571207616435019 0.9996406928466507
-0.0791280047354284 -0.008465882708734926 0.9968285146887361
0.03830169796135947 -0.13110187036447976 0.9906287294038124
0.07721082349342662 -0.24375940424215292 0.9667573850656521
0.041830819054891305 -0.0332537525944358 0.99857116447231
-0.284362569087776 0.05408479529630478 0.9571900355830898
0.04669286872530683 -0.06535705921545718 0.9967688953919602
0.04794225464925032 -0.020985360216829344 0.9986296384925275
0.05383895600333022 0.03790667611323468 0.9978298706305189
0.04361620677863085 -0.08569689938404328 0.9953660974446563
-0.16168237674734012 -0.025252683824529776 0.9865196962093508
0.05571144225142749 0.05889916711228544 0.9967081434982585
0.036881788335566365 -0.031399580293342284 0.9988262111331342
0.05864966540857681 0.019686314955654545 0.998084498302087
-0.03712936286452668 -0.03801653357484645 0.9985870786207014
0.03338811592038418 -0.30728082704753373 0.9510329789467191
-0.015294543220803803 0.06049510868416496 0.9980513106914685
0.06793536581840186 -0.14093837131280132 0.9876847480663122
0.030391868659029892 0.03526102155188966 0.99891590971339
0.03077538926232963 0.05626813511978899 0.9979412670021683
-0.4680864136302365 0.06988817538785032 0.8809147247695092
-0.14549012077227114 -0.03344125724289267 0.9887943704692521
