-0.310667 -0.403861 -1.046397
-0.81135 -0.136541 -1.137721
0.029644 -0.495629 -1.045447
1.510017 0.336553 -1.07137
0.838527 0.633655 -1.064744
1.958469 0.141928 -1.04951
1.613142 0.579533 -1.082299
0.106689 0.236199 -1.011931
1.235374 -0.66028 -1.1454
-0.370632 -0.855832 -1.173014
-0.799477 1.373248 -1.191368
-0.113059 1.769702 -1.061439
-0.228958 1.065274 -1.060641
-0.14696 -0.480636 -1.04621
-0.748089 -0.613051 -1.177005
-0.259243 0.147019 -1.017567
-0.412486 1.080306 -1.080918
-0.939911 -0.789672 -1.334676
-0.859554 1.875244 -1.228921
0.73681 2.03212 -1.070035
-0.938248 1.344077 -1.268689
0.370615 0.282724 -1.019913
0.145343 0.009178 -1.00724
0.334387 1.591037 -1.071304
1.142692 -0.181162 -1.060892
0.137845 1.839727 -1.055561
0.722703 -0.504603 -1.076804
1.071525 -0.627626 -1.126874
0.850604 -0.956508 -1.249435
0.347257 0.426253 -1.025113
1.827532 1.767545 -1.106555
1.03161 -0.287169 -1.062847
-0.2156 -0.881991 -1.171927
-0.596196 -0.983381 -1.289558
-0.60224 1.014443 -1.115398
-0.195423 2.047079 -1.046729
0.457183 1.694776 -1.07396
0.018295 1.858341 -1.053062
0.977082 0.727347 -1.077608
-0.030276 -0.623272 -1.07253
-0.880991 0.69521 -1.197894
-0.830481 -0.506619 -1.181581
-0.88697 -0.068813 -1.169301
-0.771855 0.639967 -1.140978
0.495304 1.295103 -1.076906
0.792221 -0.045672 -1.040515
1.672178 -0.033096 -1.063324
0.930528 -0.734367 -1.147828
1.133309 1.169159 -1.106953
0.316869 -0.847977 -1.153904
1.919789 0.957556 -1.092258
0.297566 0.860205 -1.048905
-0.127578 0.434092 -1.021695
1.262829 0.177468 -1.062922
0.202909 -0.740566 -1.106328
0.579661 -0.621316 -1.089812
0.38775 0.107478 -1.017415
1.411279 1.317413 -1.11756
1.564618 -0.68373 -1.154661
1.772088 -0.328158 -1.076769
1.563029 -0.151056 -1.069301
1.336594 -0.566641 -1.116549
1.914215 -0.415465 -1.08025
1.395821 1.473121 -1.119102
0.97822 0.559217 -1.067917
-0.708312 1.668151 -1.159451
-0.801467 1.769444 -1.198519
-0.006554 -0.116442 -1.009451
-0.653219 -0.234958 -1.089972
0.444475 1.439066 -1.076233
0.704077 0.164511 -1.035432
-0.132734 -1.008323 -1.234482
2.066992 2.028737 -1.076151
-0.105745 -0.740634 -1.10567
-0.925156 -0.927004 -1.405072
0.423967 -0.945376 -1.206354
1.852121 0.831223 -1.089484
-0.635076 -0.062962 -1.076492
-0.58551 1.161075 -1.120496
1.727683 1.372117 -1.115133
1.928352 1.281968 -1.103279
0.715173 -0.181044 -1.041926
2.023657 0.360373 -1.052006
0.464471 1.985421 -1.058882
-0.468461 1.805701 -1.093974
-0.474918 0.916854 -1.07962
-0.101623 1.16446 -1.059922
-0.681225 -0.875391 -1.25851
0.210462 -0.502303 -1.048553
-0.734011 1.920991 -1.160978
-0.182931 -0.622486 -1.078321
0.873218 -0.356697 -1.066629
1.171329 0.840949 -1.092372
1.112145 0.485845 -1.069912
0.383699 1.175496 -1.066637
0.161654 -0.191685 -1.013468
-0.464954 -0.763792 -1.150954
-0.084074 -0.367179 -1.028074
-0.549563 0.440386 -1.070169
-0.114348 -0.219005 -1.016744
0.054541 -0.758298 -1.103722
0.573634 -1.037673 -1.274085
0.377296 -0.697923 -1.100809
1.251347 0.558884 -1.078553
1.113276 1.470588 -1.112291
1.47948 -0.605368 -1.130697
1.027284 -0.446741 -1.087325
1.604563 1.25726 -1.11583
1.585951 1.408639 -1.118552
1.518348 1.716792 -1.116449
1.650311 1.761575 -1.11285
0.991706 0.234511 -1.05328
1.698202 1.522634 -1.116596
0.756362 1.850829 -1.08346
-0.490994 -0.464512 -1.076921
1.382983 -0.874714 -1.237767
0.692803 0.895815 -1.071084
2.035079 -0.462696 -1.077933
2.013473 -0.280304 -1.057473
0.507275 1.572453 -1.079825
0.678479 1.589191 -1.088864
1.18399 -0.539438 -1.112203
1.14877 -0.338347 -1.073426
-1.006436 0.25263 -1.233184
-0.76364 0.785195 -1.147685
-0.027571 1.417553 -1.062565
-0.519092 0.601439 -1.067621
1.117833 1.614508 -1.111721
1.21906 -0.000465 -1.058862
-0.903103 -0.240985 -1.181811
-0.250746 -0.726314 -1.110793
-0.729901 1.102724 -1.161371
-0.733908 1.225409 -1.16799
-0.322041 0.974455 -1.063588
0.552736 -0.150294 -1.03131
1.095821 -0.009108 -1.052436
-0.549039 1.897054 -1.107038
0.181716 2.010752 -1.045815
0.598783 2.067021 -1.059021
-0.94688 1.107329 -1.261716
1.780988 2.048119 -1.092338
1.926689 2.053648 -1.084444
0.840704 1.529668 -1.098762
-0.624092 -0.752284 -1.185431
1.363714 0.796597 -1.094578
2.030766 1.195179 -1.093361
0.310899 2.037741 -1.048088
1.712363 0.838469 -1.095173
-0.748197 0.93656 -1.153432
-0.268057 1.802983 -1.06977
0.97838 0.885137 -1.086585
-0.614965 1.361643 -1.130925
0.446668 1.840085 -1.067319
-0.279675 1.382991 -1.073445
-0.007095 0.867218 -1.042831
-0.705994 2.055395 -1.140873
1.148005 0.302463 -1.062132
0.684994 -0.982745 -1.2497
1.420469 -0.310725 -1.079277
0.954416 0.405316 -1.05829
0.093097 -0.8876 -1.16056
0.478111 -0.794252 -1.136088
-0.556777 -0.604024 -1.119491
-1.022338 -0.171284 -1.243571
0.649493 -0.77763 -1.146273
2.035048 1.36491 -1.097809
0.562448 1.000899 -1.069199
1.51685 -0.837391 -1.214031
1.237501 1.556266 -1.116351
1.40306 0.227581 -1.065693
1.41567 0.633026 -1.085522
1.47562 0.462938 -1.077356
-0.068356 0.290541 -1.014469
1.574011 1.565252 -1.118501
0.837635 0.818677 -1.075127
-0.920051 -0.604891 -1.251887
0.524765 0.853717 -1.059172
-0.646913 1.805749 -1.135789
0.552851 0.634974 -1.047949
-0.368167 0.635886 -1.04953
1.530476 0.006106 -1.062351
0.037931 1.687995 -1.059469
0.097521 -0.358399 -1.0267
1.239885 -0.833912 -1.210626
1.208174 1.899926 -1.1042
-0.133596 1.322499 -1.064677
-0.460478 -0.989189 -1.259602
-0.153179 1.479257 -1.069175
-0.495761 0.7644 -1.072773
1.332967 1.991283 -1.101128
2.057755 0.666695 -1.065109
0.23738 0.14922 -1.012344
0.024319 1.312914 -1.061243
0.150941 1.642165 -1.063315
-0.558894 1.653499 -1.116316
-0.816441 1.598647 -1.207717
0.706435 1.047201 -1.079752
-0.053217 0.724185 -1.034774
1.736989 -0.169378 -1.068314
-0.825318 -0.861619 -1.307003
-0.891873 1.484733 -1.248766
-0.540921 0.03925 -1.054193
2.016511 0.029387 -1.043371
-0.855096 1.036734 -1.20642
-0.518996 -0.305075 -1.063655
-0.879394 0.893757 -1.214963
1.472506 2.045196 -1.09751
0.275277 1.064409 -1.058449
0.588881 -0.449065 -1.058262
-0.669251 0.548105 -1.103173
1.661366 1.090689 -1.109577
0.5345 1.134274 -1.073341
0.451955 -0.032184 -1.020955
0.213714 0.339096 -1.017359
-0.695068 0.38823 -1.102574
1.362893 1.067683 -1.108873
0.598981 1.928199 -1.068969
2.080615 1.880472 -1.085795
-0.353557 0.825228 -1.058515
-0.216581 0.523027 -1.030892
0.599705 -0.886316 -1.185023
1.233471 1.700755 -1.113911
0.662898 1.241676 -1.084936
0.953432 1.42426 -1.104938
-0.374814 1.703287 -1.084896
0.447727 0.974433 -1.061225
0.274517 0.007576 -1.012414
1.847896 0.267073 -1.059862
-0.353654 -0.233596 -1.035194
0.994914 -0.101031 -1.050052
1.747253 0.975484 -1.10181
1.60371 0.962208 -1.10502
1.044239 1.296324 -1.108277
-0.970984 0.590096 -1.237245
0.404529 0.772609 -1.04806
1.01544 1.910488 -1.095323
2.000894 -0.122826 -1.047541
0.665349 0.533306 -1.04869
-0.982618 0.739967 -1.258429
0.027693 -0.272079 -1.016918
1.302101 -0.215655 -1.068546
-1.040568 -0.319347 -1.266786
0.800616 1.133877 -1.089305
0.769934 1.421388 -1.095064
1.991661 0.537568 -1.062687
1.114161 0.636777 -1.078891
-0.827711 -0.332346 -1.158292
-0.397166 0.477807 -1.046556
-0.043576 -0.903912 -1.171814
0.762949 -0.841782 -1.184812
-0.615842 0.857041 -1.107395
0.317913 1.752865 -1.0655
0.30426 1.9066 -1.056789
1.97559 1.6932 -1.100786
0.904792 1.28452 -1.100085
0.40372 0.621443 -1.03868
1.8434 1.604609 -1.110745
0.92135 1.782422 -1.096639
1.757903 1.228522 -1.112324
-0.870142 1.2116 -1.222299
-0.702166 0.244882 -1.095711
0.862339 0.292442 -1.048515
1.304958 1.19295 -1.112755
-0.052034 2.013678 -1.04424
1.445424 0.959678 -1.104709
0.244893 0.518094 -1.027039
1.926124 0.663377 -1.075214
-0.832026 0.325804 -1.147391
1.312009 -0.39026 -1.084957
0.853098 -0.195813 -1.048218
1.375171 1.630972 -1.118208
1.6924 0.292922 -1.067564
1.248982 0.737766 -1.088867
1.906502 1.933091 -1.093807
0.244663 1.451893 -1.06903
0.992369 -0.850644 -1.202531
0.518671 -0.291699 -1.03821
1.120699 1.806431 -1.105356
-0.856243 0.16984 -1.153143
-0.286787 0.353115 -1.026147
1.768415 0.132241 -1.060007
0.846702 0.977463 -1.084419
-0.805784 0.004243 -1.129845
2.013222 0.841063 -1.079196
-0.636656 0.700706 -1.100858
-0.306371 -0.979187 -1.229738
1.625595 0.140174 -1.063095
1.447077 -0.46837 -1.101753
0.169 1.304825 -1.063402
-0.005625 1.551289 -1.062361
-0.238561 1.211405 -1.066722
0.837411 0.481538 -1.056079
-0.805121 -0.746258 -1.250815
-0.675848 0.080827 -1.086323
1.875085 1.44574 -1.108796
-0.960069 0.092165 -1.199695
-0.036624 1.032089 -1.053028
-0.286913 1.538458 -1.079082
1.98712 1.536511 -1.102684
1.615183 -0.562886 -1.120791
0.095356 1.439592 -1.064978
1.440915 0.088187 -1.063158
1.279515 0.908684 -1.099466
-0.250748 -0.16551 -1.020189
-0.413762 -0.591652 -1.088368
1.162365 0.991673 -1.100182
-0.549688 2.046245 -1.103262
-0.452223 1.976345 -1.084508
-0.442563 2.04954 -1.081384
1.806624 -0.782827 -1.194237
1.70382 -0.87814 -1.244061
1.81836 -0.844306 -1.225997
-0.884718 -0.30445 -1.180458
0.498495 2.034696 -1.056727
0.471875 2.092353 -1.050926
1.558534 2.044879 -1.097103
1.601977 2.106148 -1.091854
1.525828 2.105454 -1.092287
0.776999 -0.461206 -1.07363
-0.660097 1.958986 -1.1353
-0.708541 1.843828 -1.156516
-0.334223 -0.800072 -1.146844
-0.291181 -0.859459 -1.167175
0.375325 2.024403 -1.05196
0.305739 1.979348 -1.051874
0.377124 1.950706 -1.057189
1.701091 0.764774 -1.091123
1.819162 0.778373 -1.087741
1.789495 0.835267 -1.092136
2.079837 -0.26882 -1.050806
2.079639 -0.154994 -1.042613
2.023918 -0.208884 -1.051567
-0.9723 -0.999401 -1.481977
-0.917363 -0.984833 -1.436809
-0.980076 -0.942184 -1.450395
0.365406 -0.933065 -1.19793
0.30649 -0.908584 -1.183761
-0.672155 0.977821 -1.133266
-0.664572 1.056741 -1.137882
-0.734574 1.022377 -1.155994
-0.593714 1.091498 -1.11817
-0.655904 1.127497 -1.140146
0.089807 -0.688403 -1.085977
0.046163 -0.623365 -1.07117
0.010358 -0.687378 -1.08723
0.497176 -0.103645 -1.026096
0.411637 -0.109993 -1.020655
-0.827554 0.601161 -1.165275
-0.781214 0.5796 -1.14359
1.437593 0.891645 -1.100792
1.43725 0.790837 -1.09453
1.601776 0.856904 -1.09829
1.526168 0.958062 -1.104821
-0.644688 2.029103 -1.126002
1.17899 -0.613834 -1.130802
1.08444 -0.689215 -1.147816
1.18839 -0.74974 -1.174518
0.967686 -0.675746 -1.13217
0.995635 -0.741228 -1.154958
2.030989 1.780529 -1.093858
-0.665006 1.325064 -1.146557
-0.677815 1.227028 -1.149905
0.706014 1.798073 -1.0835
0.673737 1.695855 -1.086108
0.791391 1.740003 -1.090677
1.907312 0.486604 -1.065607
1.918048 0.368352 -1.059341
1.973891 0.468081 -1.06061
1.55669 0.392152 -1.073833
1.53199 0.45264 -1.076715
1.051281 1.07363 -1.099357
0.960041 1.018714 -1.092419
0.200657 -0.620006 -1.070534
-0.027841 -0.748299 -1.104357
-0.068369 -0.682296 -1.088815
1.970351 1.005361 -1.0904
1.904069 1.021306 -1.095941
2.032024 1.12878 -1.090726
0.243121 0.833675 -1.04532
0.135116 0.874752 -1.044513
1.643294 0.805407 -1.094392
1.649272 0.891254 -1.099826
-0.807336 1.982827 -1.194938
-0.702807 1.993376 -1.145033
-0.800526 1.906015 -1.195968
0.928872 -0.614658 -1.114871
0.964831 -0.493487 -1.091407
-0.195442 -0.688983 -1.096405
-0.141424 -0.683779 -1.092069
-0.24351 -0.651361 -1.089479
-0.17002 -0.551401 -1.06184
1.290095 0.800119 -1.093392
1.166902 0.767017 -1.088048
1.224763 0.951333 -1.099998
1.04785 0.601223 -1.073671
1.050191 0.522845 -1.069164
1.115328 0.559693 -1.074405
0.12655 -0.425461 -1.036255
0.214726 -0.38649 -1.033133
-0.971219 -0.218894 -1.216524
-1.028402 -0.245976 -1.253187
-0.984746 -0.292414 -1.231068
-0.185479 1.74952 -1.066434
-0.322098 1.76144 -1.076956
-0.201021 1.684452 -1.069411
-0.768912 -0.683871 -1.212073
-0.692732 -0.760593 -1.214082
0.184014 -0.84682 -1.14549
0.13457 -0.749889 -1.105319
0.110229 -0.815995 -1.129123
0.16777 -0.684586 -1.088807
0.315184 -0.725326 -1.107561
0.325606 -0.657936 -1.086193
0.248417 -0.684339 -1.091107
0.394617 -0.635485 -1.086065
0.328251 -0.556622 -1.062899
0.423519 -0.745445 -1.118093
0.54995 -0.719459 -1.117879
1.176572 0.659303 -1.082134
1.176515 0.591931 -1.078223
1.238301 0.626005 -1.08206
-0.302315 -0.611325 -1.08369
-0.35318 -0.571123 -1.077706
-0.312022 -0.675787 -1.100563
-0.882461 -0.374046 -1.189273
-0.819647 -0.402218 -1.162936
1.305776 1.578997 -1.117553
1.328411 1.501563 -1.118156
1.383667 1.550338 -1.118674
1.235134 1.016241 -1.10353
1.29676 0.971397 -1.103088
1.457938 0.281352 -1.06844
1.482553 0.207478 -1.065357
0.840312 1.456777 -1.098863
0.829853 1.386975 -1.097858
0.903052 1.488226 -1.102153
1.602303 1.623787 -1.117348
1.594377 1.743795 -1.11434
0.961019 0.801922 -1.080938
0.907818 0.852445 -1.080879
0.899308 0.764395 -1.075445
1.707522 1.746548 -1.111571
1.750896 1.788827 -1.1084
1.658853 1.708016 -1.11443
1.804746 1.842394 -1.103564
1.674166 1.814282 -1.109831
1.055799 0.352083 -1.060474
0.987943 0.3478 -1.057557
1.086645 0.295014 -1.05943
0.998669 0.174014 -1.051952
1.013101 0.097809 -1.050597
1.063679 0.151249 -1.054148
1.356032 -0.639139 -1.13954
1.30241 -0.689102 -1.154922
1.028438 1.706938 -1.104777
1.048527 1.638366 -1.107783
1.103716 1.686999 -1.109124
1.704205 -0.350038 -1.082454
1.727948 -0.407056 -1.089397
1.063205 1.571744 -1.109396
0.749966 1.615137 -1.092443
0.777469 1.547056 -1.095142
0.826335 1.602832 -1.09681
1.193597 0.22748 -1.061637
1.285378 0.4508 -1.073917
1.368327 0.531802 -1.079425
1.498573 1.46974 -1.119212
1.566225 1.478616 -1.118973
1.456246 1.519181 -1.119184
1.482314 1.29485 -1.117101
1.595929 1.336282 -1.117294
0.981783 0.475191 -1.063529
0.906462 0.517546 -1.061768
0.895784 0.397008 -1.054971
0.977152 0.642031 -1.072665
0.906697 0.679387 -1.071052
0.905653 0.597717 -1.066261
1.085468 0.419547 -1.065251
1.162029 0.437449 -1.06926
1.125813 -0.583191 -1.118912
0.27563 -1.04857 -1.260582
-1.004294 -0.03242 -1.232158
0.036542 0.812163 -1.039945
-0.041846 0.7984 -1.039266
0.013591 0.746122 -1.036198
-0.764342 0.709656 -1.142429
-0.824821 0.737194 -1.173764
1.05284 -0.886269 -1.22581
0.992106 -0.921056 -1.240686
1.051455 -0.947494 -1.259791
1.34936 0.671393 -1.086683
1.32307 0.56403 -1.080354
0.316084 0.124741 -1.015001
0.367332 0.174263 -1.01778
1.941909 -0.287083 -1.063989
1.881933 -0.29788 -1.069495
-1.031948 0.56237 -1.271111
-1.028546 0.632455 -1.274024
-1.037061 0.492794 -1.268386
-0.327088 2.054837 -1.056516
0.117856 2.011781 -1.0447
0.208534 2.076323 -1.042009
2.024496 -0.68633 -1.14481
0.928106 2.080147 -1.077307
0.990716 2.109492 -1.077991
-0.955676 1.281968 -1.27595
-0.238389 -0.57968 -1.071382
0.287487 -0.500318 -1.051195
-0.325445 1.902819 -1.068264
-0.443585 1.910377 -1.085083
-0.392329 1.790418 -1.084924
0.885098 1.581575 -1.100444
1.837954 0.72509 -1.083519
1.904513 0.719027 -1.0799
-0.762017 1.297871 -1.178339
2.055239 0.543332 -1.058382
2.087897 0.396352 -1.048862
0.442704 -1.033386 -1.260767
0.390072 -0.9963 -1.233361
2.057188 2.106084 -1.069903
1.37051 0.98854 -1.10529
1.384732 0.916386 -1.101639
-0.988848 -0.876 -1.416075
-0.136793 -0.794493 -1.128893
-0.102458 -0.865596 -1.155305
-0.067949 -0.803146 -1.128461
0.350119 2.087224 -1.046003
-0.868767 -0.1331 -1.16343
-0.916361 -0.116977 -1.184191
-0.442866 -1.042164 -1.289548
-0.506997 -1.036212 -1.300228
-1.026945 0.707447 -1.280554
-1.01683 0.785272 -1.280646
0.24822 2.01967 -1.047302
0.277441 2.081871 -1.043817
2.059127 -0.630679 -1.114365
1.960955 0.897928 -1.086096
1.883624 0.895582 -1.091175
-0.671855 -0.120797 -1.089579
-1.061411 -0.059574 -1.267387
-0.96959 -0.139295 -1.212893
-0.70038 1.166245 -1.154674
-0.926859 0.647852 -1.218453
-0.928039 0.531657 -1.21091
0.49876 1.449423 -1.079337
0.550104 1.399931 -1.081741
0.559749 1.462738 -1.082754
-0.170245 1.856874 -1.059986
-0.174239 1.8012 -1.063769
0.869195 -1.011726 -1.282762
0.797854 -1.010548 -1.276322
1.181995 -0.970484 -1.281323
0.956169 -0.791749 -1.174489
1.060901 -0.818478 -1.193395
1.123082 -0.856382 -1.217666
-0.894677 1.141069 -1.233191
-0.963664 1.2255 -1.277881
-0.816096 0.918908 -1.185676
-0.83368 0.852199 -1.188512
-0.745018 0.858669 -1.14626
0.247539 -0.873838 -1.161344
-0.633181 1.43548 -1.137145
-0.708003 1.438573 -1.161366
-0.565591 1.40602 -1.12073
-0.525662 1.298339 -1.110736
-0.454429 1.344149 -1.096697
0.64091 1.640755 -1.085509
2.071852 0.332419 -1.047088
0.912947 0.928803 -1.085392
0.840453 0.897613 -1.079653
-0.593373 1.77864 -1.123216
-0.541758 0.971052 -1.098489
-0.438092 1.010522 -1.080215
-0.393884 0.951668 -1.071189
-0.371531 1.026205 -1.072581
1.882715 1.869307 -1.098569
1.90303 1.73691 -1.103542
0.00893 -0.81872 -1.130357
1.964903 1.168836 -1.09717
1.683544 0.96941 -1.103234
1.712687 0.906288 -1.099007
-0.847167 1.954354 -1.218675
1.039169 -0.512598 -1.100809
-1.069723 -0.197759 -1.272621
-0.708579 0.01879 -1.097809
-0.813121 -0.073182 -1.136091
0.944473 -0.367684 -1.071327
0.999043 -0.333042 -1.068755
1.090445 -0.397116 -1.081179
1.074809 -0.336221 -1.071343
-0.351591 -0.465404 -1.059239
-0.222552 -0.50974 -1.055781
-0.278438 -0.473487 -1.054209
0.686494 -0.394487 -1.058635
-0.079409 0.156995 -1.010878
-0.126039 0.116469 -1.011338
-0.658835 0.145544 -1.082577
0.740641 -0.576253 -1.095699
0.489867 -0.539585 -1.068282
0.395663 -0.819111 -1.144172
0.697593 -0.694661 -1.122789
0.698813 0.976199 -1.075638
0.628033 0.948381 -1.070276
0.769609 0.860627 -1.073554
0.712141 0.819713 -1.06787
0.775526 0.789851 -1.069868
1.318736 0.739945 -1.090337
1.330447 0.861545 -1.097738
1.176671 0.519806 -1.074089
-0.937721 -0.336468 -1.20938
1.384904 0.304558 -1.068621
1.331235 0.204879 -1.06446
-0.38035 -0.702955 -1.116926
-0.396767 -0.770841 -1.143292
-0.483013 -0.599211 -1.103236
-0.451939 -0.534734 -1.083609
-0.523841 -0.537129 -1.098457
-0.500243 -0.381468 -1.06856
1.584539 -0.449085 -1.100893
-0.262017 1.001271 -1.060214
-0.301871 1.043957 -1.066608
-0.626802 -0.605534 -1.139902
-0.589964 -0.680337 -1.152894
1.427543 1.240036 -1.115557
0.329044 -0.273669 -1.02583
0.345579 0.812157 -1.048004
1.427192 0.56428 -1.082157
1.489102 0.524887 -1.080295
0.946708 1.539102 -1.103961
0.92932 1.356291 -1.102568
1.603028 0.655902 -1.086571
1.598771 -0.827459 -1.212486
1.623967 1.52105 -1.117886
0.829144 0.756189 -1.071123
1.704443 -0.514861 -1.106749
0.671877 -0.542282 -1.080446
0.614609 -0.394819 -1.053357
0.653926 -0.465486 -1.064983
0.60402 -0.5127 -1.070463
0.487579 -0.468418 -1.055728
1.121605 0.192566 -1.057871
1.189249 0.153831 -1.059396
1.622383 1.870056 -1.107847
1.778018 1.642482 -1.112247
1.83715 1.687747 -1.108511
0.214903 -0.085634 -1.011964
1.400058 -0.818925 -1.210854
1.445471 -0.858218 -1.226999
0.895385 1.836858 -1.092067
0.881404 1.891946 -1.087977
0.808806 1.905851 -1.083124
0.402827 0.388872 -1.026292
0.449206 0.261476 -1.023374
0.502265 0.318241 -1.028674
0.775199 0.594771 -1.05878
0.559445 0.915043 -1.064532
0.623542 0.884152 -1.066503
2.052776 -0.333622 -1.059
2.082207 -0.56891 -1.093508
0.413539 0.447577 -1.029577
0.353337 0.356186 -1.022378
1.180131 1.505797 -1.114674
1.17952 1.581886 -1.114293
-0.891041 -0.56301 -1.22606
-0.861634 -0.615663 -1.228792
0.73555 1.485621 -1.092939
0.614964 1.579604 -1.085603
0.661641 1.486941 -1.088568
0.68933 1.424487 -1.090295
1.230108 1.451303 -1.115858
1.266792 1.405861 -1.116285
1.223556 0.4262 -1.070616
-0.018645 0.243498 -1.012465
0.036374 0.333128 -1.015458
0.836285 0.555445 -1.060199
1.047744 0.683277 -1.078427
-0.057659 0.407271 -1.019489
-0.114401 0.354882 -1.017967
-0.243992 0.254009 -1.01951
1.101973 -0.466669 -1.093582
1.276593 -0.551136 -1.113487
1.166853 -0.417282 -1.087574
1.230901 -0.367881 -1.079632
2.110654 0.662679 -1.060721
2.074326 1.952433 -1.08109
2.128049 1.930631 -1.078588
1.047911 -0.997765 -1.288363
1.00878 1.192749 -1.102564
1.063052 1.146803 -1.103052
2.025155 -0.390168 -1.069292
2.085809 -0.432691 -1.067898
0.691511 0.234011 -1.036954
0.635571 0.1922 -1.031969
0.403755 1.639256 -1.073029
0.387154 1.721803 -1.069753
0.271702 1.637207 -1.067559
1.158985 -0.040051 -1.056425
1.154491 0.034171 -1.056176
-0.650177 0.622494 -1.101148
-0.578741 0.651287 -1.084178
1.444617 1.599662 -1.118743
1.222526 2.082195 -1.091216
1.293837 2.099308 -1.091649
1.151286 2.095685 -1.087614
-0.755725 1.795958 -1.17862
-0.758656 1.726869 -1.181012
0.051773 -0.145672 -1.01073
-0.977587 0.671749 -1.248826
1.457735 2.109735 -1.092008
0.289727 0.318328 -1.018864
-0.283573 0.855961 -1.055041
-0.257736 0.931527 -1.057107
-0.336486 0.901007 -1.060928
-0.005182 1.363546 -1.061655
-0.074626 1.373909 -1.063468
-0.050929 1.301795 -1.062503
-0.081134 1.453852 -1.065441
-0.013947 1.477954 -1.062305
-0.098782 1.528244 -1.066439
0.061545 1.219091 -1.059366
0.13544 1.229067 -1.060708
0.089047 1.295554 -1.06189
1.040442 -0.053346 -1.050848
1.028063 -0.163359 -1.054867
1.100673 -0.082041 -1.054969
-1.00111 0.85586 -1.277298
-0.986765 0.979274 -1.277511
1.813885 2.110219 -1.085552
1.740686 2.108458 -1.089535
2.097931 1.412662 -1.09359
2.056969 1.314232 -1.094821
2.040031 1.260082 -1.094529
1.961138 1.342877 -1.10236
1.972946 1.23452 -1.098685
2.097518 0.717794 -1.064969
2.074332 0.855911 -1.075003
2.075715 0.789234 -1.071077
2.105696 0.90144 -1.074703
2.034325 0.906214 -1.080699
0.276241 0.390328 -1.021411
0.132628 0.704535 -1.034845
0.180477 0.653995 -1.03333
0.204131 0.712886 -1.037
-0.566144 0.732328 -1.086614
-0.55478 0.812216 -1.089801
-0.625557 0.778612 -1.103875
1.146124 -0.257684 -1.066967
1.072949 -0.221698 -1.060172
1.999894 2.055705 -1.078995
1.953011 1.997229 -1.086522
0.27658 0.63883 -1.034829
-0.419853 -0.082273 -1.03566
-0.571249 -1.0332 -1.31352
-0.634249 -1.025082 -1.331111
-0.918056 1.552629 -1.264791
-0.939133 1.49394 -1.27606
-0.890211 0.82738 -1.214385
-0.922267 1.065889 -1.245609
-0.864952 0.964446 -1.209793
-0.632863 1.657635 -1.136739
-0.586848 1.722182 -1.122113
-0.678871 1.726637 -1.148405
0.934187 -1.017474 -1.291374
0.925714 -0.958036 -1.256118
1.320273 0.020246 -1.061428
1.372199 0.167249 -1.064159
1.771916 -0.029861 -1.059747
1.800735 0.070969 -1.058873
1.706045 0.074798 -1.061667
0.768783 0.938554 -1.077813
0.875268 1.143307 -1.093645
0.845367 1.081976 -1.08944
0.891414 1.030801 -1.089445
0.186445 -0.967524 -1.207953
0.079797 -1.026891 -1.24285
0.00952 -1.04112 -1.25252
-0.069327 -1.054124 -1.261794
-0.149857 -1.059041 -1.268271
-0.338159 -1.022108 -1.260955
0.711793 -0.254924 -1.046195
-0.678977 0.898691 -1.129246
-0.608308 0.935685 -1.111149
-0.545079 0.892076 -1.093712
-0.483863 0.845176 -1.076233
1.711453 1.945495 -1.101347
0.018109 1.785921 -1.055665
-0.050634 1.825394 -1.056763
-0.039086 1.75068 -1.0593
-0.080824 1.708675 -1.062575
-0.095325 1.594334 -1.065758
0.016343 1.624434 -1.060677
0.504268 -1.034685 -1.266782
2.078343 -0.004702 -1.038281
2.011105 -0.04221 -1.045049
2.076686 -0.078814 -1.039783
2.082544 0.107516 -1.038995
1.640265 1.19091 -1.113224
1.709394 1.179254 -1.111789
1.684223 1.245133 -1.114217
1.284024 -0.315842 -1.077037
1.391218 -0.375428 -1.08657
1.213614 -0.294067 -1.071961
1.204846 -0.220849 -1.065893
0.207146 0.094556 -1.010474
0.165593 0.189569 -1.011892
1.777012 1.162576 -1.108495
1.724753 1.118439 -1.108474
1.719498 1.042962 -1.105698
-0.207664 -0.37363 -1.034906
-0.085006 -0.432306 -1.037575
-0.150724 -0.338367 -1.027481
1.272223 -0.11362 -1.064228
1.151051 -0.112812 -1.058542
0.130838 -0.929004 -1.184439
-0.166328 -0.266028 -1.021878
-0.18375 -0.193029 -1.018393
-0.234297 -0.235111 -1.023301
0.534825 0.749778 -1.053659
0.480491 0.80085 -1.053797
1.007313 1.366264 -1.10716
1.083689 1.40029 -1.11073
1.022174 1.442754 -1.108167
1.161223 1.429723 -1.11351
-1.075813 -0.27016 -1.282213
-0.994016 -0.737504 -1.34607
-0.997716 -0.806094 -1.380501
-0.018089 -0.044766 -1.008681
-0.136575 0.011805 -1.010829
-0.075519 -0.093981 -1.010475
0.481485 0.912109 -1.059807
1.35777 1.254436 -1.115174
1.363464 1.142403 -1.111714
1.751262 -0.576909 -1.123666
1.649472 -0.160019 -1.068949
1.3239 -0.885002 -1.24085
0.793459 0.311084 -1.045251
1.973911 -0.440138 -1.079403
1.247095 -0.779542 -1.19051
1.186257 -0.811382 -1.197535
1.198007 -0.874403 -1.229175
1.336378 1.923051 -1.105311
1.262651 1.95285 -1.102053
0.055775 0.498902 -1.022922
0.129698 0.478893 -1.023019
-0.031124 1.894846 -1.052229
0.929328 0.196054 -1.049275
0.937423 0.324728 -1.053887
0.545097 -0.775537 -1.134956
-0.073547 0.651891 -1.031226
-0.003928 0.675003 -1.032288
-0.919905 0.370971 -1.19365
0.481444 1.632034 -1.076949
0.516507 1.736001 -1.075832
2.029362 -0.530737 -1.09126
1.192131 1.797701 -1.108398
1.296425 1.749263 -1.113453
1.854698 2.050092 -1.088446
-0.335564 1.28429 -1.078523
-0.428638 1.210869 -1.088531
-0.928338 -0.720301 -1.300798
-0.88197 -0.777308 -1.301038
-0.145144 1.400117 -1.066993
-0.216683 1.429635 -1.07129
-0.209778 1.351079 -1.069178
-0.982099 0.517838 -1.237257
-0.072767 2.073676 -1.040583
0.05783 2.038452 -1.042523
-0.847209 1.427617 -1.220737
-0.910005 1.409462 -1.255497
-0.866823 1.354741 -1.228145
-0.410663 0.87436 -1.068774
0.393067 -0.314754 -1.03266
0.463752 -0.232383 -1.030458
0.536332 -0.22254 -1.034881
-0.512265 1.70556 -1.105798
0.232799 1.947669 -1.051735
0.179201 1.899781 -1.052768
1.304771 1.111176 -1.109646
1.202833 1.18295 -1.109655
1.409124 1.098713 -1.110679
-0.853519 0.261999 -1.154582
-0.902444 0.302257 -1.179762
-0.907345 0.210146 -1.179197
-0.556139 -0.122808 -1.06166
-0.584429 -0.197551 -1.072366
-0.319837 -0.142422 -1.02614
-0.300519 -0.202517 -1.027604
-0.272324 -0.097016 -1.019473
-0.242595 1.147589 -1.064096
0.081703 1.635075 -1.061944
-0.742499 0.525066 -1.129071
-0.68816 0.491493 -1.106595
0.871073 -0.848572 -1.194802
0.886456 -0.786326 -1.168178
1.84429 0.972342 -1.097151
0.2622 0.957837 -1.052702
0.286711 0.788564 -1.044088
0.602399 0.580231 -1.047701
-0.011958 -0.948568 -1.197107
-0.089602 -0.931935 -1.189721
0.859754 -0.292232 -1.058551
-0.810271 0.084742 -1.132069
0.644618 -0.940507 -1.220463
0.57213 -0.947949 -1.218819
0.614167 -0.989947 -1.248005
-0.335615 1.346103 -1.07942
-0.597992 -0.542049 -1.116542
0.457308 1.160133 -1.070022
0.510555 1.216225 -1.074939
0.626335 1.194233 -1.080995
0.607493 1.263089 -1.082415
0.93811 1.936628 -1.088972
0.968564 1.820762 -1.097275
1.945332 -0.180825 -1.055312
1.667488 1.316682 -1.115589
1.462992 0.021609 -1.063106
1.479578 -0.049396 -1.06347
1.890222 2.112589 -1.081321
1.978273 0.211451 -1.048905
1.895856 0.192627 -1.055038
1.960514 0.072139 -1.048616
1.564669 0.11715 -1.063522
1.497545 0.133385 -1.063775
-0.823784 1.488058 -1.209224
-0.856011 1.543218 -1.229663
1.905544 1.217718 -1.102907
0.358645 1.247749 -1.068235
0.266155 0.076184 -1.012779
0.211352 -0.017688 -1.010125
-0.495689 1.649239 -1.10547
-0.263665 0.703058 -1.044044
0.049198 -0.419595 -1.034875
-0.023141 -0.392447 -1.030868
-1.035307 -0.633081 -1.330986
-0.855965 1.795807 -1.228444
-0.812312 1.835574 -1.203031
0.664483 2.032063 -1.065515
0.749138 2.095516 -1.066482
1.047349 2.080919 -1.083617
-0.585855 -0.274698 -1.077032
-0.669828 -0.359553 -1.106198
-0.371285 0.061705 -1.02544
-0.30766 0.03301 -1.019763
-0.325286 0.171652 -1.023648
-0.196034 0.010358 -1.013171
0.156274 0.292683 -1.014757
-0.4242 0.795139 -1.065595
-0.437528 0.716027 -1.062514
-0.370875 0.748271 -1.056062
0.00068 1.210799 -1.059643
0.286564 1.381423 -1.06915
0.206913 1.37917 -1.066235
0.246107 1.312295 -1.066331
1.330693 -0.087398 -1.063445
1.330544 -0.151843 -1.066075
1.959159 2.11491 -1.07635
-0.61762 0.412489 -1.085146
-0.595525 0.486588 -1.082992
0.339315 0.741425 -1.043428
0.632363 -0.068409 -1.033143
0.568519 -0.077024 -1.029795
0.657087 -0.136188 -1.03675
-0.633504 -0.932234 -1.272704
1.689568 0.118981 -1.06186
1.592562 0.050368 -1.06301
0.344198 1.046911 -1.060118
-0.572074 -0.064814 -1.063104
-0.884863 1.622373 -1.246889
1.898407 0.037916 -1.053759
1.951184 -0.000555 -1.048903
-0.288792 -0.268635 -1.031123
-0.34704 -0.301623 -1.03997
-0.280089 -0.340392 -1.035977
-0.800214 0.991858 -1.179192
0.259068 1.578678 -1.068451
-0.124631 2.023037 -1.046077
-0.185415 1.972317 -1.052485
-0.104153 1.961509 -1.050074
1.742599 1.29897 -1.113824
1.806504 1.271541 -1.110273
-0.63908 0.284545 -1.08236
-0.582308 0.316678 -1.070386
-0.191884 0.460896 -1.026163
-0.180451 0.576157 -1.031848
0.451466 1.76701 -1.07065
0.380152 1.797256 -1.066278
0.308727 1.82895 -1.061084
0.375991 1.873142 -1.062091
0.64496 -1.032444 -1.27703
1.548638 1.120654 -1.111738
0.705898 -0.858617 -1.185343
0.707625 -0.803915 -1.163086
0.48437 1.372509 -1.077514
0.420797 1.380078 -1.074336
-0.763799 0.354034 -1.124884
2.017635 1.467435 -1.099986
-0.70199 0.314172 -1.100056
-0.635637 0.213536 -1.078038
-0.466253 0.273446 -1.044842
-0.384767 0.205981 -1.029495
0.890839 -0.901536 -1.22299
0.820483 -0.889686 -1.213855
-0.060921 -0.165594 -1.013022
-0.036687 -0.237592 -1.01597
0.038001 -0.205788 -1.013396
1.496605 -0.668597 -1.150009
1.593112 -0.623459 -1.137879
1.853246 -0.461438 -1.090881
1.812647 -0.204612 -1.06568
1.811 -0.13062 -1.06296
1.755085 -0.250815 -1.072515
1.826603 -0.277042 -1.069849
1.621773 -0.087857 -1.066109
1.696902 -0.098379 -1.065897
1.084403 1.926971 -1.097312
1.437219 -0.235185 -1.073929
1.490158 -0.119775 -1.06661
0.2112 1.241132 -1.062569
0.285292 1.248575 -1.0654
0.536763 -0.838622 -1.159482
0.414667 -0.886644 -1.177489
-0.815193 1.310154 -1.198463
1.522661 1.983585 -1.101811
1.303129 1.667158 -1.116051
1.240085 1.623212 -1.115335
0.730786 1.921269 -1.077185
0.789236 1.978084 -1.077085
1.846392 -0.342716 -1.075096
-0.450772 0.34279 -1.046103
0.184518 1.163526 -1.060009
-0.949574 -0.545237 -1.254023
0.807701 0.243297 -1.043891
-0.868907 1.276932 -1.225111
2.029626 0.726782 -1.070999
-0.274501 1.309828 -1.071113
0.077171 -0.300923 -1.02078
-0.029077 -0.319433 -1.022323
-0.095843 -0.293866 -1.022242
1.949706 1.462526 -1.104306
1.92489 1.395845 -1.105184
1.17453 1.658756 -1.112953
1.681186 0.374196 -1.071548
1.613768 0.385014 -1.073045
0.590566 1.073814 -1.074073
1.019732 1.850865 -1.098424
0.089814 -0.478122 -1.04349
-0.484892 0.076501 -1.043178
1.748196 2.002353 -1.096406
-0.527546 -0.984366 -1.27265
0.286474 0.466233 -1.025403
0.313675 0.528838 -1.029932
0.101278 -0.239141 -1.015981
1.404963 2.082849 -1.094108
-0.23008 -0.048735 -1.015301
0.166764 1.447681 -1.066908
0.132285 1.373319 -1.064161
0.399144 1.565631 -1.0744
-0.523608 1.591217 -1.11017
-0.417717 1.5547 -1.093251
-0.199054 2.101127 -1.0422
-0.257293 2.08474 -1.047957
0.726263 -0.112255 -1.039554
0.312597 1.18452 -1.06422
1.548084 -0.070751 -1.065649
-0.453964 0.492918 -1.055685
1.530553 1.063857 -1.109722
0.782441 1.249897 -1.092189
-0.416454 -0.196506 -1.041317
-0.324707 1.595154 -1.082013
-0.384576 1.507322 -1.090707
0.147667 0.357854 -1.01734
-0.250152 2.008878 -1.054602
0.480071 0.624949 -1.043165
0.39885 0.698077 -1.043167
0.869967 1.725861 -1.095922
-1.041223 0.341911 -1.260338
-0.977333 0.313538 -1.21876
1.700887 0.573491 -1.079815
1.653556 0.631952 -1.084422
-0.723268 1.545749 -1.17018
-0.679461 1.597339 -1.150423
-0.750445 1.606578 -1.17854
0.859337 0.110116 -1.043233
2.021785 0.605221 -1.064273
0.472365 1.875288 -1.066324
0.421545 0.038318 -1.019111
0.524443 -0.021542 -1.025036
0.490374 0.039407 -1.022664
-0.132833 -0.142758 -1.014114
0.250653 1.784678 -1.061618
1.371808 -0.930817 -1.267967
-0.116985 1.246952 -1.06241
-0.934404 -0.859772 -1.371323
0.338096 0.664136 -1.038546
0.21603 1.672076 -1.064417
-0.395747 -1.000931 -1.256196
-0.330065 -0.91856 -1.200827
-0.384259 -0.912907 -1.205794
1.287418 1.271291 -1.114307
-0.792441 1.066933 -1.182955
0.663886 1.961159 -1.070525
0.686609 1.859524 -1.078629
1.680001 -0.565069 -1.120905
0.326422 1.117732 -1.062354
0.535221 1.882735 -1.068854
0.529541 1.966334 -1.063143
-0.524494 0.515655 -1.066866
0.688886 1.183544 -1.084235
0.758772 1.186977 -1.088683
2.088435 0.278377 -1.043482
1.93986 -0.069771 -1.051102
-0.440277 -0.822247 -1.170932
-0.488688 -0.925511 -1.22975
-0.118777 1.093588 -1.057631
0.255227 1.133356 -1.060204
1.397993 2.019694 -1.099243
-0.572189 1.468157 -1.12443
0.599892 1.996292 -1.064118
0.898029 1.209917 -1.097272
0.722298 -1.025441 -1.278489
0.782888 -0.948666 -1.240095
-0.609096 -0.873914 -1.234753
-0.582267 -0.811864 -1.198729
-0.653641 -0.813956 -1.222264
-0.458128 0.559133 -1.057848
-0.396663 0.533503 -1.048709
-0.442569 0.635367 -1.059042
1.837547 1.497911 -1.110782
1.757807 1.524062 -1.114234
1.605615 -0.015299 -1.062844
-0.705191 0.670464 -1.120692
-0.696138 0.744808 -1.1227
0.10276 1.945435 -1.048637
0.087298 1.878021 -1.052676
0.799288 -0.106104 -1.042843
1.1618 1.737676 -1.109879
0.004723 -0.561476 -1.059171
1.774952 0.29532 -1.064288
1.752605 0.361505 -1.068087
1.858727 1.380163 -1.108918
0.352901 1.5128 -1.072405
0.579549 1.832351 -1.074014
-0.120155 0.703597 -1.036355
0.837523 0.016346 -1.042232
0.785937 0.070151 -1.039611
1.601299 1.986422 -1.101104
-0.138674 2.089395 -1.041713
1.045624 0.845457 -1.087508
1.671396 2.107285 -1.091565
1.047891 0.76562 -1.083099
-0.774961 0.274515 -1.123705
1.436571 1.752464 -1.114869
1.120789 0.719099 -1.083878
1.735898 0.428807 -1.071374
1.78997 0.473616 -1.071852
1.721608 0.497412 -1.075943
1.917838 1.575241 -1.10657
1.441859 1.6762 -1.117239
1.370302 1.71214 -1.115698
-0.935196 0.724894 -1.230621
-0.951341 0.800504 -1.24577
-0.602326 1.581545 -1.129541
-0.034801 1.949158 -1.048381
0.430974 0.5095 -1.033797
0.963157 -0.15814 -1.051607
-0.331101 0.495897 -1.039925
-0.957336 0.16618 -1.201349
-1.056347 0.223721 -1.263456
1.814315 0.19538 -1.059413
1.84217 0.131727 -1.056215
1.956914 0.603196 -1.069202
1.909176 1.655117 -1.105703
1.981688 1.621284 -1.101675
1.426184 1.037715 -1.108129
1.604808 0.514495 -1.079546
1.768489 0.890687 -1.096213
0.580962 0.147385 -1.028565
0.464766 0.186931 -1.022543
-0.263188 1.940851 -1.061648
0.341537 0.042884 -1.015182
1.637312 -0.904612 -1.259177
-0.383216 -1.051197 -1.285948
1.339078 1.325051 -1.116515
0.904925 -0.153227 -1.048488
1.805172 1.445723 -1.112014
-0.686922 0.821112 -1.126203
-0.606133 0.151226 -1.069695
0.903946 -0.245456 -1.05411
-0.563321 -0.930909 -1.251026
0.058382 0.990928 -1.050774
-0.041765 0.924387 -1.047076
-0.720579 0.597742 -1.121831
-0.859075 -1.013544 -1.424854
-0.301314 0.421635 -1.032151
0.745996 -0.897516 -1.211855
0.774979 0.518712 -1.054477
0.084192 -0.550649 -1.055997
1.42912 0.155934 -1.064453
-0.727244 -0.817798 -1.251095
1.647079 1.578725 -1.117067
-0.173711 0.399111 -1.02193
1.635631 0.736476 -1.090248
-0.848685 -0.024361 -1.150325
-0.281457 1.458911 -1.075985
-0.88262 -0.838196 -1.325903
-0.868776 -0.907591 -1.356123
0.831246 1.196769 -1.093213
-0.066547 1.092609 -1.056036
-0.652189 0.007248 -1.080315
-0.220143 1.506809 -1.074009
-0.533175 -0.65561 -1.130208
-0.557803 -0.753935 -1.169526
1.459821 -0.361862 -1.087362
1.373635 -0.446228 -1.095938
1.390005 -0.513934 -1.108444
1.461821 -0.538428 -1.116063
1.408369 -0.586783 -1.123812
0.062329 1.367745 -1.062994
-0.16014 1.561803 -1.068729
-0.507661 0.683249 -1.070237
-0.202565 1.268794 -1.066463
-0.147686 0.639297 -1.0336
-0.220873 0.638555 -1.03714
-0.86965 0.103829 -1.158351
1.427397 -0.654813 -1.145561
1.512328 -0.726571 -1.169923
0.023787 1.045179 -1.053466
2.042433 1.661983 -1.096176
0.324255 1.447817 -1.071686
0.650087 -0.218492 -1.040913
0.029363 1.427612 -1.063462
0.048899 1.496885 -1.063721
2.103809 1.760556 -1.088405
-0.416686 -0.474022 -1.068632
-0.337991 0.24466 -1.026747
-0.46865 -0.251284 -1.052525
-0.259361 0.4719 -1.030503
-0.202602 -0.11677 -1.015745
-0.435012 -0.655517 -1.109259
0.797833 2.045937 -1.07299
-0.50441 2.009046 -1.094529
1.744121 -0.814796 -1.210447
1.77829 -0.880312 -1.244582
-0.519137 1.123608 -1.104601
1.49878 0.900238 -1.10139
1.033364 -0.682337 -1.140261
2.023017 1.840312 -1.091601
1.92005 0.424725 -1.061818
1.033461 0.998295 -1.094843
2.08751 1.07967 -1.084287
0.853191 -0.630134 -1.114751
0.899177 -0.676593 -1.12871
1.217668 0.797845 -1.091341
1.218555 0.897385 -1.096917
-0.251381 1.739591 -1.071184
-0.722458 -0.710912 -1.205405
0.492865 -0.73107 -1.117347
-0.783276 -0.555816 -1.176374
-0.880026 -0.447982 -1.196113
1.211966 0.291171 -1.064287
1.355571 0.46802 -1.076061
1.304718 0.509352 -1.07729
1.534226 1.348281 -1.117941
0.301709 0.197041 -1.01566
-1.060409 0.079161 -1.264213
-0.379265 2.088803 -1.064459
1.94656 -0.837332 -1.21901
1.8831 -0.861544 -1.233293
0.875976 2.112055 -1.072289
0.317747 -0.458389 -1.046534
-0.383749 1.869913 -1.078129
-0.32664 1.833654 -1.07383
2.02978 0.487714 -1.057505
1.95726 -0.685978 -1.14894
-1.009084 -0.098674 -1.235906
-0.995183 1.11445 -1.289621
-0.787829 0.877086 -1.167889
-0.507972 1.376062 -1.108076
0.696791 1.64243 -1.088695
-0.505415 1.940372 -1.096186
1.959296 1.056977 -1.093212
-0.751306 -0.035875 -1.112634
-0.740426 -0.112392 -1.111461
0.75378 -0.394992 -1.06345
-0.148443 0.194551 -1.013855
0.813948 -0.575467 -1.099176
0.784406 -0.527944 -1.085969
0.461399 -0.613959 -1.08315
0.407747 -0.564162 -1.070496
-0.995295 -0.363219 -1.245762
-0.654662 -0.652302 -1.162447
1.49062 1.228053 -1.115304
0.295098 -0.208583 -1.019663
1.528662 0.697558 -1.089329
1.665632 -0.455316 -1.099427
0.686264 -0.60108 -1.095935
0.274211 -0.136166 -1.015515
0.425468 0.329832 -1.024862
0.718785 0.634365 -1.057689
0.781023 0.666275 -1.063234
-0.838934 -0.562572 -1.202406
0.562842 1.632092 -1.081423
1.292158 1.453687 -1.117162
1.234011 0.484345 -1.074009
1.413477 0.419008 -1.074433
-0.00532 0.294682 -1.014259
1.550662 -0.272679 -1.078457
1.192268 0.363453 -1.066497
-0.197457 0.260706 -1.017862
-0.137288 0.276394 -1.015979
1.07936 1.224819 -1.106903
0.620863 0.27235 -1.033709
0.102389 -0.105176 -1.009897
0.092113 -0.034552 -1.007633
-0.993672 0.917091 -1.277267
2.019077 1.908219 -1.08804
-0.451668 -0.028357 -1.039316
-0.831843 0.79611 -1.182562
1.131905 0.11792 -1.05645
1.320284 0.076288 -1.06217
1.770491 0.024809 -1.059735
1.720872 0.003252 -1.061196
1.820606 1.98901 -1.094238
-0.041381 1.611319 -1.063078
2.069405 0.05419 -1.039479
0.582457 0.700897 -1.053521
2.122458 1.515699 -1.09197
-1.050932 -0.475115 -1.297277
-1.003144 -0.437637 -1.261765
-0.082413 -0.017002 -1.009544
0.461503 0.861251 -1.056019
1.37687 1.198803 -1.113733
1.82052 -0.593237 -1.122356
1.773601 -0.530752 -1.110026
0.528037 -0.405147 -1.050086
1.680048 -0.224286 -1.073861
1.602303 -0.214697 -1.074143
1.345918 -0.823826 -1.211522
0.787167 0.380586 -1.048137
1.24733 -0.722997 -1.168167
1.314248 -0.760098 -1.182028
1.281105 1.879945 -1.106817
0.000299 0.531789 -1.024794
0.176557 0.520147 -1.025817
0.114529 0.546989 -1.026188
1.084362 0.073252 -1.053387
-0.87661 0.424403 -1.176246
1.240406 1.774576 -1.110948
-0.345375 1.217899 -1.078107
-0.382953 1.148859 -1.080181
0.392534 -0.384046 -1.040673
-0.287434 1.098936 -1.068019
-0.316629 1.150573 -1.072436
0.922941 -0.845079 -1.196027
2.135922 1.864383 -1.081839
0.767134 -0.224523 -1.046417
0.802023 -0.340849 -1.060086
-0.391303 1.385662 -1.087978
-0.66639 -0.545739 -1.137185
0.972042 1.48185 -1.105564
0.469254 1.091789 -1.067734
0.569947 1.202671 -1.077949
0.563465 1.282315 -1.080436
-0.556525 -0.412653 -1.084983
2.018487 0.096108 -1.044051
0.628636 0.342878 -1.036878
0.209725 0.041308 -1.010016
1.697484 -0.758878 -1.187482
1.628148 -0.689275 -1.157443
-0.827096 -0.676971 -1.235491
-0.568883 -0.345008 -1.079513
-0.369071 0.135398 -1.02641
-0.168177 0.067508 -1.012395
0.171368 0.241937 -1.01355
-0.655306 -0.976346 -1.308028
1.635429 0.09214 -1.063049
0.302119 0.996266 -1.05616
0.368434 0.953158 -1.05656
-0.886538 1.747668 -1.246595
-0.565059 0.371475 -1.069696
1.614146 1.134861 -1.11161
1.573703 1.185495 -1.113694
0.031602 0.135257 -1.009036
0.086344 0.034907 -1.006742
0.210858 -0.320352 -1.025882
0.179862 -0.250966 -1.019112
-0.817438 0.403406 -1.148115
2.044892 1.424918 -1.097655
1.171663 1.058924 -1.10346
1.916797 -0.483704 -1.092447
1.486756 -0.178724 -1.070397
0.526132 -0.899641 -1.1881
0.062999 0.691511 -1.033364
-0.517391 0.312953 -1.056468
0.742673 0.269933 -1.0411
1.794062 -0.664648 -1.148065
-0.431482 0.03306 -1.034941
-0.427172 0.103782 -1.033484
0.826613 -0.748629 -1.151369
0.83284 -0.689252 -1.1291
-0.253847 0.00744 -1.016549
-0.457243 1.60308 -1.099182
0.691998 -0.069111 -1.036275
-0.437441 0.422235 -1.049423
1.594298 1.075198 -1.109587
-0.193204 -0.946261 -1.204514
-0.389519 -0.13668 -1.034319
-0.354291 1.549763 -1.086338
0.096549 0.313308 -1.014946
0.608235 1.338358 -1.083903
0.54797 1.332188 -1.080503
0.450179 0.669612 -1.04425
0.952644 1.723518 -1.100166
-0.753798 -0.225584 -1.122303
0.831696 0.17696 -1.04335
-1.0283 -0.691655 -1.34851
-0.980915 -0.675433 -1.313192
1.748851 -0.746705 -1.181776
0.916305 2.007028 -1.082331
0.603238 1.139876 -1.077534
2.04951 1.590686 -1.096905
-0.02502 0.179252 -1.010643
-0.750122 -0.361764 -1.133683
1.38721 1.962004 -1.1029
1.010392 1.249328 -1.104736
1.591297 0.256424 -1.067478
1.635903 0.3123 -1.068975
-1.000199 -0.505207 -1.273816
0.034819 -0.002649 -1.007661
-0.057345 -0.567671 -1.061801
0.332493 -1.030191 -1.251749
0.993056 -0.98243 -1.275586
0.979271 -0.029383 -1.048898
-0.160676 0.754206 -1.041026
0.567702 0.532443 -1.042908
1.106493 0.877791 -1.091918
1.040376 0.919021 -1.09115
1.489522 1.794458 -1.112988
1.422554 1.823786 -1.111829
1.788085 0.671872 -1.082639
1.822267 0.588718 -1.076752
0.061152 1.984397 -1.045913
1.123053 1.29125 -1.110461
-1.009976 0.19451 -1.233507
-0.549006 1.522954 -1.119057
0.143116 0.421748 -1.02036
0.202636 0.39765 -1.020077
1.897606 0.602033 -1.073004
1.354757 -0.026331 -1.06259
1.416032 -0.032452 -1.064009
0.606295 0.396463 -1.037898
0.680938 0.06336 -1.03351
1.660797 0.523979 -1.078702
0.530343 0.103056 -1.025224
0.462853 0.109305 -1.021343
0.707462 1.365589 -1.090307
0.846822 -0.131452 -1.045669
0.889423 -0.089327 -1.045634
0.907301 -0.016224 -1.045699
0.639268 1.816765 -1.078263
-1.045348 0.281289 -1.259617
2.012606 0.284144 -1.049258
-0.503483 1.181926 -1.103693
-0.270021 1.870783 -1.066067
0.645437 0.116766 -1.031798
1.389025 1.389004 -1.11812
1.856231 0.070193 -1.056023
1.489932 1.020683 -1.107692
0.779552 0.448417 -1.050979
0.72072 0.485216 -1.049453
1.676233 0.191393 -1.063833
-0.753656 1.493077 -1.179246
0.921339 0.982243 -1.088573
0.40905 0.217405 -1.020417
-0.337165 1.483126 -1.083674
-0.815351 -0.959092 -1.361144
-0.757235 -0.945886 -1.32653
1.855261 0.529258 -1.071047
-0.136415 0.980155 -1.052985
0.457565 0.568572 -1.038611
-0.034856 1.160719 -1.059132
-0.007279 1.095621 -1.055984
0.062376 1.566007 -1.063179
-0.35178 0.314753 -1.029929
-0.2873 0.283692 -1.023751
1.114846 1.099089 -1.103105
-0.396907 -0.339564 -1.04959
2.040272 1.726043 -1.094695
-0.488818 2.080729 -1.090343
-0.392021 2.015699 -1.071375
-0.777766 -0.289149 -1.136267
0.841814 -0.520425 -1.087805
0.824557 -0.402694 -1.069244
0.298983 -0.992562 -1.226385
-0.537822 1.048208 -1.104016
-0.472756 1.069091 -1.092088
0.503146 -0.178011 -1.029518
0.402044 -0.190498 -1.023171
1.970141 1.802418 -1.096634
0.654016 1.754906 -1.082797
0.740878 1.687303 -1.09026
1.85894 0.450896 -1.066861
1.869736 0.390156 -1.063355
1.973016 0.392875 -1.057015
0.976941 0.954548 -1.090076
1.098263 0.95693 -1.095666
1.104391 1.029483 -1.099602
0.994347 1.05729 -1.096044
0.877532 -0.726872 -1.143586
0.867692 -0.579001 -1.102764
1.253946 0.854041 -1.095634
1.161203 0.921141 -1.096356
0.16175 -0.368534 -1.029282
0.269718 -0.367119 -1.032245
-0.320859 1.650507 -1.081401
-0.710745 -0.660216 -1.181175
-0.754221 -0.756217 -1.234976
-0.664851 -0.702399 -1.181008
0.362685 -0.505187 -1.05518
-0.726389 -0.549924 -1.155973
-0.70713 -0.48479 -1.135325
1.529785 0.267466 -1.06845
1.548389 0.193272 -1.065292
0.271522 -0.060392 -1.013264
0.345624 -0.158265 -1.018842
1.370826 -0.705226 -1.160681
0.994473 1.586787 -1.105986
1.270044 0.246717 -1.065186
1.316302 0.340395 -1.069524
1.331848 0.406956 -1.072694
1.519974 1.417494 -1.119055
1.543712 1.281578 -1.116654
-1.059013 0.005444 -1.264267
0.352595 0.23114 -1.018243
-1.062136 0.157048 -1.265066
-1.011986 0.122096 -1.23263
1.932217 -0.772169 -1.186391
1.8775 -0.804957 -1.205065
0.816558 2.104849 -1.069858
0.866239 2.061172 -1.075622
0.322533 -0.405771 -1.039542
0.379462 -0.44974 -1.048083
-0.389109 1.943208 -1.073072
-0.435774 1.84966 -1.086348
0.873627 1.651569 -1.09853
0.538518 2.090743 -1.054225
-0.727577 1.372743 -1.167542
2.091306 0.476124 -1.052359
1.98955 -0.637111 -1.12604
1.924689 -0.644906 -1.133517
1.864962 -0.74145 -1.176206
-0.925918 1.180791 -1.253369
-0.793229 0.829194 -1.166329
-0.686627 1.491705 -1.154551
-0.44875 1.420909 -1.096715
-0.562251 1.343432 -1.118859
-0.453458 1.279613 -1.09571
0.913393 -0.545089 -1.097269
-0.691502 -0.054048 -1.093428
-0.206401 -0.443342 -1.044513
0.720192 -0.326634 -1.052592
0.65503 -0.35073 -1.050908
-0.084079 0.22551 -1.012632
-0.219179 0.198572 -1.01655
-0.191747 0.131835 -1.013736
0.43328 -0.496558 -1.057103
0.522199 -0.596265 -1.080921
0.729533 0.75863 -1.065399
-0.944405 -0.40578 -1.222269
1.374189 0.36436 -1.071057
1.507256 -0.417144 -1.094988
1.645319 -0.392129 -1.09108
1.579669 -0.375652 -1.089503
-0.34899 1.091903 -1.074741
-0.690746 -0.605973 -1.158609
1.543825 1.226965 -1.115203
1.510146 1.169169 -1.113698
0.253803 -0.265678 -1.022293
0.353196 -0.217966 -1.022633
0.227805 -0.20031 -1.016415
0.412848 0.906878 -1.055729
0.408914 0.838172 -1.051876
1.475744 0.66105 -1.08714
1.551873 0.63168 -1.085588
1.634775 -0.508792 -1.108967
0.541686 -0.484779 -1.061727
1.768567 1.944661 -1.099251
0.210169 -0.145556 -1.013358
1.386276 -0.766253 -1.18641
0.862913 1.953756 -1.08327
0.716221 0.703499 -1.061512
0.46276 0.390267 -1.029437
0.533654 0.393882 -1.033568
0.508865 0.238504 -1.025766
0.645742 0.710647 -1.057753
0.718134 0.561835 -1.053478
-0.802357 -0.618134 -1.202912
0.609821 1.70284 -1.082248
1.350055 1.436449 -1.118111
0.015513 0.39051 -1.017731
0.044894 0.266502 -1.012911
1.522801 -0.223488 -1.074038
1.58471 -0.315202 -1.082467
-0.23676 0.315171 -1.021374
2.115433 0.5495 -1.054363
2.087294 0.60884 -1.059726
0.998076 1.123652 -1.099321
0.680159 0.308007 -1.038703
0.556376 0.275707 -1.029973
0.569974 0.216415 -1.028597
-0.060287 0.531152 -1.024882
1.280531 2.028928 -1.097027
0.153913 -0.056296 -1.009185
0.160737 -0.12673 -1.011252
0.224561 0.28125 -1.015907
0.232814 0.221815 -1.014346
-0.219457 0.871772 -1.051516
0.103385 1.159236 -1.0583
-0.93067 0.942721 -1.244283
2.073805 0.961874 -1.080209
0.1086 0.627569 -1.030268
1.963578 1.941253 -1.089491
0.26777 0.569559 -1.030709
-0.455693 -0.139282 -1.043378
-0.373988 -0.016245 -1.026613
-0.481547 0.0177 -1.04287
-0.520479 -0.020365 -1.050775
-0.924393 1.009893 -1.244035
1.26486 0.040419 -1.061198
1.318187 0.139011 -1.063102
1.387146 0.04064 -1.062749
1.378232 0.111482 -1.06315
1.662158 0.02879 -1.062709
1.829166 0.007106 -1.057882
0.928 1.090518 -1.094295
-0.026044 1.681668 -1.061254
-0.14588 1.636839 -1.067501
2.095019 0.173187 -1.03883
0.09622 0.164618 -1.009657
0.146964 0.068479 -1.008072
1.264404 -0.180321 -1.066149
1.212258 -0.077397 -1.060324
0.676207 0.765379 -1.062672
0.55097 0.804294 -1.057808
0.511762 0.685732 -1.048642
1.080064 1.343255 -1.110124
-1.055776 -0.396693 -1.288058
-0.028903 0.034216 -1.008085
-0.151813 -0.058979 -1.011196
1.436659 1.165264 -1.113371
1.893012 -0.597263 -1.116785
0.507291 -0.342756 -1.042018
0.445818 -0.427736 -1.049303
1.639036 -0.329281 -1.083509
0.83971 0.419908 -1.05321
0.733305 0.34219 -1.04298
0.84767 0.357523 -1.05075
1.353125 1.855348 -1.109613
1.297477 1.820239 -1.110361
1.231799 1.842176 -1.107683
0.040644 0.631261 -1.030085
0.046935 0.573368 -1.02702
-0.023904 0.596377 -1.02833
0.962264 0.047709 -1.048022
1.030761 0.022454 -1.050146
-0.934576 0.42549 -1.205317
-0.868304 0.364929 -1.167197
1.966384 -0.579104 -1.106231
1.217074 1.380268 -1.114917
-0.446899 1.135771 -1.090182
-0.287926 1.194975 -1.07022
-0.280491 1.247668 -1.070719
-0.394836 1.268346 -1.086116
-0.934573 -0.658095 -1.278625
-0.85722 -0.731157 -1.270077
0.335432 -0.34115 -1.031816
0.453185 -0.292477 -1.034179
-0.95341 0.244503 -1.202604
-0.345964 -0.08391 -1.02555
-0.357043 -0.179505 -1.032304
-0.727533 0.451644 -1.118775
1.266191 -0.886425 -1.23983
0.824177 -0.816242 -1.177825
-0.082367 -0.987366 -1.220651
-0.389846 1.450364 -1.089392
-0.336222 1.415505 -1.081133
-0.642837 -0.482826 -1.115537
0.41903 1.035721 -1.062374
0.950601 1.87937 -1.093034
-0.621976 -0.420524 -1.100772
2.026104 0.160123 -1.044257
1.929643 0.26446 -1.054183
-0.778836 1.433731 -1.185679
-0.444048 1.672631 -1.096439
-0.203728 0.992391 -1.05554
-0.182384 0.926898 -1.051511
-0.24401 0.817272 -1.049781
-0.301026 0.776073 -1.051171
-0.192552 0.699102 -1.039149
-0.973516 -0.611861 -1.2846
-1.010067 -0.5619 -1.292317
1.73445 -0.699465 -1.163818
0.648419 2.096941 -1.060091
-0.641456 -0.309307 -1.093802
-0.31193 0.09869 -1.021141
-0.240834 0.070841 -1.01582
0.028922 1.156433 -1.058532
1.276186 -0.040938 -1.061281
-0.698002 -0.934363 -1.298066
-0.699591 -1.004979 -1.343222
-0.912042 1.688672 -1.261906
-0.829502 1.722268 -1.214122
1.885739 -0.029548 -1.054533
-0.632389 0.346449 -1.084576
-0.575165 0.259762 -1.064963
0.036868 0.200726 -1.010746
0.137092 -0.302912 -1.02263
-0.512768 0.232482 -1.05123
1.763556 -0.094227 -1.063428
1.871416 -0.161169 -1.060899
1.87309 -0.09276 -1.057944
1.411606 -0.159362 -1.06807
0.47015 -0.85415 -1.16448
1.471815 1.862386 -1.109902
1.448686 1.976504 -1.10197
-0.50082 0.392903 -1.058154
-0.947259 -0.474919 -1.236792
0.879595 0.231471 -1.047749
0.758906 0.200941 -1.039814
1.990479 1.407362 -1.101236
1.572543 0.325159 -1.070232
0.763555 -0.703742 -1.13401
0.330747 0.592728 -1.034181
1.343473 2.054407 -1.09611
-0.563483 0.187836 -1.059941
-0.549744 0.111223 -1.056489
-0.298191 -0.035402 -1.019241
-0.483924 1.53575 -1.10348
-0.439507 1.491851 -1.097166
-0.386546 1.619194 -1.088257
0.672104 -0.001288 -1.032841
0.737492 -0.025365 -1.037026
-0.391555 0.361442 -1.037266
1.563354 1.014531 -1.10753
-0.139476 -0.958576 -1.207527
0.77273 1.360253 -1.094143
0.73331 1.303119 -1.090537
0.718856 1.23826 -1.088111
0.085122 0.381029 -1.017602
-0.328782 1.977223 -1.064045
0.978521 1.656561 -1.10367
0.886906 0.156904 -1.045997
0.775036 0.136999 -1.039005
0.555822 0.041538 -1.026087
0.268145 1.713506 -1.064955
1.16405 1.234517 -1.109987
1.208925 1.300946 -1.113143
1.756686 -0.629421 -1.137834
-0.689469 -0.421093 -1.118822
0.583573 1.767587 -1.078181
0.517705 1.809186 -1.072557
-0.509913 1.459479 -1.109959
-0.616113 1.506909 -1.135791
-0.497561 1.234333 -1.104002
1.647997 0.239322 -1.066149
1.603958 0.182582 -1.064609
-0.079659 -0.482118 -1.045229
-0.03431 -0.510402 -1.04962
0.615123 1.872006 -1.073399
-0.09883 0.758142 -1.038671
0.778698 0.013686 -1.039271
0.894889 0.069846 -1.045043
0.720348 0.102229 -1.036031
1.56996 1.924064 -1.105737
0.508566 0.519311 -1.038687
0.528708 0.580301 -1.043379
1.864509 0.665406 -1.07874
1.659041 0.451415 -1.075732
1.805769 0.41109 -1.067781
1.364771 1.786495 -1.113361
-0.941102 0.873249 -1.245678
0.487002 0.455256 -1.033762
0.199593 0.457428 -1.023031
1.476285 1.096433 -1.111234
0.623248 0.050076 -1.029979
0.42221 0.156748 -1.019831
0.586055 0.089112 -1.028309
-0.210683 1.901524 -1.06007
1.276129 1.344324 -1.115785
0.938171 -0.090218 -1.04737
0.84596 -0.060246 -1.043061
-0.862591 -0.968033 -1.396662
-0.805392 -1.016332 -1.398784
-0.366897 0.428968 -1.039548
1.733448 0.174759 -1.062293
1.723159 0.247929 -1.065323
1.575819 0.738441 -1.091374
-0.113095 0.922931 -1.049332
-0.094518 1.029069 -1.054348
0.118436 1.511813 -1.064794
-0.104376 0.583257 -1.028347
0.062554 1.100878 -1.056006
-0.405897 -0.272277 -1.045321
-0.453554 -0.326747 -1.056183
0.844765 2.00982 -1.078344
1.064325 -0.750193 -1.164893
-0.644113 1.260448 -1.139609
0.242446 -0.557287 -1.059486
0.198808 0.871097 -1.046246
0.897889 -0.47048 -1.084704
-0.367255 -0.635469 -1.094914
1.018477 0.287326 -1.05644
-0.954107 0.015568 -1.198732
-0.824546 0.669282 -1.168598
1.302004 0.61586 -1.082854
1.993186 -0.789288 -1.192628
0.393971 -1.059425 -1.273949
-0.20419 -0.786945 -1.130662
-0.854637 -0.195179 -1.158867
-0.709944 -0.182068 -1.104822
-0.489011 1.873601 -1.095453
0.257565 -0.814169 -1.137403
1.389164 0.735998 -1.091282
1.057011 0.2251 -1.055939
1.4609 -0.785574 -1.192452
1.050522 0.462515 -1.06591
1.114509 -0.525249 -1.105516
1.997766 0.959266 -1.086204
0.051423 -1.070033 -1.270262
1.353069 -0.323302 -1.079291
1.639708 1.025805 -1.107084
1.965496 -0.38284 -1.072314
1.788326 1.016204 -1.101887
1.965184 -0.240297 -1.058055
1.509093 0.06693 -1.062972
2.009647 2.124763 -1.071797
-0.135985 0.511966 -1.026095
0.653138 -0.839635 -1.171778
1.538315 -0.628073 -1.138219
0.139103 1.001609 -1.051761
-0.763963 1.86188 -1.176767
0.4489 1.577719 -1.076936
0.595272 -0.814825 -1.155729
-0.571013 -0.478893 -1.098179
-0.259303 -0.93012 -1.200239
1.716689 0.648217 -1.083955
0.843694 1.789635 -1.091661
1.836782 1.211378 -1.1071
0.240254 1.863983 -1.057081
0.659772 1.90808 -1.073891
1.655153 -0.62106 -1.136706
0.720721 1.119345 -1.08375
-0.766898 1.167402 -1.178705
1.823751 0.344319 -1.064167
1.889348 1.333483 -1.10667
-0.751236 0.202014 -1.112219
1.194458 0.733176 -1.086945
1.763899 0.602746 -1.080134
0.078434 1.813821 -1.055878
0.027029 0.927734 -1.046793
0.163302 -0.557259 -1.0581
-0.757145 -0.87942 -1.288143
0.504047 0.96638 -1.064091
-0.590719 -0.004963 -1.065958
1.716624 1.601635 -1.115147
-0.835239 -0.800047 -1.287093
-0.224126 1.568948 -1.073707
-0.175901 1.194847 -1.063803
1.5402 -0.563042 -1.120446
0.136374 1.575917 -1.064364
-0.84477 -0.2647 -1.159777
0.552098 2.032075 -1.05941
1.636163 2.046172 -1.09655
-0.171572 -0.848293 -1.152304
1.734785 0.715365 -1.087469
0.253632 -0.939914 -1.19695
1.128615 -0.722746 -1.160952
1.126122 -0.654278 -1.138224
-0.57326 1.230342 -1.119403
1.491853 0.402548 -1.074503
0.278674 -0.60931 -1.070341
0.17824 0.818388 -1.042444
0.183746 0.939885 -1.049785
0.097745 0.929914 -1.047199
0.957551 -0.424578 -1.080552
0.888771 -0.409281 -1.074938
0.124801 -0.62163 -1.069493
0.250209 -0.762021 -1.117085
1.228186 0.67967 -1.084882
1.306896 1.035493 -1.106572
1.547831 1.780085 -1.113302
1.262945 0.318114 -1.067116
1.519491 1.520763 -1.119261
1.020004 0.409406 -1.061702
0.212978 -1.059109 -1.265086
-1.008395 0.044381 -1.231009
1.103007 -0.919504 -1.247524
-1.047592 0.416553 -1.269618
-0.041324 -0.855992 -1.148027
0.412841 2.087688 -1.048592
1.93413 0.825239 -1.083648
-0.875863 0.623717 -1.190591
-0.911933 1.241717 -1.248315
-0.593013 1.853283 -1.119673
-0.492536 1.004765 -1.090794
1.873761 1.810474 -1.101928
-0.328739 -0.514779 -1.064206
-0.607661 1.926065 -1.121302
0.367844 -0.755045 -1.121118
0.646078 -0.715591 -1.124547
1.415278 0.687567 -1.088553
1.333782 0.269679 -1.066917
0.356171 0.877423 -1.052029
1.671423 -0.814455 -1.20946
1.722192 1.675788 -1.113501
1.774698 1.718235 -1.110158
0.564153 1.561051 -1.082971
0.530383 1.513088 -1.081074
1.235758 -0.583845 -1.123839
1.883976 0.774493 -1.084264
-0.069738 0.470226 -1.022404
1.504138 1.579782 -1.119128
0.044984 -0.076205 -1.008328
-0.051825 1.516217 -1.064419
2.103084 1.349771 -1.091994
2.103856 1.288669 -1.090613
1.998424 1.299818 -1.098708
2.013628 1.978237 -1.083415
-0.246279 -0.996701 -1.235316
-0.083717 1.65407 -1.064356
1.319615 -0.266468 -1.073279
0.159066 0.129598 -1.010058
-0.144356 -0.409525 -1.036416
-0.219456 -0.302638 -1.026656
1.926055 -0.543018 -1.102779
1.984261 -0.332462 -1.064992
1.126415 -0.78584 -1.182777
0.939901 0.262897 -1.051481
0.596153 -0.748073 -1.13039
0.514983 1.673633 -1.077713
0.555402 1.702983 -1.079223
0.98379 -0.561753 -1.105899
0.057622 2.095759 -1.038909
-0.529502 1.826008 -1.106738
-0.612176 -0.122106 -1.074182
1.840682 1.055569 -1.101118
0.225069 1.013734 -1.054569
0.226306 0.769759 -1.040899
0.615851 0.646672 -1.052316
0.397959 1.105051 -1.064318
-0.185232 -1.012108 -1.240795
-0.225349 -1.053821 -1.270679
-0.38849 0.684294 -1.054431
-0.047965 1.229156 -1.060497
0.601807 -0.125226 -1.033304
1.863819 1.277301 -1.107382
0.943619 -0.897047 -1.223219
1.245417 1.07876 -1.106571
-0.808868 1.237418 -1.197294
1.914931 -0.349358 -1.072637
1.3829 -0.269334 -1.074666
1.998114 0.779735 -1.076724
1.945681 0.759337 -1.079322
0.030789 -0.345134 -1.025094
1.856293 -0.666517 -1.145774
1.221718 2.00776 -1.09683
-0.803307 -0.230981 -1.139983
0.944267 0.126302 -1.048235
0.825212 1.845645 -1.087657
0.772391 1.793708 -1.087165
1.838531 1.130722 -1.104485
1.897538 1.15499 -1.101432
0.190956 1.813258 -1.058325
1.236144 1.227179 -1.111861
1.699628 -0.289897 -1.077887
0.708412 -0.74543 -1.141849
0.654369 1.087717 -1.078456
1.926139 -0.124996 -1.054487
0.20779 1.089876 -1.057889
0.358618 -0.878018 -1.170445
-0.542685 -0.872678 -1.213422
1.160824 1.858315 -1.104519
-0.834012 1.167285 -1.205088
0.422352 1.509389 -1.075314
1.108183 0.802312 -1.088
0.999208 -0.221568 -1.057071
1.902543 0.110969 -1.053286
0.672377 0.381624 -1.041222
1.681229 1.401627 -1.11638
0.731495 0.040542 -1.036499
-0.783392 1.665494 -1.191844
1.768623 0.538391 -1.07635
1.496472 1.921126 -1.106149
-0.007036 0.983377 -1.050276
-0.70619 1.774891 -1.160409
1.142015 1.919486 -1.100246
-0.022582 -0.45409 -1.03984
-0.230936 0.396279 -1.024542
-0.067075 0.975482 -1.050797
0.772213 1.071289 -1.084785
-0.609943 0.0778 -1.07032
-0.760936 0.031813 -1.114529
1.783956 0.240948 -1.062244
-0.98265 0.38732 -1.227328
1.935167 0.536383 -1.066359
0.034434 -0.984671 -1.217223
-0.059515 1.562212 -1.064523
-0.528641 -0.227037 -1.061456
-0.910612 0.070079 -1.177087
2.096297 1.631702 -1.092371
0.597703 -0.1869 -1.036034
2.092565 1.819808 -1.087524
-0.507832 -0.162791 -1.053162
1.402195 0.849604 -1.098098
-0.290597 -0.545278 -1.066822
0.594046 -0.011582 -1.029137
-0.659887 1.885578 -1.138495
1.537125 0.84873 -1.09827
1.476406 0.838207 -1.097564
-0.59406 2.072353 -1.113666
0.720452 1.742265 -1.086842
0.518814 -0.664952 -1.098871
1.470796 1.369516 -1.118384
1.119476 0.361908 -1.063909
-0.912574 0.583676 -1.206879
1.963619 1.112059 -1.0951
2.097197 1.225248 -1.089285
-1.065889 -0.123695 -1.270013
0.626965 -0.58127 -1.085019
0.560381 -0.553355 -1.075111
1.364565 0.59792 -1.082862
-0.03357 0.345159 -1.016358
1.261294 0.38865 -1.069908
0.766975 1.009406 -1.081384
1.624756 -0.269439 -1.078683
1.975812 -0.506119 -1.091629
0.456146 -0.166882 -1.025429
-0.739378 0.086995 -1.107955
0.651102 0.830541 -1.064995
0.090116 0.101907 -1.008216
2.083628 1.467649 -1.095143
-0.449795 0.217556 -1.039754
1.873368 -0.53399 -1.10318
0.16471 1.05888 -1.055316
-0.256441 -0.404423 -1.042639
0.160273 1.710374 -1.061128
0.656696 1.139585 -1.080617
0.104352 1.695411 -1.060571
0.954937 1.231189 -1.101096
1.310036 -0.940343 -1.270898
-0.119918 0.806196 -1.042345
1.782679 1.090168 -1.104965
0.727768 0.414528 -1.046199
-0.907635 0.139192 -1.176497
-0.859275 0.043126 -1.153913
0.395489 -0.255049 -1.027902
0.095528 1.047962 -1.053383
-0.434887 -0.404171 -1.061403
-0.278105 0.215707 -1.021036
0.586997 -0.261509 -1.04005
1.512789 0.774701 -1.093726
-0.302917 1.699749 -1.077737
2.032158 -0.588439 -1.10185
-0.871021 0.547626 -1.183279
1.899163 1.093286 -1.099072
0.719746 -0.645209 -1.109933
0.785409 -0.636256 -1.11276
0.650649 -0.648206 -1.104395
1.576643 -0.512572 -1.110557
0.780243 0.728202 -1.06667
1.439088 0.350287 -1.071172
1.486295 -0.295512 -1.079035
1.527422 -0.342904 -1.084926
1.164081 2.032038 -1.093305
0.297696 0.260325 -1.017261
0.158601 0.761811 -1.038446
0.171163 0.590241 -1.029455
1.289143 -0.829326 -1.210903
1.149087 1.35705 -1.112507
-0.645264 -0.173664 -1.08461
1.101628 2.051251 -1.089303
1.05117 1.966561 -1.093143
1.114422 1.982581 -1.09491
1.183409 1.965592 -1.098697
1.914932 -0.710008 -1.16084
0.142741 -0.495642 -1.046549
-0.418699 0.162331 -1.0323
0.768724 -0.773944 -1.159933
0.358764 0.488983 -1.029015
1.353612 2.112603 -1.091197
-0.48864 0.154088 -1.045001
-0.420028 -0.947179 -1.229647
1.708135 -0.619175 -1.135751
2.063216 1.521954 -1.096818
0.9443 1.164918 -1.098082
-0.399564 0.5868 -1.051324
-0.331305 0.571324 -1.043081
1.577863 -0.876645 -1.239741
-0.252309 0.581136 -1.036118
-0.386735 -0.525431 -1.073314
-0.346285 -0.35958 -1.044557
1.781638 0.739972 -1.087024
2.096314 -0.215887 -1.045337
0.443673 -0.683836 -1.100166
1.601244 1.802093 -1.111746
0.904476 0.450889 -1.058021
0.064513 0.868602 -1.043355
-0.329221 -0.742189 -1.124557
0.842567 0.703534 -1.068913
0.795209 1.488852 -1.09631
2.123494 2.001945 -1.073807
1.047805 -0.11111 -1.053165
1.088539 -0.147172 -1.056508
1.254855 0.109042 -1.061796
-0.027016 -1.006562 -1.231357
-0.522011 1.763916 -1.106684
0.786143 -0.275474 -1.0515
0.494876 1.023902 -1.066249
1.815313 1.329364 -1.11042
0.436958 1.241514 -1.07186
-0.001934 -0.173707 -1.0121
0.920076 1.675999 -1.100064
0.969945 1.297714 -1.104104
0.74493 -0.980791 -1.253788
1.529675 0.503077 -1.079151
0.383896 -0.028114 -1.017529
0.253015 1.188937 -1.062083
1.804692 -0.401256 -1.084703
0.93019 -0.311901 -1.062761
-0.513149 -0.805796 -1.178446
1.570668 0.9062 -1.101757
1.658691 1.64711 -1.116218
1.597867 1.687168 -1.116101
0.337907 -0.086407 -1.016616
0.328222 -0.027095 -1.014799
1.286872 -0.618263 -1.132264
1.783746 -0.4652 -1.094905
0.808112 1.675616 -1.094471
0.711243 1.544678 -1.091408
0.085192 0.758838 -1.037179
-0.984423 0.453672 -1.233298
1.97141 1.751271 -1.099001
-0.948695 -0.066002 -1.199297
0.640821 1.020366 -1.074662
1.282967 0.677356 -1.086002
-0.935734 -0.277581 -1.200893
1.123361 0.251204 -1.059625
1.542757 1.8509 -1.110187
0.58909 0.844953 -1.062333
2.085411 -0.498049 -1.079989
0.649047 1.538686 -1.087818
1.317095 1.39411 -1.117058
1.173175 -0.481759 -1.098904
2.107572 1.013206 -1.079815
1.258949 -0.251202 -1.069917
2.113643 1.57452 -1.091802
1.824181 -0.519002 -1.102373
1.183861 -0.690872 -1.153005
0.589231 -0.683969 -1.109896
0.551583 -0.99595 -1.246322
1.026657 1.514786 -1.108012
-0.154779 0.86495 -1.047299
-0.78525 0.466352 -1.141308
-0.84302 0.476863 -1.16377
1.821213 -0.060534 -1.059639
1.889895 -0.234305 -1.063099
1.437473 -0.098293 -1.06471
-0.899339 0.484413 -1.192565
-0.788933 1.546791 -1.194793
-0.270095 1.607916 -1.077259
-0.169648 1.1231 -1.060424
0.787217 -0.164239 -1.04418
-0.099113 -0.530182 -1.055115
-0.780444 0.152149 -1.1226
-0.661312 1.541344 -1.146086
1.864709 -0.392389 -1.079708
0.849636 1.26339 -1.096523
0.822952 1.03486 -1.085932
0.716632 -0.938935 -1.229893
0.064496 -0.936495 -1.189062
0.390691 1.450185 -1.073942
0.350369 -0.605124 -1.075764
-0.770111 -0.495114 -1.158738
-0.708045 1.302077 -1.160025
-0.671283 1.388867 -1.149303
1.460247 0.727183 -1.090906
1.098123 2.107088 -1.084035
0.575028 0.331969 -1.033367
-0.450413 1.738891 -1.094283
-0.610304 -0.370842 -1.092403
-0.852964 1.670447 -1.228094
0.458245 -0.985998 -1.231663
1.415924 1.906528 -1.10641
-0.88843 0.765395 -1.207915
0.616163 0.501766 -1.043993
0.183663 -0.438959 -1.038972
0.254576 -0.437525 -1.040962
0.157368 -1.019637 -1.239205
1.983608 -0.734805 -1.167853
2.09523 1.153919 -1.086625
-0.695652 0.18845 -1.092893
0.889714 1.413227 -1.101413
1.643654 1.465201 -1.117646
1.67095 1.142592 -1.111254
-0.819424 0.213309 -1.138044
-0.65527 0.45498 -1.0959
-0.390079 1.320734 -1.086335
1.955845 0.330209 -1.055387
-0.331275 0.701332 -1.049764
0.030359 0.070055 -1.00756
2.107865 1.691781 -1.090131
-0.493299 0.453194 -1.060989
-0.146717 -0.905458 -1.179708
-0.431246 -0.88392 -1.197995
-0.597131 1.298802 -1.12533
1.585854 0.454679 -1.076657
-0.143352 1.905956 -1.055629
-0.808675 -0.912636 -1.323492
-0.379525 -0.409855 -1.053926
1.88935 0.325445 -1.059574
-0.234537 -0.831422 -1.150309
1.014353 -0.791152 -1.177961
1.057552 -0.567839 -1.112616
0.11293 -1.075242 -1.273076
-0.715188 0.141545 -1.09989
0.110813 -0.98286 -1.216237
1.435019 -0.413976 -1.0938
0.463903 0.731082 -1.048786
0.202411 1.746414 -1.061365
1.545389 1.639583 -1.117699
0.130932 2.073986 -1.040943
2.019591 1.070564 -1.089337
1.910986 1.508273 -1.106931
1.492112 1.64451 -1.117882
1.318826 -0.490663 -1.102484
0.016083 -0.889253 -1.162495
-0.812734 0.535444 -1.154714
1.335024 0.929549 -1.101576
-0.639283 1.192567 -1.137674
-0.121701 1.838398 -1.058367
0.107458 0.817963 -1.040614
1.015276 -0.386328 -1.077571
-0.920704 -0.178824 -1.187855
0.711727 -0.449648 -1.06738
0.334156 1.675887 -1.068658
0.25463 0.900788 -1.04963
0.607507 0.77523 -1.059358
0.433147 1.323193 -1.074369
0.381598 0.554055 -1.033665
-0.485612 -0.859958 -1.194811
1.436317 -0.919505 -1.261942
-0.184602 0.334972 -1.019991
-0.785968 -0.810769 -1.269751
-0.159075 1.04989 -1.057132
0.289062 1.516301 -1.070292
-0.448522 -0.716771 -1.129634
1.455361 1.441079 -1.119071
0.924693 1.611877 -1.102076
2.035702 0.429233 -1.054328
0.865665 1.339863 -1.09888
2.11867 2.077693 -1.0681
1.380921 -0.096474 -1.064063
2.051724 0.22562 -1.043701
0.678587 -0.895603 -1.201067
-0.987284 1.045448 -1.281319
0.280728 -0.314109 -1.026981
1.489631 0.599549 -1.083844
1.426353 0.49435 -1.078463
-0.500123 -0.087695 -1.048644
1.00526 -0.61839 -1.119957
0.699528 2.078912 -1.064512
-0.102927 0.057923 -1.009961
1.360934 -0.214139 -1.07022
0.510304 -0.966151 -1.224174
2.107785 0.224913 -1.039692
-0.753368 -0.431229 -1.14269
-0.276343 0.531362 -1.035714
0.070761 0.435399 -1.019918
1.565804 -0.926088 -1.268175
-0.080348 0.863176 -1.044788
-0.7954 1.12517 -1.187763
1.516871 -0.492667 -1.106587
0.441085 2.041467 -1.053473
0.3233 -0.788078 -1.131784
0.009856 1.993524 -1.044918
-0.903545 -0.006765 -1.175317
1.730271 1.851941 -1.106026
1.272044 -0.441926 -1.093035
1.086627 -0.288282 -1.065987
0.989867 1.974721 -1.088996
0.362511 1.376896 -1.071669
1.260555 1.509032 -1.117021
0.195789 -0.908002 -1.174885
-0.8887 -0.516245 -1.213709
0.015734 1.262631 -1.060353
-0.887653 -0.66576 -1.258707
0.532243 1.060637 -1.070024
1.673521 1.989724 -1.099376
-0.4057 0.287414 -1.034716
-0.229325 0.758712 -1.044832
-0.967982 1.164421 -1.277146
0.323301 0.926574 -1.05343
1.002874 1.770684 -1.10139
0.664247 0.61057 -1.053075
1.204736 0.077063 -1.059214
-0.135532 1.698429 -1.065106
1.439784 -0.719178 -1.165699
0.165109 1.95696 -1.048802
-0.192037 0.812801 -1.045742
-0.759854 0.410167 -1.127806
0.103451 -0.174939 -1.012358
0.987101 2.039685 -1.08375
1.64088 1.938022 -1.103389
0.560985 0.46343 -1.038576
0.03176 1.930835 -1.048911
1.648689 -0.860131 -1.234539
1.844011 1.932755 -1.096626
-0.361795 -0.967828 -1.231982
-0.811954 -0.45518 -1.166789
-0.295893 0.636598 -1.043103
-0.556197 1.969406 -1.105529
1.188018 1.121784 -1.106683
0.653547 0.449043 -1.043566
-0.174288 -0.73902 -1.110008
-0.001892 2.060731 -1.040727
-0.258065 1.664134 -1.075494
0.191192 1.513135 -1.066733
1.955537 1.871089 -1.094243
0.185357 -0.791236 -1.124249
0.806986 1.320236 -1.095273
1.818374 0.902732 -1.09489
0.215482 -1.013363 -1.235955
1.110895 -0.97811 -1.281521
-0.112009 -0.610373 -1.072466
1.547868 -0.778745 -1.191358
1.587376 -0.729123 -1.172606
0.670247 0.665048 -1.056563
2.101672 -0.332222 -1.053857
0.231627 0.649265 -1.034147
-0.001547 0.461375 -1.021031
0.323624 1.315681 -1.06921
0.718486 1.984527 -1.072179
0.467064 -0.923086 -1.197314
1.51442 -0.924884 -1.266126
1.99655 0.663004 -1.069678
0.13448 1.102509 -1.056758
0.515694 0.164287 -1.02499
-0.599249 2.002022 -1.11535
1.205283 -0.14736 -1.06229
0.273496 0.715207 -1.039068
1.72464 -0.052146 -1.062573
-0.275926 -0.792126 -1.138559
-0.081452 1.89412 -1.054183
0.013992 1.729831 -1.058047
0.470232 1.50747 -1.0777
-0.909348 1.297458 -1.249373
-0.203753 1.619536 -1.071504
1.627337 -0.770903 -1.190614
1.053293 2.017324 -1.089289
1.690748 -0.671499 -1.151649
1.732865 -0.473894 -1.098725
0.581607 -0.339789 -1.045714
1.08417 1.756908 -1.106165
-0.709374 -0.262556 -1.110367
1.236768 -0.940891 -1.268645
-0.59249 0.564559 -1.08449
1.75546 1.441317 -1.114128
1.668925 0.693973 -1.087445
-0.220479 1.830369 -1.064937
0.452499 -0.363893 -1.041826
1.246125 1.157435 -1.109859
-0.946005 0.481713 -1.215712
1.819424 1.555156 -1.111725
-1.042215 -0.519482 -1.301026
1.872414 1.54046 -1.109145
1.711485 1.458957 -1.116042
0.936575 -0.206576 -1.052989
1.771349 1.58269 -1.113486
0.651522 -0.296289 -1.045711
-1.049638 -0.562984 -1.316898
-0.782744 -0.180151 -1.128157
-0.06198 0.101999 -1.009055
-0.710055 -0.313791 -1.115434
-0.335175 0.36513 -1.031842
0.070307 1.73917 -1.058398
1.700261 2.050759 -1.09444
-0.470407 -0.193611 -1.048778
1.244778 -0.509589 -1.104888
1.761503 0.787082 -1.09047
1.544773 0.564634 -1.082119
-0.223723 1.781089 -1.067889
1.671731 -0.721434 -1.171592
0.425903 1.917444 -1.061481
-0.519345 -0.737401 -1.153567
0.249458 -0.988058 -1.221737
2.043328 1.027588 -1.085751
1.923431 1.815119 -1.098808
2.097031 -0.383585 -1.059919
-0.016831 0.107354 -1.008476
0.67072 1.29738 -1.086619
0.478942 1.935363 -1.062787
1.5865 0.788518 -1.0941
0.216523 0.568743 -1.029182
0.238279 1.522279 -1.068201
0.652495 1.370504 -1.087048
1.078525 1.874807 -1.1
-0.637709 0.50525 -1.093871
1.971535 0.718042 -1.075004
1.795831 -0.712694 -1.167287
0.133018 1.761835 -1.058818
1.900374 1.984789 -1.090564
0.971726 -0.274557 -1.059379
1.762081 1.89324 -1.102592
0.207968 1.588867 -1.066304
1.039135 1.814584 -1.101167
-0.865023 1.098152 -1.214633
1.004015 0.803797 -1.083202
-0.76834 2.022048 -1.174795
0.830068 -0.470579 -1.079516
0.602394 1.494345 -1.08516
-0.936499 1.435159 -1.272529
-0.760427 -1.00292 -1.364262
0.062542 -0.829732 -1.134584
0.322567 -0.963111 -1.2116
0.625435 1.430298 -1.08651
1.103191 1.532675 -1.111587
1.152441 -0.928555 -1.255987
1.778175 1.365955 -1.112739
0.827718 -0.241271 -1.050613
-0.297145 -1.050354 -1.27408
0.386769 1.3054 -1.071947
1.688986 1.880325 -1.105866
