-0.350815 -0.393064 -1.047735
-0.792819 -0.168526 -1.130572
0.028694 -0.499688 -1.046012
0.238815 -0.995073 -1.224908
1.511595 0.339196 -1.071502
0.830932 0.634461 -1.064384
0.981693 1.613598 -1.105193
1.936609 0.14102 -1.051273
1.593518 0.58986 -1.083262
0.082756 0.216778 -1.010827
0.379095 -0.177864 -1.020664
1.224945 -0.678247 -1.150754
-0.366531 -0.850385 -1.169449
0.122893 0.790136 -1.039058
-0.796976 1.387802 -1.190162
-0.111897 1.782377 -1.060897
-0.218098 1.065284 -1.05952
-0.160733 -0.48133 -1.046566
0.125671 -0.627196 -1.070525
0.607754 1.425524 -1.085472
-0.74855 -0.615472 -1.177687
1.718256 1.909726 -1.103613
-0.231186 0.149212 -1.015296
-0.321149 -0.538743 -1.067048
-0.415414 1.097874 -1.082297
-0.39156 0.296207 -1.032593
-0.944921 -0.792114 -1.338142
-0.845428 1.905121 -1.220142
0.732401 1.995799 -1.072236
-0.921342 1.342097 -1.258507
0.038194 0.425299 -1.018904
-0.166419 -0.054304 -1.011408
0.372779 0.281721 -1.019939
0.128716 0.021949 -1.006362
0.344524 1.587848 -1.071771
1.545993 0.775526 -1.093834
1.138807 -0.170269 -1.059919
0.163678 1.80743 -1.057827
0.725769 -0.488154 -1.073213
1.064851 -0.614573 -1.122251
0.858796 -0.961156 -1.252392
0.342367 0.435852 -1.025292
1.823016 1.774909 -1.106565
1.002973 -0.276775 -1.060467
-0.202426 -0.854401 -1.156479
-0.586075 -0.989124 -1.289254
1.536625 1.895068 -1.108275
-0.59869 1.013352 -1.114232
-0.198417 2.046364 -1.046884
1.366901 1.805223 -1.112824
0.445688 1.698449 -1.073227
0.012858 1.866244 -1.052668
0.978239 0.727721 -1.077692
-0.03511 -0.623344 -1.072632
-0.881213 0.690242 -1.197557
-0.841176 -0.491753 -1.181889
-0.934603 -0.082752 -1.191365
-0.765198 0.646029 -1.138174
0.497202 1.297701 -1.077102
0.799391 -0.030996 -1.040375
1.669561 -0.018159 -1.062709
0.930911 -0.718054 -1.140686
1.143098 1.180518 -1.107858
0.31539 -0.849447 -1.154418
1.905318 0.958999 -1.093468
0.271218 0.880729 -1.049044
-0.138456 0.429004 -1.021635
1.273062 0.188381 -1.063499
0.304349 -0.340539 -1.029837
0.213189 -0.744128 -1.107868
0.562103 -0.614206 -1.086064
0.409011 0.107385 -1.018176
1.418899 1.309056 -1.117573
1.574862 -0.690845 -1.156838
1.778352 -0.331752 -1.076692
1.564078 -0.157028 -1.069573
1.332518 -0.567493 -1.116551
0.673562 0.725454 -1.060235
1.914312 -0.404794 -1.078323
1.312728 0.37495 -1.070824
1.388811 1.466442 -1.119099
0.977391 0.560237 -1.067935
-0.696197 1.658687 -1.154302
-0.810091 1.76005 -1.202608
0.005284 -0.112264 -1.008942
-0.660583 -0.251034 -1.092561
0.420363 1.4455 -1.074937
0.72478 0.156224 -1.036482
-0.363862 1.980718 -1.066666
0.264652 0.701907 -1.037886
-0.126037 -1.000203 -1.228768
2.077134 2.035561 -1.074963
-0.108937 -0.735551 -1.103824
-0.922014 -0.936289 -1.408527
0.425955 -0.968028 -1.217404
0.935877 2.056165 -1.079529
1.848939 0.824945 -1.089327
-0.646055 -0.076173 -1.079096
-0.5798 1.17855 -1.11994
-0.174834 0.878647 -1.04885
-0.218736 -0.312905 -1.027243
-0.954675 -0.425941 -1.229849
0.804978 1.676916 -1.094275
1.123028 -0.92114 -1.249844
1.107643 -0.778175 -1.178278
1.00043 -0.967964 -1.267835
1.732282 1.361063 -1.114957
1.886708 1.279432 -1.106226
0.690676 -0.313071 -1.048878
0.692688 -0.147599 -1.039113
2.002132 0.346382 -1.052968
0.448453 1.992754 -1.057644
0.32145 1.315091 -1.069104
-0.224534 0.694382 -1.040217
-0.468896 1.80708 -1.093977
-0.472316 0.928335 -1.079907
-0.091803 1.167374 -1.059714
-0.681569 -0.894953 -1.266932
0.214388 -0.491988 -1.046682
0.118123 0.960696 -1.049152
-0.739854 1.915665 -1.163218
0.895478 -0.547238 -1.096292
0.753389 -0.656242 -1.116078
-0.181766 -0.604967 -1.073673
0.866737 -0.374744 -1.06862
1.125646 0.807218 -1.089096
1.1311 0.476935 -1.070274
0.390449 1.17425 -1.066853
0.176543 -0.183538 -1.013163
-0.457445 -0.723671 -1.132856
-0.066657 -0.373308 -1.028065
-0.541579 0.434977 -1.068042
-0.119766 -0.224737 -1.017134
0.056145 -0.757353 -1.103256
0.547746 -1.00793 -1.253307
0.37179 -0.687443 -1.097031
1.274933 0.558619 -1.079239
1.101605 1.472204 -1.111932
1.479055 -0.598128 -1.128487
-0.560302 0.229186 -1.059348
1.027324 -0.444996 -1.086995
1.600072 1.26674 -1.116193
1.560854 1.422313 -1.119249
1.517954 1.716113 -1.116484
0.407469 -0.499308 -1.055992
1.656069 1.778804 -1.112202
1.005755 0.242555 -1.054166
1.698673 1.511489 -1.116696
1.394386 -0.724717 -1.167095
0.75803 1.841314 -1.084202
-0.485605 -0.463393 -1.075461
1.381161 -0.885302 -1.242806
0.693225 0.905267 -1.071648
2.051049 -0.461588 -1.076233
2.01948 -0.293468 -1.057968
1.940962 -0.592469 -1.111116
0.523699 1.576151 -1.080661
0.698405 1.562305 -1.090632
1.180486 -0.50539 -1.103248
1.156176 -0.339004 -1.073704
-0.975005 0.261987 -1.213632
-0.758614 0.785985 -1.145259
-0.021099 1.414709 -1.062234
-0.52231 0.60201 -1.068067
1.132147 1.622332 -1.112353
1.251542 -0.017793 -1.060215
1.732934 0.695383 -1.086424
-0.925291 -0.25413 -1.192003
-0.280051 -0.708951 -1.106289
-0.491807 -0.15269 -1.048982
-0.730742 1.098079 -1.161477
-0.715005 1.244698 -1.161274
-0.32983 0.967675 -1.063894
0.560066 -0.153935 -1.031916
1.088456 -0.012473 -1.052003
-0.566483 1.950891 -1.10787
0.152712 1.99032 -1.046341
0.596179 2.064881 -1.059004
-0.939803 1.09057 -1.256683
1.784781 2.048422 -1.09221
1.474975 1.124187 -1.11254
1.939982 2.054604 -1.083684
0.845382 1.540774 -1.098996
-0.62698 -0.748258 -1.184551
1.371661 0.794583 -1.094609
2.025577 1.006945 -1.086351
2.028696 1.182537 -1.093153
0.306282 2.040718 -1.047666
1.697981 0.836254 -1.095572
-0.74381 0.941579 -1.151693
-0.280679 1.79713 -1.070963
-0.160426 1.911377 -1.055897
0.980296 1.104584 -1.097786
0.980641 0.897014 -1.087379
-0.605586 1.350104 -1.127847
0.451562 1.84191 -1.067466
-0.290551 1.382894 -1.073996
-0.010394 0.867819 -1.042846
0.099515 1.137412 -1.057637
1.876606 -0.76832 -1.186699
0.269432 -0.61479 -1.070803
-0.685518 2.039399 -1.135663
1.137801 0.301629 -1.061706
0.694382 -0.97694 -1.246914
1.446426 -0.295021 -1.078236
0.987185 0.396746 -1.059539
0.145975 -0.882131 -1.156738
1.619728 -0.346405 -1.085601
0.481215 -0.791646 -1.134987
1.113655 0.132786 -1.05581
-0.555667 -0.599938 -1.117874
-1.026971 -0.177062 -1.246323
0.63496 -0.755096 -1.135603
2.022457 1.36528 -1.098839
0.568254 0.982513 -1.068741
1.5179 -0.84209 -1.215917
1.244049 1.532994 -1.116907
1.420566 0.234193 -1.066015
1.680241 1.652942 -1.115848
1.407877 0.645125 -1.086106
1.453591 0.489908 -1.078673
-0.089716 0.271957 -1.013897
1.527671 1.570421 -1.119296
0.836561 0.812367 -1.074719
0.684567 0.353241 -1.0405
0.542997 0.227971 -1.027233
-0.937897 -0.617397 -1.263744
1.121754 2.040298 -1.091408
0.538374 0.844073 -1.05943
1.231606 1.348923 -1.115147
-0.641819 1.792521 -1.134411
0.532144 0.644806 -1.047301
-0.376952 0.654948 -1.051214
1.854945 -0.032348 -1.056975
1.53316 0.002637 -1.062317
0.022905 1.707581 -1.058581
0.114338 -0.366305 -1.027615
1.256285 -0.842167 -1.215143
1.202097 1.888689 -1.104824
-0.13429 1.318556 -1.064613
-0.448126 -0.987308 -1.255497
-0.091644 0.570432 -1.027025
-0.151223 1.47764 -1.06904
-0.496127 0.766745 -1.072942
1.325977 2.000979 -1.100525
2.06144 0.672121 -1.065145
0.243747 0.157107 -1.012699
0.020882 1.289528 -1.060744
0.168888 1.620321 -1.064419
0.596588 0.019756 -1.028249
-0.554089 1.653932 -1.114979
-0.808695 1.576012 -1.203461
0.678375 1.060833 -1.078795
-0.05139 0.730603 -1.035088
1.749137 -0.648354 -1.143564
1.772312 -0.488184 -1.098816
1.7301 -0.177825 -1.069
-0.821013 -0.902394 -1.321309
-0.908136 1.482767 -1.25817
-0.512441 0.026997 -1.047552
2.020425 0.026871 -1.043008
-0.8471 1.040919 -1.202133
0.933578 0.095945 -1.046947
2.090006 1.660518 -1.092454
1.860102 1.108151 -1.10253
0.850612 1.971721 -1.081469
-0.517988 -0.317816 -1.064141
-0.912009 0.897116 -1.231501
1.471456 2.044391 -1.097581
0.262693 1.056966 -1.057714
0.582358 -0.441417 -1.05652
-0.669829 0.546601 -1.103262
1.670976 1.110788 -1.110271
-0.430142 1.281534 -1.09098
0.54088 1.130523 -1.073558
0.449234 -0.040353 -1.020846
-0.837116 0.507668 -1.163354
0.210663 0.339329 -1.017274
-0.695453 0.382706 -1.102365
1.324506 1.03937 -1.107277
0.602546 1.921679 -1.069597
2.089168 1.86177 -1.086543
-0.348302 0.824541 -1.057807
-0.25132 0.526807 -1.032906
0.594974 -0.892786 -1.187142
1.230079 1.706776 -1.113735
0.684017 1.245501 -1.086338
0.946029 1.430436 -1.104625
1.886539 -0.22552 -1.062495
-0.376984 1.662785 -1.086157
0.421672 0.98622 -1.060339
0.288828 -0.018871 -1.012741
1.861261 0.270536 -1.059306
-0.356386 -0.222229 -1.034569
0.977745 -0.103003 -1.049216
1.763697 0.969302 -1.101075
1.598288 0.964482 -1.105292
1.046274 1.304174 -1.108681
-0.978261 0.59011 -1.240978
0.405532 0.785545 -1.04891
1.020266 1.917046 -1.095251
2.008458 -0.12055 -1.046749
-0.039744 0.07859 -1.00783
0.673297 0.537041 -1.049372
-0.987469 0.740377 -1.261182
-0.977576 0.434961 -1.227595
0.023122 -0.26343 -1.015942
-0.169551 1.647485 -1.068426
1.291236 -0.225835 -1.068902
-1.038406 -0.324707 -1.266051
0.803187 1.118266 -1.088924
-0.341708 -0.023977 -1.021669
0.093845 0.619007 -1.029468
0.780758 1.409664 -1.095721
1.416096 -0.106154 -1.064631
1.975748 0.543543 -1.064157
1.116442 0.644036 -1.079426
-0.81488 -0.344788 -1.154035
-0.389788 0.483549 -1.045713
0.611155 1.733571 -1.081555
-0.026908 -0.87472 -1.154681
0.782242 -0.831463 -1.182159
-0.612621 0.858101 -1.106503
0.306878 1.748651 -1.065206
-0.672796 -0.447859 -1.115748
0.299979 1.909271 -1.056437
1.977502 1.717871 -1.100225
-0.46302 1.48059 -1.100041
0.873787 1.264363 -1.097971
0.395143 0.592423 -1.036409
1.843938 1.600954 -1.110831
0.923595 1.788079 -1.096566
1.7526 1.227849 -1.112619
-0.866391 1.206036 -1.219832
-0.705349 0.237809 -1.096078
0.856763 0.290795 -1.048147
1.296125 1.185025 -1.112414
-0.028165 2.015656 -1.043249
1.438812 0.937832 -1.103663
0.229411 0.518984 -1.026587
1.633572 2.047061 -1.096562
1.912621 0.678053 -1.077149
-0.842986 0.325465 -1.15129
1.301919 -0.398117 -1.085529
0.502818 0.436945 -1.033591
0.845381 -0.211683 -1.048523
0.252223 1.191526 -1.062146
1.371682 1.629525 -1.118238
1.7068 0.309873 -1.068008
1.250107 0.715461 -1.087632
1.63967 0.438821 -1.075763
-0.406162 0.150973 -1.029702
1.920187 1.916903 -1.094209
0.243859 1.456819 -1.069098
0.975809 -0.864523 -1.20753
0.056854 -0.993217 -1.221801
0.493832 -0.31596 -1.038366
1.080662 1.759839 -1.105929
-0.661529 1.516359 -1.146455
-0.827487 0.159434 -1.138973
-0.262856 0.353556 -1.023784
1.761134 0.136137 -1.060348
0.844613 0.984593 -1.084698
-0.802282 0.00417 -1.128226
-0.52214 -0.867694 -1.204595
2.015773 0.831257 -1.078515
-0.633626 0.701072 -1.099918
-0.299265 -0.986467 -1.232587
1.581486 0.156629 -1.06394
1.787778 0.544566 -1.076082
1.449802 -0.468713 -1.101884
0.16339 1.302939 -1.063163
-0.002149 1.551332 -1.062216
-0.262632 1.220927 -1.067974
0.827782 0.469213 -1.054873
-0.799622 -0.760103 -1.253378
-0.669362 0.088069 -1.084124
1.86296 1.444863 -1.109543
-0.96229 0.084977 -1.200469
-0.042219 1.015755 -1.052261
-0.284849 1.540101 -1.07887
1.993316 1.54168 -1.102348
1.603485 -0.545535 -1.116042
0.10116 1.447547 -1.065238
1.684723 -0.812501 -1.209078
1.423358 0.088585 -1.063153
1.286111 0.900699 -1.09926
-0.246062 -0.173768 -1.020142
-0.416037 -0.602081 -1.090479
1.154583 1.000434 -1.100403
1.830053 0.418791 -1.067066
