-0.31333 -0.418087 -1.048784
-0.803918 -0.098848 -1.133713
1.477382 0.339489 -1.071134
0.834603 0.6202 -1.063752
1.596761 0.558491 -1.081501
0.114401 0.252086 -1.012658
1.281183 -0.653047 -1.143323
-0.37397 -0.858139 -1.174797
-0.795751 1.389411 -1.190779
-0.100771 1.767626 -1.06104
-0.226212 1.055785 -1.060016
-0.73762 -0.605395 -1.172165
-0.937915 -0.783179 -1.331055
-0.859558 1.879566 -1.228762
0.3715 0.283422 -1.019991
0.135791 -0.010427 -1.007636
0.357376 1.569376 -1.072442
1.155603 -0.143668 -1.059968
0.164765 1.808266 -1.05775
0.855627 -0.945287 -1.243898
-0.189291 -0.878769 -1.168745
-0.596227 1.01746 -1.114324
0.479152 1.678232 -1.07561
0.012687 1.859575 -1.053136
0.969554 0.730119 -1.077353
-0.857059 -0.516772 -1.197954
-0.882005 -0.08035 -1.16748
0.50837 1.299431 -1.077708
-0.14329 0.436892 -1.022581
1.258021 0.196514 -1.063278
0.397471 0.111137 -1.017967
1.777972 -0.335927 -1.077497
1.566678 -0.152437 -1.06937
1.308081 -0.568707 -1.117765
1.943471 -0.425211 -1.079521
0.970119 0.557947 -1.067417
-0.736528 1.651472 -1.171862
-0.778053 1.744712 -1.189024
0.012935 -0.132044 -1.010149
0.428208 1.416708 -1.075182
0.713042 0.133511 -1.035775
2.069021 2.028661 -1.075996
-0.115611 -0.711711 -1.098426
-0.934124 -0.940726 -1.419627
1.868168 0.860374 -1.090131
-0.576883 1.197408 -1.11946
1.748436 1.370264 -1.114152
1.924758 1.279448 -1.103441
0.720547 -0.182824 -1.04225
1.989619 0.352032 -1.05401
-0.476799 1.80265 -1.095865
-0.467511 0.923856 -1.079066
-0.108654 1.155047 -1.059768
-0.689935 -0.875957 -1.261968
0.220924 -0.49341 -1.047678
-0.722418 1.929105 -1.156755
-0.189787 -0.635643 -1.082161
0.872173 -0.355847 -1.066464
1.153791 0.882567 -1.093973
1.12017 0.486908 -1.070267
0.383825 1.182506 -1.066918
-0.086578 -0.372643 -1.02896
-0.119681 -0.222495 -1.017192
0.069077 -0.743379 -1.10028
0.54569 -1.020909 -1.261433
0.332956 -0.700119 -1.100032
1.254506 0.566598 -1.079056
1.099917 1.479657 -1.111623
1.48605 -0.611645 -1.132668
1.020531 -0.446668 -1.086985
1.601472 1.257702 -1.11585
1.587986 1.408813 -1.118507
1.51791 1.702683 -1.116705
1.658969 1.79201 -1.111199
1.033535 0.25192 -1.055839
0.769569 1.88375 -1.082113
-0.472341 -0.466805 -1.074828
1.380954 -0.861303 -1.2311
0.681826 0.910875 -1.07127
2.028605 -0.468863 -1.079697
2.017669 -0.301288 -1.059078
0.497791 1.591235 -1.078856
1.189837 -0.315511 -1.072989
-1.015753 0.262248 -1.239692
-0.766891 0.788408 -1.149589
1.215526 -0.013834 -1.058984
-0.728338 1.106336 -1.161032
-0.513201 1.87984 -1.100297
0.184227 2.018874 -1.045331
0.600793 2.04811 -1.060489
1.772903 2.043934 -1.092854
1.909979 1.991924 -1.089508
-0.621387 -0.741401 -1.181201
0.376357 2.026397 -1.051848
-0.744891 0.941297 -1.152787
0.982182 0.920642 -1.088578
-0.276306 1.399978 -1.073795
-0.701214 2.016595 -1.142703
0.998954 0.407947 -1.060601
0.089684 -0.876204 -1.155478
0.47563 -0.775334 -1.130109
-0.557588 -0.606633 -1.120549
-0.999611 -0.153013 -1.230356
0.615197 -0.791636 -1.148629
2.015568 1.37836 -1.099244
1.522191 -0.840469 -1.216076
1.395663 0.229785 -1.065738
1.415059 0.666789 -1.087393
1.492371 0.427072 -1.075641
1.591767 1.544297 -1.118287
0.817013 0.820415 -1.074025
-0.901316 -0.581293 -1.236257
0.486929 0.773446 -1.052516
-0.64759 1.806374 -1.136011
0.560096 0.632062 -1.048206
-0.384148 0.644353 -1.05198
0.060033 -0.333378 -1.024012
1.227716 -0.881731 -1.234988
-0.128448 1.326917 -1.064571
-0.14697 1.492744 -1.068792
-0.495428 0.762822 -1.072648
1.313837 2.015504 -1.098765
0.24018 0.145378 -1.012413
0.181874 1.637476 -1.06432
-0.545954 1.652846 -1.114086
-0.803347 1.608395 -1.201764
-0.025891 0.716836 -1.034474
1.75428 -0.161398 -1.067104
-0.860815 1.46298 -1.229909
-0.86592 1.029722 -1.212214
-0.525535 -0.312867 -1.066037
1.465312 2.072251 -1.0952
0.265106 1.072695 -1.058503
0.587915 -0.439499 -1.057113
1.634717 1.099221 -1.110121
0.462927 -0.034673 -1.021709
0.230673 0.339524 -1.017903
-0.346767 0.820159 -1.05765
0.614463 -0.887056 -1.18757
1.238003 1.704841 -1.113853
0.439173 1.005505 -1.062157
1.853873 0.283322 -1.060112
1.577981 0.989197 -1.106315
-0.969986 0.559026 -1.234319
0.40942 0.780671 -1.04877
1.019579 1.915229 -1.095189
2.003866 -0.12447 -1.047386
0.688029 0.543312 -1.050624
-1.021911 0.746244 -1.280604
1.329321 -0.206911 -1.068902
-1.055376 -0.300977 -1.273539
0.768075 1.100914 -1.085844
0.785451 1.431766 -1.095896
1.110766 0.648144 -1.079378
-0.82888 -0.328464 -1.158459
-0.39352 0.487222 -1.046524
-0.011309 -0.884876 -1.161278
-0.616904 0.856531 -1.107678
0.317854 1.749792 -1.065599
0.293042 1.900415 -1.056763
1.979608 1.691966 -1.100492
0.896097 1.288711 -1.099665
0.392592 0.612193 -1.037691
1.830436 1.600922 -1.111234
1.268146 1.179184 -1.111221
1.44809 0.963093 -1.104877
0.25442 0.551381 -1.029261
-0.832345 0.331039 -1.14802
1.313052 -0.392565 -1.085377
1.380858 1.634536 -1.118131
1.651342 0.3048 -1.068509
1.245412 0.724128 -1.087962
1.942655 1.919214 -1.092217
0.250901 1.455445 -1.069225
0.994228 -0.854549 -1.20477
1.156392 1.831597 -1.105552
-0.301031 0.349023 -1.027282
1.739906 0.149584 -1.061347
0.845193 0.975048 -1.084199
-0.823122 -0.014544 -1.138395
-0.636401 0.696479 -1.100623
-0.307228 -0.978777 -1.229648
1.640908 0.119188 -1.06285
0.17026 1.302932 -1.063378
-0.265094 1.22808 -1.069123
-0.794746 -0.745878 -1.246634
1.879194 1.42844 -1.108327
-0.962354 0.10935 -1.201855
-0.004764 1.050731 -1.053822
1.995009 1.527671 -1.102036
1.635254 -0.542677 -1.116303
0.087603 1.43614 -1.064762
1.440715 0.065488 -1.063099
1.159769 0.979805 -1.099439
-0.47902 1.953098 -1.090567
1.807678 -0.792191 -1.199071
1.697074 -0.867212 -1.238131
1.860234 -0.84136 -1.223656
0.441295 2.083333 -1.05023
1.554255 2.080846 -1.094169
1.645543 2.09222 -1.092843
-0.655746 1.954392 -1.134221
-0.731852 1.832821 -1.166464
-0.296148 -0.86304 -1.169467
0.322209 1.962394 -1.053809
0.410555 1.945673 -1.059001
1.790872 0.814243 -1.090883
2.078068 -0.163533 -1.043358
2.011782 -0.211806 -1.052656
-0.95334 -0.984165 -1.459849
0.248869 -0.904965 -1.177981
-0.671488 0.978849 -1.133155
-0.663117 1.059246 -1.137603
-0.735354 1.023046 -1.156363
-0.588336 1.100164 -1.117559
-0.656046 1.143534 -1.140784
0.113402 -0.672069 -1.082691
0.037134 -0.655766 -1.079127
0.508465 -0.111001 -1.027082
0.413354 -0.114804 -1.020939
-0.774198 0.609596 -1.141434
1.571349 0.855167 -1.098419
1.537078 0.936471 -1.103544
-0.619662 2.015676 -1.120126
1.213326 -0.605403 -1.12933
0.984793 -0.697938 -1.140597
2.034163 1.816774 -1.091908
0.635333 1.670889 -1.084476
1.922553 0.518865 -1.066272
1.901671 0.35736 -1.059994
1.95509 0.436402 -1.060229
1.58064 0.454613 -1.076669
0.186008 -0.629799 -1.073112
-0.019453 -0.738218 -1.101442
-0.043249 -0.659594 -1.08217
1.934638 1.009397 -1.093206
2.055617 1.15629 -1.089887
0.119011 0.909334 -1.046363
1.634923 0.924788 -1.102084
-0.796105 1.900019 -1.193653
0.933971 -0.482393 -1.088243
-0.214075 -0.721758 -1.107253
-0.290122 -0.65675 -1.094203
-0.172657 -0.547578 -1.06118
1.215804 0.926375 -1.098378
1.043979 0.599716 -1.073399
1.1133 0.560942 -1.074383
0.191809 -0.413967 -1.035997
-0.999172 -0.259303 -1.236823
-0.320966 1.785565 -1.07566
-0.209997 1.679555 -1.070416
-0.767812 -0.676007 -1.208717
0.178168 -0.856923 -1.150283
0.119198 -0.805286 -1.125575
0.168695 -0.721664 -1.099229
0.320843 -0.6226 -1.077303
0.393255 -0.629293 -1.084529
0.347367 -0.539547 -1.060924
0.548272 -0.746496 -1.126164
1.179208 0.610688 -1.079393
1.248436 0.651981 -1.08377
-0.356329 -0.596021 -1.084181
-0.88077 -0.37898 -1.189015
-0.819009 -0.427665 -1.166149
1.314827 1.584377 -1.117645
1.323262 1.50001 -1.118054
1.398983 1.547378 -1.118764
1.236333 1.004945 -1.103003
1.457915 0.275623 -1.068188
1.481789 0.207269 -1.065354
0.842618 1.369067 -1.0982
0.96646 1.545256 -1.104885
1.59948 1.704246 -1.115526
0.978791 0.818159 -1.082762
0.903806 0.856988 -1.080909
0.893528 0.773117 -1.07562
1.691725 1.694083 -1.113853
1.738968 1.820273 -1.107275
1.82658 1.80823 -1.104368
1.058009 0.339395 -1.060058
1.111361 0.278034 -1.059929
1.026183 0.164261 -1.052878
1.015393 0.092347 -1.05061
1.352292 -0.637131 -1.13887
1.018811 1.697894 -1.104542
1.099274 1.679629 -1.109108
1.703421 -0.3718 -1.085555
1.031219 1.61012 -1.107371
0.776117 1.607826 -1.093993
0.871153 1.556055 -1.099998
1.413841 0.568513 -1.082152
1.540608 1.466954 -1.119051
1.497472 1.545327 -1.119186
1.592985 1.338398 -1.11735
0.909722 0.38802 -1.055292
0.970639 0.643317 -1.07239
0.879773 0.683394 -1.069808
0.900897 0.598138 -1.066033
1.091613 0.420139 -1.065533
1.179687 0.439289 -1.069916
1.150653 -0.552705 -1.113436
0.304967 -1.037872 -1.255258
-1.010187 -0.060233 -1.236103
-0.055399 0.799529 -1.039786
1.069677 -0.892244 -1.230485
1.000606 -0.933157 -1.248141
0.319263 0.125217 -1.01513
0.384026 0.196079 -1.018924
-1.041331 0.589104 -1.278589
-1.015235 0.472807 -1.253578
-0.347665 2.049415 -1.060798
0.218961 2.095195 -1.041
0.974491 2.078006 -1.079847
-0.430985 1.87789 -1.084558
-0.391988 1.791607 -1.084797
1.920539 0.673935 -1.076185
-0.758809 1.306068 -1.177343
0.39499 -0.991685 -1.231027
1.374014 0.980225 -1.104893
1.391448 0.906095 -1.101133
-0.991196 -0.893836 -1.42843
-0.103678 -0.860054 -1.153164
-0.065085 -0.803191 -1.128318
0.361048 2.089687 -1.046281
-0.490008 -1.024948 -1.289175
0.28267 2.042183 -1.046833
2.040795 -0.624875 -1.114584
1.940424 0.913712 -1.088377
-0.931539 -0.138085 -1.1927
-0.7258 1.206107 -1.164667
-0.920802 0.639098 -1.214758
0.495927 1.449085 -1.079175
0.562289 1.424037 -1.082643
0.817482 -1.003321 -1.273742
1.202872 -0.959967 -1.276914
1.067708 -0.811825 -1.190923
1.139977 -0.845809 -1.213007
-0.867434 1.115473 -1.217338
-0.817627 0.896578 -1.184457
-0.814531 0.832452 -1.177216
-0.752375 0.863727 -1.150115
-0.627873 1.431931 -1.135822
-0.71374 1.397748 -1.163117
-0.524706 1.285541 -1.110342
2.082979 0.344162 -1.046793
0.903179 0.929579 -1.084894
0.833322 0.896774 -1.079198
-0.527808 0.974685 -1.095809
-0.44921 1.009387 -1.082378
-0.387913 0.954123 -1.070588
-0.371096 1.037612 -1.073339
1.90566 1.740665 -1.103221
0.029356 -0.814195 -1.12819
1.981532 1.145726 -1.095071
1.717554 0.870767 -1.096827
1.006085 -0.533523 -1.10224
-1.059707 -0.202169 -1.267308
1.130917 -0.369993 -1.078126
1.034225 -0.351106 -1.072562
-0.242564 -0.48446 -1.053343
0.401929 -0.82248 -1.146082
0.74783 -0.70223 -1.131563
0.70675 0.979593 -1.076282
0.631054 0.984246 -1.07227
0.736423 0.863332 -1.071774
0.725839 0.799039 -1.06749
1.290707 0.775758 -1.091944
1.338229 0.843835 -1.096852
1.182441 0.522614 -1.074423
-0.921186 -0.308257 -1.198019
1.324998 0.34414 -1.069761
1.330561 0.172173 -1.063843
-0.39632 -0.686907 -1.114024
-0.361142 -0.788571 -1.145768
-0.458484 -0.606018 -1.100486
-0.420293 -0.538198 -1.079993
-0.519134 -0.535287 -1.097138
1.581041 -0.46536 -1.103348
-0.29613 0.986659 -1.062175
-0.302388 1.06317 -1.067744
-0.591414 -0.674599 -1.151506
1.428318 1.254215 -1.115932
0.314026 -0.275751 -1.0254
0.347011 0.844416 -1.049853
1.503132 0.517236 -1.079894
1.571794 0.645846 -1.086229
0.652604 -0.381949 -1.05458
0.673611 -0.469155 -1.067202
0.600882 -0.524029 -1.072386
1.112323 0.198531 -1.05763
1.190504 0.153571 -1.059449
1.613297 1.864845 -1.108272
1.835361 1.698341 -1.108272
1.453463 -0.848974 -1.222327
0.85696 1.848614 -1.089234
0.450487 0.259329 -1.023391
0.503972 0.319039 -1.028804
0.767352 0.586959 -1.057866
0.585644 0.911303 -1.065824
2.074891 -0.546033 -1.089914
0.37153 0.36998 -1.023894
1.178572 1.50604 -1.114613
1.186775 1.579634 -1.114535
-0.930434 -0.497735 -1.232641
-0.820143 -0.598553 -1.204934
0.60704 1.590722 -1.08489
0.709875 1.453297 -1.091468
1.252834 1.45503 -1.116362
1.253958 0.477562 -1.074272
0.011121 0.370798 -1.017025
0.835557 0.550102 -1.059853
1.043107 0.689865 -1.078583
-0.065556 0.404593 -1.019483
1.180635 -0.456111 -1.094507
1.230135 -0.390149 -1.083519
2.08483 0.663068 -1.06278
2.09589 1.951987 -1.079489
1.039038 1.227811 -1.105215
1.099581 1.175838 -1.105785
2.019898 -0.382621 -1.068721
0.712296 0.26406 -1.039141
0.685566 0.197787 -1.03536
0.396112 1.715921 -1.070364
1.147234 -0.062514 -1.056615
1.128526 0.011558 -1.054519
-0.645745 0.614238 -1.099726
-0.556319 0.636028 -1.078175
1.229008 2.06962 -1.092367
1.317766 2.102634 -1.091641
-0.999618 0.650945 -1.259354
0.294332 0.311764 -1.018781
-0.269976 0.84738 -1.053533
-0.255296 0.920643 -1.056394
-0.328951 0.90056 -1.060391
-0.057031 1.384047 -1.063091
-0.046121 1.301911 -1.06241
-0.072826 1.462512 -1.065091
-0.083274 1.53785 -1.065702
0.066631 1.217184 -1.059386
0.136793 1.235876 -1.060925
0.092001 1.294762 -1.061913
-1.004303 0.874622 -1.280272
-0.990824 0.954658 -1.278136
1.798493 2.112714 -1.086156
1.726398 2.102925 -1.090299
1.936108 1.368172 -1.104183
2.002453 1.227522 -1.096339
2.062124 0.732986 -1.068752
2.077419 0.823693 -1.072916
2.081043 0.923125 -1.077746
2.010746 0.87441 -1.081015
0.162058 0.685637 -1.034555
-0.564545 0.72986 -1.086093
-0.555318 0.81099 -1.089837
-0.627479 0.777426 -1.104366
-0.412994 -0.074721 -1.034403
-0.582284 -1.015236 -1.305623
-0.90697 1.547165 -1.258443
-0.932738 1.477833 -1.271855
-0.888336 0.832671 -1.213928
-0.929236 1.077282 -1.250152
-0.873243 0.934283 -1.213142
-0.638092 1.65878 -1.138298
-0.600003 1.738655 -1.125657
-0.688667 1.741526 -1.152667
0.911974 -0.985257 -1.270836
1.415249 0.151799 -1.06425
1.794508 0.057235 -1.059043
0.766211 0.940415 -1.077758
0.850341 1.143582 -1.092319
0.852271 1.055966 -1.088548
-0.06515 -1.057226 -1.263681
-0.138723 -1.045259 -1.258826
-0.325041 -1.035643 -1.268096
0.72033 -0.261556 -1.047161
-0.679819 0.899423 -1.129561
-0.6063 0.936674 -1.110761
-0.543027 0.89152 -1.093202
-0.482936 0.842906 -1.075976
-0.003675 1.773157 -1.057023
-0.06061 1.840888 -1.056278
0.463038 -1.030915 -1.260893
2.072828 0.006259 -1.038803
2.001062 -0.037742 -1.045743
2.075042 -0.078175 -1.03992
2.073458 0.0976 -1.039622
1.689606 1.221546 -1.113404
1.284786 -0.328647 -1.078236
1.167461 -0.232066 -1.065622
0.188938 0.065423 -1.009528
0.156025 0.161444 -1.010888
1.774674 1.179327 -1.109324
1.700926 1.137578 -1.1101
1.713105 1.051109 -1.106238
-0.172331 -0.357505 -1.031047
-0.049732 -0.442567 -1.038557
0.151107 -0.939477 -1.191008
-0.199603 -0.190664 -1.019052
0.992455 1.393789 -1.106597
1.082624 1.400331 -1.110682
1.011038 1.46201 -1.107535
1.169006 1.424306 -1.113717
-1.002161 -0.726179 -1.346476
-0.997519 -0.805034 -1.379877
-0.013352 -0.043753 -1.008619
-0.105418 -0.015123 -1.01009
-0.074545 -0.097196 -1.01058
0.487206 0.918769 -1.060506
1.655193 -0.1568 -1.068751
1.315953 -0.886063 -1.241187
0.792445 0.275503 -1.044062
1.218345 -0.790321 -1.192224
1.316504 1.925444 -1.104773
-0.03405 1.9224 -1.050317
0.935696 0.219549 -1.050179
-0.06655 0.645107 -1.030871
0.549511 1.728262 -1.077908
1.165321 1.742798 -1.109784
1.30998 1.752039 -1.113574
-0.349475 1.276064 -1.080187
-0.399019 1.199635 -1.084274
-0.937059 -0.70105 -1.297946
-0.13942 1.407372 -1.066911
-0.212634 1.439323 -1.071368
-0.206363 1.357114 -1.06914
-0.070378 2.080602 -1.040123
-0.919054 1.408971 -1.260842
-0.863111 1.360912 -1.22637
-0.407774 0.872514 -1.068294
0.411965 -0.364658 -1.039554
0.459776 -0.193379 -1.027503
-0.520402 1.732307 -1.107025
0.233067 1.94719 -1.051773
1.339046 1.12389 -1.110644
1.175806 1.143839 -1.107216
-0.862305 0.266368 -1.159006
-0.899678 0.334721 -1.180772
-0.910529 0.187348 -1.179808
-0.589427 -0.190677 -1.073085
-0.266388 -0.133974 -1.020431
-0.262738 1.13566 -1.06608
-0.743132 0.520792 -1.129034
0.842349 -0.878057 -1.20879
0.904787 -0.811668 -1.180336
0.27039 0.798701 -1.044143
0.619391 0.58852 -1.049175
-0.005222 -0.960776 -1.204103
-0.091369 -0.925742 -1.186549
0.649951 -0.958947 -1.232171
-0.345347 1.371798 -1.081357
-0.612441 -0.53701 -1.119531
0.574843 1.147708 -1.076181
0.941355 1.906507 -1.090901
0.936554 1.806955 -1.096163
1.676901 1.310146 -1.115306
1.454243 -0.031846 -1.063603
1.979977 0.205096 -1.048674
1.892007 0.205544 -1.055567
1.565768 0.100157 -1.063378
1.499036 0.127927 -1.063708
-0.827043 1.545208 -1.214593
1.9205 1.186246 -1.10084
0.370485 1.253928 -1.06907
0.263145 0.047027 -1.012345
-0.260356 0.714554 -1.044487
0.040543 -0.422988 -1.035362
-0.014119 -0.379093 -1.029264
-0.826741 1.820075 -1.211487
0.672158 2.010465 -1.067518
0.788334 2.101886 -1.068382
-0.671004 -0.400918 -1.111479
-0.385292 0.059829 -1.027596
-0.293416 0.021732 -1.018915
-0.195606 0.006563 -1.013169
-0.421052 0.79072 -1.064932
-0.436011 0.709176 -1.061963
0.290646 1.381723 -1.069296
0.208518 1.377838 -1.066267
0.249309 1.305327 -1.066192
1.94162 2.124456 -1.076604
-0.575174 0.474434 -1.077619
0.342218 0.748356 -1.043972
0.661238 -0.043172 -1.033755
0.652146 -0.13725 -1.036539
-0.633726 -0.942404 -1.278998
1.607869 0.022954 -1.062903
-0.582844 -0.104324 -1.066963
1.92846 -0.002402 -1.0509
-0.291062 -0.236268 -1.029054
-0.261716 -0.337427 -1.034241
-0.805259 0.984593 -1.181497
0.268436 1.608481 -1.068119
-0.100033 1.990877 -1.047677
-0.184177 1.963452 -1.053169
1.763726 1.275263 -1.112501
-0.673759 0.292159 -1.091563
-0.580087 0.293653 -1.068357
-0.224668 0.481006 -1.029069
-0.185271 0.566868 -1.031603
0.463967 1.767349 -1.071358
0.381968 1.80227 -1.066105
0.306401 1.831104 -1.060897
1.561717 1.129624 -1.11192
-0.780105 0.376697 -1.132539
-0.634282 0.213203 -1.077703
-0.486819 0.293741 -1.049777
0.919679 -0.900953 -1.224152
-0.051246 -0.17746 -1.013381
-0.051013 -0.246684 -1.017123
0.025399 -0.23154 -1.014873
1.517866 -0.696649 -1.159528
1.571743 -0.620426 -1.136688
1.86698 -0.468118 -1.091556
1.843315 -0.125902 -1.060977
1.767696 -0.25329 -1.071895
1.855215 -0.293821 -1.07022
1.706139 -0.083572 -1.06482
1.423635 -0.22422 -1.072784
0.208496 1.228352 -1.062182
0.298264 1.220312 -1.064916
0.54399 -0.828741 -1.156229
0.403901 -0.909946 -1.188335
-0.818501 1.313509 -1.200378
1.51815 1.994161 -1.101052
1.309061 1.667962 -1.116115
1.242982 1.62178 -1.115424
0.756485 1.970503 -1.07552
1.859812 -0.380641 -1.078654
0.142498 1.154081 -1.058852
-0.870147 1.276628 -1.225812
-0.273585 1.315521 -1.071231
-0.027649 -0.311642 -1.021657
-0.105976 -0.297317 -1.022812
1.950784 1.461496 -1.104229
1.174172 1.654563 -1.113005
1.656487 0.393545 -1.072868
0.597585 1.06986 -1.074311
0.117252 -0.47943 -1.043954
-0.47138 0.081645 -1.040922
1.734267 1.961609 -1.09948
-0.543971 -0.949453 -1.256834
0.279852 0.472621 -1.025571
0.343587 0.538256 -1.031475
0.121017 -0.248427 -1.017332
-0.242665 -0.054198 -1.016271
0.165074 1.451737 -1.066811
0.127176 1.371163 -1.064039
-0.256694 2.086382 -1.047727
1.541581 -0.059116 -1.065073
1.568163 1.059111 -1.109203
-0.304513 1.555639 -1.080655
-0.392308 1.5323 -1.090969
0.162554 0.333039 -1.016496
-0.256643 2.011458 -1.054887
0.425404 0.700231 -1.044765
0.859131 1.760255 -1.093825
-0.979656 0.34528 -1.222468
1.70646 0.570709 -1.079536
1.6491 0.632863 -1.084547
-0.746321 1.562084 -1.178338
-0.66813 1.577115 -1.147553
0.450703 1.859087 -1.066317
0.423157 0.036554 -1.019201
0.516854 0.04514 -1.024086
-0.128429 -0.149768 -1.014279
0.242655 1.780173 -1.061504
1.366604 -0.930963 -1.267851
-0.115313 1.243615 -1.062288
-0.933686 -0.861145 -1.371661
0.332153 0.666447 -1.038458
-0.34211 -0.916486 -1.20149
1.274773 1.267704 -1.113898
-0.797817 1.068922 -1.185279
0.695386 1.834231 -1.080683
0.321523 1.121842 -1.062315
0.649661 1.212003 -1.083033
0.758929 1.194535 -1.088948
1.925685 -0.083955 -1.052919
-0.445117 -0.827511 -1.174051
-0.460371 -0.959243 -1.24324
-0.11748 1.05184 -1.055944
0.241144 1.143729 -1.060315
1.387831 2.059476 -1.095931
-0.566679 1.471482 -1.12315
0.600275 1.959033 -1.066826
0.719942 -0.999838 -1.26298
0.783911 -0.937323 -1.234559
-0.592455 -0.870869 -1.22819
-0.652566 -0.807236 -1.219036
-0.463836 0.631784 -1.061723
1.674421 -0.019952 -1.063052
-0.710519 0.662158 -1.121996
-0.702492 0.742793 -1.124629
1.784764 0.294189 -1.063805
1.731137 0.343282 -1.068171
0.538208 1.818071 -1.072966
0.810743 0.011752 -1.040916
0.791733 0.094707 -1.039877
1.603042 2.005906 -1.099676
-0.174866 2.058008 -1.045233
-0.771785 0.289468 -1.123539
1.175927 0.694837 -1.084165
1.738329 0.429549 -1.071324
1.801712 0.461144 -1.070563
1.921548 1.559015 -1.106357
1.410162 1.704414 -1.116179
-0.932364 0.730403 -1.229496
-0.978673 0.810388 -1.261544
-0.589274 1.589787 -1.126076
0.442073 0.539063 -1.036087
1.009509 -0.136849 -1.052614
-0.979953 0.185754 -1.215502
-1.056532 0.19743 -1.262776
1.842122 0.136459 -1.056346
1.967099 0.597186 -1.06806
1.91007 1.650357 -1.10573
1.987435 1.606414 -1.101478
1.414155 1.056286 -1.108842
1.793239 0.908201 -1.096149
0.545974 0.150551 -1.02659
0.468349 0.176298 -1.022587
-0.260545 1.924348 -1.062383
1.35166 1.320013 -1.11661
1.806507 1.44091 -1.111913
-0.689562 0.821322 -1.127027
0.868791 -0.263657 -1.055144
0.054252 0.978638 -1.050007
-0.709414 0.588733 -1.117867
-0.870104 -0.986515 -1.412853
-0.292618 0.420546 -1.031301
0.764835 -0.861274 -1.194898
0.073702 -0.559742 -1.057966
-0.272556 1.474854 -1.076011
-0.874028 -0.834969 -1.320353
-0.869621 -0.912804 -1.360468
0.852 1.217065 -1.095039
-0.675726 0.027871 -1.087311
-0.503079 -0.676436 -1.129741
-0.547022 -0.801484 -1.185509
1.459846 -0.377758 -1.089408
1.384832 -0.428169 -1.093816
1.388935 -0.511968 -1.108065
1.461513 -0.542435 -1.116881
1.404479 -0.59173 -1.125314
0.033609 1.360125 -1.062313
-0.143146 1.602964 -1.067674
-0.505338 0.689163 -1.070227
-0.1966 1.274881 -1.06635
-0.144867 0.644622 -1.033806
-0.222133 0.641555 -1.037413
-0.908171 0.068944 -1.175984
1.42364 -0.683473 -1.154437
0.643539 -0.217737 -1.0405
0.009661 1.443236 -1.062995
0.088261 1.505988 -1.064321
2.104697 1.773978 -1.087937
-0.355759 0.212137 -1.027289
-0.175522 -0.091301 -1.013554
-0.531934 2.021608 -1.099962
1.779849 -0.860904 -1.234505
1.478313 0.8782 -1.100016
1.050719 -0.666162 -1.136941
-0.268097 1.738644 -1.072806
-0.710058 -0.742913 -1.213477
-0.885343 -0.446954 -1.198736
1.191739 0.250343 -1.062259
0.301828 0.220301 -1.0163
1.937867 -0.825314 -1.213215
-0.339269 1.875431 -1.072137
2.014567 0.515624 -1.059964
1.928735 -0.702266 -1.156998
-0.982172 1.117349 -1.282394
-0.478111 1.358281 -1.10173
0.685707 1.622342 -1.088518
-0.741811 -0.034283 -1.109511
-0.718685 -0.121234 -1.104812
0.721832 -0.409194 -1.062987
0.750637 -0.530243 -1.084725
0.480386 -0.60356 -1.081435
-0.998158 -0.356532 -1.246618
-0.679588 -0.675127 -1.176786
1.513873 1.203199 -1.114606
0.281891 -0.200318 -1.018727
1.679346 -0.450594 -1.098065
0.671877 -0.563097 -1.085397
0.443364 0.353639 -1.026843
0.783614 0.665251 -1.063327
0.566772 1.645153 -1.081312
1.515599 -0.234977 -1.074819
-0.211253 0.249969 -1.018042
-0.14201 0.270955 -1.015995
0.632502 0.264616 -1.034196
0.169541 -0.097544 -1.010779
2.024597 1.901361 -1.088083
-0.845445 0.763761 -1.186406
1.351885 0.09032 -1.062667
1.818851 1.983475 -1.094654
-0.041414 1.607167 -1.063135
2.122746 1.546434 -1.09152
0.444848 0.847368 -1.054352
1.35086 1.220189 -1.114078
1.78969 -0.582175 -1.121964
0.521539 -0.413894 -1.050829
1.687217 -0.235125 -1.074352
1.30633 -0.821809 -1.208537
1.289825 -0.737064 -1.173337
1.103352 0.100341 -1.054809
-0.852991 0.399824 -1.163556
1.235931 1.789458 -1.110147
-0.327401 1.19134 -1.075041
-0.352644 1.121112 -1.075914
2.102429 1.864757 -1.084658
0.798603 -0.310056 -1.056325
0.928744 1.470011 -1.103502
0.545763 1.225039 -1.07733
1.988298 0.059283 -1.04612
1.617296 -0.704424 -1.163324
-0.139289 0.068923 -1.01137
-0.671784 -1.007472 -1.334197
0.333597 1.024146 -1.058646
-0.862856 1.749684 -1.232961
-0.523481 0.383089 -1.062084
0.048763 0.015517 -1.007393
0.24733 -0.344721 -1.029343
1.169189 1.057564 -1.103306
1.471245 -0.140286 -1.067757
0.536172 -0.900036 -1.188956
0.060365 0.700346 -1.033844
-0.413872 0.140572 -1.031781
0.827828 -0.75064 -1.1522
0.827859 -0.672322 -1.124419
-0.464819 1.598119 -1.100429
-0.438351 0.386839 -1.047081
-0.164766 -0.966065 -1.213545
0.56543 1.348374 -1.081726
0.937798 1.719927 -1.099534
-0.761532 -0.270253 -1.128985
0.861722 0.14995 -1.044381
1.782086 -0.719044 -1.170128
0.911222 2.00486 -1.082215
-0.015765 0.180529 -1.010607
-0.751256 -0.360903 -1.133999
1.413877 1.978714 -1.101836
1.553365 0.268346 -1.06827
-1.020797 -0.462274 -1.277082
-0.020701 -0.581002 -1.063709
1.001297 -1.000411 -1.286488
0.980788 -0.040219 -1.049034
1.063019 0.860495 -1.089074
1.076043 0.950179 -1.094326
1.47232 1.775135 -1.113853
1.3915 1.804658 -1.112604
1.131032 1.25896 -1.109688
0.141113 0.42062 -1.020278
0.214318 0.406987 -1.020809
1.884246 0.596537 -1.073473
1.369364 0.001232 -1.062684
0.606277 0.411734 -1.038692
0.714745 0.044946 -1.035502
0.469366 0.102266 -1.021692
0.748119 1.365773 -1.092759
0.8543 -0.172502 -1.047417
0.897828 -0.017139 -1.045258
0.622701 1.781358 -1.07949
-1.04527 0.328105 -1.262158
-0.517224 1.136781 -1.104746
-0.262578 1.82957 -1.067887
0.613551 0.114777 -1.030042
1.404127 1.392937 -1.11825
1.50398 1.017544 -1.107569
0.759666 0.500362 -1.052582
1.650807 0.21233 -1.065048
-0.768124 1.479103 -1.184457
0.925646 1.001047 -1.08974
-0.336163 1.463545 -1.082849
-0.806224 -0.95879 -1.356836
-0.72509 -0.944802 -1.314347
1.842211 0.523088 -1.07146
-0.129465 0.958899 -1.051677
-0.042877 1.120386 -1.057263
0.043123 1.593742 -1.062052
-0.292825 0.274428 -1.023932
1.092252 1.092649 -1.101887
2.043112 1.731346 -1.094303
-0.441996 2.042754 -1.081369
0.840435 -0.50182 -1.084942
0.797911 -0.399496 -1.067026
-0.516278 1.058452 -1.100259
0.562633 -0.182426 -1.033839
1.970802 1.779009 -1.097712
0.722652 1.681202 -1.089327
1.870759 0.442424 -1.065727
1.102626 1.02154 -1.099122
1.016656 1.029476 -1.095648
0.909807 -0.726761 -1.144714
0.831455 -0.583853 -1.102144
1.248413 0.852249 -1.095363
0.117605 -0.398324 -1.032442
0.305297 -0.492401 -1.050845
-0.702745 -0.533625 -1.145212
-0.66581 -0.477187 -1.121496
0.287036 -0.043076 -1.013569
0.363049 -0.2014 -1.022102
1.313412 0.255304 -1.066101
1.514343 1.287837 -1.116866
-1.028689 0.137246 -1.243537
1.968246 -0.764493 -1.181902
0.880885 2.086252 -1.074474
0.34342 -0.352696 -1.033781
0.37638 -0.447189 -1.047599
-0.394527 1.958341 -1.073668
2.0893 0.488892 -1.053154
1.947283 -0.634499 -1.128068
-0.690186 1.494155 -1.155957
-0.56072 1.372007 -1.119072
0.918349 -0.557502 -1.100555
-0.659509 -0.062454 -1.083933
-0.07632 0.223665 -1.012496
-0.261926 0.191625 -1.019181
-0.167273 0.172662 -1.013949
-0.939937 -0.408767 -1.220464
1.530963 -0.408536 -1.09396
1.614247 -0.389506 -1.091141
-0.648961 -0.606659 -1.146685
0.190974 -0.178861 -1.014054
0.390427 0.929314 -1.056099
0.514575 -0.505335 -1.06374
1.382939 -0.774031 -1.189864
0.848283 1.936487 -1.083487
0.718122 0.716387 -1.06235
0.530238 0.391991 -1.033298
1.328851 1.414688 -1.117488
0.017445 0.265901 -1.013061
-0.227093 0.314353 -1.020958
2.071669 0.580097 -1.05925
1.015653 1.133316 -1.100467
0.675062 0.351108 -1.040143
0.544112 0.241392 -1.027975
-0.076618 0.492897 -1.023611
0.210954 0.250938 -1.014708
-0.929188 0.985318 -1.245527
0.099298 0.615167 -1.029561
-0.372186 -0.011575 -1.026387
-0.448267 0.003596 -1.038118
-0.531103 0.029704 -1.052376
0.933438 1.092693 -1.094667
2.065968 0.190494 -1.041668
0.065206 0.175362 -1.010013
0.105673 0.084811 -1.008006
1.237794 -0.17658 -1.064958
1.224517 -0.093085 -1.061392
0.659189 0.760159 -1.061404
0.524701 0.702928 -1.050371
1.064869 1.317678 -1.109242
-1.053803 -0.38841 -1.285569
-0.044573 0.042252 -1.008489
1.423682 1.162268 -1.113112
1.644139 -0.312535 -1.081841
0.847329 0.457903 -1.055441
0.828271 0.358167 -1.049594
1.315482 1.839098 -1.109716
1.233467 1.879109 -1.105821
0.015577 0.634517 -1.03025
0.049411 0.539117 -1.025137
-0.026267 0.560118 -1.026377
0.960815 0.043218 -1.047965
1.040208 0.024765 -1.050601
1.248601 1.361094 -1.115381
-0.438692 1.109189 -1.08735
-0.438434 1.277773 -1.09327
-0.87086 -0.757069 -1.287333
-0.941681 0.259691 -1.197455
-0.357971 -0.149699 -1.031082
0.820537 -0.81585 -1.177533
-0.078646 -0.996405 -1.226179
-0.41986 1.433771 -1.093084
-0.578762 -0.451454 -1.095781
2.01188 0.141544 -1.045171
1.939543 0.2763 -1.054035
-0.201207 0.977165 -1.054779
-0.290546 0.77841 -1.050568
-0.179584 0.719806 -1.039812
-0.986024 -0.552698 -1.276511
1.704253 -0.673557 -1.152895
-0.600031 -0.274829 -1.080522
-0.323752 0.122489 -1.022552
-0.232358 0.095069 -1.015594
1.29616 -0.053022 -1.061964
-0.899268 1.687269 -1.254568
1.844591 -0.027819 -1.057409
-0.622426 0.377643 -1.084115
0.157233 -0.33237 -1.025817
-0.540713 0.205793 -1.055986
1.751783 -0.020464 -1.060421
1.390333 -0.160041 -1.067698
0.474277 -0.863177 -1.168932
1.460587 1.851342 -1.110445
1.568213 0.362978 -1.072231
0.312616 0.597188 -1.033794
-0.543286 0.114875 -1.055263
-0.323319 -0.066424 -1.022788
-0.465476 1.51247 -1.100995
-0.376758 1.626231 -1.087171
0.752271 -0.034848 -1.038111
0.703693 1.284054 -1.088292
0.086566 0.345285 -1.016179
-0.323166 1.968633 -1.064167
0.774374 0.186057 -1.040299
0.250287 1.695241 -1.064903
1.204625 1.292907 -1.112794
1.769426 -0.646619 -1.143151
-0.505043 1.445888 -1.108717
-0.600344 1.513465 -1.131749
-0.481123 1.203332 -1.099547
1.567572 0.175508 -1.064754
-0.085333 -0.525892 -1.053931
0.009776 -0.501276 -1.046956
0.609903 1.870343 -1.073243
-0.102442 0.72354 -1.036788
0.880513 0.067189 -1.044328
1.569031 1.927872 -1.105472
0.538435 0.549651 -1.042184
1.836318 0.664935 -1.080031
1.811125 0.373027 -1.065941
-0.942881 0.890693 -1.247742
0.453833 0.436549 -1.031154
0.195334 0.492409 -1.024752
1.493506 1.104255 -1.111428
0.61465 0.046177 -1.029523
-0.192725 1.873116 -1.06054
0.917134 -0.10797 -1.047277
0.82382 -0.082713 -1.042984
-0.811819 -1.012059 -1.399306
-0.364059 0.394556 -1.036832
1.728351 0.253541 -1.065239
1.587958 0.711609 -1.089756
-0.106082 0.571813 -1.027894
0.038601 1.133457 -1.0575
-0.397005 -0.23564 -1.041422
-0.442295 -0.318229 -1.053971
0.820006 2.025228 -1.075768
1.066829 -0.731448 -1.159256
-0.610807 1.289917 -1.129503
0.193585 0.850937 -1.044871
-0.864667 0.692056 -1.189743
0.387053 -1.052429 -1.269081
-0.158556 -0.796407 -1.131161
-0.862773 -0.159926 -1.161508
0.25619 -0.824728 -1.141658
1.375063 0.757085 -1.092341
1.473458 -0.773781 -1.187992
1.041263 0.500344 -1.067546
1.090991 -0.497961 -1.099439
2.007557 0.970647 -1.085951
0.065374 -1.053686 -1.259851
1.374319 -0.349187 -1.082958
1.642021 1.017169 -1.106612
1.940925 -0.344397 -1.069928
1.93865 -0.258507 -1.061661
2.03598 2.106634 -1.071475
-0.144513 0.50963 -1.026408
0.688818 -0.830875 -1.172089
0.146201 0.994636 -1.05159
-0.256056 -0.936681 -1.203563
1.743982 0.645821 -1.082899
0.235065 1.860708 -1.05709
0.680082 1.923566 -1.074036
1.646475 -0.626656 -1.138454
0.678315 1.127515 -1.081471
0.082376 1.832015 -1.054995
0.16506 -0.557226 -1.058124
0.537438 0.992407 -1.067307
-0.594251 -0.014626 -1.066891
-0.818714 -0.805855 -1.282148
-0.22061 1.528251 -1.073833
-0.185468 1.191677 -1.064002
0.125575 1.574503 -1.06419
0.526252 2.068023 -1.055422
1.139565 -0.756159 -1.173354
1.12821 -0.65752 -1.139392
0.205372 0.930589 -1.04987
0.94663 -0.399809 -1.076285
0.118905 -0.614204 -1.068108
0.254542 -0.749442 -1.113071
0.20482 -1.056414 -1.263227
-0.977035 0.017698 -1.212846
-1.034739 0.404743 -1.260818
1.942429 0.822598 -1.082936
-0.937361 1.238119 -1.263062
0.60741 -0.702743 -1.117271
1.65009 -0.793325 -1.200318
1.763065 1.66764 -1.112107
0.538686 1.512079 -1.081545
1.869736 0.756381 -1.083863
-0.013037 1.525416 -1.062563
2.096605 1.379224 -1.093072
2.060512 1.297227 -1.094072
1.991538 1.308488 -1.0994
2.003952 1.978324 -1.084107
-0.235634 -1.025724 -1.253283
-0.068761 1.687792 -1.06274
1.352956 -0.277724 -1.07494
-0.149212 -0.449158 -1.042067
-0.192798 -0.276031 -1.023762
0.037155 2.077063 -1.039953
-0.567804 1.822636 -1.115458
1.857437 1.048486 -1.099827
0.235452 1.007264 -1.054555
0.184279 0.77211 -1.039817
0.405548 1.096937 -1.064379
-0.026127 1.209112 -1.059903
0.588684 -0.099996 -1.031712
1.847596 1.234946 -1.107128
1.250899 1.09007 -1.1072
-0.805154 1.239721 -1.195815
2.009366 0.795499 -1.076769
1.965525 0.740662 -1.076778
1.853424 -0.656724 -1.142458
1.233108 1.974086 -1.099612
-0.844319 -0.242739 -1.157996
0.947033 0.123815 -1.048315
0.783335 1.796398 -1.087684
1.853701 1.139022 -1.103764
1.189258 1.217362 -1.110232
1.712627 -0.30012 -1.077956
0.678365 -0.743595 -1.137825
0.689217 1.047962 -1.078763
0.329375 -0.867285 -1.164003
-0.867819 1.195799 -1.22109
1.014442 -0.243716 -1.059201
1.934095 0.134874 -1.051254
1.664857 1.392732 -1.116608
-0.82483 1.675579 -1.213202
1.762712 0.516797 -1.075376
1.487765 1.917246 -1.106333
-0.22507 0.391168 -1.024068
-0.045801 0.966806 -1.049874
0.771504 1.020584 -1.082208
-0.607573 0.073468 -1.069772
1.805596 0.218652 -1.060525
-0.503556 -0.236314 -1.057661
-0.523229 -0.155089 -1.056165
1.42439 0.81978 -1.096298
-0.260037 -0.569815 -1.070558
0.55891 -0.030989 -1.02757
-0.647789 1.880297 -1.135069
0.708774 1.750374 -1.085858
0.535715 -0.667402 -1.100863
1.164163 0.350101 -1.064905
-0.904099 0.55927 -1.200827
2.088749 1.227092 -1.089965
-1.05917 -0.098485 -1.266001
-0.062799 0.314419 -1.015436
1.604176 -0.238184 -1.07604
1.942308 -0.49763 -1.092888
-0.757993 0.054224 -1.113839
0.637151 0.835091 -1.064471
2.043945 1.454023 -1.097951
-0.44613 0.21794 -1.039201
1.883276 -0.561033 -1.108924
0.187018 1.073507 -1.056578
-0.229204 -0.410868 -1.041609
0.172071 1.724046 -1.061091
0.102471 1.661473 -1.061594
0.939681 1.198144 -1.099062
-0.135083 0.801813 -1.042724
1.78263 1.090884 -1.104999
0.757286 0.407914 -1.047661
-0.873732 0.134571 -1.160712
-0.840138 0.066057 -1.145365
0.411747 -0.277374 -1.030636
0.093434 1.061393 -1.054106
0.583336 -0.26112 -1.039827
1.518122 0.785352 -1.094368
0.670786 -0.655024 -1.10833
1.539315 -0.54121 -1.116153
0.802782 0.744143 -1.068894
1.448397 -0.2993 -1.078808
1.546792 -0.325019 -1.083305
1.151857 2.019958 -1.093693
0.17785 0.585116 -1.029311
1.151117 1.344737 -1.112325
-0.644719 -0.140346 -1.083264
1.077445 1.965029 -1.094429
1.155919 1.926929 -1.10028
0.755515 -0.782317 -1.161331
0.377088 0.458724 -1.028334
-0.485024 0.151909 -1.044328
-0.379346 -0.9696 -1.235808
1.709243 -0.596402 -1.129405
-0.426457 0.564128 -1.053902
-0.344527 0.569175 -1.044456
-0.263713 0.566587 -1.036415
1.771717 0.726039 -1.08659
2.082628 -0.250949 -1.049218
0.472032 -0.69791 -1.106091
1.567308 1.78557 -1.112844
0.94439 0.475119 -1.061503
0.10031 0.829852 -1.04129
-0.300839 -0.728197 -1.116829
0.779649 1.511402 -1.095366
1.267934 0.115545 -1.06207
-0.003591 -1.027303 -1.244046
0.498467 1.07762 -1.068808
1.844399 1.34398 -1.109134
0.4465 1.241755 -1.072384
0.980068 1.297339 -1.104666
1.777764 -0.431885 -1.09044
1.63737 1.62815 -1.116744
0.37095 -0.038591 -1.017138
0.785106 1.711079 -1.091624
0.100504 0.758595 -1.037395
-0.953139 0.484004 -1.21958
1.318973 0.694355 -1.087592
1.531776 1.854073 -1.110057
1.256141 -0.259448 -1.070566
1.806312 -0.512857 -1.102863
1.207237 -0.697403 -1.156726
0.575913 -0.959604 -1.226246
-0.183972 0.883584 -1.049838
-0.801615 0.460629 -1.146949
1.847486 -0.211483 -1.064238
-0.884563 0.477789 -1.184627
-0.177381 1.118236 -1.060547
0.786163 -0.154472 -1.043808
-0.783239 0.137382 -1.123401
0.062233 -0.932321 -1.186689
-0.738818 -0.451209 -1.140875
-0.687884 1.298296 -1.153638
1.454308 0.742106 -1.091755
-0.592837 -0.357495 -1.086716
-0.870105 1.618642 -1.238427
1.401607 1.890866 -1.107401
0.613028 0.500268 -1.043724
0.144904 -1.017834 -1.237975
2.005419 -0.699323 -1.151502
-0.725897 0.210876 -1.103561
0.860017 1.453118 -1.099888
1.634993 1.467559 -1.117792
-0.821257 0.206629 -1.138818
-0.408787 1.342089 -1.089674
-0.349271 0.728622 -1.052961
2.109845 1.698239 -1.089787
-0.476329 0.478315 -1.058843
-0.420611 -0.898682 -1.204096
-0.792362 -0.880097 -1.302348
-0.408626 -0.400302 -1.057216
0.994526 -0.775736 -1.169957
1.070521 -0.589733 -1.118157
0.125287 -1.070284 -1.270233
1.551085 1.624411 -1.117864
0.13037 2.080192 -1.040556
2.013953 1.070804 -1.08976
1.463619 1.624628 -1.118261
-0.828512 0.543754 -1.162711
1.302612 0.935071 -1.101278
-0.652843 1.222704 -1.142092
-0.131425 1.832471 -1.059305
-0.930763 -0.213284 -1.194936
0.763484 -0.459162 -1.072391
0.333632 1.663674 -1.069018
0.264716 0.873452 -1.048432
-0.502904 -0.881779 -1.209849
1.443819 -0.918413 -1.261423
-0.744865 -0.810494 -1.254495
0.287844 1.527314 -1.070128
-0.467897 -0.757184 -1.149162
1.449185 1.466735 -1.119106
0.947284 1.632182 -1.102702
2.044578 0.426889 -1.053551
1.381824 -0.088491 -1.06398
0.703016 -0.914514 -1.21478
-0.983905 1.045978 -1.279437
1.497802 0.60912 -1.08436
1.417325 0.479364 -1.077565
0.992321 -0.616369 -1.11878
0.485649 -0.953257 -1.215337
0.06981 0.440271 -1.020152
1.525986 -0.905113 -1.254768
-0.092686 0.885273 -1.046476
-0.79581 1.153202 -1.18935
1.479084 -0.469824 -1.102502
0.461944 2.008493 -1.056994
0.328911 -0.78427 -1.130564
-0.898503 -0.002077 -1.172899
1.295446 -0.466281 -1.097758
0.362422 1.378284 -1.071691
1.249496 1.539104 -1.116664
0.02274 1.27909 -1.060704
-0.860624 -0.671657 -1.248689
1.687757 2.023607 -1.096653
-0.384812 0.299787 -1.032963
-0.936108 1.157993 -1.258119
0.294621 0.936664 -1.052864
0.998672 1.767386 -1.101268
0.700352 0.629525 -1.056313
1.200162 0.067094 -1.058855
-0.141833 1.70136 -1.065385
-0.218026 0.789617 -1.046072
-0.738287 0.438097 -1.121798
0.098819 -0.163502 -1.011903
0.996163 1.990792 -1.088098
1.64951 1.94206 -1.102941
0.551083 0.464252 -1.038041
0.065658 1.927292 -1.049431
1.857834 1.914476 -1.097066
-0.301718 0.643928 -1.04402
0.679365 0.451787 -1.045248
-0.004809 2.004791 -1.044342
-0.290897 1.651792 -1.078644
0.204473 1.54151 -1.066808
1.970861 1.854829 -1.094086
0.193229 -0.792249 -1.125116
0.80303 1.284939 -1.094226
1.087643 -0.971124 -1.275882
-0.106994 -0.613082 -1.072951
1.560226 -0.780515 -1.192444
0.6308 0.681651 -1.055208
2.085414 -0.33276 -1.055575
0.249539 0.634487 -1.03382
-0.00271 0.46618 -1.021305
0.328505 1.310541 -1.069247
2.007199 0.667389 -1.069113
0.260543 0.716717 -1.038794
-0.25305 -0.798108 -1.138984
-0.116915 1.903812 -1.054797
0.019981 1.683179 -1.06
0.443547 1.514066 -1.076394
-0.929635 1.322185 -1.262544
-0.235089 1.605086 -1.074306
1.065538 2.054963 -1.086863
1.730306 -0.514622 -1.106755
0.571352 -0.344189 -1.045648
1.077459 1.775321 -1.104924
-0.684918 -0.214296 -1.098904
1.283058 -0.942598 -1.271214
-0.587917 0.561362 -1.083307
1.723133 1.456439 -1.115541
1.677316 0.705881 -1.088006
1.776306 1.526414 -1.113459
1.860621 1.506054 -1.109597
0.934786 -0.204643 -1.052794
1.732117 1.603775 -1.114551
0.648852 -0.29993 -1.045893
-1.045521 -0.552959 -1.311763
-0.780437 -0.183227 -1.127648
-0.079423 0.130995 -1.010267
-0.678511 -0.314465 -1.105682
-0.451221 -0.152838 -1.043572
1.229107 -0.519274 -1.107283
1.707318 0.783645 -1.09205
-0.188448 1.775449 -1.065685
1.697029 -0.73736 -1.178636
-0.540548 -0.734295 -1.158175
0.231781 -0.988874 -1.221784
2.082952 1.020952 -1.082184
1.903647 1.83673 -1.098919
2.084994 -0.404337 -1.064152
0.012794 0.104921 -1.008376
0.535951 1.990674 -1.061671
1.61589 0.775698 -1.092924
0.646719 1.375867 -1.08681
1.081755 1.875515 -1.100101
-0.654521 0.528871 -1.098854
0.090938 1.748505 -1.058469
1.774302 1.897894 -1.101773
1.00929 1.840792 -1.09838
1.043152 0.775436 -1.083433
-0.754742 -1.008066 -1.365494
0.321016 -0.953847 -1.206908
0.623788 1.480074 -1.086395
1.114551 1.576946 -1.111793
1.144674 -0.938893 -1.261366
0.79221 -0.225177 -1.047808
0.417143 1.323441 -1.073597
1.693529 1.879867 -1.105733
1.789565 1.000637 -1.101039
1.344563 -0.695318 -1.157289
0.9011 0.528398 -1.062099
1.865154 2.071735 -1.086076
-0.351631 -0.322269 -1.042242
1.110908 0.735748 -1.084358
0.360086 1.887012 -1.060503
-0.775514 1.989015 -1.179246
-0.84379 1.950918 -1.217027
1.439445 1.324126 -1.117644
1.865838 0.955149 -1.095111
0.727129 -0.344251 -1.055269
0.256602 -0.663903 -1.085449
1.716463 0.964025 -1.102035
0.122258 0.516048 -1.024761
1.968996 2.05272 -1.081444
0.627425 -1.017677 -1.266352
0.295428 0.395842 -1.022236
-0.510119 0.555142 -1.065457
1.285488 0.030362 -1.061285
1.675635 0.485586 -1.076702
-0.604563 0.14847 -1.069321
-0.144761 0.350741 -1.019007
1.308549 -0.130486 -1.065095
1.04208 1.534408 -1.108626
-1.009869 -0.637076 -1.316695
-0.639871 1.370116 -1.139012
0.156521 1.887817 -1.053117
-0.582536 2.072309 -1.110921
0.420531 -0.5301 -1.063743
1.499368 1.383087 -1.118548
-0.954804 -0.072896 -1.203055
0.554358 -0.585025 -1.080927
0.215943 -0.260607 -1.020876
0.076122 -0.076119 -1.0087
0.582395 0.328117 -1.033643
-0.508802 -0.06664 -1.049799
1.888699 0.061909 -1.054226
0.496886 1.376398 -1.078297
1.736522 -0.794869 -1.20216
0.736126 -0.105586 -1.039806
1.063726 -0.054566 -1.052133
0.535919 0.840122 -1.059022
-0.684742 0.125088 -1.090102
0.021998 0.788156 -1.038591
-1.051774 -0.004731 -1.260152
1.319761 1.03059 -1.106527
-0.406749 -1.030446 -1.276527
2.066694 1.632987 -1.094743
-0.3473 1.713908 -1.081626
1.985891 -0.555122 -1.099902
0.072086 -0.989891 -1.220438
0.338601 0.035569 -1.015076
0.690958 1.542698 -1.090237
0.35004 1.463915 -1.072501
1.084549 -0.192791 -1.058997
0.580307 0.75997 -1.056887
1.604996 -0.870133 -1.237641
1.702822 0.050966 -1.061715
1.616119 1.180208 -1.113104
0.473218 1.16514 -1.071073
-0.710596 0.368116 -1.106778
-0.789262 0.701559 -1.153899
-0.50083 -0.38642 -1.069312
1.089422 -0.116735 -1.055537
1.649767 0.839409 -1.096463
1.334478 0.434165 -1.074045
1.334624 0.518128 -1.078206
1.872958 -0.749657 -1.179542
0.747743 -0.616238 -1.10538
1.408161 0.389869 -1.072838
2.033389 0.27232 -1.0472
-0.531911 1.549664 -1.113929
-0.93971 -0.630039 -1.271773
0.210262 -0.029408 -1.010385
0.931244 1.379056 -1.103039
1.797784 0.587624 -1.077783
1.928179 1.097204 -1.097103
0.090379 2.010835 -1.044522
0.960924 0.31729 -1.05478
-0.383594 -0.475021 -1.064732
0.944802 -0.30376 -1.062269
1.621792 -0.073273 -1.065436
0.66218 2.089261 -1.061474
1.926864 -0.170095 -1.056447
0.908464 -0.641417 -1.120453
-0.783165 -0.52184 -1.168948
1.381739 1.463653 -1.118808
1.252979 0.397606 -1.070099
2.111556 1.459595 -1.09302
0.751496 0.32986 -1.04357
1.779376 -0.083908 -1.062332
1.332136 0.610569 -1.083043
-0.845125 0.627066 -1.17573
0.148506 1.95716 -1.048553
-0.577237 1.911302 -1.113886
0.453992 -0.435826 -1.050576
0.601739 1.288937 -1.082606
0.482354 -0.347008 -1.041353
0.511516 -0.265145 -1.035958
1.520418 0.040171 -1.062704
-1.037937 0.069023 -1.249824
0.030221 0.892453 -1.044624
1.098982 -0.287804 -1.066651
2.095888 1.105324 -1.084633
0.729995 2.060576 -1.067668
-0.323407 -0.512225 -1.063447
1.091686 -0.422011 -1.085509
-0.318482 0.485354 -1.037888
0.260909 -0.565603 -1.061743
0.855832 1.664259 -1.097227
0.842664 0.220972 -1.045282
2.125797 2.074591 -1.067767
1.509771 0.697265 -1.089278
1.391075 0.305061 -1.068711
1.119953 0.809242 -1.088799
1.68063 1.545639 -1.11671
2.053173 1.539725 -1.09736
0.287999 -0.429477 -1.041299
0.603939 -0.621951 -1.092656
0.325749 -0.123685 -1.017152
-0.67744 0.457917 -1.102948
0.515776 1.91533 -1.065819
0.417611 1.616077 -1.074323
0.874673 0.298416 -1.049428
1.155222 2.109173 -1.086536
-0.462268 1.683707 -1.098829
0.484702 0.631298 -1.043813
0.248663 -0.109715 -1.013852
0.609509 0.194903 -1.030566
1.750057 1.750119 -1.109875
0.398386 -0.726848 -1.111278
-0.025661 0.868653 -1.043465
0.850381 -0.439009 -1.076426
1.254182 0.29218 -1.065971
1.19105 0.798777 -1.090583
-0.952026 0.409536 -1.213149
-0.41873 1.72075 -1.090499
