-0.9644461673661713 -0.17657728393749517 -0.1966317701948494 -0.29977300760398456 0.9528835011362994 -0.04635921887057111
-0.9757465070922884 -0.1954326369918788 -0.09861459473931469 -0.5528242094706917 0.7388059643707204 0.38542332627042014
0.0365169463774294 0.9946868469287697 0.09625273593083092 -0.9253774979924271 0.026197424880521424 -0.37814042515830687
0.8883276506425967 0.45916862832103655 -0.00617704375751603 0.11435524472460651 0.9907924114057051 0.07247948333730979
0.9998286714795812 0.017383278389236742 0.00635997797306878 0.5025627207672971 0.8614206806372138 0.07338339502565294
-0.9932481690404401 -0.0916713961138744 0.07109451337723931 0.02712330549867078 -0.9887773440403362 -0.14691388706097355
0.0571406171425744 0.9977380769545383 0.0354073391774299 -0.9533877485481195 0.027195089606124902 -0.30051992948831613
-0.9965871079853611 0.02330987875793308 -0.07918829300890765 -0.058362692462683816 -0.9275486927401042 -0.3691168090518635
0.1482941691548532 0.9870524020009185 0.06112605908194134 0.9982760840940466 -0.03222572545340222 -0.04905468932587318
0.9289782160403707 -0.36603340860585043 0.054945590422096985 0.15517982079183076 0.9866605825576685 -0.049194695303225865
-0.09278434953359507 0.9937701367286462 0.06174123280236129 -0.9786888468101244 0.19018066163840894 -0.07745616223546076
0.8197152940154728 -0.5424567125229358 0.18386830013881023 -0.552084630830501 -0.4893332825262511 -0.6750966590147173
0.9993385354404579 -0.006841245715665276 -0.035716787940386026 -0.04911767225096065 -0.8936112094754353 -0.44614623227423633
-0.016191217876859648 0.9956097032444494 -0.0921909066511628 -0.9534713369377774 0.06884468081887364 -0.2935180055142018
-0.08835337178871056 -0.9951888547272231 0.04234176567272542 -0.9537571259102214 -0.06384589157944447 -0.29371933355484064
-0.07981765688538679 -0.9959555128361146 0.04125237084918584 0.9754902497225701 -0.08954968486665169 0.20099658364380535
0.9998285534612722 -0.0019523602783186184 0.01841336397521113 0.04316951753752757 -0.9713606612663808 -0.2336554268569785
-0.9974954694630519 0.022513274615289267 0.06705177750650744 0.07218745201431348 -0.9966941478576101 -0.037279315955011966
-0.09220045662332736 -0.9954235812771464 0.025119108977634752 -0.897275898501755 0.04912045494161539 -0.43872900847128526
-0.9036393833701005 0.42759632811322507 -0.024438596657573645 0.39459124583047955 -0.9171465315009467 0.056035600021174865
-0.656000654686124 0.7533809555150532 -0.04561005282393375 -0.9920433699346941 -0.12566080339744415 0.0077016010104767295
0.7059399381144291 -0.6890751486631428 0.1637810833700388 0.3457448834849713 -0.9352125834409349 0.07640614711982269
-0.9988788006027072 -0.029774361189498794 0.03680528660742072 0.03503051104029616 -0.9484879390765995 -0.3148705967893489
-0.9949640799396572 -0.031402893805362604 0.09518580719036206 0.04771177207190323 -0.95130258075429 -0.30454389939052523
0.014408114942041708 -0.9987983128635541 -0.046843744990500556 -0.07188399201579287 -0.9960579931846919 -0.05197274193995994
-0.014351847934554246 0.9998867151268669 -0.004536669887373929 0.9499687614775167 -0.11509584129396369 0.2903658029687855
-0.10137318906392308 -0.9940094982769054 -0.04084842560374736 0.9982906124477131 -0.024404414528812837 -0.05310628635364797
-0.9903980873907765 0.12103841352623361 -0.06679319534012473 0.03874292597422841 0.9981876356021848 -0.04604812502019332
0.9999958529999255 0.00027128081507251533 0.002867122193143203 -0.027782866338705543 0.9985325838164526 -0.046484313427700784
-0.766008309034052 0.6428268752512034 0.0022088335306156763 -0.8546483781438764 0.519058800337042 0.01241416645257567
0.9951842192133343 0.0980216262693036 0.0003614031919484164 0.024892591019321335 0.9825120655973824 0.18452750436699103
0.9986011299475804 -0.04654650963790725 0.025083973129146016 0.04710673390387103 0.9678053856341107 0.24725228241316635
0.9254904103986564 -0.36956908000040395 0.0829831029052389 -0.556313033909949 -0.8309167151176059 -0.009655093996189176
0.0038782780769235016 0.9991992248719399 -0.03982295788201006 -0.9364172475944647 -0.3454572255623962 -0.0614983228579344
0.04036333666882677 0.9973142767246628 -0.06111492857004657 -0.9995051062884324 0.009176096431393388 0.0300888975808572
0.992364197503742 0.12318046967444317 0.006314380693106459 0.3444994167494328 0.9371385016629599 -0.05560198341968694
-0.2605331057847546 -0.9555237383879843 -0.13819148369997605 0.738566825658231 -0.584153559293142 0.33657638539011925
0.8703191422477811 0.13875889588910342 0.4725363049001882 0.754724999960067 -0.5431850973063532 0.36788602107115226
-0.9961534351495165 -0.08185248911712377 0.03128104322347968 -0.03446051547714159 -0.9701815388014539 -0.23991718288170338
-0.9984978685314858 -0.03476300890991952 0.04235020365486525 0.059830866793404366 -0.9863746405619964 -0.15324926047110984
0.9979506544099839 -0.04789780713722961 0.04242984131633686 0.05248526207654038 0.9653973934895311 0.25544700019451483
0.9730407194344594 -0.23006520481882678 -0.01617899422526239 -0.01738856531714414 -0.9776937226534742 -0.20931464946391765
0.9869773922755327 0.15613883686746913 -0.03868191772215025 0.25032572726751573 -0.9669972208282077 0.0474700450654094
0.997310526062565 -0.0675962819055141 -0.02832767687898712 0.0697417623973922 -0.9962459626661506 0.051284192975034726
-0.9970577878693027 -0.057751921493128695 0.05040320637642474 0.20103717028470106 0.9772866744486673 -0.0670433599171808
0.9991870558689295 0.03159653633207644 -0.025037697094506806 -0.06369503988507781 0.9895914535039746 0.12904145475748882
0.12983002052878714 0.9780224024616311 0.16314516864643583 0.8565782430880081 0.01769092780859875 0.5157138203902742
-0.03978388382000863 0.998167979810481 0.0455842809448526 0.9932985362477059 -0.0787051256812791 0.08463758668380575
0.8218988462617928 -0.5632996623233181 0.08470995773797788 0.889682248062725 0.20144830118900298 0.4097365976211067
0.9983161648318836 0.02764624360020992 -0.05099529635326599 0.005151753374324462 -0.9333617353679333 -0.3589001677181696
0.9986843592885255 0.007731528098913806 -0.0506929382234158 -0.04337160632763421 -0.9627148838281981 -0.2670186439562218
0.9992112225954132 0.020183552817241157 -0.03419878411659467 0.0011463604659288026 -0.9567185843736555 -0.29101243301919355
0.9934544326483651 0.09248023210461666 -0.0670499583981325 -0.014077311602366667 0.9730849171719597 0.23001646304230125
0.9981741478874931 0.037527886797516105 -0.04732893619752876 -0.001273226352051853 0.957139567857633 0.28962428512809474
-0.9991714882245502 0.029031405380037713 0.028522177700825626 0.27065328500216657 0.9605349442715161 -0.06418270912676845
-0.10959638358501815 -0.9629480139583774 -0.24641378841027192 -0.9072802359657618 0.35334971843523155 -0.22800559183417932
-0.995489054246673 -0.034490357232804914 -0.08838528233262606 0.012381313022330063 -0.970325045230689 -0.24148707974942363
0.060103888895321284 -0.995463944956329 -0.07374996157044267 0.8999853038246969 0.014674641306543395 0.43567316626353314
-0.5789935969966512 0.8152592848856953 0.010895551594300586 0.7973126772493015 0.6035092317661143 -0.008312753492421669
-0.9467576436288118 0.32174205911322795 0.011489631325678422 0.3318652169628377 0.941632946342993 -0.05650550532136364
-0.9926536875455566 0.12094811998966422 0.003195132731820873 0.1128067778961536 0.9925798623457884 -0.04538554534544721
0.10296808215392712 -0.9946583095437961 -0.007240256419489422 0.9812187539418642 -0.18536484802706418 -0.05338192604879187
0.821576748328176 -0.5700950632177737 -0.001807069789356791 -0.6110888721059485 -0.7912259412128739 -0.023062964685428206
0.9999263468920981 -0.0062435589498209135 0.010407630021459531 -0.2681691124613665 -0.96227612821311 -0.0459345207101269
0.9250839990821347 0.3729404917304349 -0.07165880455370775 0.016230510316227287 -0.998328879381593 0.05546187093461395
-0.1372438118528277 0.9900672890627122 0.03051064135867158 -0.9456245832185113 -0.32224419335353044 -0.04419080744622624
0.4563594023124236 -0.8893652715043235 -0.027667847098905973 -0.8202626332724063 -0.5691860289415389 -0.05653739395107913
-0.9946741961355442 0.09681864006052532 0.03534677466105491 0.10622213046971903 -0.9937206850063703 0.03515763343776412
-0.9988992261849845 -0.01642731839476878 0.043937218134471795 0.05601133313037774 0.9979735348200398 -0.030191958527936043
0.9983334578157916 0.03403329675984638 -0.0466051683531049 -0.09938878938245005 0.994669126052906 0.0274808701143001
-0.998840893034635 -0.04776867008096521 -0.005918155157550399 0.040520675723084786 -0.9521318970754 -0.30298997575917364
-0.30064474645339606 -0.9536585139070937 -0.012172726994661603 0.9984223063652805 0.028558374623072015 -0.04834581048159374
0.9990501855231493 -0.014039324004893371 0.04125074772227373 -0.02305044981047315 -0.9899742256319962 -0.13935461724630543
0.061601777625127196 -0.9980516839262731 -0.009902383821836466 -0.9983651386149697 -0.03149885040638467 0.04769562266485848
0.25076968427919816 -0.9675315224674814 -0.031580349558999334 0.9791130250436254 0.19722829167653866 -0.04938304519038007
0.9919263807611163 0.11946812251744575 -0.04253731129619787 -0.5264051249779033 0.850214837389817 -0.005689875148499125
0.9985411322181749 -0.052382514191444 -0.013102651465580997 0.07081474958567273 0.9962369256153231 -0.04997258530081881
0.3652725201925989 -0.9309006215738107 0.0001369147191375816 -0.5275065379342662 -0.8495503876658608 0.000995617090209277
0.2353786975625099 -0.9718597350675409 0.009247923454802428 0.15846487987326324 0.9873055551179416 -0.010799198118622157
-0.9988281910982222 -0.04834185406205892 -0.002304303212638866 -0.9868657130202452 0.16142312146335366 -0.006216134013239606
-0.9977390865774398 0.043036520813966334 0.051619502049566945 -0.15483409478129417 -0.9859802147292764 0.06220465622176017
0.9531214203379149 0.29479950570332364 -0.06821150584843844 0.24223935357983922 -0.969253822541597 0.043210219459337174
-0.9975552034745679 0.054702661229669054 0.0434883303336141 0.07070692341530342 0.9960492281596854 -0.05372584167453547
0.98887559512041 0.14351482107609634 -0.03909671989759988 -0.010611859802698758 0.9687107648752061 0.24796540574527967
0.1119639780293404 -0.9934761177144196 0.021662667308760163 -0.8480613670834795 0.09520881390181961 -0.5212745911857865
-0.09614228915189806 0.9938648646839849 -0.05467440885201437 0.9965808402483783 0.08219538116794964 -0.008399295475909691
-0.10222408294882275 -0.9944833801799147 0.023516875030575594 -0.8983584079455752 0.03875900121893202 -0.4375498950954076
-0.9970376019044904 0.011716221171600816 0.07601809356989249 -0.030311375933940253 -0.8706152455216185 -0.49102985118455184
-0.9975484044772271 0.06905134796069094 0.011361869113399897 -0.0962817311466663 -0.9937180520697079 0.0570461325436401
-0.9982319594511985 -0.04455987889654968 0.039336653682612396 -0.11976436964033384 0.9927121863011542 -0.013379496770660677
-0.9779120166314735 0.19902086346695147 -0.06386535549602435 0.10318145148455578 -0.9904205167489897 -0.09176485205243098
-0.9976901286082913 0.019773301901640807 -0.06498787432650653 0.07037713343187633 -0.9694513028977981 -0.2349707011515979
-0.9982924910643627 -0.04540588248303476 0.03674789953787701 0.002670298012054055 0.9907858406258393 0.135411548709392
0.07424619918404826 0.9932076557015432 0.08958825013676484 0.9836562305052517 -0.14004942865331452 0.11316615095548238
-0.1719200315197517 0.9847269474489275 0.02750166777060511 -0.9485823717289814 -0.3130714006180639 0.04666671361971211
0.9776362774965037 0.20794985900576166 0.03137140516877059 -0.3047980336114315 0.949548996907059 -0.07385703202405786
0.14518773108255503 0.9889598228087804 0.02964779271927963 -0.9506738647658094 0.044033101729133065 -0.30705095473447286
-0.1463327985081649 0.987585705691904 -0.057106794637704045 0.9896752716895478 0.1260786315894446 0.0681691665106221
-0.9013713340296539 -0.4314350529916941 0.03732979024393787 -0.33821210276109337 -0.9394290403943849 0.05554864183402536
0.9954143995814944 -0.08664414443791893 0.040533508859142676 -0.033410364490132946 -0.9319747555576493 -0.3609803354033243
-0.998092115544848 -0.011137572950426066 -0.06072959209465912 0.012821305632598045 0.9285752362413496 0.3709226937802499
-0.9338907461688245 0.35095906512295005 0.06837988613811335 -0.11753435411093893 -0.9903710385209297 -0.07314972086549502
0.048529564565838755 0.9975944188529198 0.04950006905606812 -0.9120206979443326 -0.04461520892917375 -0.4077103501915774
0.9409160147489227 0.33858687150878514 -0.005998635753114343 0.026811002483347078 0.9971818976661728 0.07006734697937769
0.4191807277524414 0.832157164606611 0.3630454115876128 0.6062861471684398 -0.744735722294348 -0.27890107868268377
0.9062758895684397 0.42116157417043554 0.03587395195979604 -0.3725706351226926 0.9245829442846872 -0.0796084228089745
-0.022449551328542358 -0.9980891551412363 -0.057567838543758514 0.9528229475858702 -0.016184864841764793 0.303094837804651
0.49938554227905146 0.8142513164585492 0.2959879622690377 0.8546143210970437 -0.08606535912249173 0.5120811616677141
0.0396007495471557 -0.998360070216209 0.041339458549789536 0.9578204048452214 0.07832626976202431 0.2764870114983756
-0.14251198900661644 -0.9897396315924142 -0.01028565237067946 0.8901520969643856 0.02390520968307928 0.45503602628793594
0.1304046203869996 -0.9914292163340225 -0.007921109835650841 0.9930727161860222 0.10345863798864599 -0.05570359586642952
-0.17177664402020454 0.9838119455553642 0.051057226243941795 0.9978915155793756 -0.004495284176520605 0.06474809305971083
-0.9974658632608989 0.013459415578453341 0.06986197650708328 0.007525910894951463 -0.9162211161185876 -0.40060233030227227
-0.9960487890551625 -0.032988010857585334 0.08245362915847992 0.041238125307172725 -0.8956322338640916 -0.44287957582707194
-0.41736239638544614 -0.8870913552902495 -0.1971739269089757 -0.7507963334301583 0.4690313856613189 -0.4650961459445279
0.033544968941138856 -0.9939177543573194 0.104891527932627 0.8916424447643032 -0.05744122926637431 0.44908156928903714
0.996583895833574 0.012805964418968087 -0.08158765740279592 -0.014279705762113308 -0.883757092764589 -0.46772800962913164
0.03294815276503803 -0.9993693096214705 0.01324395016893155 -0.9509841505208261 0.006370826396347138 -0.3091739931320394
0.04876847123942908 -0.9985771901722388 0.021569225314908944 0.978210563989424 0.0538289323075693 0.20051568154665714
-0.014924642240989265 0.9996039024133432 0.02385986869188317 -0.9978236575547929 0.028555343345797565 0.05943518141958693
0.9809721983007426 0.18314486602886898 -0.06443216749633987 0.9135944454595865 -0.4056537584491827 -0.02811080720012878
0.11235874677506237 0.9918817881852497 0.05954855405103334 -0.9806423249365074 0.03489134468819306 -0.19267388149142356
-0.06565540626961505 0.9968937489006207 0.04349966701525471 -0.9730712071148635 -0.04768048956131078 -0.22551939339936186
-0.055416886824259645 -0.9957430000356446 0.07365355751571874 -0.9765489899985096 -0.07292225855885258 -0.20256952964245822
-0.0043210226666258005 0.9983323312061618 -0.05756635503125748 -0.9878810076479501 -0.09715044280012634 -0.1210491891431334
0.4654404629747811 0.8824088931265721 0.06870022384941066 0.34259795239810714 -0.9391710585851616 -0.024173657742495497
0.9990811590807553 0.02006868018361737 -0.037869323278110746 0.024668527133896764 0.9844297645805912 0.1740387956084674
0.9969127680395644 -0.07393404276702135 0.02643274938060173 0.005046125733374995 0.9288534958875256 0.37041290446285136
0.9885057961569623 -0.12972612024355873 0.07763649071566728 0.8390287025008194 0.5426323526526988 0.03976136610314611
-0.029215463748085438 -0.9978063859020397 0.059404317444895396 -0.9986143678993927 0.05253630730082875 0.0030464143003061535
-0.941951857435292 0.3328866759747898 -0.04373967572649151 0.3949087835156953 0.9178687573398007 -0.0395474019582031
-0.9939114053355425 -0.09291009585454063 0.05922695697253724 0.06082832039585687 -0.9795887370572663 -0.19158763443492013
0.034058704429844856 0.99849743646725 0.04292870858633486 0.9492816378477699 0.009063168476300858 0.3142964063145261
-0.9982751756425031 -0.0407231356131021 0.04228829532821525 0.05127944622505225 0.9879006607633841 0.14636496458552192
0.9945085773277866 -0.0972695474288795 -0.038617674249529846 0.07583138555444427 0.9857341292444597 0.1502592007417853
0.9930389803287216 -0.10182061711168126 0.05921271382641545 -0.04737581902518316 0.988648761234766 0.1425803586776795
0.9795517523911408 -0.20078778120386798 -0.01275269801543267 0.05622996454886938 0.9675166365437542 0.24647464189626883
0.9963514598354617 0.060261809860061764 -0.060434119139224036 -0.0885831020465702 -0.9890665502039507 -0.11789992917496865
-0.06955812344936478 0.9972497492513006 -0.025585251228413132 0.9994348587634414 -0.013861986770885425 0.030623657705495955
0.023696125531474474 0.9985957468575355 0.047381726359826584 0.8711159157862719 -0.07461448283247203 0.485375875189
0.13586854410612895 0.9900210286433239 0.03739119637690051 -0.9979124468084002 -0.0161252160898391 -0.06253579703599874
-0.009785943475468685 -0.9999249331870838 -0.007373147299563392 0.9442511416163795 0.0008297573602842186 0.32922498850920656
0.9981319778047582 -0.024414235581980817 -0.056004463969485274 -0.036990291679426246 0.969775092315587 0.24118040684468087
0.9954365629135635 0.09542120910306934 0.0009176427079071285 0.015179893571207033 0.9581938217527995 0.285716941720177
0.9942208256645898 0.10391523389208564 -0.02695503626364467 -0.03746402562863811 0.9341047708201171 0.3550277790748117
-0.4026113085128784 0.9145704846463095 -0.03827483339431361 -0.9571859672733625 0.0650664042693873 -0.2820662813779951
-0.9984217643832506 0.041663955462247805 0.03765760508950132 0.01519003613474064 0.9758972513196302 0.21770121191443972
-0.998080715252056 0.05571731871773099 0.02702713889502739 0.005137072120855888 0.9418652985648063 0.335951439719275
0.9962829398784308 0.015906060328602707 -0.08465991348929 0.013475469368652826 0.9567096794094898 0.2907318370070357
0.13149947978320736 0.9896256388507924 -0.05787038746981834 0.9925252614442632 0.1063115916349191 -0.05992871497910795
-0.7597036655066849 0.6502288344636719 0.007266598084510443 0.7151253155732425 0.6942394839673596 -0.08140836521515792
0.939813943287035 -0.34121999760957966 0.017851197007262974 0.0023352785270331976 0.9983574988137184 -0.057243786008765896
-0.9988088923305248 -0.044377284592396926 0.020284309543963923 0.09084802600624155 -0.9941038418506153 0.05919618052388229
0.9754067133240427 0.21817032047664867 -0.031360083952455146 0.27354739477004114 -0.96047461468939 0.051578458214560724
-0.9732740465900312 0.22910236046510846 0.01580312195678641 -0.1932959004565 -0.9791838259026125 0.06193327019811803
-0.08252216726265048 0.9939306864554998 0.07274532584554068 -0.8657333603689671 0.006315651740272474 -0.5004656444625862
-0.9955102485841697 0.09439448859138506 0.007001820295854244 0.020459048902309845 -0.998892139438125 0.04237830915383507
-0.974010319758618 -0.22608905319416633 0.013698066632931521 -0.19174425353105978 0.9807688577165642 -0.03642236910419707
0.993414431943005 -0.010245613754377249 0.11411745618507467 0.1516550013383278 -0.9315848704658134 -0.330379160493312
0.952021278443672 -0.2759333562761835 0.132349039606025 -0.5755247698613329 -0.7700984915692847 -0.2751718600416332
-0.25635475106180505 0.9641330265546549 0.06877316856595406 -0.970292728806943 -0.1784967720852746 -0.16331234729656546
0.990611324310098 0.1365725699284352 0.006094037392097941 -0.026754563182816268 0.9879191313309356 0.1526433205195244
-0.08765293704063529 0.9911196896730967 0.09999361664853923 0.9053912578725491 0.0417920956361859 0.42251637945800313
-0.03349499265719528 -0.9970013513711367 0.06975952143630117 -0.9938598582297954 -0.049315523415176615 -0.09904827787366245
-0.8232664238876951 0.5646760733435268 -0.05808035375668803 0.2647604566858866 0.8963553684440819 0.3555966170212464
-0.6184827433589579 0.7854931569719346 -0.021899692176862606 0.9904523520447355 -0.13776351008491003 0.005035237644469202
0.9983961694487832 -0.038088426555739595 -0.041885087949111034 0.014830380284164361 -0.9970938704985501 -0.07472531856638422
0.08374703701662914 -0.9952025424560358 0.05057996915753981 0.9916294892726676 0.12157186868436914 -0.04348835188207201
-0.9954531213476789 0.09508314848502389 -0.005681379527749865 0.23786868667185537 -0.9701881896493415 0.04640435934198459
0.13314788729717725 -0.9910126046073247 -0.012870804858461423 0.9420516222359245 0.3325800174414922 -0.04392349076837607
-0.29438858312222843 -0.9551494788909459 0.03201304580387684 0.9791437602020695 -0.19763143029876767 -0.04710960215726399
0.999841409875217 -0.017793284041094252 -0.000744406993045918 0.22318385537266183 0.9731522640364871 -0.05624622388795399
0.999601042763451 0.01301062678399587 -0.025069481384922886 0.049365226843045305 -0.9261744830658327 -0.37385010538512947
0.29553830873661124 -0.9553294878656869 0.0016363628533695854 0.6875253279252362 -0.7261068812660344 0.008815919657601558
0.32527583408878924 -0.9452880451195671 -0.02502285978599948 -0.14746113858612397 -0.9884772948274975 -0.03417382357004235
0.9477970803935842 0.31124200753764386 -0.06934772628813965 0.07041474646362011 -0.9961459629765405 0.05229707378052061
-0.997087168480157 0.06372584923884506 -0.04190697544575232 0.004113436672670811 -0.9891514337804261 -0.14684182200200077
-0.993637328647856 -0.07157937764295054 0.08695545879242006 0.029297873543019163 -0.9717544205232399 -0.23416870157943737
-0.9969632385923112 -0.029070991321089774 0.07224388111902247 -0.11131263766891834 -0.9872598313701665 -0.1136992614669878
-0.9975027024071059 0.030470957977164963 0.06371718300799555 -0.06112321139076553 -0.9833217497391029 -0.1712959121500244
0.996632207942143 0.06478853552451988 -0.05026616910962308 -0.057183866292702785 -0.9834774451464132 -0.17176181276436878
-0.9988342014242315 -0.018032682008999542 0.04477790129941553 0.16579804972914006 0.9855199735349373 -0.03551603116495494
0.9743147077365014 -0.2231301979025075 -0.030393503784916034 0.21229686570826992 0.9765099224536024 -0.036856643364586474
0.997613124497697 0.06447627526900725 0.024715658141706915 0.22670633235157944 0.9721866565980075 0.058799180304518216
0.5960113302339498 0.8015799944552331 0.04732870927783772 -0.18163522650167752 0.9831292376156245 0.02157652981841982
-0.48679901456625635 -0.8706316467953001 -0.07090313826499864 -0.903297311747356 0.42871590639419604 -0.016019931167229915
-0.997044421710511 0.06584583148269953 0.03958216280478805 0.08419712996327951 0.9961338968479595 0.02506198029776093
-0.9966054459410068 -0.04423156525676715 -0.06943452855505877 -0.03641579546327187 0.9059956622939876 0.4217176184904491
-0.24196491939851228 -0.9692413792778299 -0.044990293131754185 -0.9901681738563914 0.12523687139972348 0.06231142370310531
0.37639821978992266 0.9234907880313385 -0.07408876136253519 0.7373155970475166 0.6706600732512876 -0.08112198528784777
-0.7513246121307188 -0.6563181812159209 0.06897660626654967 0.12539171659978318 0.9909554472084386 -0.04779350432938536
0.2836559866326941 0.9562213804971961 -0.07197188845284777 0.8965547933583988 0.4359071125143109 -0.07857793434237648
-0.12309769115188939 0.991262439049776 -0.04738919035142215 0.9528565577771876 0.29506744507739197 -0.07070773052863118
-0.7094083288457383 0.7047810408166668 0.004848450234101338 0.45292613212352417 0.8893054345847543 -0.06319622502685969
0.7516646619692918 -0.6588228063965897 -0.03086657931018089 0.6463323183359614 0.7627865006504354 -0.020280253941322383
0.24708008936073714 -0.9525019744717595 -0.1780208360526649 0.9082126573062845 0.025526342146955927 0.41772978702177066
0.16897403527754948 0.9855975761788823 -0.006722591191924183 0.9894270741597414 0.13398917331989452 -0.05550645325315775
0.11351515262726697 0.9933638102876112 0.0185108221018644 0.977678456150531 -0.20168332689830143 -0.058895433017743054
0.0349431909557444 0.9993891097985214 -0.0006169456616822625 0.9963293635746996 -0.062040175370080095 -0.058981487933791966
0.036796878911447534 -0.9993203546283576 -0.0021951145368932314 0.9862076143300315 -0.1556457918259879 -0.05629324048524087
-0.6184892893306402 -0.7855818575325644 0.018224820958391102 -0.987941325154459 0.1538426327257646 0.017446558630775055
-0.990821568859377 -0.13301366176274812 0.02408286667961375 -0.22601916328251698 0.9729575321146438 -0.047633796095345675
-0.9982253113436116 -0.04819130775274486 0.034983219549232156 0.08710038293956729 0.9946768879904089 -0.05505825814077546
-0.9986907376308054 0.05012687226962104 0.01020329588430707 0.1772206672488896 0.9826942629509283 -0.05389638822027226
0.04430551547777488 -0.9983068863308353 0.037687955671294265 0.9940166247396557 -0.10878399248713953 0.009848488195686293
0.9956283555489187 -0.08003827112638631 -0.048146160615933305 -0.12113784740581385 -0.9906706330306542 0.06242850932489652
0.9886465373809862 -0.14518754786877977 -0.03871175620450399 0.323451435779503 -0.9454229858263541 0.039427738501715576
-0.9956300751058484 -0.09265434654684886 0.011658713938461579 -0.063015617568198 0.9948150857411671 0.07982466488681852
-0.9976729577664043 -0.059084191100898534 0.03402539791959864 -0.07536811781398836 -0.9957884855421703 0.052200947106423874
-0.992522634289456 0.11603014064932526 0.03789230639610742 -0.11038199329035706 -0.9921656328749876 0.05850788407576159
0.0261317303103058 0.9986752714099898 -0.04432645874838723 0.9998947013757535 0.00021200081422691444 0.014510038468157535
-0.105109080086387 0.9936840106315706 -0.03929590689308345 0.9961101739559793 0.07973133831741766 0.03751579709272036
0.9992232489629602 -0.023982369387005327 -0.031268909326857865 -0.020644780966165427 0.9798766375176665 0.19853354443501658
0.9989167152221723 -0.04396633350448601 0.0152432794344848 -0.03961643861281026 0.9620066006913179 0.27013670246372
0.9990287645441179 -0.01605907288690813 -0.041032106836796894 -0.017547325118628634 0.9852696797967171 0.17010511295800537
0.9997756753489726 0.02027756183196217 -0.006117145302893437 -0.042021814919245205 0.9838984678401833 0.17371808211188794
-0.9991321912906626 -0.04118112570573279 0.0062433334307518485 0.07249191111185896 -0.9813031100191373 -0.1782950618781104
0.06755058478214579 -0.9955012956094828 -0.06643861027618957 -0.8002351724785434 -0.5905579993055166 -0.10423491825919604
-0.9531436596013294 -0.28698915516009743 -0.09567857117598774 -0.5635398766147802 0.6983285989530247 0.44131618523378874
0.2303751788610168 0.9718604150744365 -0.049138687162949495 0.9519269283680183 -0.30498106103445805 -0.02866488196601979
0.2051327233736798 -0.9733150259234574 -0.10285147598803188 0.9835435987503836 -0.1449043732527679 0.10791066661534025
-0.9955969459203019 0.07079469685151986 0.06143966285608062 -0.11350791218584992 -0.9927110108090733 0.04050682522288408
0.8613666716288572 0.5070830840790216 0.03023578753617171 0.3319021246256069 -0.9404925671159344 0.072902063542039
0.001128943636668526 0.9990798295509824 -0.0428744640858076 0.9998802177133664 -0.004663816452523077 0.014758016179960589
0.05708713561878156 0.9980018444337279 0.027080942629828693 -0.9662206668853933 0.2522216483259804 0.05293262698252809
-0.9965374559746449 -0.06497894289919459 0.05187326690392499 -0.31917960446998217 0.9476942200018662 -0.00021322626485487545
-0.019140557795552002 -0.9992815482928461 0.032711256300049334 0.9657469853831981 -0.07945153769824663 0.2470226981081879
-0.9529945993719899 -0.30296925485582277 0.0033051747197447496 -0.29889664711351766 -0.9542806136797835 -0.0030503605087376664
0.9823257440936695 -0.18209860465969543 -0.043315478432203736 0.459585819488168 0.8864842631035991 0.054097373273183584
-0.0028215835272085905 -0.9969674927573094 -0.07776796931644335 0.931860367333088 -0.021616014895515984 0.3621726158807141
-0.9370784620414037 -0.3491181164343307 0.0007048088128887442 0.10415873934826118 0.994141767409474 0.02886352905221857
0.0443030979245175 -0.9913107798358796 0.12385545323267294 0.8097111151102367 -0.31422531534071113 0.49561109881233256
0.90274010126707 -0.43003102787669195 -0.011559611915460679 0.02731406656806402 0.9991540228607368 -0.03074378585537902
-0.007555774473391936 0.9986343723274044 -0.051694300250205494 -0.9963577790885821 -0.055755732618920584 -0.06451724056246978
0.018098857342363713 0.9998306273344926 -0.003338863102304231 0.9960370062641039 0.0856942442917869 0.023807113384473128
-0.021446578809248874 -0.9997541938662112 0.005621041211459802 -0.9973208468606313 -0.05469184105644382 -0.04857912040218624
-0.006402215909502988 -0.9995894997355843 0.027925680829881932 -0.9993410704581 0.033730117125348826 0.013405375577327067
-0.9985960606217329 0.006039157898714174 0.05262543379993084 -0.06806002053535105 0.9969990739702863 0.03688739767344703
0.031124407547467176 -0.9990388938427558 0.030863568236060828 -0.9217126799244706 -0.38360432250404963 -0.05738866981085579
0.9542594128979955 0.2927269248327511 0.0608269707739376 0.30470334944404925 -0.9511684801734044 0.049339549675627606
-0.9949786574890346 -0.06618967063034274 -0.07507595249589073 -0.2902189474239928 0.9544254825961325 -0.06960575211323607
0.39345278508872034 -0.9189952134963475 0.025351597123885922 -0.9951523732908609 0.09458388361323392 0.026937759635971885
0.06410104603111078 -0.9966780406476625 0.05023882152731907 0.9911864837199974 0.128902558224698 -0.030552986333840983
0.024966175557459835 0.9974486813842289 -0.06687913039878034 -0.9738641138780367 -0.05166657693975149 -0.22117697106135412
-0.9981871769184879 0.019544374924372426 0.05692431154010459 -0.009083217374594336 -0.9971228783186826 -0.07525596784037297
0.992712024622435 0.09163940584970039 0.07826273356802499 -0.33196669022647485 -0.9393512256352402 -0.08612427925766139
-0.8758340354297172 0.48192607507466245 -0.025729371271520703 0.00033189445459216914 0.997460053993903 0.07122731591567248
0.01590878899309742 0.9981955541200784 -0.05790117587478429 -0.995639461563009 -0.08948216529148047 0.026362941286390603
0.00799238532221664 0.9995889991126647 0.027530975823650584 -0.9869964331301802 -0.028877660562311527 -0.15812691645874122
-0.010907447286418959 -0.9963759111015035 0.08435680986347789 -0.8952124986432712 0.007783456291458865 -0.44557154316790704
0.08967379209377827 0.9959705135931434 0.0011606310920906399 0.8630847869758264 -0.11877925732472239 0.49089320480149246
0.03384222517236469 -0.9990818612184629 -0.026270484952417017 -0.9634158350175249 -0.005822400639691435 -0.26794780926194545
-0.9972094467370017 -0.01212104096289673 0.07366410051346967 -0.41947567733814256 0.7687153441798825 0.48282178466190956
0.9987830069509652 -0.022309826864906405 -0.043986096112819 0.17543615675715735 0.9843094084111755 -0.018898238423717902
0.9901937545608982 -0.13959051198583855 -0.005551341470594251 0.13700444543489734 0.9904406200514638 -0.016036211620836592
0.9811163053145111 -0.19096918521932627 0.030684943256742633 -0.036882076178430125 -0.9993180255206664 0.0017878272414387601
-0.14936208401654302 -0.9869752808962462 0.05975585961235053 -0.9982494801902236 0.007328203141968774 0.05868792668563281
-0.39256127629642146 0.9194311566623686 -0.02328073261354955 0.973876111978213 0.21819589083065738 -0.06289572118049881
0.9997896669025671 -0.01079320798383481 -0.017439283708676503 0.08420760691079612 -0.8473308341590287 -0.5243467711559989
0.9991934579671856 0.026115270608854532 0.030502888332159382 0.043787021137943416 -0.8465815257390906 -0.5304549151974546
0.9975426572535121 -0.06166823861702821 0.03325169627966595 -0.1367934343767575 -0.8274989417387218 -0.5445484897901263
0.9993258009888085 -0.0009239804478829484 -0.036702721128116934 0.20610648103881182 -0.9763275427235836 -0.06560981476217545
-0.040333461531773064 -0.9971228719848859 0.06418091652101861 0.9579573533082058 -0.027725211724525214 0.28556789363926693
-0.10404740172288042 -0.9931882471102924 0.052452302110607245 0.9750263164419075 0.0023385683011616265 0.22207704371237025
0.13079888374241072 0.9892051014732285 0.06606753537917766 -0.8589370033259834 0.5120341055049102 -0.006949756626397271
0.06052221439422362 0.9972820383697008 0.04201901367231495 0.9989091011052377 -0.026967732624701927 0.03812281634675916
0.07547037627770092 -0.9970719066212104 -0.012322147996460895 0.9925182106588258 0.11241887651253396 0.0476402950690113
0.10347681044649017 0.9942568168567628 0.027311752665819904 0.9949246268681682 0.04144470013031987 0.09169145915702458
0.9292307496206101 -0.36859516250382973 0.025842216203227103 -0.18145024005745727 0.9828397481903941 -0.03319397174388371
-0.9995419550352657 0.022901582762648965 0.0197837719165165 0.015408135943486041 -0.9953346325081015 -0.09524473044063743
0.9975487662154507 -0.060606574039808195 -0.03497573737877885 -0.003839507795784574 0.9969105007855248 0.07845197004180618
0.9849018273528292 -0.17228958532768582 -0.016872737320062198 -0.15140224003943276 0.9881698507896012 -0.02444806130348946
-0.9948255882193712 -0.09520511792712853 -0.03546878267524251 0.28287599361985966 -0.9574332510367297 0.057469487928948744
-0.9086313356872914 0.41526450867744014 -0.04409629961814373 0.12313815431228572 -0.9911153957373074 0.05027193337284747
0.9932535378842803 -0.11156723759390637 0.031625321753704465 -0.06276161596241119 0.9899765935377731 0.12652005299213828
-0.9973496023348027 -0.05719023939842559 0.04497829743511493 -0.022694927570558 -0.9992396873036219 -0.031701539078209884
0.9997144908017541 -0.014024353512918615 -0.019345655572609304 -0.019199100437767447 -0.8594935374457608 -0.5107859176126072
0.9742397019644654 -0.22301293409626152 0.03349976629718493 -0.014604548172123455 -0.9980251325059464 -0.06109453379129862
0.8773296970566647 0.4733992156803943 -0.07864976322690742 0.1747412778679279 -0.9834442850628528 0.04798774829368528
0.13638264522719917 0.9884707202422416 -0.06576784400157962 0.9912339459831263 0.11790082130988977 -0.05962097504380686
-0.017600635609884077 -0.999832272705201 0.005063998744151501 -0.995878565766578 0.07857304949645937 0.04530075208570512
-0.6222537878170128 -0.7823980169239233 0.02556494985115842 -0.9870357468383243 0.15763733331082913 0.030181212864326477
0.0859134001244212 0.9868107500618623 0.13719851034689057 0.869087745955937 0.039418968953802064 0.49308481493131395
0.5151396134290488 -0.8358936754129855 0.18950710298229012 0.7360980961258741 0.42865833573836637 0.5238431292685602
-0.17412762346287655 0.9846998231227724 0.006769718543005255 0.9940239566209157 -0.10789945584047235 0.016555394680579767
0.0676516297016172 -0.9965311585363494 0.04846552449851882 0.9694862096709653 0.2358845314266571 -0.06674561477319467
-0.9997536626403317 0.01954821119461928 0.010511016902870434 0.045370146616624966 0.9984874839199305 -0.03105308762800534
-0.9926883624186361 -0.05734340976396227 -0.10621463399762347 0.12604992544717553 0.9557273556940272 0.2658883936407605
-0.9990175910609358 0.012091811262162036 0.04263379939912991 0.01408283784182163 -0.993222193380206 -0.11537481638266624
0.9993659720364877 -0.033665763197167686 0.011587507234871805 0.10491165156624134 -0.9907067684149129 -0.08656583842673712
0.9929025944041228 0.11893039118141854 -8.888015306154566e-06 0.05543635702623329 -0.9002488605916718 -0.43183191095964274
-0.9781665573170335 -0.19578199545045918 0.06971080550373136 -0.12748944157858422 0.9910559509657769 -0.03942771032282397
-0.9969736220489763 -0.034777611054647196 -0.0695277980945489 -0.060539421010455105 0.9914095239250431 0.1159402189683896
-0.9999240865467931 0.00908587103232001 -0.008322745409139772 -0.015302822511214887 -0.9298733143305472 -0.3675614818219038
-0.9932377790583644 -0.10696193152737661 0.04514265671336225 0.02287806165464257 0.9363093161110578 0.35043039088893196
0.9984547248112849 0.05517629625325344 -0.0066135341379918965 -0.04767062164342925 0.893862562735248 0.4457995410187226
-0.08798948905000087 0.9942989675018657 0.06022800877866871 0.8865317484160483 -0.4605976115430258 -0.0437184090657969
-0.06471626334626154 -0.9964085466809129 0.054605982819907785 0.9967548272816836 -0.08030195538158655 0.005604485039205597
-0.031621645265817316 0.9982757223605011 -0.049453550896802485 -0.9996804075528609 -0.01905443081590762 0.016613591460838704
0.14387155409199345 -0.9885462163660964 -0.04557799942329239 -0.9994094179590882 -0.011417713440266616 -0.032410663591984565
0.9954022146907685 0.07718354314222922 -0.056719764251316966 -0.10372799563850461 0.9939721090582335 -0.03549576503113672
0.9972357738122588 0.023964084240540275 -0.07033160097408316 -0.0007793095277786008 -0.9548290820294869 -0.29715453351309856
0.9983764248337611 0.033578166402757785 -0.0460110973264708 -0.20378845554286457 0.9789765639373991 -0.00866906273927741
0.03788064736583513 -0.9980183368860116 0.050243962765937705 0.9986016005754521 -0.05279875514238526 0.0026711015629518973
-0.06484386391297355 -0.9966607739973576 0.04962433765627615 -0.8949900320031879 -0.04706247724082808 -0.44359662515723586
-0.20030175247171841 -0.9796399723443315 -0.013591634999354188 -0.9581130756255694 -0.28263593556051786 0.04621971706039171
0.997402365579435 -0.03495599681821215 -0.0629809449198115 -0.011368046865639485 -0.970542738345878 -0.2406606751310763
-0.99554224550264 0.03993933735013881 -0.08544288590393444 -0.0034161683633139976 -0.9827209468162666 -0.1850618017913307
-0.3577118726550177 -0.9332553217966922 -0.03281341950776832 0.8886733850632231 -0.45647970706057817 -0.04342685484997496
-0.6123097186607915 0.7902971944497379 0.02252005502692302 -0.5491174000343253 -0.8313126238528525 -0.08596163331642982
0.04676623190134163 -0.9988813815127181 0.006993226794107264 0.9848445186307301 0.17011772192333488 -0.0337821670503939
0.06326806402947384 0.9975627735727896 -0.029422183055068128 -0.991252803948359 -0.053252208100699173 -0.12075628760820777
0.2703049069489644 -0.9312060741726256 -0.24452096986417832 0.8353172262513802 0.222275575894241 0.5028306870991308
-0.005869913311159698 0.9997248332772203 -0.022711271354851348 0.9952113730349585 0.08476620435071665 0.04867251361749458
-0.007784276295378261 0.9960928014976485 -0.08796894819834664 -0.820090022935592 0.24668055155747068 -0.5163342519771493
0.03937747394523859 0.998817427738392 -0.02851597081907285 0.8664626333160989 -0.061033893045387984 0.495497092793344
-0.01640725876068784 -0.9982438278282136 0.05692154304686222 -0.9903458287812962 -0.06240387822533437 -0.1237776045895422
0.9978112687953361 0.03373674307557546 -0.05687270023213201 -0.04288890488241333 0.9910417560777259 0.12647837581327656
-0.9973691538056624 -0.019767951613548246 0.06974237683060018 0.034982719346565314 0.9971886561012264 0.06626457190799058
-0.029436987991572783 -0.9991706477818612 -0.0281332605497485 0.979416895749684 -0.16448400022474108 0.11699383740231754
-0.0630302576797408 -0.9977670760497728 -0.022091821290074337 0.9729200381764993 0.04249257683299717 0.22720250929232957
-0.09350324077573607 0.993585992471519 0.06359260592884344 -0.9686560712220265 -0.24767671265501234 0.019017405004758535
0.6622963059788698 -0.7491511292902898 0.011669985853748385 -0.4935781669770785 -0.8682883085648389 0.049558110266216995
-0.9883382981666174 0.15208044322322423 0.0076777057863727976 0.06379902524584304 -0.9972785697831759 0.036947782462595384
-0.01864395174632989 0.9991096181805502 -0.037846716137543715 0.8980814931151037 -0.04260938244627397 0.4377602908575575
0.08469018831209514 0.9964031410098261 -0.0028900846725306802 -0.6413706273280122 0.6440883011184342 -0.41688605009431695
-0.0072206480603703 0.9983672228130379 0.0566634860749869 0.9740586007470043 0.047891724361785445 0.2211701269349969
0.11877610812775784 -0.9919349348400561 -0.04424162273105312 0.9771656862344905 0.1796283625000089 0.11349393389711383
-0.028477522063718327 -0.9994110165741673 0.019148124902978694 -0.9905538941516709 -0.08342838792006889 -0.10882410978280047
-0.13225210134775062 0.9907626598983703 0.029978883238215112 0.9967352844854962 0.07779063492829442 -0.02161919931610829
-0.02769215644163546 -0.9981845661946024 0.05348566427095653 0.936820149866652 0.01581334056573629 0.34945378101256214
0.896684338920075 0.4102818448721489 0.16621072198800596 0.5241022397350367 -0.7286566581211054 -0.4408812956800285
0.9984033889169823 0.042359412037676604 -0.03736780982218524 -0.025604785790984425 0.9147604655126074 0.40318443134594856
0.994817269125877 -0.08611663823934165 0.054060389078203326 -0.2536116735900278 -0.9668033554088941 0.031183184394301244
0.11963161231622649 -0.991707610634853 0.046949891837261865 0.9899907747382538 0.1373836201702491 -0.032311094720988344
0.048769054833677196 0.9968486841161153 -0.06256420915027497 0.9903260128249005 -0.13713277186208492 -0.021189412539191762
0.8906476483580145 0.4479529978385743 -0.07800562929541026 0.579099761660058 -0.8151533516335111 0.012979960166242355
0.9998880595270706 -0.01179122460064021 0.009210615484665135 0.0002596431687698098 -0.8658752647206321 -0.500259890987075
-0.9919838325035661 -0.1117566954320277 0.05897895453168026 -0.06932478315984791 -0.9917489750845299 -0.10783341253352122
0.01563963069260067 0.9998407135030483 -0.00859939378761368 -0.9464220413776249 0.015614091441334087 -0.32255467713718117
-0.9965294567834228 -0.072635402915122 0.04065882445784717 0.03656947226407426 -0.8519007122607152 -0.5224249708312314
0.022847028677645927 -0.999404873791368 0.02584398426448092 -0.9864909434600257 0.08782931067332557 -0.13828098444108947
-0.5577423672899002 0.8292698033718819 0.03514320624840923 0.7377276651290552 0.5761966856944574 0.3517886744879025
0.08648439215354678 0.9962508997261866 0.00214352713880866 -0.9928853538897056 0.10851357523363468 0.0490252794110183
-0.22285482737977236 -0.9732870463466333 0.055209159814094376 0.9653480380680706 -0.25701279561108487 -0.045250284974813176
0.06973250693900845 0.9964091854305612 -0.04802200189086588 0.9983504206454772 -0.0066972846497410695 -0.057022661945224186
-0.02946471536810149 -0.9988233702850329 0.03851889822833547 -0.9904994733209929 -0.1219037976724575 0.06364163310183231
0.37413039255101116 0.9269041438026818 0.0295830622323568 0.9911335956010751 0.12081003980270343 -0.05530940203757284
-0.7305311359734802 -0.6781811865166079 0.07996585288873369 -0.5709284614092391 -0.8171943206516175 0.07895653391341649
-0.9868647993546902 0.15073217077122938 -0.058117815592295084 -0.16782397711131725 -0.9825849243991849 -0.07976201508229493
-0.8072979748560962 -0.5900983853593516 -0.007339985662924362 -0.7648812264484461 0.643702308749327 -0.024577370435158258
0.22792000148989622 -0.9709540858356802 -0.07280546765075037 0.9515391448644069 0.1928129697075648 0.2395754881102467
-0.9998224525536541 -0.013385143335025237 -0.01326277902616733 -0.06454875691080901 -0.9978830171267111 -0.007933606453650698
-0.998334307579197 -0.021946483650549343 -0.053356931749695434 -0.5218071488698541 -0.8474572446432863 -0.09763973519998295
-0.5596247207531113 0.8267358456481436 -0.0576889369155913 -0.9960211030990657 -0.03793442015771683 -0.08064082060977716
-0.6421157943033455 0.7641039205086456 -0.06190723196445644 -0.9961310961880494 -0.035400460797624315 -0.08043411330095732
0.987184739159838 0.15956698822986196 -0.002160332653479931 0.02127783984827751 -0.9997198660635871 0.010365468112651387
0.11739392474463324 0.9924951666926893 0.03423463925182032 0.8637084849503164 -0.018164769441722017 0.5036642673209587
-0.9234539791212153 -0.3801354674805581 -0.05224724689906096 -0.5688167067216188 0.8197817249536115 -0.06637377182632812
0.08675838844937346 0.9952426455578931 -0.044328980324313996 -0.9980195833712571 -0.036991559517440945 0.05087765454430964
-0.9898437861699916 0.1326934030750783 0.05100725204332107 0.05088536507277436 -0.9979655759631396 0.038410790332528665
-0.9909642146913118 -0.12686702354144258 0.04352796272474638 0.05171125843105591 -0.998626340466948 0.008448542896116113
-0.09099903278282936 0.9952999642799598 0.0331233624032969 0.9870933193522305 -0.03310730104295652 0.15668658368809552
-0.9983676615985885 0.011039637046209319 0.05603694038805435 0.0034511520118356387 0.9944507975519974 0.10514609264251086
0.042995469276364065 -0.998144869922296 0.04310693992280182 0.9966278809588932 -0.03293352318680726 0.07515483980350232
-0.03015847339725966 -0.9974932624801749 0.06401295016638252 0.9958990613367987 0.05958001080267719 0.06808290491184968
-0.9988782704395656 0.04640794272125945 0.009407640301492744 -0.03175841159165631 0.9898562275374678 0.13847762309654163
0.9966312600826935 0.08140887565274875 0.009936115485328979 -0.07933772425672553 0.9222367149293852 0.3783978952716567
0.02639792844096699 -0.9430764953985736 -0.331526579931036 0.9117103681265138 -0.0004335507698675977 0.4108333198321998
0.14360689979251767 -0.9876122507306069 0.06323844193848187 0.690827580860721 -0.6103343003230259 0.38762003995062777
-0.869755638388676 0.48565891443691617 0.08752455837685194 0.3416566675889598 0.9388562625605724 0.04265723552693731
-0.9929794976987459 0.09900947477526054 0.06472125659065299 -0.5412535655730447 -0.839712948898682 -0.04389466033978779
-0.0033980256572748316 0.9948709856144542 0.10109488317495087 -0.9657012796193217 -0.08004173558744884 -0.24701084815398938
-0.1038189385015444 -0.9945713977239039 0.007025869194112447 -0.9918205503389539 0.09695340231022638 -0.0830182733246471
0.13639763114071454 0.9906508248187629 -0.002574782535738894 -0.9845922313746562 -0.17146043636378236 -0.034343218815606195
-0.6383174448938749 0.7697302465607729 -0.008135543844544924 -0.9949238439123497 0.09873339020201016 0.019448971023985222
-0.04740872945249414 -0.9974137909703173 0.05401982926593011 0.9894772926944118 -0.06637258807487352 0.12856658506151894
0.08724558479145815 0.9949113768309659 -0.050394049119993206 -0.990375506350477 0.0514564919044934 -0.12848574186235284
-0.03572897484123947 -0.9980986410782465 0.05022492443549923 0.9945211421384368 -0.05568742170037577 0.08846812366057988
0.02582774897048529 0.9994154699860553 -0.022397449311694916 -0.9986285739519756 -0.03365001905355907 -0.04010794814421065
0.039582755714614136 -0.9990811566159853 0.01643313557730764 0.9901570825586701 0.13983203335339414 0.005996191054188843
0.015894243573619 0.9996681428456633 -0.02027257262227007 0.9902475066860552 -0.13534165575105095 -0.03305316506198728
-0.9999470938953391 0.008828840264013519 0.005278351054875116 -0.009950019467454559 -0.9991205326712139 -0.040732766998903575
-0.022789561750438406 0.9985890901185752 -0.047963162649883366 -0.9641033708752706 -0.1443604729950938 -0.22285588191379024
0.9892741592720827 -0.13157285652242645 0.06344463116011384 0.707520326891773 0.6965624439529066 0.11922981468287547
0.05967088027694901 0.9962195903657242 -0.06313409394711193 -0.9976862469559918 -0.05085414579345633 0.04512215077415468
-0.9984450036580191 -0.003529435401802638 0.05563378250741781 0.04158996189967325 -0.9985171032669529 -0.035126479364680135
0.7640260974820487 -0.6365864852109975 -0.10498461417302746 0.5141785573766365 0.6217139861292896 0.5908401903944166
-0.9936471631137493 0.11077122165473156 -0.019875907252655492 -0.05572304596866245 -0.9984368014079257 -0.0043469233125076
-0.17501470465526736 0.9836093778725654 -0.04338715150334529 0.9937088215450576 0.10287863563339418 -0.04425792938834788
0.02950568714362075 -0.9992275669660613 -0.025955420267611662 0.9782177206429016 0.014476995210904358 0.20707609140089014
0.01956153473624065 0.999603399750958 0.02025807407157105 -0.6741035594386341 0.6319758133508007 -0.382349267675195
-0.9875096101491434 -0.13255315972857423 -0.08517294000478011 -0.1310660652283719 0.9911791269439506 -0.019637333224754933
-0.9194863985765913 -0.3718164895681007 -0.12766072582397606 0.7322909602268971 -0.6806029941485569 0.02301116959192996
-0.07137962197244233 -0.9971881685110568 -0.022818986582124823 0.9011106725488074 -0.04902909493611788 0.43080819823719846
0.005200944887298766 0.9999355894875623 0.010087965525341289 0.997068947763103 -0.0649054159597258 -0.04050679431494807
-0.0325573670638944 -0.9964571872512854 -0.07754412824401029 0.9692341232495524 -0.24566703040822233 0.01526186420713385
-0.9587557596824938 -0.2803913624813972 -0.046562615062624844 -0.6421840642618631 -0.7661237984428825 -0.02557250608690577
0.053991676518584275 -0.9955313593060766 0.07747394081178455 -0.962306816638143 -0.15131968857048667 -0.22598217297542386
-0.0723447579897595 -0.9960580861623202 0.05132762396662481 -0.9982628098069541 -0.030943034313625363 -0.05013871940716662
-0.23520129418887903 0.9706235295798257 0.0506982745059207 -0.994790249988271 0.09086550599125119 0.04621491479194931
0.10423882400912983 -0.9929030311067838 -0.05725240945283359 0.9657503072829271 0.2572024705314714 -0.03425249093773112
0.1306649525542243 0.9904545362370945 0.04389170561010639 0.9976742178584999 0.05448015199217192 0.04096422902167693
0.9836840487098557 0.17823709233421622 0.024438314795221173 0.39874799440532 -0.7625508963796288 -0.50942729352515
0.16061009148415628 -0.9864046492999461 0.03478888260495009 0.9987459880433357 -0.048862036031358844 0.010906548592996603
0.30201619854559153 -0.95305060732957 0.021926141585045928 0.9747842876992282 -0.22306525542428715 0.006122440461608783
0.9951489688566615 0.046499618315291695 -0.08669668551943342 0.06096224483611803 -0.9228445860761078 -0.3803175970876954
0.021972799190639665 -0.9991697497152873 0.03430754071072092 -0.9984292662705373 0.01367929018051224 0.05433118142129659
0.207474684233858 -0.9782403267674084 -0.00034422093922137413 -0.9979151494865498 -0.044470881513034924 0.046772803237463384
-0.9993620310947128 0.024851575606528196 0.025650146122846083 0.014547859569062712 0.9961547100531589 0.08639533217058494
0.06964966532012866 0.9961958550479292 -0.05237119920451767 0.937390677056355 -0.05686161941730656 0.34360656979322984
-0.15968119992371996 0.9869782625555401 -0.019386171199290293 0.9273606578311715 0.3684420682036432 0.065212366041715
-0.007503131279156678 0.9980359340618197 -0.06219306506644457 0.9625293474339985 -0.11183990324474315 0.2470406674426039
-0.07262656386309024 -0.9970548919949112 0.024635839146587204 0.9845542679246633 0.04573785705507485 0.16899982823464596
0.998810970733623 0.04451494188236467 -0.019876234335698358 0.04400311402108096 -0.8869611308648184 -0.45974305681701183
-0.9829656318321462 -0.18131435273149246 -0.030061139871751696 -0.020862670476096558 0.9986133071907726 0.048334373711816425
0.3459503807329022 0.9376390822793947 -0.03393059759294283 -0.9721964075858546 0.2279026715664848 0.053800719047404286
-0.6315024453676767 0.7752415028417075 -0.01432737821010545 -0.40472733042595277 0.9140308677592209 -0.0272646435811517
-0.999355618700838 -0.03430449871961541 0.01056166363130924 0.015870171939943802 0.9617302108182864 0.2735381860764802
-0.9915958910091366 -0.11517549107438377 -0.05892533571878189 0.006332806089094049 0.9840868259384195 0.1775753771824374
0.9947483051790961 0.08577132479396272 0.055848806490420684 0.023671663584898143 0.9989801798293716 0.03844805133163395
-0.9956475018736662 -0.06472605791591192 -0.06705661368868684 0.16303777985432635 -0.9848916982463637 -0.05836972730419466
-0.8217825201534096 0.569274856156533 -0.024487297079707395 -0.7945581766480224 -0.6071494766328732 -0.0068422910050682795
-0.9999597351450108 -0.0013959839654223006 -0.008864497588026968 -0.1148594153004181 0.9925183396568041 0.04140845519633291
0.2800067774282729 0.9581831607756692 0.05900199149335319 -0.9158064257063144 -0.40107042174544694 0.021002557843134
0.999063659989001 -0.041549675499717956 -0.012059343068756657 0.1285877788432032 0.9893198841206605 0.06863927458572258
-0.14518466522131263 -0.9885354102302119 0.04146270258391466 0.9880233536420854 -0.15160172863685195 -0.028753582944823646
0.99818080539873 0.06009324521114148 -0.004886881780463638 -0.0003092527300672464 -0.9022964345319876 -0.43111605003016484
0.049695066553315285 0.998109656905878 0.03615955131762611 -0.9320317813409396 -0.059528867849857725 -0.35745359483847594
0.9975365064507048 -0.051504310595051686 -0.047625878346247943 -0.14337067288142336 0.9889336357566353 -0.03814595950675177
-0.25275704613344235 0.9651652203177978 0.0676015763040604 0.7060217782688992 0.7069745427151084 0.04147583106803947
-0.32743303826636927 0.9445947352450189 0.022986770087310843 -0.8095836766852463 -0.5869376360169494 0.008858999471366475
-0.005886349989288349 -0.9984512550613663 0.055321263092827457 0.9999904184804841 0.0018587556551206696 -0.003963328732348826
0.16139506381484353 -0.9839517837071172 -0.07609547105961614 -0.9741797801496014 -0.22058653167810194 0.048117959120270816
-0.9952239291401437 -0.0858007274951986 -0.04655712650227923 0.10716558198685099 -0.9902304608529345 -0.08921419414198836
0.9935385455833395 0.11123764139962819 -0.022524332975477002 0.12628853450953062 0.9900099375809449 0.0627019101974469
-0.12851221823407308 0.9883542103877533 -0.08148965930324464 -0.9838770542613566 -0.0025017552215846374 -0.17882864233339926
0.02297718267605596 0.9976460155846492 -0.06461019009680374 0.9755565834658547 0.03817085034361169 0.21640780632979623
-0.04887454502916574 0.9985060243439294 -0.02443354655125052 0.9965024032335739 -0.08152408684689973 -0.018351665142189805
-0.028562515559813415 0.9983464600510533 -0.04988515218404969 0.9888213917485731 0.14550704748719892 -0.0325569401506472
-0.04225445074866066 0.9793917933919147 0.1975000669075786 -0.8025252757646143 -0.3048990136337841 -0.5128252853010227
-0.9974599894956429 0.04605333271759399 0.054338383311933525 -0.06345224014211363 -0.9973611167679035 0.03527911535778492
-0.050997596319201276 -0.9983828167197255 0.025119642681591045 -0.868098786674062 0.025349152389099953 -0.49574380182527295
-0.9912997268018036 0.10151909550967751 -0.08377783053748067 -0.03961124942155169 -0.9975116491695183 0.05832202577389805
-0.0038385381892499823 -0.9998960780217194 0.013895998753357916 -0.989795126236345 0.05472786677758179 -0.13156925429884211
-0.9962487146295179 0.08577833042825553 0.0114270130819157 -0.14317364974771132 -0.9835949473386514 -0.10973734819009949
-0.9992994898420954 -0.022839597841488323 -0.029645950343462662 0.14228274518124798 0.9860583025854928 0.08628235234336738
-0.9955318430772508 0.07058584278977678 -0.06272151319020451 0.20759905884238022 0.9782075568967414 0.003550548952847846
0.7808731480890144 0.6245781684103849 -0.011799921130293739 0.048364172659420473 0.9987225004260989 0.01463809911193128
-0.9844305182664005 -0.17577401587157668 0.00022371885234725048 0.3556110000838381 -0.9330225485943116 0.054861101282675025
-0.4766829281835933 -0.8765182501350772 0.06700106833817888 -0.909591422585721 0.4138794441588104 0.036704899690346265
0.06959073143886808 -0.9952086148717043 -0.06868000424393517 0.6272602534786936 -0.7749194610678548 -0.077745760425572
-0.4297799910979834 0.9005594504453636 0.0654357353848947 -0.9714351909707347 0.22944793187367946 0.06055837103607934
0.9896536255079883 0.1088359774198024 0.0934902750983788 -0.08950495727627075 0.9224927126064154 0.37549441781607135
-0.9992727274039708 0.03520588556652375 0.014647931188622957 -0.05308091248150831 -0.9884557734057738 -0.14190701445285844
0.07954650013883362 -0.9968304382668465 0.0011965201166085299 0.9881840669269599 -0.009131715472557499 0.15299954785626715
0.41065830553327654 -0.9084286155921664 -0.07821257232592502 -0.8558725926593124 0.51328968383878 0.06337038424462939
0.9879184581986915 -0.15394098261253517 -0.017868794660173017 -0.05004022332577565 -0.9967947778741211 -0.06241912248973102
-0.005401085619181463 0.9976438001450946 0.06839353994485801 -0.9761165250113899 -0.2131227404538175 -0.04213344397439222
-0.9759820796936316 0.022256070682197957 -0.21671097672864373 0.4956489544935222 0.677174666420195 0.5438442654548966
0.9999478816145716 0.009277117891657433 -0.004262527202875437 -0.1028742695063734 0.9308370608961949 0.35065545872788584
-0.2203701587723782 -0.9732091496494495 0.06558158400978219 -0.9983816893526631 0.04848297278949917 0.02972210818254802
-0.06419142974588467 -0.9969343009186155 -0.04473767985815489 -0.8805821347179152 0.009205446608439194 -0.4738041407252351
0.9989532283999588 0.04560411293761851 -0.003565438608719792 -0.07411324180443338 0.996193657810334 0.04588489433032357
0.0336841798716521 0.9993978569530256 -0.00832463477121132 0.9764021106185194 0.12109640851202384 0.1788143680613765
0.05092153350076755 -0.9986965991559055 0.003478542849931467 0.9965917535274736 -0.058380042470859886 0.058280763911738226
-0.0928956892949605 -0.9952953426106076 0.02752402383459973 0.9990415673052335 0.0350133684060416 -0.026268057201959183
0.08252551358331525 0.9962403351379119 0.026357811975033067 0.998809092147291 0.01235456116954214 -0.047199176499303865
-0.053693149589074736 -0.9985247879880037 -0.008080436913781904 -0.9867919739700425 0.02091661762968179 -0.16063653138449083
0.08093276953190491 -0.9922467371438585 0.09432019636992911 -0.750574571275384 0.48562247725105134 -0.4481167510184434
0.9842096912009929 -0.17520590102676895 0.025182851138109443 -0.0680455931438361 0.9964240272197015 0.05008947227686809
0.9947236314682227 -0.08740912611763513 -0.053707929303063014 0.166961655985136 0.9856015655686959 0.026708788426975796
-0.0781205983593275 -0.9962321703727252 0.03766476903460511 -0.9985733900564198 0.03849174070942427 0.03700770958041072
-0.9998190612838935 -0.0010770643328497844 0.01899169886599846 0.024590962918287454 -0.998807499115898 -0.04217658417412472
-0.994676638958039 -0.07724548632811373 0.0682020436136041 -0.027803870053505333 0.9260861161953471 0.3762863938548215
-0.017734913519729726 0.9970673389773764 -0.07444591585185202 -0.9767939469743072 0.12357657748919008 -0.1749354585280307
-0.49697392026982273 0.8662389154454251 0.05144962526178036 0.534661901715748 0.7984155503782178 0.27689214464832235
0.9814962511030405 0.19147613795186996 0.001413388026617146 -0.3902256218270617 0.9198977741989095 -0.03888507546058033
-0.9974388395175936 -0.012430459534698929 -0.07043610649058049 -0.053774956363062704 0.8839532287333552 0.46447275859842124
-0.2435394650016323 0.9698636712813326 -0.007279293606812213 0.9677895984077124 0.2438471550100471 -0.06262474117587384
-0.038135737302534924 0.9980284815684933 0.04984792391343505 -0.9882732866552429 0.08231732691054341 -0.12860703158827202
-0.03950380703071257 0.9990300376735263 0.019453355908764455 0.9925795303028381 0.04918283889228443 0.11120667418052149
0.11298523456057104 0.9927069299816127 -0.04203912389399127 0.9683714586312906 0.2486360719521804 -0.02090028307217422
0.9083966562123875 0.4026359108642761 0.11269355910897587 -0.5989956436137585 0.8002384583433404 0.02868150484220101
0.13297541506818003 -0.99105959722726 0.010881807349253949 -0.9846186405353039 -0.16524828395356364 0.05673744231821149
0.07599871620769948 0.9949436799294465 -0.06566025360317035 -0.9905214333113909 -0.12210517593648842 0.06290958718881531
-0.5768517449183427 0.814955762128045 0.05558030369619125 -0.9455711968920758 -0.3233376370721048 0.03671354056359737
-0.006921066961279149 0.9961513890009939 0.08737567752817735 -0.9340853303819596 -0.12961671426446467 -0.33269220452019777
0.8827015536635469 0.45288540091364393 0.12543038228136125 0.25978327860101363 0.9537823347443777 0.15103610855974808
0.11183176263299924 -0.9936875988298517 0.00886638585671539 -0.977440792160247 -0.20260065019519316 0.05968646715658085
-0.022431884736144922 0.9952357016953315 -0.09488260440241622 0.8942746764353927 0.06973189854076552 0.442052333341058
0.014075654803193628 -0.9966955507693962 0.07999909385956508 0.8441233736089204 -0.08830853666894697 0.5288263727146033
0.9991368004235557 -0.03325241225904142 0.024898415980432947 -0.34410240147706905 0.9367268970294991 -0.06431374409253567
-0.9986269091441121 0.020990773615403253 0.047996705681784574 0.1098290299175343 -0.9937528491685356 0.01982066993800334
-0.05268322008458256 -0.9965131083081267 -0.06470010271703841 -0.924941590877466 0.0827205634591025 -0.3709991399532769
0.9955523266975509 0.08448369709639002 -0.0416901634923443 -0.06346195980102137 0.8481237271435514 0.5259835768485024
0.2565410905104535 0.9661570672303567 0.026966466593596725 -0.998173471059119 -0.0002750812745744552 0.060412300105877254
-0.9919240547520546 -0.11101544031643137 0.06133711450330683 -0.042251298179852986 -0.9986046494573037 0.03167936054236111
-0.576922567474828 -0.8167894607303796 0.00391509617098676 -0.9898527932943578 -0.1265210204156208 -0.06468291119258002
0.0032536991615488148 0.997949306460457 0.06392648259414072 0.9941877412066236 -0.09529822491278667 -0.050089755069712465
0.01078577792604367 0.9999238061918136 0.006004065739699384 -0.9933914913573955 0.07724311118442251 -0.08489314856500906
0.996549634070359 -0.06474636123312186 -0.05193010245805027 0.03169199314485115 0.9994950137254267 0.002309785383018656
-0.9321119358938141 -0.35943766135917 -0.04440615453894746 0.35900461180858995 -0.9319902075872846 0.05009931797513734
0.0018997559655421355 0.9276332739136933 0.37348748313087315 0.49322525238092885 0.6612203408770175 0.565257915667043
-0.9944037443200505 0.10290621372057043 -0.023906159456506936 -0.5718964896929685 0.820134477551853 0.017715637375198486
-0.09036335174285987 0.9943500923548452 0.055698819518075135 -0.9921251438968398 -0.12314996625029431 0.0228426062485447
0.007730896354721426 0.9996151311845939 -0.026642498913574814 -0.9887212877539756 -0.1489418546970985 -0.015701562390687727
-0.12877731477883705 0.8879916210656935 0.44146039926076486 0.49862961040506704 0.5660459381743619 0.6564758240054216
-0.3404889555181558 0.9394039846517455 -0.039842499803333355 0.9707011214280815 -0.2393994933441082 -0.02066919071587181
0.01968561186139599 0.9992474121037547 0.03342283784467494 0.9989903193390962 0.026100242526558803 -0.036566640628112795
0.9891774859483856 -0.004792897405704808 0.14664559123031914 -0.019053384283158437 -0.8790793595757437 -0.47629449725485895
0.7586667123403882 -0.6514685895584581 -0.0036737454103369935 -0.7381908015135518 -0.673388984045839 0.04026930253298326
-0.009830581730895167 -0.9957735525896952 0.09131479412302052 0.9292453536123355 -0.010343015901217532 0.36931841926981207
0.1679144169764373 -0.982835476798444 -0.07641448892610983 0.9981904297432828 0.01692933725487379 -0.05769977044175507
0.9953288056636136 0.07773224629755161 0.057256148157044356 0.13657743333803896 -0.924656112192724 -0.35546825299515833
-0.08524867741942417 -0.9941937291774986 0.06566195140549583 -0.866958659651167 0.4983596898491298 0.0045057728894302325
-0.9991498894325402 -0.036892672090739057 -0.018396445117132773 0.04457643099002656 0.9621239895296262 0.26894306195138656
-0.998070981474389 0.04013591397456633 -0.04736480072982315 -0.14692402553191244 0.9874755191438601 0.057492867497299566
0.03892022535422623 0.9983741604339125 -0.041644349391684155 0.9910342922721235 -0.1304445657396736 -0.028900636838646514
-0.9973003250248187 -0.0029210352760334194 -0.07337253749399117 0.04409415351357956 -0.8827381803672162 -0.46779163154966436
0.015485367393103106 0.9978778725774408 0.06324519599954952 -0.9985467258412488 -0.02785349891574204 0.04613695817750365
-0.9879072611532618 -0.13040539989847819 0.08386700804236782 0.08843417561094612 -0.9348264572777356 -0.34391698323515557
-0.033254672462183506 -0.9992344188295925 0.02060832321464187 -0.963350671264672 0.11241457657521686 -0.243553786969779
-0.00030877764384499266 -0.996878047049588 -0.07895608885302081 -0.9955633660788956 0.07153531111889695 0.061125145274114896
-0.03901671790070371 -0.9983839223559484 0.0413187524667509 -0.8800940648813772 0.4733363377759838 0.03724443987220112
0.03044067383159649 0.99870396434758 -0.04078917715651824 -0.9207499271580388 0.38828517982140803 0.0381338533264523
-0.6573495901365898 -0.7506560822036589 -0.06638495761775576 -0.90643291618579 -0.41431236014117867 -0.08200388215914348
0.6137870046174154 0.7145700235181471 0.33564146712236803 -0.6423606965080556 0.6700101184715008 -0.37210103026932234
0.9943797302762509 -0.05795113621653953 0.08860371226389155 -0.061285920395612266 -0.996914492232275 -0.049046214313931615
0.9782757125310102 0.06391983311407307 0.19720772096095304 0.12800515045577418 -0.8853781915605923 -0.4469005922637491
-0.11992197584265521 -0.9919776991203956 0.0399870498761701 -0.994794386361943 0.09437856004836752 -0.038429367233431294
-0.7525460253582765 -0.6308814690104746 -0.1888466355978997 -0.6243706966887773 0.776187478065541 0.08771677154698582
-0.18381192687982897 0.9813343276637291 0.05653417449208159 -0.9409717469738583 0.003807339437552053 -0.3384636990334005
0.13440891954739528 0.9905366098861835 -0.02777529156081946 0.99594224638941 0.08980720118049695 0.005805899839074649
-0.03182578464881407 -0.9988872861568048 0.03480386452365231 0.9990861162804439 -0.03963446572860965 -0.016001293137344295
0.3503416084069881 -0.9346591713750435 -0.06060520425938456 -0.9126806134213317 -0.40700862192386444 0.03685213107133215
-0.9989082141901476 -0.013460431681195479 0.04473473373572285 0.009815315916185443 0.900502055369799 0.4347409663790989
0.02423604811103084 0.9942395265915243 0.10440487409609585 -0.9468864028768357 0.00031502131576027726 -0.3215680966895466
0.018569905693896212 0.999238674365601 0.034310789186437214 0.9930213575246232 0.11696914871876558 -0.015059938511223735
0.9976704381807606 -0.06312172490037622 0.0258716954568123 -0.033050153961495854 0.9959691802106971 0.08338512693252546
-0.06540148580995496 0.9958828379828956 0.06276956798468572 0.9369665273285136 0.3486401420573365 0.02331904826930001
-0.01606280396651938 -0.9992634188376988 0.03485119942738025 -0.9293505325286512 -0.0020708673830575437 -0.36919276698900055
0.14921281249430607 0.9868160524905218 0.06268664239343857 0.9994418385817322 -0.010501819813223524 -0.03171313723013624
0.06057375828525316 0.9979311741755424 -0.021545101898644187 -0.973209188723006 0.0548484481997961 -0.22328350300723676
-0.9965705381087163 0.02292611557039666 -0.07950821214539085 0.08411592340174494 -0.8910576662617251 -0.4460277422161989
0.11316760993169425 -0.9906383547969803 -0.07634619877557987 -0.9896328134724186 -0.13957438873841027 0.03385091589550115
-0.6779401905072694 -0.732383966359606 0.06333106594980598 0.5736069095671568 -0.8191305350891289 -0.0005289436765530725
-0.9803745602100583 -0.04070951977261698 -0.19289493692893406 -0.029420618664742448 0.9242657640554572 0.3806142727123692
0.9967009450696696 0.06033499376119965 -0.05428549184693321 -0.3190173257569538 0.8010476045498521 0.5065083228455632
0.0004227393655337145 0.9998825134634362 -0.015322550749476133 -0.9796960234515827 -0.01784266124297046 -0.19969311723973976
0.9547704419036476 -0.21525668356972583 0.20512913846081524 -0.015706578678934154 -0.911885248815231 -0.4101446042304916
0.0165584533451508 -0.9988922250353963 0.04404702471963299 -0.9890268174520976 -0.07618903202426054 -0.1265748227720719
-0.9703456394866141 -0.24170099686018476 -0.0031572212634995 -0.26300966345926263 -0.9642587823298681 0.03210790598536663
0.9021510559723037 -0.42961034401453263 0.039476885943197496 -0.4781721076710196 -0.8780918361724603 -0.017497505328810437
0.09689845296069212 -0.9923403060020483 -0.07662510618319325 0.9949401897868738 0.08428419589011382 -0.054682657854354805
0.9978155645324625 0.06566709257767847 0.0072063950181698415 -0.029196524886633234 0.9985117559139953 0.04606339366670577
0.10748846048583831 0.9937236114462924 -0.030977651888453795 -0.9530906904427386 -0.013775549417918106 -0.3023712453749831
-0.8385335966536691 0.5412787603975393 0.06227929692574248 -0.9815429555227991 0.18201491848547097 0.0586855681773288
0.9906420297173577 -0.13154159506309543 -0.03640299061520246 0.00535686897289479 -0.9996605421879771 -0.02549714390372166
-0.09181199759279984 0.9937982787289503 0.06273386879027404 -0.9999160977205718 -0.008920649532654704 0.009392525282348532
-0.9973325936353102 -0.05682588204440088 0.04580957108008133 0.13149005021492777 0.9909674308854713 0.02634231612300372
-0.9968108952187696 -0.07108252373092616 0.03626725786708248 -0.00600248095473396 0.9955839350586443 0.0936835016186597
0.9904339670402438 0.13710131222715874 -0.015613683694651128 -0.06361365634496773 0.9939209290468879 0.08985816339651856
-0.07467052014909027 0.9808141458388335 0.1800775520244088 0.7432842162229947 0.42127046155098824 0.5196727548548085
-0.900325232923916 0.43516597820986763 -0.006711659194674562 -0.3436044841808069 0.9391056919227261 0.004056827477147551
0.9810342001875415 -0.1551830161472693 -0.11614701701648293 0.45146924129362703 -0.775531937512368 -0.4412773935565576
-0.477777319111139 -0.8782433858530185 -0.020430089290036365 0.9436170272797015 -0.32739806479422673 -0.04896338424592629
0.9997518712685626 -0.002560801392644875 0.022127769685059365 -0.08506003956697283 0.9767228662183941 0.19691935474957828
0.994090713941199 0.1072218465426844 0.016944854081818752 -0.15641211084821566 0.8325102437817459 0.5314714908426073
-0.015616134089795208 -0.998267988397126 0.05672001143904071 -0.9324723144969349 0.05031853061824327 -0.3577197620668309
0.9731746212387341 -0.2236904485011012 0.05379349241518403 0.2518313069320855 0.9673081071901793 -0.029933570001425252
0.6988643067543711 -0.7134341647378157 0.050993855802318716 0.6920143157983761 0.721060005047218 0.03447688865619468
-0.05316035811530913 -0.9985615204982111 0.006990429554238867 -0.9982959113622744 -0.030177416788619134 0.049945939507953944
-0.015156387698068626 -0.9993601816245995 0.03239616173551175 0.8650173201868918 -0.08956457813724218 0.49368332169497686
-0.11094571442825807 -0.9922589870080906 -0.05579561946677693 0.9275439286534519 -0.36787568069893745 -0.065800790028794
0.9985040554873987 -0.0461121307329764 -0.02938235141173851 0.00941870343393371 -0.9999421355590087 -0.005197457004388985
-0.06409549071156719 0.9961038226947011 -0.060571796105507496 -0.9980303106867879 -0.0492676574415565 -0.038835510562561786
0.9884559179554477 0.14758876551793035 0.03424112369281361 0.25009639511379195 -0.9670620556143615 0.04735793219738062
0.9987595081231694 -0.000510814284889552 -0.04979140490417035 0.17711156793370525 -0.9841425719305068 -0.009741181554183359
0.8836602248462945 0.46567031910729717 0.0479140994604322 -0.999775025497982 0.0068982449314101135 -0.020057731860196267
0.929482914169119 -0.36735189763726084 -0.033378070195647945 -0.694837814313938 -0.7144765587577331 0.08199791939517083
-0.9847860302282545 0.17244851593085214 -0.021400561219790157 -0.1096365242981869 -0.9910981269776282 -0.07552704973219986
0.5092191850641429 0.8580278330954163 -0.06696311817855205 -0.8189789309794909 0.5737896863386367 0.006237504557038874
0.999591681835093 0.0032164855155583294 0.02839231985975212 -0.5592386341671667 -0.8260729488563358 -0.06968237383039912
0.9203954384455918 -0.3904216018613995 -0.02105254589178572 0.13733173971706952 -0.9892868090925093 0.0495136609618404
0.0004591680561507437 0.9992446282980728 -0.038858229271836534 -0.9332512321359361 -0.090599009883037 -0.3476117908313389
0.9539756483741083 -0.20914536029330064 -0.21491551962802755 -0.20405608296403915 0.8161304308487308 0.5406405782477286
0.22676850405148058 -0.9729652808507961 -0.04375623188969768 -0.5917524408343802 -0.8052098357080407 -0.03829058951730982
0.9934125466406355 0.10855900693874887 -0.03669406204605625 0.2857140340201978 0.9561910068759573 -0.06376714776002042
-0.9682388561481098 -0.2479237721868451 -0.03236233350124028 0.3447566344099314 -0.9364794382057741 0.06441370077968711
0.990416926159968 0.13451527638558575 0.03130419771771566 0.10932435181951487 0.9925579282728922 -0.05363716176185083
-0.934960693152519 -0.35090681401953927 -0.0520856039075828 -0.2761970318914041 -0.9609963135275603 -0.01418749311250605
0.057482085791864986 0.9978887914131519 0.030228625258449618 -0.9897203637249261 -0.14300592950104488 0.0017046277429816719
-0.04432167330081817 -0.997471887127453 0.055546590050272196 -0.8658784267862071 0.08727320529742598 -0.4925829246567085
-0.1061270336479118 -0.9934778743684965 -0.041698511596322235 -0.9636592956379962 -0.003997870187787428 -0.2671044345652885
0.999272814808737 0.03413458228615445 0.016990346564248148 -0.129582595951582 -0.9550156500144994 -0.26674605724140005
0.5885285226079557 0.8084756752762241 0.0011227482133186102 0.9448508334511643 -0.3238154589961199 -0.0489943980652131
0.3693805805439082 0.9195803656952326 0.13390271746632895 -0.7443267670282225 0.4974773676549951 -0.4455265789561502
0.9591462512673612 0.28226635290969365 0.019083361727650863 -0.4799219903832392 -0.8745013120587791 -0.07015937823316154
-0.012572376359183953 0.9993808498462431 0.0328611063916582 0.9968858145156443 -0.06910303683690845 -0.037992671890739224
-0.030465823564135464 0.9969369880460138 0.0720310728803953 0.9992843557467032 0.0011253645626180446 0.03780886026446442
-0.1640144094759271 -0.9845523553369648 0.061285667857157444 -0.9754908201553354 -0.2112875576059497 0.061442882367151744
0.994303377042132 -0.09550758478236723 -0.047319083377119944 0.08722399940736132 0.9946867349119821 0.054683391605907905
0.022806269301319685 -0.9978925092215176 -0.0607487787543015 -0.9999347159737997 -0.008053871430875662 0.008105488595465981
0.034751411914000704 -0.9984470104166008 0.04354201143878928 0.9887595019296412 -0.10347126364797153 0.10792749854851602
-0.10943076207645898 0.9936716709765436 -0.0253282176642738 -0.9953876130758056 -0.09097078971726259 0.030460058330014583
0.05757922024593573 -0.9962003882465382 0.065340797770738 -0.8414274447687986 0.10911151416345201 -0.5292395796487722
0.03565051178462702 -0.9988565306456305 -0.03185391963430579 -0.9705477507206982 0.06743603284120926 -0.2312778524754001
-0.9977456901932247 -0.043494022281099005 -0.05110584826276647 -0.03213294490408608 0.9989358997654024 -0.03308386331244988
0.11460993957033865 0.9928482218355086 0.0334211033592845 -0.9978429707681746 -0.06317139836328713 0.01785441450652781
0.0009513831355346304 0.9998441681748219 -0.01762765545748878 -0.9884358826989423 0.01121440171190675 -0.15122414816227817
0.043159704533680836 0.9977771852662478 -0.05077330466622488 -0.995576266887155 0.09333145241787652 0.010822975589266306
0.03420907585038478 0.9989688759489098 0.029848350286647198 0.9998386842950129 -0.009093018252551892 -0.015489428855721904
-0.9857804448445825 -0.15996355535307602 -0.051464313080232464 0.28140029305755904 0.958465425064201 -0.04645324556605652
-0.9883228589769784 -0.13755687913020465 -0.06554411817646003 0.18334394094326342 0.9826157735623461 0.029176032387306903
0.9765439351622135 0.2145004587117006 -0.01874822419240593 0.03487474880092713 -0.9983567336566058 0.04547069670222158
-0.19003356606630448 -0.9815920817332057 -0.019084780501620074 0.9982741090761919 -0.058723526001254085 -0.0005921504163527064
-0.9992705291448101 0.030815318384111647 0.02255716594648591 -0.07311785128110605 -0.9973003465171364 -0.0067674707856011165
0.9411076080258678 0.3295685601903616 -0.07550519352919914 0.23062538086458556 -0.9723639949461954 0.036334488208036
0.23812631958040667 0.9712337865860995 -0.000887534065104795 0.7794521184860889 -0.6260834714642486 0.021768825113529407
-0.9979928933201518 0.018866637405361052 0.06045026778672488 0.09610197886500561 -0.9953684236495687 -0.0024720152917518715
0.06082753885246276 0.9975651908601801 0.03411305470409188 0.9127587814780588 -0.11264480026025281 0.3926608661542642
0.9916011324728036 -0.12524200362601123 0.03227436453898865 -0.43648047779755517 -0.8993604127507695 0.025211911438517448
-0.9617537645473242 0.26902585756559255 -0.05152459936911198 -0.3869625576221299 -0.9212006128497762 0.04061292754452373
0.9997179131295597 0.02372838548257526 0.0010285379275402854 0.15917452624373626 0.9860853500849409 -0.04794947906851322
-0.9767306373830072 0.21179773391852957 0.03374880596939703 0.4972032486202095 0.8646217477906859 -0.07223685215241356
0.03420594584862443 0.9960926052501331 -0.08142158825890874 -0.8729962509514528 0.0441833142261376 -0.4857215051536244
0.9948976672992961 0.08185154587333986 -0.0589826757663943 0.13608134941625438 0.9905337356705416 -0.018021787913879102
-0.7624210641176357 -0.6450296033658257 -0.05148720007397848 -0.8325782947921203 0.5526979033553183 0.03658429536946526
0.09542716029195886 -0.9920838900787292 -0.08162850068982401 0.9891396685930597 0.11374011633793943 0.09309082635278393
-0.9941374257551426 0.09338844852259655 -0.0544919846902329 -0.02837163576709011 0.9981799219746011 -0.053215539560157746
-0.10450970651592029 0.9944167791511381 -0.014594197019117312 -0.9976057824387919 0.033833716496727034 0.06031569010386038
0.9923140923221996 0.11361451556753054 -0.049035538450439876 0.12722149865142612 0.9918724944383327 -0.0019092033848896182
0.989881927236673 0.14045463043144713 0.02015606411419979 0.5757554201679943 -0.6907187188376236 -0.4375081114613626
0.9696544070710432 0.24337177457013065 -0.02324887503277144 -0.024036753232492478 0.9994390703231435 -0.023319073859205394
-0.9987952381476486 0.033221616922151406 0.036116428708550856 0.00482983826122655 -0.9993277489296288 -0.03634175121827561
-0.9817125937273143 0.1833628853918845 -0.051170651529482705 -0.3287668587646793 -0.9444020084911386 -0.0041471599810846155
-0.048276177100292784 0.9952916651949547 -0.08404708155572822 -0.9578649815719793 -0.0019739407619748846 -0.2872120830257322
-0.11859593750241475 -0.9928840283154193 -0.010784707880560428 -0.9604298177159908 0.13308223122262786 -0.2446705641772947
0.28238112819815747 -0.9558792014947715 0.0809682072621958 0.9063877322966944 0.41964931592812044 0.04853586697604394
-0.998321287830425 -0.02842504893292151 0.050464074922293024 -0.07678108105798219 -0.9956428144807619 -0.05291551345678021
-0.9964624146052399 -0.06814120514374412 0.04918772652454336 0.02734519487825191 0.9996256350577081 -0.000911072194956397
0.9522885155755118 0.03477494783789725 0.3032116193450703 -0.016853575517858474 -0.8776968303497665 -0.4789198586258844
0.1090290216620519 0.9926011816616037 0.05343750180728699 0.9851848423189735 0.16351690867260704 -0.05170151876970045
0.08593726843447959 0.9955334833349894 -0.03908797069333086 0.998561693246335 -0.03870774951236893 -0.037097909761873826
0.029678047931377124 -0.9983852349947824 0.048436928220067586 0.9693210517046628 0.24314771753445957 -0.03599841913124934
-0.9376893582127941 -0.34387757392204543 -0.04986864393550961 -0.996647461956652 -0.045054588600299074 -0.06829290315561169
-0.9592138444546081 -0.23880108298653435 -0.15127076178518123 -0.6088990014897638 0.6894316879278549 0.39233398229788563
0.11929024359795978 0.9907983425164067 -0.06394124059697823 -0.9988437205095964 0.04807325144719232 -0.00042952746400687103
0.9493768067235856 -0.3105363070868793 0.047443448822478015 -0.06832240706507726 -0.8588142705467369 -0.5077106433768256
-0.9883886939413673 -0.0051764353494821325 -0.1518584676794515 0.2715618830193903 0.7955934643651447 0.5415581069012174
-0.050602386805890735 -0.9987134544669694 -0.00329155224778776 0.9246594801922705 -0.04113398090619257 0.37856682541576375
-0.03067337630291315 -0.9992530362059089 0.02350560825532086 -0.9618155506075752 0.1739911484852153 -0.21127689617713283
-0.988947810695254 -0.14824315251374862 -0.0024890668632300177 -0.0013382049491114242 0.8711613732458314 0.49099498059751223
-0.06779418362518112 -0.9972410865198176 0.03023514549938205 -0.9536174905771585 -0.061508074761939105 -0.29467005006346103
-0.08115147916715469 -0.9947963619800628 -0.061600613797387675 -0.9972337707476608 -0.015450339860948488 -0.07270552577750257
0.9829097936086809 -0.1766078235642134 -0.05194241315198597 0.07014811251028993 0.9974526045873001 -0.012943875511411889
-0.34511827142698787 0.9364456907072991 0.06295114838489795 -0.5824271092858636 0.8101040620600934 0.06715706219489637
-0.9984039177085255 0.04402130845392205 0.03537995910501496 0.15019014179430729 -0.9886510850809624 0.0034573510150614924
-0.998068487660265 0.012896830914147719 -0.060769776138498745 -0.022736635250663603 -0.990024714715281 -0.1390471490912511
0.04393633741669214 0.9989795139412058 0.010465609404088033 -0.9385548357422456 -0.07007762927195565 -0.3379407435934126
-0.9803799015480062 0.19669799977401342 0.01285089590744623 -0.03738618921171522 -0.999212863101317 0.013263750189701105
-0.05432112565716944 -0.9963415446126689 0.06597531194453833 0.955102654080986 -0.02776422137644626 0.2949713006019673
-0.9986650163571755 -0.045195264524423316 -0.025011460750820544 0.1100640138943061 0.9818048799315738 0.15474201300235782
0.9986592613068076 -0.04129246277703823 -0.031218781589747113 0.04417515325451836 0.992067293072236 0.11769044927803729
0.9977803731643249 0.04193931977900148 0.05172446601498314 -0.06000631211003181 0.9981826386765142 0.00553735963660181
-0.019926759574193872 0.9971496150813343 -0.07277066301758738 0.9934101296868231 0.0643495934179033 0.09484431486683748
0.9981259681163528 -0.0025162042718821992 -0.06114098860711889 0.017642195486446334 -0.9331969852247214 -0.3589319430002143
0.9929742785137596 -0.0845487010342311 0.08278646848068104 0.20264715991757923 0.9783207716822057 -0.0426918759540097
-0.9914646259118035 -0.0715341133654413 0.10899892747448464 0.04103165416600731 0.8835861115248477 0.4664675625129795
-0.969221795888203 -0.24579895904253618 0.013855760854318224 0.32335424305087707 -0.9452616080073829 0.04384661820814792
0.9769974152878036 0.20228017148791083 -0.06751875845846238 0.15194609500838438 -0.9874819071552934 0.04233045301727324
-0.9997605959243043 0.016586525729286677 0.014270178741400784 -0.1112883643433794 0.9772086046968811 0.18077124458317495
0.999699556086063 0.013081800981355196 0.02072833916195017 -0.034056128435025354 0.9789937805661003 0.20102576384362136
0.9783197315457739 0.20657393446803382 -0.014755082737864229 -0.25430542898422354 0.9669842225770694 -0.01643964951484411
-0.8744117728695694 0.46929250042621706 -0.12316087248312958 -0.1875236562134113 -0.8783431484626761 -0.4397137613368814
-0.9994064628962405 0.029478276390209553 -0.01782563160979555 0.11089383854905346 -0.993812325846708 -0.006294248725084938
0.04892014609764384 -0.9980478506133904 0.03882405429340146 0.9954830259944996 -0.08482399030131911 0.04264311933004207
-0.9941208779737281 0.10648608697645157 -0.0196059495354823 -0.29228209228760954 -0.9557638287793396 0.0329648619750539
0.10324360042063198 0.9946107804545687 -0.009494965810275603 -0.93770517341735 0.02709709196837304 -0.3463737220881442
-0.5381196586909183 -0.839326525327967 0.07718948640359793 -0.8499635946977205 0.5264782193815355 0.019559453095036643
0.26637152487778726 -0.9632522668399186 0.034514941142071244 -0.9815996033143785 0.18633554701882912 0.04172867946926079
-0.9935012210985001 -0.11365742070617653 -0.006108550909048733 0.1322044689123242 0.9894490461449682 -0.059266883522107745
-0.008151699379058876 -0.9990843574136081 -0.041999959150828374 0.9113355829750518 -0.008295140449964405 0.41158066748626304
0.9936289399508365 0.100496456051658 -0.05100972469279106 -0.15280633263562313 0.9881760385331646 -0.012583384892505472
0.07444574411491124 0.9957668630756924 -0.05390904918074777 0.9994560112824257 0.006011602708062885 0.03242749056440024
0.005905885161078907 -0.9993164046826343 0.03649443591340732 0.9915606939887666 0.008757715451561116 0.12934717838663984
-0.45668525943335286 -0.5981590748702791 -0.65851673856222 0.42754029562409 -0.8730855803253407 -0.23437334542483482
-0.932431676665147 -0.03538773362716945 -0.3596093389501379 -0.03939001450065514 0.9250798754849403 0.377724305188858
-0.02408259927818969 -0.998145913125588 0.05589959322474854 0.9715057236781502 -0.23283597305673812 -0.04431747410802797
-0.8946896821990881 0.44517621737212326 0.03672203769867468 0.5884325141986559 0.8062084048917952 -0.061442526931074014
-0.9975697844680401 -0.05111367145567803 0.04734889340532558 0.04559242713212133 -0.9982878500979501 -0.03664285653459748
-0.38016708544376965 0.9246122496569146 -0.02377340803437581 -0.9981603254058329 -0.014376820846286177 0.058900524684214445
-0.4331378747780682 0.9012732657415272 -0.009903630260725552 0.6903062874656152 -0.7234459560010297 -0.010157668590557247
0.03908231865223685 0.9984294874413858 0.04013889605228999 -0.9075534690861075 -0.002192178606245331 -0.41993082180608055
0.056263220994901185 -0.9975786854434121 0.04088051262243412 -0.9988774289383365 0.035319886427320694 -0.03156560755473699
-0.06272314347716161 0.9979578068333839 -0.012083999861209583 -0.9711839925002167 -0.07099000165716585 -0.22751279607102276
-0.9939029065553998 -0.11013315902054116 0.0052630433101437035 -0.07338345834990904 0.9972644550368593 -0.008858598119517676
-0.010429940070115521 -0.9978979762507465 0.06395971657847187 0.9414727082764826 -0.0014069103812839776 0.33708628001407054
0.6915745720030279 0.3065447103782937 0.6540297790604925 0.5431228191358856 0.47496457723989577 0.6924061334947973
-0.08988355547409656 0.995855117919096 -0.013911526504246997 0.9516095212118695 -0.025163426225768823 0.30627784954106085
0.9724402689046925 -0.2267685260062249 0.054184490636468456 0.09153389451907823 0.9955091727683602 -0.024146078112719346
-0.014752080710357973 0.9993148299680129 -0.03394475984178511 0.9983009566513741 0.007938151822575935 0.0577250872203157
0.9965194292954311 -0.08059865586336819 0.021281064581612837 -0.11549086463898357 -0.9920407868800455 0.05016908760741131
0.01405868802418725 -0.9966898950948755 0.08007250656002175 -0.891339760005476 0.012266063403640828 -0.4531699194804949
-0.9437154860905329 0.007836992203624925 -0.3306654848424758 -0.49174733079967897 -0.6427872289638489 -0.5873747874503703
0.9835083112775996 0.16250421633216708 0.0793963558493236 0.17277608428766103 -0.9849463875912716 -0.005388716834979326
0.9906278630034179 -0.07248040483499824 -0.11577144706807632 -0.06481360173917253 -0.8967939678633954 -0.43767542338292537
-0.9950412731140023 -0.08021666215416051 -0.05880605336622311 0.08532347049518821 -0.994801894328947 0.05557964035683827
-0.9482063638028945 0.27791376799774803 -0.1538461218262803 -0.31252182448505966 -0.8765740152032138 -0.36598921444633487
-0.9754013485067708 -0.21757717045047031 -0.03538904109946658 0.12331451934357911 -0.992348565387945 -0.006152567882553407
0.9995863059556284 0.028707117637141018 0.0017658830505714886 -0.06601899857774775 -0.9887213128286612 -0.13443086470435234
-0.996823433436977 0.07010919809785549 0.03778548521578551 0.09742799040923006 -0.9793132441412398 -0.1773509417352488
0.9989815656035682 -0.04342968695501976 -0.012234944839799986 -0.035524550820428255 0.8663849931853465 0.49811148337719957
0.9989594460324638 -0.04390225840991921 -0.012353820826849615 -0.06810083657778784 -0.9152279372911106 -0.39713989834725
-0.998222131395759 -0.0513718606322454 0.03022430027129001 0.1418580891228625 -0.9702251196362545 -0.19631479765220314
-0.017007514338001798 0.9997238205700246 0.01621810842594947 0.9991676853892923 0.030057955878144735 -0.027576362382147616
0.020599893052422595 0.9995648831900887 -0.021111340540402493 -0.9997992860026773 0.013579506846951932 0.014730400616761265
0.0021025420917913555 0.9999640949161273 0.008209031326699255 -0.9921287291333889 -0.1178292000291822 -0.04238943793741071
-0.006181908533240463 -0.9979163482102295 0.0642241853326833 0.9751661522351364 0.015515500135603062 0.22093040712056974
0.030347758307387174 0.9991639441619004 -0.02739390904108878 -0.9984425028602993 -0.029707277463327658 -0.04722336442671216
-0.8439176966047894 -0.19975542105116809 -0.497896267427199 -0.3592951159238318 -0.790341781128454 -0.4962528475243072
-0.15594833407150363 -0.9836291921234355 -0.09029800387007697 0.9707840910877036 -0.11099172144683368 0.2127418300694292
-0.9985700647301815 0.021631373923692486 0.048886700511840415 0.042603573307821566 0.9903355656861188 0.1319863738366965
-0.04222603977972316 -0.9978720986815994 0.04968134697551478 -0.9994726256819263 0.016825025460726808 -0.027773891169979754
-0.015206201553142302 0.998506488061452 -0.05247441980156056 -0.997309693771674 -0.05542820840220687 -0.047969661478598984
0.969835543753252 -0.24012899090930878 0.041917607251740326 0.5816185940648353 -0.8130303020799721 0.026486580334078663
-0.13369063102335094 0.9897811211015791 -0.04959987386556043 -0.9929279345571651 -0.10074682791882901 0.06280281395236789
0.009473030919757422 -0.9989646494427481 0.04449596441162559 -0.9021367530558407 -0.0008117933737605594 -0.4314494405806819
0.936241818251747 0.3430659217128874 -0.07587510208197226 0.25278847927187276 0.9650082132146367 -0.06969313578616014
0.9739331773613553 -0.06474783639769939 0.21739798461952584 0.2693251526165395 -0.9189862443188029 -0.28797264613309914
-0.9997519080414464 -0.021428920389807163 -0.006076490633130946 -0.11483593180570917 0.950078063059124 0.29011098369440896
0.05781205997689238 -0.9966076590978541 0.05857422256183559 0.9879125985806683 0.08676208786540095 0.12845636486693746
0.02347275534910845 -0.999705182733435 0.0062110685256387575 0.9105061034732722 -0.019269196528968732 0.41304640611321974
-0.007315859347723638 -0.9999716193336953 0.0017996469519113473 -0.9741207779544546 -0.01292227464648006 -0.22565842500418412
-0.034310624785335864 0.9982531641786283 -0.048097829828345796 -0.9914723310023612 -0.13028369617476718 0.0029623247265018523
-0.997981015960256 -0.03442098883474767 -0.05337684245600738 -0.0019250448786090303 -0.9995201765581869 -0.030914573510019513
-0.2412317337959622 0.9524322169848746 -0.1862259988805826 -0.7611219511954603 0.44786873744886385 -0.46915559191421347
0.9984109402801391 -0.0059250915257146545 -0.05604005370572211 -0.08218449595022248 -0.9936488149961903 -0.0768618311132046
-0.024506646239979144 -0.9979080036424801 0.0598250830032724 -0.9986190002607042 -0.033746309047074145 -0.04026510827020598
0.02176874273479034 -0.9997085395126013 -0.010438288429060846 -0.9926587662683339 0.09282340717863673 -0.07753959524254664
-0.05055737459461052 0.9984627010092048 -0.022719739600258318 0.9931545228626699 -0.1082723882186094 0.04383130920770203
0.024643132517939422 -0.9974639862346625 0.06677059371130713 -0.9993093663567524 -0.020855435782754252 -0.030754529909876406
-0.030561213638042733 -0.9980313313136974 0.05476745326540895 0.9865313938588375 -0.13415569564231336 0.09358449795594569
0.8704405313126208 -0.48869317872256546 0.059264310661959606 -0.20032772691461212 -0.9791207837672308 -0.03451510718900313
0.028503833869974293 -0.9994362840481705 0.017738251962846632 -0.9978230949141975 -0.05573521159655037 0.03525134669966972
0.03386009872922525 -0.999409245914409 -0.005886670947106343 -0.998700491896933 -0.03921939836175145 0.032544834873854026
0.0427330410025156 -0.9979458278585043 0.04772852256755961 -0.9999625085237164 -0.008254175051549757 -0.0026172774356193395
-0.9994345938829091 -0.033244469096667235 0.005029694283460824 0.09351547192886403 -0.9491010672760878 -0.3007690486158991
0.9999066836775932 0.004459130068379843 0.012912788076585071 0.12234092100245363 -0.9719298993459102 -0.20096011993855958
-0.07447900025634512 -0.9962987845008634 0.04291398982753335 -0.8885627772568518 -0.45610249454921403 -0.049261601065884626
0.9983308518761056 0.013137641381547086 -0.05623977748230399 0.17748172031399134 -0.9817194940215618 -0.06875371998979421
-0.040532807632320055 -0.9989926694658136 0.019254554240724732 0.9995425376014624 0.0226718406804447 -0.02001757141588296
0.04981383316413923 0.9987007987346628 0.010737626937175573 -0.9998392259891683 -0.003801390779045608 0.01752345860628272
0.01034841660330035 0.9999406323046985 0.003412058013041439 -0.9995321203769754 0.016726522026825053 0.02560788541823639
0.008084740019283849 -0.9995452252746108 -0.029051327156399152 0.8391499695852627 0.5377553479467947 0.08152615715017099
-0.9494473677187236 0.3062780292722231 -0.0688728155160643 -0.40894213776469124 -0.8923076726212114 -0.19118929191186804
0.9977857416625449 0.06596305537852593 0.008514050743022444 -0.03414155951700935 0.9285909688928107 0.36953100871842615
0.12916951770767043 -0.990848464610161 0.039173407751359836 0.9965258712923917 0.02162430344499919 0.08042746636229492
-0.9982014961923634 0.022403651107422196 0.055604401052291585 -0.02584525519098387 -0.997835166312285 -0.060473164748074563
0.15389326101089898 0.9839772847294966 0.0900309244193272 0.9802565519089075 0.13081698145681947 0.14827005699798398
0.9981462038494913 0.06081999850328102 0.0022546669179149595 0.2336811609683891 -0.972110642876605 0.019849761069083594
0.8777277530643887 -0.47891893450262113 -0.015187023257165892 -0.5361383945181452 0.8439967086764231 -0.01500592106039754
-0.11981696172290081 -0.9880807120461848 -0.09664575606718269 0.9895535631575915 -0.06634223144640164 0.1279939606732552
0.054132078628740365 0.9971193634909745 -0.05312902233888642 -0.9982501553352824 -0.032555033718224616 -0.04936392562074029
0.05845704595902662 0.9968624032515104 -0.05336780641329983 -0.986941873551254 0.11125422454985036 -0.11648277018921034
0.8554938403182084 -0.5146931297777454 0.056756244918005384 -0.3385307954605401 -0.9392617492312243 -0.0564293093698188
-0.9045656246847675 -0.42467644165206064 0.03756262163907516 0.19258486078799225 -0.9799001294132587 0.05202699079466906
0.9920117103548918 0.10249129457363312 0.07354115212167375 -0.015525508402368729 0.9786337166837699 0.20502440625096022
-0.07238521281252182 0.9964962969614394 0.04189881989059523 -0.8175982337802051 0.5757280210620636 -0.008388914318851123
-0.6269671732707408 0.7790093849693289 -0.007519426215134308 -0.9167386377456719 0.39439446174807463 -0.06358678012493012
-0.21027534014490168 -0.9766842648719292 -0.04326809538823131 -0.9978123158482799 -0.01589562474351324 -0.06417095492125652
0.9977672605159595 0.020651061837307586 -0.06351399442224522 0.1272507374457245 -0.9909585102280805 -0.042526236913963705
-0.05746640263104092 -0.998073503602541 0.023385764370570196 0.9940442623832353 -0.06999116990164392 0.08352987823987668
0.9812985702873839 -0.08394429214355209 0.17322376213572507 0.021715459531294935 -0.9637989716237696 -0.26574420240958985
-0.9922386891341607 0.07208740040808254 -0.10132023730591704 -0.13925274001228619 -0.9418900732043552 -0.3056988132102657
0.9747864580957369 -0.20319935407277823 0.09220294798743389 0.19109787418011667 -0.9709707069938694 -0.1438662178680793
0.6262346216727698 0.7791992979070246 0.026050964657048637 0.4162841741587745 0.9080562587270381 0.046274370137275755
-0.974247659993088 0.2119185008092359 0.0770197767638804 -0.34160108560394603 -0.9388817791157416 -0.04254060599786436
0.9958276077787348 0.08283984897816402 0.03827446938831986 0.3066688718656286 -0.9505370325930786 0.049331052064669485
-0.9872343843054971 0.1428774243073228 -0.07038687426112339 -0.25262159268491424 -0.9673448489065567 0.02064640896835151
