0 1 2 3 6 7 8 9 10 11 12 13 14 15 16 17 18 19 20 21 22 23 24 25 26 27 28 29 35 37 38 39 42 43 44 45 46 49 50 51 52 65 66 67 68 69 70 71 72 73 74 75 76 77 78 79 80 81 82 83 84 85 86 87 88 89 90 91 92 93 94 95 96 97 98 99 100 101 102 103 104 105 106 107 113 114 116 119 120 123 125 126 127 128 131 132 133 134 135 136 138 140 144 146 147 148 149 
0.9002033110770575 1.0150095719171521 0.586781668243515 0.4774843575748173 1.2214988991299185 0.8923257317064818 0.9019537063837791 27 29 18 3 
0.8851707708409033 1.1794309671893173 0.6539497054563274 0.47675935609513415 1.1942155600038942 1.108196740276174 0.9926433044190643 2 45 43 27 
0.8374775261241364 1.138198726522722 0.6825940261417502 0.4753891677218511 1.0702847157600213 1.0246463447655623 1.060173343856106 103 132 1 3 
0.8507572478168332 0.998229062058505 0.6248870037910856 0.4772053086550574 1.101461029040367 0.8634959908272198 0.9864848987172679 104 2 0 126 
0.928298960396193 0.7652410806630955 0.47393094984167244 0.45300764768408586 1.1908501214093645 0.4983354294101991 0.7172557433766962 5 32 6 
0.9293840005898942 0.7685293200859078 0.47517157274926647 0.4534554146100753 1.2800214605852827 0.5859291641124511 0.6888141689648989 129 4 6 
0.9997307476259627 0.6020649150185766 0.22534366917268897 0.5563530362760944 1.2182712201970483 0.5449261302981666 0.7252113944113048 4 8 7 5 
0.9323327080785979 0.7954236456838744 0.48707745217557247 0.45499371541011663 1.2467189116212274 0.6097646474618776 0.7438140995550278 20 128 6 8 
0.9045700848719924 0.7723532944904168 0.49933593241836866 0.453491614228875 1.1461043175094647 0.5106113157724197 0.7692655326613582 7 6 22 127 
0.7305093119273085 1.351938194520412 0.8122551079003736 0.49725871553604306 1.0800192267020159 1.653183712495664 0.987353028261273 10 91 76 11 
0.7234788249467384 1.355209770590589 0.8177019147526416 0.498892376208894 1.06961905042448 1.694526079957245 0.9200695663624033 11 83 88 9 
0.7266634755402732 1.3567856033001828 0.8099978308981187 0.4974584090348814 1.0265491017895358 1.7145186421421874 0.9721954881940058 80 10 9 78 
0.8124797178788855 1.399427025177576 0.7028632670347352 0.49066167286573614 0.7849999533532583 1.5191732657308368 1.1728798396594966 13 72 131 14 
0.8068947820552085 1.4082540823743546 0.6970463544454277 0.49271359296742395 0.753606282082678 1.5837766076034947 1.151524064755601 69 12 14 65 
0.7460262586336744 1.3793951962407371 0.7033095382258516 0.49024562387120374 0.7315924107616989 1.4954937589647863 1.175599089116464 13 12 133 66 
0.8206251452392255 1.3671984509828192 0.7138679462851703 0.48804043505501055 1.0024391074454237 1.3157263635698944 1.1551294643343015 17 92 132 16 
0.8127682339036012 1.367211481236126 0.716281759377303 0.4878844851483528 0.898566196764246 1.3315776908903971 1.1864349116901118 15 136 131 17 
0.8231414867035142 1.395587823968657 0.7100650488204182 0.4907576328861867 0.9672749583877439 1.418067973326099 1.1730321124591758 16 73 75 15 
0.9027924328744042 0.8939100540715642 0.5527205203737064 0.46316426415297096 1.2173491135453964 0.7598283073082558 0.8529838279366919 20 126 0 19 
1.0130013392388464 0.9265449127230869 0.45995217396394805 0.46371492339927567 1.2866535558941408 0.7774352445430524 0.7940027121177765 128 20 18 29 
0.9306508106512554 0.8007324963280938 0.49130123896288863 0.4556960197265385 1.227572253055091 0.668991659275365 0.8008328020374024 19 7 127 18 
0.8133308879762288 0.6988859521650497 0.45773914616056577 0.4811073457688961 0.9335300556054134 0.3899928466810274 0.7873871429993861 35 123 23 22 
0.83599024229252 0.6905695514901347 0.44120744045542915 0.4784752569739838 1.0427368435361193 0.40921165103348867 0.7545682696324579 8 32 124 21 
0.8180365841003301 0.7684523524237852 0.5281277874344961 0.4714526574526345 0.9817757275348884 0.5159299428109276 0.8713211693407737 127 21 24 125 
0.749862707706026 0.7772065497062329 0.5314984778086926 0.49069240920269996 0.8181429322946077 0.48697292701407613 0.9043999294109324 23 123 26 25 
0.7556765485726279 0.853571727455626 0.5819044069362412 0.49119659300590424 0.8071015824353984 0.6030186518984413 0.9837333934004716 102 125 24 26 
0.6964018997510923 0.8013176156462622 0.5387673926401667 0.5016571247065873 0.683564983494422 0.5219764862543869 0.9406562506223197 24 94 97 25 
0.9304484841580235 1.1261674794934136 0.5939517227488692 0.4773300994036618 1.2565995698155596 1.031774298924094 0.9154323810691982 1 142 28 0 
1.0075580250047886 1.0985688716332664 0.515518159486353 0.471363746584602 1.32504319599692 1.029657537335201 0.8479991488230382 142 137 29 27 
1.0131856242827382 1.0267842663771758 0.48725372666494843 0.4733905895765137 1.3112472399224346 0.9034783825335825 0.8228018811680733 138 19 0 28 
0.7080034810307644 1.3197352857268896 0.7120120812178831 0.4878801852382915 0.6056638983411902 1.393536813557581 1.177242032862192 64 46 31 
0.6626975582126 1.238069331065614 0.706829279809137 0.4914638340193976 0.5497298887522929 1.2701040156398196 1.1777061525492991 134 109 30 
0.829305910771223 0.6963194971073062 0.4525126422166535 0.4783884569786457 1.0914476849223753 0.4094867007489319 0.7237611060635633 124 22 4 
0.7803048040441447 0.632929623473445 0.3293379195420727 0.517991479380033 0.8107937253807493 0.23650504616661855 0.6565663937930002 34 40 35 
0.7630653277426733 0.6773783826814425 0.4218130445635084 0.5019984621120617 0.9004307694460173 0.28553594183632103 0.6953734997047794 124 33 35 
0.7904852003923419 0.6634484381520869 0.3959440559529292 0.5001740915141758 0.8585722208335127 0.28964186635482325 0.7122452063405853 33 39 21 34 
0.5159806048654548 0.6952649152102703 0.34938766680399497 0.5710263263925035 0.5076989260009319 0.24240804858506382 0.69167178801791 47 149 122 
0.6383325699067718 0.6909101481006593 0.3963033726550269 0.5348402213996093 0.6752564231354722 0.27757325477822575 0.7256162195399525 38 39 145 149 
0.6353284134343686 0.7175966041288226 0.437922090761559 0.5270873822423136 0.6593698775047151 0.35414383505899577 0.8091088067541221 37 148 94 123 
0.727656137301553 0.679459706968679 0.40693542031005264 0.5127419930194712 0.769226478522683 0.2858645135659963 0.7235567434000116 35 40 37 123 
0.7170599273165945 0.6523338103528912 0.3470340271402291 0.526359152026962 0.7419177683543456 0.21904880012532904 0.63856659294628 33 145 39 
0.6347225289587418 1.141691973332685 0.6910770878037287 0.4996256738679719 0.24179228288567328 0.9604041089470865 0.9370815616583275 112 113 
0.566692829337115 0.7213305659848666 0.41074735620243163 0.5454660595329935 0.4169092505458202 0.4475644139948272 0.8551088776003513 147 48 139 144 
0.9018561714539901 1.2086339970208972 0.6386713019476664 0.47583105316778346 1.261014483164355 1.2281921699527996 0.9379333112519871 44 141 142 1 
0.8444347322061055 1.2617030702382879 0.6927372778135691 0.4829969516151932 1.2135934243075188 1.3115706165194385 0.9876176974819786 45 49 51 43 
0.8455084486273716 1.2601208698602873 0.6916107820487376 0.48287335380053714 1.1448262858275684 1.2275429541228908 1.0561619613225979 44 1 132 92 
0.7262380629643905 1.3180810863202108 0.7164705876470838 0.48723240818037145 0.6615591858791923 1.3748479162924303 1.1891240815837163 66 133 134 30 
0.5150524468979839 0.7016024446355106 0.35881723198158877 0.5696844149435579 0.47095276363875227 0.30624836193599214 0.760597559107669 36 48 148 
0.5230262905501788 0.690520552425602 0.34880648112999646 0.571747021667726 0.43804864953120903 0.38339663542456814 0.819237961074337 42 146 47 
0.7819032717482014 1.3435144221506936 0.7491969216278503 0.48786856200764556 1.1613871764804022 1.4122991145374042 1.0352277244299655 44 92 77 50 
0.7602710795706924 1.3139638214152123 0.7908735259900707 0.493975767122361 1.1869705115012867 1.4867462083516307 0.9490333577303205 91 87 51 49 
0.8307607768567964 1.2309661785177448 0.7225770865833357 0.4864601320887362 1.2390330447631928 1.396479683977427 0.9147570241491674 50 52 141 44 
0.8338846664002142 1.2347472068787557 0.7077023577030702 0.4872543396222776 1.238281189789928 1.4622040163183028 0.8307491853418275 51 87 53 141 
0.8334351320720722 1.2386989913946886 0.6989491738396932 0.48664961596891787 1.209754539513558 1.530060006818548 0.733988504833112 52 89 54 
0.820896446844494 1.245757786823532 0.6656409435438353 0.49074762828782875 1.1393909410072673 1.6075351641839795 0.6386240679801316 55 53 90 
0.759648012252976 1.249149034337002 0.561083750120043 0.5202629996751148 1.0636326196466888 1.6678434005939629 0.5704719607431732 54 56 
0.7095272902767179 1.3308606470901923 0.7072409355212491 0.5032438679296385 1.0081389306141033 1.7146675260006017 0.5985666917021261 55 90 57 
0.6765761533714822 1.3751673820060004 0.7833187420293567 0.5062584735174538 0.9558198290690455 1.7724813998725695 0.6608614745647148 58 56 86 
0.6820622433634507 1.3747205544450467 0.7877217269295579 0.5045390797116788 0.911160119850301 1.817071204156468 0.7554048807557887 57 84 59 
0.6881354148509075 1.3739200920804922 0.7878722061096068 0.5029625413247186 0.8648203192998846 1.8354159844386424 0.8570711085010383 58 82 60 
0.7329616088668104 1.3861078723595779 0.7416836011012496 0.49307673254999684 0.8162136675508095 1.8234412639423572 0.9459898349547451 59 81 61 
0.7802475486493466 1.4153116823305936 0.6906580032483279 0.4935596323613289 0.7687079024086436 1.7828791098774763 1.0158386933222978 60 70 62 
0.7797524417767452 1.418783300374475 0.6864041060848053 0.49414691925395754 0.7416906645962553 1.722389281126928 1.0715823885378248 61 67 63 
0.7646949786880113 1.4190928888456436 0.6839727691096062 0.49483634311731406 0.7073160754724552 1.6372335012555577 1.1195308639780017 64 62 65 
0.732974502138379 1.3799291838586163 0.7001561825549251 0.49036873903995815 0.6541897319335199 1.5222300797536656 1.1569402837056924 63 66 30 
0.7896452089571173 1.4127164926939866 0.6917746412117982 0.49376670731351013 0.7279008776871434 1.6139135067290318 1.1347505413800592 63 67 13 66 
0.7521570241190977 1.3769427366159588 0.7051462608854855 0.48931789644548174 0.693427148955412 1.5070451781864709 1.1682563453420858 65 14 46 64 
0.8031990782648295 1.4158340902503308 0.6915334537373273 0.4937530411341585 0.7661166279656209 1.695453291321783 1.0933434313866872 65 62 70 69 
0.8111423934435088 1.4063862901807505 0.7016816289150631 0.49154934737265715 0.8627195327627373 1.7144708082012081 1.0754422720434842 79 71 69 70 
0.8174024682862925 1.4117080066592824 0.6959485895954699 0.49302803355438496 0.8053306117918761 1.6520955033381772 1.1217038488866957 68 72 13 67 
0.7987546393859535 1.4110784862438226 0.696984099541542 0.4924764370707222 0.8095054327725062 1.7570744170131412 1.0428045612533 67 61 81 68 
0.8153450818873451 1.4023668952108932 0.704915042521582 0.49062764494484695 0.9274468496236385 1.6501553336568153 1.1062783323506358 74 72 68 78 
0.8252198285325054 1.4068014022456017 0.6994779633428977 0.4918838893514453 0.8569129991498605 1.5832873900132962 1.1512590953319786 73 12 69 71 
0.8454247435642567 1.3807319923631949 0.7085082324543766 0.48927725287572515 0.9137926930430706 1.499630872722707 1.1714626980975362 74 17 131 72 
0.8236289355836749 1.3838806458088597 0.714850788241393 0.48816080044722954 0.9922839834822905 1.5674253102224966 1.1274943472747232 71 76 75 73 
0.8017129640881363 1.3941059053056566 0.7212089359756124 0.4893618444603245 1.0487489452795733 1.467970506398912 1.1293270839882212 77 92 17 74 
0.769451730521409 1.368780500460018 0.7579678103096149 0.4886298143574215 1.0503673401949225 1.617397781608421 1.0625585832818951 9 77 74 78 
0.7593261868455771 1.3753789336819406 0.7612351325560135 0.49031659842224995 1.1085014645652078 1.5204762363638684 1.0629145445060793 75 76 91 49 
0.7665234407744358 1.3738130656205163 0.7550508090432841 0.48902801790162526 0.9852387632138977 1.6965782448084052 1.042086956115863 76 71 79 11 
0.7633523809133123 1.3746025443054355 0.7556254719386548 0.4894092106841338 0.9193135772626587 1.7561491586737654 1.0115487760930126 78 68 81 80 
0.7262269811295003 1.3564141971128576 0.8120046097959621 0.4976131662530443 0.9724966895791851 1.7658258874504025 0.9360838224949162 79 82 83 11 
0.7488311058703818 1.3808428574931677 0.7496764488576645 0.491107617784457 0.861674925022028 1.7966474311922638 0.9777444049517725 79 70 60 82 
0.7074478750013738 1.3667223231954393 0.8005350292911965 0.49999312989906175 0.9165201148793614 1.8060051176421545 0.8959241909365446 84 80 81 59 
0.7216731511064103 1.3562620612618919 0.8190247748549894 0.49915941432292676 1.0262554319454242 1.7437576651493805 0.8623160670215271 80 84 85 10 
0.7060296249735905 1.366095440794279 0.8055483169392812 0.5007136008790963 0.970878130487223 1.7851257983342546 0.8067799220830203 83 82 58 86 
0.7208733662584152 1.355603661107712 0.8238910699564738 0.5002785327048624 1.0808006438513211 1.6946812925806856 0.8006093008815334 88 83 86 89 
0.7067015250457832 1.3652296383200304 0.8097636742080193 0.5014544972498414 1.023480567128899 1.7376515016583758 0.7262395491487558 85 84 57 90 
0.7619496614644022 1.3161216357441878 0.7824335488613189 0.4935624919131334 1.1772171876836697 1.560070964596683 0.8509405626677901 88 89 52 50 
0.7224948789293669 1.3546429772298445 0.8199863526451685 0.4998386789432153 1.1220959979418834 1.6385166804578164 0.8844111973192194 87 91 10 85 
0.7612236293491489 1.3171770390739233 0.78391616195306 0.49354288113078476 1.1389060132675122 1.6232019523494192 0.755586441092672 87 85 90 53 
0.7487076081894835 1.3252030352004143 0.7628809760647784 0.4945430096880264 1.0790732028621082 1.6726584705477923 0.6690598990724039 86 56 54 89 
0.7245129775498688 1.3540834841080054 0.8161899680434485 0.4993899358976341 1.1344279019893668 1.5774236896627536 0.9764351055985846 9 88 50 77 
0.8079063518738592 1.3648974348491858 0.7218242888455961 0.4874900472338458 1.0972552031591587 1.3505442013341478 1.1033592618769101 49 45 15 75 
0.6077454287921823 0.7510719590328699 0.45992351116659275 0.5287889787775322 0.5161967126877351 0.4884007454732935 0.9031396441670677 97 94 147 140 
0.6225849863445387 0.7384491826433015 0.4552241444476049 0.527395457475623 0.6018144467482136 0.4266862343949492 0.87096894648903 146 93 26 38 
0.6540838271404006 0.7138052168060748 0.4766679414369953 0.5245598886232583 0.38794478731476034 0.5668893831172925 0.9012127668371287 140 144 139 120 
0.6494868543455176 0.8245181625470283 0.5354028377704397 0.5088004542285447 0.4594634421491345 0.6364464210540918 0.9605884419335259 140 120 98 97 
0.6630178653479312 0.821325425485441 0.5416589480407389 0.5059472121652794 0.5689314188898426 0.5894202042772447 0.9689172039607499 96 99 26 93 
0.6741561817997819 0.9510080666513978 0.6038533173121394 0.5107975279828715 0.4646867846039916 0.7596414885773539 1.017495928587424 96 119 105 99 
0.7053440672319163 0.9505729726904856 0.621009371167011 0.5063730854457098 0.5910696027506617 0.7464924187758788 1.0511895957817798 102 97 98 100 
0.6691297185395481 1.1006706755015438 0.6821630607103566 0.499912217146115 0.5745251952302882 0.9359403011777638 1.1263024085539437 99 105 107 101 
0.7139289521780351 1.1047752958109394 0.6938166475136718 0.4948552301061024 0.7308113945993164 0.9696681534616439 1.1471688057655427 135 103 102 100 
0.7256142439360549 0.9527717933804699 0.6273032441949677 0.503895639803895 0.7592025620625414 0.7607761863874714 1.066849418280619 101 104 25 99 
0.7639915348830818 1.1127765076878053 0.6973138718511078 0.48568970204515927 0.9062520854161196 0.9853161287696479 1.1233234251085982 104 101 136 2 
0.7786530654416536 0.9692328428697052 0.636248235934915 0.4909488382448956 0.942300004834909 0.8088037794637618 1.0488433492975384 3 125 102 103 
0.6412381654307386 1.0977151602268256 0.6662253340804978 0.5039507354844127 0.4534439885454224 0.8907889087458725 1.0750556075352065 100 98 116 106 
0.6125288594375395 1.1563142664299708 0.6784356963190339 0.5032615084579557 0.4347191831952783 1.002958596933525 1.1162410349792178 108 107 105 114 
0.6213498366136883 1.1594619880078192 0.6835168563462468 0.5022941547012992 0.5348307854858712 1.0793841965158855 1.1623543351116432 100 106 109 134 
0.5977258599548851 1.1811995777749207 0.6809395726042056 0.5015360054671952 0.413886058948562 1.0955992072629885 1.1345949549371646 109 106 110 
0.5997572558583002 1.1802911817313648 0.6799105858377542 0.5032270058405865 0.48432039656697257 1.1681684702342756 1.1641033878182931 31 107 108 
0.6135438442284789 1.1826226008492913 0.6965258357188054 0.4958353194964456 0.34384215272266716 1.049850544072033 1.085916142513876 108 114 111 
0.6149170435776266 1.1824951588737536 0.6992492773417084 0.49475768035802 0.28209997647149165 1.0218977189466565 1.0233361909576761 110 113 112 
0.6152059919851655 1.1823319367004679 0.7002221702980671 0.49440883014992826 0.23517845701167525 1.0051153515847813 0.9583972176161103 111 41 
0.6336664019584404 1.143569403589154 0.6909568359891332 0.4994587371528687 0.2881060617322878 0.9582244399918558 0.9953279218221865 114 115 41 111 
0.627825821100705 1.1494527188667174 0.6879942179822355 0.49995232966922415 0.35132827762504726 0.9684122615221213 1.0569920223497136 106 116 113 110 
0.6483141109643565 1.0831785943392225 0.6647254841927619 0.5027965225578026 0.2968983976842621 0.8875751776943692 0.9613029697471526 113 116 117 
0.6447517659947269 1.0900228986189526 0.6651003493336933 0.5030482752369155 0.36129331648868057 0.878626696603395 1.0155077487560518 115 114 105 119 
0.6466418101809474 0.9496325446774361 0.5753993978459098 0.5148924513741602 0.2948885637570522 0.8008086473497066 0.9125985233315478 118 115 119 
0.6214007040270862 0.7938295503578021 0.4949786800957051 0.515550756778291 0.3144176620843959 0.6758547858677229 0.8814410171556482 117 120 139 
0.6656289818555802 0.9463436041885473 0.5937267868250375 0.5130192970603347 0.3684852333647913 0.7752709712709256 0.9668745790459299 120 117 116 98 
0.6549263871398158 0.8115269947242036 0.5336867303635257 0.5091552302765944 0.3776594798840358 0.6637843688901519 0.9278861415211244 119 96 95 118 
0.571213094323072 0.6773348399265929 0.3410225728125387 0.5596687179190365 0.6021690559871923 0.20815185474202746 0.6390842281132825 122 149 145 
0.5261460081837382 0.6816007424343317 0.3272070860062658 0.5720951032991312 0.5357045535512112 0.19877120538565807 0.6301784449824475 36 121 
0.7413964817445886 0.7151956518175909 0.4677875302753537 0.49810268221611814 0.7897945158836339 0.37603847142782143 0.8141717872389853 38 24 21 39 
0.8319156112385072 0.6993574983050865 0.45741887387402747 0.4764515628373468 1.000102894453354 0.34305504151091104 0.7194316914927918 34 22 32 
0.8030699603809204 0.8638236564589541 0.589174368743386 0.47850489312312366 0.9761508507385582 0.6515306046527284 0.9618886843545955 126 23 25 104 
0.8694506527898004 0.8793058229492222 0.5762576295289337 0.4633872341760304 1.1160704125979803 0.7092825090474582 0.912533323361256 125 3 18 127 
0.8990740479162408 0.7812654939391435 0.5102639349553544 0.4543796744241761 1.1244687673259073 0.5813163135377108 0.834387291131906 126 20 8 23 
1.03869599568995 0.915935268173063 0.4236767661440173 0.4697658413637549 1.339132361723019 0.7670145800416661 0.7294007660420578 138 129 7 19 
1.0241808727556672 0.9212617032242179 0.4529273192260341 0.46613324933747874 1.371789299389105 0.7334032655095502 0.6639039197737994 5 128 130 
1.0297449135862085 0.9352151469708142 0.44596626580442106 0.4675972520702855 1.4343576339062802 0.8641211448235213 0.6622121669568569 129 143 
0.8333751876563065 1.3561975161511042 0.7165580853997631 0.4865332846049361 0.8255937994565765 1.414568396234766 1.1907741509383722 12 73 16 133 
0.8235087096979584 1.2396508280270246 0.7057482010321049 0.48065021385780454 1.031184028995622 1.177839849609863 1.1203830312825613 136 15 45 2 
0.73272970432732 1.3236336531865676 0.716745590596386 0.4872658208058056 0.736559492158661 1.367497877848122 1.1940732864525212 46 14 131 135 
0.6943264877964325 1.224255067743624 0.7148656268878423 0.4906092763852492 0.6164061995780696 1.2164000279930427 1.1877366770927893 46 135 107 31 
0.7246869258816558 1.2187399588107528 0.7197177260954124 0.48939008549198215 0.7291208506378739 1.1856326771440373 1.1895974230631303 134 133 136 101 
0.7659070130877853 1.2227673683301543 0.7201271706672351 0.48497982865540096 0.8835345848447157 1.1733274113556846 1.1697187456359612 16 132 103 135 
1.0143888419530451 1.0940900726343872 0.5049074217240549 0.47274840779158894 1.3814089689059617 1.040078167609521 0.7904740433977477 28 143 138 
1.0260149810565131 1.0296384632775397 0.4708874331163813 0.47599118810648783 1.3866109560857744 0.9333292584588214 0.7532418494085064 128 29 137 143 
0.6535153488446465 0.7074302964054081 0.47250271416610723 0.5258739090736377 0.366236149098632 0.5399024916879637 0.8732812510933009 118 95 42 
0.6027291562203642 0.7522912060655402 0.4575073642529894 0.5301829960457313 0.43817956728970847 0.5460618066416308 0.9129971040978172 95 96 93 144 
0.8842167817579307 1.1816496166703754 0.6745750225475939 0.47586762486352036 1.2758650127070357 1.3494866824194347 0.8686172942188363 43 51 52 
0.9540243573515592 1.1719745177644014 0.5715203450122771 0.4806218030984426 1.3066346881187623 1.1413700848124664 0.8854946395062285 28 27 43 
1.0070473220316067 1.0250069686794734 0.5066833249620615 0.47456888403597997 1.4169466911562298 0.9681170472074461 0.7248964797994961 130 138 137 
0.5687931474170808 0.7252284116272759 0.4154733561152456 0.5441125541605326 0.4162823245684759 0.491111016664669 0.8796009912764533 95 140 147 42 
0.6351172249317202 0.6686823754643684 0.3493798583012123 0.5439584875803651 0.6740876407291713 0.21442009589559835 0.6392563967606999 121 37 40 
0.5706323199613949 0.7063739284837454 0.3974491338013632 0.5486048060744662 0.5145704755312367 0.38125087481726483 0.8316904920005267 147 94 148 48 
0.5668340913635419 0.7224777470106497 0.411961206084324 0.5452791862190934 0.4663130209229752 0.4326156310332395 0.8599490278054227 42 144 93 146 
0.5632671055991596 0.70830776552134 0.39587870550039045 0.550745677952842 0.5571876034323571 0.32301363884973494 0.7833556496530163 38 149 47 146 
0.5657927730167677 0.6945537338537218 0.37402987457306613 0.555075081291087 0.5866342377312601 0.2617752442456515 0.7145358121412556 37 121 36 148 
