-4.864069999999999783e-01 2.016928000000000054e+00 -1.090791666666666382e+00
1.787823000000000162e+00 -8.348990000000000578e-01 -1.221019666666666614e+00
-8.443300000000001360e-01 -2.558146666666666902e-01 -1.158870000000000067e+00
4.929483333333333217e-01 2.068020999999999887e+00 -1.053842666666666705e+00
1.561023666666666587e+00 2.086009999999999920e+00 -1.093713666666666695e+00
8.293279999999999541e-01 -4.700453333333333705e-01 -1.079374999999999973e+00
-6.493853333333333699e-01 1.886358999999999897e+00 -1.135166333333333499e+00
-2.830026666666666801e-01 -8.045790000000000441e-01 -1.144072333333333580e+00
3.515713333333332913e-01 1.980914333333333444e+00 -1.053915666666666695e+00
1.759951333333333423e+00 7.855273333333333552e-01 -1.090440999999999994e+00
2.057188666666666776e+00 -2.007896666666666718e-01 -1.047903000000000029e+00
-9.555093333333334327e-01 -9.798566666666665981e-01 -1.458437666666666743e+00
3.267199999999999549e-01 -9.375160000000000160e-01 -1.198909999999999920e+00
-6.910806666666666764e-01 1.017670000000000075e+00 -1.142467333333333501e+00
-6.364106666666667911e-01 1.096660333333333348e+00 -1.131882999999999972e+00
-5.313013333333332922e-01 1.096592000000000011e+00 -1.105489666666666704e+00
4.890200000000000102e-02 -6.692976666666666796e-01 -1.082137666666666664e+00
4.627983333333333671e-01 -1.240506666666666563e-01 -1.024475333333333404e+00
-8.278423333333333467e-01 6.146463333333332946e-01 -1.166361666666666741e+00
1.452155333333333020e+00 8.359803333333332143e-01 -1.097368666666666881e+00
1.527697666666666620e+00 8.926133333333332587e-01 -1.100929666666666584e+00
-5.936256666666666071e-01 2.036488333333333234e+00 -1.113790666666666596e+00
1.132479666666666551e+00 -6.903316666666666768e-01 -1.150427666666666626e+00
1.034468333333333323e+00 -7.036006666666666520e-01 -1.147071666666666712e+00
1.995619000000000254e+00 1.832181333333333439e+00 -1.093658999999999937e+00
-6.334636666666666471e-01 1.257784000000000013e+00 -1.136353666666666484e+00
7.247210000000000596e-01 1.750600333333333536e+00 -1.086677333333333495e+00
1.935977666666666819e+00 4.362386666666666635e-01 -1.061397000000000146e+00
1.534951999999999872e+00 4.226416666666666377e-01 -1.075312666666666805e+00
1.038506666666666689e+00 1.000677333333333197e+00 -1.095189333333333570e+00
2.031636666666666591e-01 -5.779913333333333014e-01 -1.062669999999999781e+00
-2.930066666666666930e-02 -7.054160000000000430e-01 -1.093237333333333394e+00
1.930332333333333539e+00 1.024698333333333267e+00 -1.094116333333333246e+00
2.069968333333333632e+00 1.082989333333333137e+00 -1.085832333333333288e+00
1.707446666666666557e-01 8.771870000000000500e-01 -1.045751333333333477e+00
1.614087333333333207e+00 8.587539999999999063e-01 -1.098232666666666413e+00
-7.520680000000000698e-01 1.998702666666666516e+00 -1.167554666666666741e+00
-8.053713333333333280e-01 1.953943333333333365e+00 -1.195714333333333323e+00
8.599260000000000792e-01 -6.405113333333333214e-01 -1.117685333333333420e+00
9.298463333333332193e-01 -4.556593333333333606e-01 -1.083968999999999960e+00
-1.902513333333333279e-01 -6.831563333333333654e-01 -1.094595333333333365e+00
-1.258696666666666575e-01 -5.698803333333334331e-01 -1.064290333333333338e+00
1.220621333333333114e+00 8.077926666666667144e-01 -1.091995999999999967e+00
1.188779999999999726e+00 9.027836666666667620e-01 -1.096252999999999922e+00
1.074977666666666609e+00 5.604026666666667156e-01 -1.072545000000000082e+00
2.110249999999999904e-01 -3.996106666666666141e-01 -1.034711333333333094e+00
-9.968893333333334050e-01 -2.519663333333333477e-01 -1.234792333333333270e+00
-2.757379999999999831e-01 1.702466666666666795e+00 -1.075182000000000082e+00
-7.250506666666667321e-01 -7.079443333333332866e-01 -1.205205333333333462e+00
1.384363333333333279e-01 -7.945373333333334287e-01 -1.122620666666666711e+00
1.316683333333333039e-01 -7.095590000000000508e-01 -1.093882999999999939e+00
2.848036666666666772e-01 -6.821203333333333285e-01 -1.091900666666666631e+00
3.495636666666666614e-01 -6.005136666666666123e-01 -1.074608666666666545e+00
4.717026666666666590e-01 -6.977650000000000796e-01 -1.106027333333333251e+00
1.213827333333333369e+00 6.393720000000000514e-01 -1.082099000000000144e+00
-7.541740000000000110e-01 -5.183613333333333406e-01 -1.158441333333333212e+00
-3.390789999999999638e-01 -6.165916666666667600e-01 -1.087938666666666832e+00
-8.702436666666666376e-01 -4.208273333333332755e-01 -1.188590999999999953e+00
1.334847333333333497e+00 1.542986999999999886e+00 -1.118081333333333482e+00
1.255066666666666775e+00 9.801676666666666593e-01 -1.102313333333333256e+00
1.504548999999999914e+00 2.433393333333333519e-01 -1.067152333333333258e+00
8.573896666666666055e-01 1.460291333333333386e+00 -1.099780666666666518e+00
1.575288666666666559e+00 1.646492000000000067e+00 -1.117209333333333277e+00
1.570216000000000056e+00 1.796661666666666823e+00 -1.112320333333333133e+00
9.318136666666666512e-01 8.123673333333333302e-01 -1.079930000000000057e+00
1.719775333333333434e+00 1.735551666666666604e+00 -1.111538333333333295e+00
1.732446999999999848e+00 1.821146333333333311e+00 -1.107459999999999889e+00
1.043580333333333110e+00 3.136433333333333295e-01 -1.058470333333333402e+00
1.017662666666666604e+00 1.570953333333333368e-01 -1.052307666666666641e+00
3.723856666666667259e-01 -7.902933333333332644e-02 -1.018083666666666609e+00
1.317282999999999982e+00 -6.568189999999999307e-01 -1.144800000000000040e+00
1.064834000000000058e+00 1.665256333333333449e+00 -1.107825000000000060e+00
1.723464000000000107e+00 -3.887803333333333389e-01 -1.087036333333333271e+00
1.071814999999999962e+00 1.569378000000000162e+00 -1.109825999999999979e+00
7.829216666666666269e-01 1.593331666666666813e+00 -1.094634333333333265e+00
1.241196999999999884e+00 2.883199999999999652e-01 -1.065343000000000151e+00
1.347083999999999948e+00 4.744923333333333493e-01 -1.076245333333333498e+00
1.492445333333333402e+00 1.486391999999999713e+00 -1.119214666666666913e+00
1.456188000000000038e+00 1.399270333333333172e+00 -1.118640333333333237e+00
1.526608333333333123e+00 1.332702999999999971e+00 -1.117671666666666619e+00
9.307860000000000023e-01 4.753986666666666916e-01 -1.060782333333333272e+00
9.288539999999999575e-01 6.408063333333333667e-01 -1.070003666666666797e+00
1.085362000000000160e+00 3.917699999999999516e-01 -1.063839666666666739e+00
1.156760666666666770e+00 -5.994033333333333990e-01 -1.125417666666666650e+00
2.344623333333333282e-01 -1.068856333333333408e+00 -1.272119000000000000e+00
-1.001839333333333304e+00 -3.062666666666667096e-03 -1.229224666666666854e+00
2.036966666666666786e-02 7.961859999999999493e-01 -1.038997333333333328e+00
-8.016750000000000265e-01 7.074186666666667511e-01 -1.160330000000000084e+00
1.033089000000000146e+00 -9.178756666666666453e-01 -1.241736333333333109e+00
1.310972333333333184e+00 6.397350000000000536e-01 -1.084325666666666743e+00
3.418456666666666588e-01 1.820709999999999829e-01 -1.016937999999999898e+00
1.940110333333333381e+00 -3.079273333333333307e-01 -1.066262000000000043e+00
-1.059806333333333184e+00 8.883299999999999530e-02 -1.263788333333333291e+00
-1.048944666666666636e+00 5.990360000000000129e-01 -1.283800666666666812e+00
-1.054495666666666720e+00 4.617893333333333294e-01 -1.277014666666666631e+00
-4.039766666666667061e-01 2.079943333333333033e+00 -1.070718666666666818e+00
1.592363333333333408e-01 2.093421666666666514e+00 -1.040121666666666611e+00
1.978634666666666542e+00 -8.054563333333333297e-01 -1.201459666666666593e+00
1.892094000000000165e+00 -8.611830000000000318e-01 -1.232812666666666557e+00
9.712506666666667066e-01 2.121650999999999954e+00 -1.076141666666666552e+00
8.774289999999999035e-01 2.119831333333333401e+00 -1.071764666666666699e+00
-9.737566666666666038e-01 1.327635666666666658e+00 -1.288961333333333181e+00
-2.609886666666667021e-01 -6.175536666666666674e-01 -1.082336666666666725e+00
3.087353333333333616e-01 -4.439449999999999785e-01 -1.044170333333333422e+00
-3.711456666666666515e-01 1.861642666666666557e+00 -1.077201999999999993e+00
8.773509999999999920e-01 1.610429333333333490e+00 -1.099488000000000243e+00
5.432213333333333338e-01 2.119743333333333535e+00 -1.052494333333333421e+00
1.831497999999999848e+00 7.327936666666666765e-01 -1.084300000000000042e+00
-7.058556666666665480e-01 1.327534666666666752e+00 -1.159760999999999820e+00
2.041764333333333070e+00 4.634400000000000186e-01 -1.055472999999999884e+00
4.082836666666667114e-01 -1.054759666666666762e+00 -1.271999333333333260e+00
2.097178333333333367e+00 2.128998999999999864e+00 -1.065058000000000060e+00
1.349809666666666574e+00 9.593003333333333105e-01 -1.103399999999999936e+00
-1.003393333333333359e+00 -9.057983333333332610e-01 -1.443715333333333461e+00
-1.971380000000000077e-01 -7.663009999999998989e-01 -1.122197333333333269e+00
-1.127569999999999961e-01 -8.215573333333332506e-01 -1.138328000000000007e+00
3.963159999999999461e-01 2.059966666666666502e+00 -1.050063333333333349e+00
-8.842376666666665885e-01 -1.684693333333333598e-01 -1.171313333333333206e+00
-4.786133333333333351e-01 -1.054426333333333243e+00 -1.305496333333333370e+00
-9.904173333333332607e-01 -1.010006333333333339e+00 -1.499739666666666693e+00
-1.042936666666666623e+00 7.489119999999999111e-01 -1.292410333333333439e+00
2.310603333333333398e-01 2.058792333333333335e+00 -1.043975666666666635e+00
3.248940000000000161e-01 2.110828333333333529e+00 -1.043488666666666731e+00
1.959776666666666500e+00 -7.058283333333333909e-01 -1.157012666666666689e+00
2.044284999999999908e+00 -6.541720000000000868e-01 -1.127244666666666673e+00
1.923343333333333405e+00 8.717336666666666289e-01 -1.087103333333333310e+00
-6.998190000000000799e-01 -1.652443333333333264e-01 -1.100742999999999805e+00
-1.023399666666666707e+00 -9.040900000000000325e-02 -1.244509333333333467e+00
-6.751823333333333288e-01 1.173775666666666551e+00 -1.147563666666666649e+00
-8.988633333333333475e-01 5.960066666666666846e-01 -1.200629666666666706e+00
5.172720000000000651e-01 1.482391666666666774e+00 -1.080356666666666854e+00
-1.843339999999999979e-01 1.830294666666666847e+00 -1.062585666666666873e+00
-6.268829999999999680e-01 2.088048666666666886e+00 -1.121407666666666580e+00
-7.015980000000000549e-01 2.080651000000000028e+00 -1.139291000000000054e+00
8.334486666666666155e-01 -1.030331000000000108e+00 -1.290880999999999945e+00
1.146408000000000094e+00 -9.897043333333331860e-01 -1.290178000000000047e+00
1.004787666666666635e+00 -7.869173333333333575e-01 -1.175498000000000154e+00
1.068826666666666592e+00 -8.546126666666666871e-01 -1.211884000000000183e+00
-9.379326666666667478e-01 1.187811666666666710e+00 -1.260786000000000184e+00
-9.939560000000001727e-01 1.139438333333333331e+00 -1.290424666666666775e+00
-8.048109999999999431e-01 8.748933333333334117e-01 -1.176150999999999947e+00
2.333933333333333415e-01 -9.088836666666666453e-01 -1.178687999999999958e+00
-6.880303333333334104e-01 1.418088333333333395e+00 -1.154821333333333255e+00
-4.995826666666666749e-01 1.370742666666666665e+00 -1.106289333333333458e+00
7.048459999999999726e-01 1.657597333333333367e+00 -1.088820666666666659e+00
2.098573999999999717e+00 3.952833333333333754e-01 -1.048005999999999993e+00
8.872716666666665697e-01 8.979913333333332526e-01 -1.082265333333333412e+00
-4.664136666666666708e-01 1.912896333333333310e+00 -1.089504333333333186e+00
-5.590659999999999519e-01 1.850164000000000142e+00 -1.112085999999999908e+00
-4.954733333333333767e-01 1.013187000000000060e+00 -1.092145333333333301e+00
-4.058533333333333437e-01 9.979613333333333669e-01 -1.075366000000000044e+00
1.906901666666666939e+00 1.803227666666666673e+00 -1.100333000000000006e+00
2.970963333333333511e-01 -5.353620000000000045e-01 -1.057825666666666775e+00
-2.656666666666666551e-02 -7.892080000000000206e-01 -1.120587000000000000e+00
1.971458333333333313e+00 1.099211000000000160e+00 -1.094011333333333447e+00
2.114740666666666602e+00 1.169304666666666437e+00 -1.085650666666666764e+00
7.687399999999999789e-02 8.728836666666666133e-01 -1.043685333333333354e+00
1.686655333333333173e+00 9.233460000000000001e-01 -1.100646333333333393e+00
-7.564570000000000460e-01 2.059141666666666648e+00 -1.163645000000000040e+00
-8.558710000000000484e-01 1.981233666666666560e+00 -1.222794000000000159e+00
9.958843333333332604e-01 -5.356023333333332914e-01 -1.101846000000000103e+00
-1.081412666666666800e+00 -1.376343333333333308e-01 -1.279584000000000055e+00
-7.470520000000000493e-01 -8.017633333333333556e-02 -1.112631333333333306e+00
9.656779999999999253e-01 -3.655049999999999688e-01 -1.072027333333333443e+00
1.062157666666666778e+00 -3.535916666666666930e-01 -1.073722000000000065e+00
-2.775656666666666550e-01 -4.710456666666666958e-01 -1.053783000000000136e+00
-1.086043333333333444e-01 -6.546206666666666285e-01 -1.083376333333333275e+00
7.610606666666667186e-01 -3.919896666666666252e-01 -1.063570333333333506e+00
-1.202153333333333407e-01 1.665863333333333363e-01 -1.012341000000000157e+00
-9.622883333333334122e-01 -1.713146666666666429e-01 -1.209897000000000000e+00
-1.873756666666666904e-01 1.742330666666666694e+00 -1.066761999999999988e+00
-7.340659999999999963e-01 1.617706666666666737e-01 -1.106391666666666884e+00
7.915453333333332120e-01 -5.638779999999999903e-01 -1.095194333333333381e+00
2.027640000000000275e-01 -6.620380000000000154e-01 -1.083065333333333102e+00
3.001229999999999731e-01 -7.603393333333333670e-01 -1.119772333333333370e+00
-6.639516666666667177e-01 1.968651666666666911e+00 -1.135583666666666547e+00
4.471206666666667218e-01 -6.003190000000000470e-01 -1.079695666666666609e+00
3.894650000000000056e-01 -7.761786666666666834e-01 -1.128811999999999927e+00
6.501506666666666545e-01 -6.751813333333333000e-01 -1.112581666666666580e+00
6.466180000000000261e-01 9.828709999999999392e-01 -1.073061333333333423e+00
7.344493333333333984e-01 8.143626666666666791e-01 -1.068867333333333169e+00
1.441843666666666524e+00 7.384113333333334195e-01 -1.091516333333333533e+00
1.343215000000000048e+00 7.183896666666665931e-01 -1.089449000000000112e+00
1.302626333333333442e+00 8.035809999999999897e-01 -1.093833666666666593e+00
1.174158333333333415e+00 5.598633333333333795e-01 -1.076313000000000075e+00
-9.727906666666665814e-01 -3.349260000000000570e-01 -1.229300999999999977e+00
1.414962999999999971e+00 3.161129999999999773e-01 -1.069447000000000036e+00
1.335452000000000083e+00 2.658413333333333184e-01 -1.066779333333333524e+00
-3.680089999999999750e-01 -7.610023333333333362e-01 -1.136198000000000041e+00
-4.857696666666666552e-01 -5.551373333333332605e-01 -1.094604666666666448e+00
-4.514693333333332781e-01 -3.914243333333333186e-01 -1.062445666666666844e+00
1.557671666666666788e+00 -4.535510000000000375e-01 -1.101175666666666775e+00
-8.982820000000000249e-01 -3.416196666666667103e-01 -1.191962333333333346e+00
-3.211140000000000105e-01 1.043611000000000066e+00 -1.068570333333333400e+00
-6.437323333333333508e-01 -6.545559999999999157e-01 -1.160037333333333365e+00
1.497981999999999703e+00 1.233327666666666600e+00 -1.115435333333333334e+00
2.866623333333332968e-01 -2.339803333333333180e-01 -1.021221333333333314e+00
3.661406666666666698e-01 8.841646666666665988e-01 -1.052764333333333413e+00
1.484995333333333223e+00 5.749643333333332995e-01 -1.082680333333333245e+00
9.243679999999999675e-01 1.528269333333333480e+00 -1.102938000000000196e+00
8.668580000000000174e-01 1.368154333333333250e+00 -1.099439000000000055e+00
1.515795999999999921e+00 6.701703333333334234e-01 -1.087733999999999979e+00
1.592495000000000216e+00 -7.818119999999999514e-01 -1.193944333333333274e+00
1.595732666666666688e+00 1.501407666666666474e+00 -1.118413666666666861e+00
1.618088000000000193e+00 1.715953000000000062e+00 -1.114844666666666706e+00
8.819106666666667316e-01 7.248496666666666144e-01 -1.072265000000000024e+00
1.665175000000000294e+00 -4.600413333333333021e-01 -1.100152999999999937e+00
6.804203333333332937e-01 -5.862006666666667032e-01 -1.091785000000000005e+00
6.662676666666667025e-01 -4.142140000000000266e-01 -1.059536999999999951e+00
6.234100000000000197e-01 -5.145923333333333183e-01 -1.071932333333333265e+00
5.173100000000000476e-01 -5.183103333333333174e-01 -1.066192000000000029e+00
1.085737000000000174e+00 2.256566666666666443e-01 -1.057227333333333297e+00
1.174839333333333347e+00 2.075986666666666813e-01 -1.060338333333333383e+00
1.636983333333333235e+00 1.861199333333333428e+00 -1.108030000000000070e+00
1.782398333333333307e+00 1.676268333333333471e+00 -1.111081333333333143e+00
1.820486333333333429e+00 1.867179333333333302e+00 -1.101462333333333321e+00
2.814886666666666648e-01 -1.267576666666666574e-01 -1.015522666666666574e+00
1.431149000000000227e+00 -8.173696666666666610e-01 -1.208605999999999847e+00
8.440789999999999127e-01 1.867037999999999975e+00 -1.087412333333333203e+00
7.803516666666666657e-01 7.240940000000000154e-01 -1.066446000000000005e+00
4.728646666666666554e-01 3.155456666666666687e-01 -1.026920999999999973e+00
7.259303333333333441e-01 6.323186666666665845e-01 -1.057997000000000076e+00
5.999510000000000121e-01 9.106176666666666586e-01 -1.066606333333333323e+00
2.101239333333333459e+00 -2.896779999999999911e-01 -1.050575666666666796e+00
2.105583999999999900e+00 -5.236243333333332473e-01 -1.082963000000000120e+00
4.059880000000000155e-01 3.848393333333333111e-01 -1.026273999999999909e+00
1.159267000000000047e+00 1.542510000000000048e+00 -1.113730666666666869e+00
-8.425410000000000954e-01 -5.748739999999999961e-01 -1.207773333333333143e+00
7.748483333333333611e-01 1.504247666666666872e+00 -1.095116333333333358e+00
6.110863333333332870e-01 1.624009000000000036e+00 -1.084282666666666728e+00
6.956390000000000073e-01 1.465830999999999884e+00 -1.090608333333333180e+00
6.099526666666666985e-01 1.521326666666666716e+00 -1.085588333333333599e+00
1.288155333333333319e+00 1.449453000000000102e+00 -1.117051000000000016e+00
1.378800333333333406e+00 5.645506666666666451e-01 -1.081339333333333430e+00
1.239586999999999994e+00 4.701679999999999748e-01 -1.073445666666666520e+00
1.425971333333333257e+00 4.013513333333333377e-01 -1.073666333333333389e+00
1.041133333333332973e-02 3.046780000000000044e-01 -1.014542666666666593e+00
8.787016666666666032e-01 5.546370000000000466e-01 -1.062397333333333416e+00
1.024024000000000045e+00 6.439979999999999594e-01 -1.075017666666666649e+00
1.543410666666666708e+00 -2.661513333333333509e-01 -1.077803333333333446e+00
1.193876333333333317e+00 3.845046666666666613e-01 -1.067601333333333402e+00
1.031892000000000031e+00 4.779726666666666568e-01 -1.065915999999999864e+00
-6.332599999999999341e-02 3.754200000000000315e-01 -1.018145333333333236e+00
-1.945860000000000090e-01 2.582416666666666472e-01 -1.017659000000000091e+00
1.090887000000000162e+00 -5.216530000000000333e-01 -1.104164666666666683e+00
1.245983000000000063e+00 -5.837100000000000621e-01 -1.123517666666666637e+00
1.121328666666666640e+00 -4.297966666666666602e-01 -1.087982333333333385e+00
1.212860333333333429e+00 -4.141703333333333625e-01 -1.087493666666666803e+00
1.271641000000000021e+00 -4.903333333333333433e-01 -1.101776000000000089e+00
2.119420999999999999e+00 6.233233333333333404e-01 -1.057961666666666689e+00
2.113468999999999820e+00 1.960826333333333338e+00 -1.077539000000000025e+00
1.068344666666666720e+00 -9.745430000000000481e-01 -1.276520666666666637e+00
1.056555999999999829e+00 1.196425333333333230e+00 -1.104775000000000063e+00
2.070379666666667173e+00 -3.807570000000000121e-01 -1.062989333333333342e+00
6.507813333333333228e-01 2.458120000000000305e-01 -1.034738333333333316e+00
1.925777666666666832e+00 7.780850000000000266e-01 -1.081663666666666579e+00
-6.396866666666665979e-02 4.749116666666666764e-01 -1.022521333333333393e+00
3.656966666666666144e-01 1.678315999999999919e+00 -1.070068000000000019e+00
1.151217666666666695e+00 3.417333333333332640e-02 -1.056009333333333355e+00
-6.085883333333333978e-01 6.165610000000000257e-01 -1.090415666666666672e+00
1.429388000000000103e+00 1.555462666666666438e+00 -1.118877666666666881e+00
1.229163000000000006e+00 2.066889666666666514e+00 -1.092585333333333297e+00
-7.305880000000000152e-01 1.822745333333333440e+00 -1.166745666666666681e+00
1.035143333333333332e-01 -9.128433333333334232e-02 -1.009489000000000081e+00
-1.015207333333333350e+00 6.655376666666666940e-01 -1.269658999999999871e+00
1.486765333333333494e+00 2.124653333333333283e+00 -1.090695999999999888e+00
2.757296666666666507e-01 2.593856666666666810e-01 -1.016637333333333393e+00
-2.843220000000000192e-01 8.902876666666665884e-01 -1.056850333333333447e+00
-4.483566666666666256e-02 1.340931000000000095e+00 -1.062530333333333354e+00
-5.815700000000000730e-02 1.481226999999999849e+00 -1.064496666666666647e+00
9.459566666666667512e-02 1.243293000000000204e+00 -1.060514666666666495e+00
1.068335999999999952e+00 -9.524833333333333762e-02 -1.053712666666666742e+00
-1.002639666666666596e+00 9.327549999999998898e-01 -1.283160333333333236e+00
1.772351333333333612e+00 2.129690999999999779e+00 -1.086168000000000022e+00
2.115555666666666834e+00 1.366200000000000081e+00 -1.091287999999999814e+00
2.070349000000000217e+00 1.271236000000000033e+00 -1.092599333333333256e+00
1.979287000000000019e+00 1.275749666666666782e+00 -1.099405999999999883e+00
2.120384000000000047e+00 7.092603333333333815e-01 -1.062567000000000039e+00
2.105840999999999852e+00 8.085926666666667373e-01 -1.069815666666666720e+00
2.110885666666666882e+00 9.675819999999998311e-01 -1.077388666666666772e+00
1.982222666666666910e+00 9.324003333333332755e-01 -1.086111333333333429e+00
3.086030000000000162e-01 3.523006666666666509e-01 -1.020834999999999937e+00
1.604633333333333189e-01 7.036833333333332163e-01 -1.035470666666666872e+00
-5.807913333333333261e-01 7.753060000000000507e-01 -1.093121000000000009e+00
1.099318666666666777e+00 -2.620160000000000267e-01 -1.064696666666666625e+00
1.979100999999999999e+00 2.002356000000000247e+00 -1.084285333333333101e+00
2.028829666666666753e+00 1.938077999999999967e+00 -1.085238333333333083e+00
1.959693333333333287e-01 6.132993333333333075e-01 -1.031313666666666684e+00
-4.486520000000000508e-01 -4.988999999999999685e-02 -1.039401000000000019e+00
-6.292230000000000878e-01 -1.044625666666666453e+00 -1.342352666666666750e+00
-9.416346666666667309e-01 1.557480999999999893e+00 -1.278523000000000076e+00
-8.506120000000000347e-01 7.911143333333333638e-01 -1.191438999999999915e+00
1.695443666666666571e+00 -8.977966666666666873e-01 -1.254728666666666603e+00
-8.996373333333332889e-01 1.009535000000000071e+00 -1.230105666666666542e+00
-6.307016666666666049e-01 1.701713333333333189e+00 -1.134563999999999906e+00
9.123156666666666359e-01 -9.958629999999999427e-01 -1.276990999999999987e+00
1.212752999999999970e+00 1.011246666666666544e-01 -1.059841333333333191e+00
1.315987333333333398e+00 8.639099999999999557e-02 -1.062288999999999817e+00
1.761879999999999891e+00 2.854333333333333722e-02 -1.060010666666666657e+00
7.387376666666666258e-01 9.835643333333333738e-01 -1.078380333333333274e+00
8.760319999999999219e-01 1.069147666666666829e+00 -1.090469333333333291e+00
1.417910000000000281e-01 -1.032468333333333321e+00 -1.246963666666666803e+00
5.880333333333333939e-02 -1.070522999999999891e+00 -1.270503999999999856e+00
-2.644366666666667087e-02 -1.034218999999999999e+00 -1.248699333333333383e+00
-8.183733333333333138e-02 -1.072761999999999993e+00 -1.273778333333333235e+00
-2.361986666666666679e-01 -1.029704333333333333e+00 -1.255895666666666743e+00
7.429149999999999920e-01 -2.241176666666666595e-01 -1.045504666666666749e+00
-6.517070000000000363e-01 9.376773333333333627e-01 -1.124142666666666734e+00
-5.270213333333333416e-01 8.510603333333334186e-01 -1.086450666666666676e+00
1.807741333333333422e+00 1.958350333333333415e+00 -1.096677333333333282e+00
-2.537800000000000125e-02 1.785400666666666858e+00 -1.057381999999999822e+00
-4.959833333333333455e-02 1.635465999999999864e+00 -1.063074333333333454e+00
5.331733333333333880e-01 -1.062461333333333258e+00 -1.286588333333333223e+00
2.057711999999999986e+00 -4.312166666666666925e-02 -1.040856333333333383e+00
2.103306999999999594e+00 5.625300000000000439e-02 -1.036873000000000156e+00
1.674549333333333223e+00 1.201792333333333351e+00 -1.113027666666666748e+00
1.346527000000000029e+00 -3.063243333333333651e-01 -1.077555666666666800e+00
1.195406333333333349e+00 -2.450360000000000316e-01 -1.067508333333333281e+00
1.517396666666666616e-01 1.319446666666666823e-01 -1.009962666666666786e+00
1.761225999999999958e+00 1.148929333333333469e+00 -1.108473333333333422e+00
1.677653666666666821e+00 1.014857333333333278e+00 -1.105545999999999918e+00
-1.487086666666666834e-01 -3.891809999999999992e-01 -1.033957999999999933e+00
1.227195000000000036e+00 -1.379656666666666809e-01 -1.063011999999999846e+00
1.472146666666666881e-01 -9.568070000000000741e-01 -1.201149000000000022e+00
-1.948546666666667038e-01 -2.371366666666666623e-01 -1.021506333333333183e+00
5.813599999999999879e-01 7.381109999999999616e-01 -1.055655333333333390e+00
4.920166666666666022e-01 7.581413333333332227e-01 -1.051880333333333306e+00
1.031302666666666701e+00 1.402271333333333203e+00 -1.108412666666666713e+00
1.192420000000000035e+00 1.451373666666666784e+00 -1.114662000000000042e+00
-1.058006333333333160e+00 -2.420656666666666512e-01 -1.269654333333333440e+00
2.140706666666666536e+00 1.588134333333333315e+00 -1.089639999999999942e+00
-1.082976999999999856e+00 -2.970740000000000047e-01 -1.289690000000000003e+00
-1.076399000000000106e+00 -3.959356666666666857e-01 -1.300163999999999875e+00
-1.027329666666666697e+00 -4.238869999999999583e-01 -1.274637000000000020e+00
-1.023027000000000131e+00 -7.616263333333334051e-01 -1.376533666666666766e+00
-6.695966666666668121e-02 -2.932600000000000137e-02 -1.009393333333333365e+00
4.551926666666667454e-01 8.719459999999999988e-01 -1.056226333333333267e+00
1.396666333333333121e+00 1.206089333333333347e+00 -1.114175666666666675e+00
1.820803666666666709e+00 -5.763356666666666905e-01 -1.117831999999999937e+00
4.945530000000000204e-01 -4.188950000000000173e-01 -1.050292666666666541e+00
1.637968666666666628e+00 -2.270859999999999823e-01 -1.074724666666666772e+00
1.343943999999999805e+00 -8.173953333333332516e-01 -1.208347999999999978e+00
7.897039999999999615e-01 3.710830000000000517e-01 -1.047839999999999883e+00
2.109076999999999646e+00 -4.482456666666665979e-01 -1.068753666666666824e+00
1.994947000000000026e+00 -3.866166666666666640e-01 -1.070841333333333312e+00
1.291871999999999909e+00 -7.483769999999999589e-01 -1.177664000000000044e+00
1.196290999999999993e+00 -7.661963333333332571e-01 -1.181391666666666618e+00
1.162318666666666722e+00 -8.471606666666665619e-01 -1.214421666666666733e+00
1.298324999999999951e+00 1.898297000000000123e+00 -1.106057666666666606e+00
1.346499999999999780e-02 5.382460000000000022e-01 -1.025132333333333312e+00
1.204833333333333312e-01 5.210966666666666525e-01 -1.024986333333333333e+00
-8.648833333333333373e-02 1.853332666666666739e+00 -1.056487333333333334e+00
1.139618333333333178e+00 2.118482333333333134e+00 -1.084926999999999975e+00
9.499009999999999954e-01 3.100320000000000298e-01 -1.053950666666666480e+00
5.594259999999999788e-01 -7.203160000000000673e-01 -1.118884666666666527e+00
-9.556893333333333906e-01 1.466871666666666796e+00 -1.284612666666666625e+00
1.045229666666666724e+00 7.208599999999999730e-02 -1.051586666666666892e+00
-1.639633333333333221e-02 6.400139999999999718e-01 -1.030526999999999971e+00
-8.858926666666665506e-01 4.226980000000000182e-01 -1.180746333333333231e+00
5.268473333333333342e-01 1.669390333333333531e+00 -1.078481000000000023e+00
9.637466666666666404e-01 -6.266216666666667434e-01 -1.119742999999999933e+00
1.968774333333333182e+00 -4.862836666666667251e-01 -1.088557333333333377e+00
1.266358999999999790e+00 1.800229333333333459e+00 -1.110460999999999920e+00
1.881649999999999823e+00 2.006642999999999954e+00 -1.090034333333333327e+00
1.126495000000000024e+00 1.375100333333333369e+00 -1.111920000000000242e+00
-3.693960000000000021e-01 1.200111666666666688e+00 -1.080416999999999961e+00
-8.941466666666665342e-01 -7.232046666666667178e-01 -1.285088000000000008e+00
-1.920213333333333494e-01 1.393030000000000213e+00 -1.069216333333333324e+00
-1.014839333333333427e+00 5.219810000000000283e-01 -1.257393333333333363e+00
-6.906999999999996476e-03 2.101325999999999805e+00 -1.038410000000000055e+00
-8.754846666666667998e-01 1.404221999999999859e+00 -1.235612999999999850e+00
-3.834826666666666939e-01 9.068503333333333138e-01 -1.067202666666666522e+00
4.018833333333333702e-01 -3.852690000000000281e-01 -1.041398333333333204e+00
4.776643333333333019e-01 -2.159196666666666486e-01 -1.030315333333333250e+00
-3.755196666666666405e-01 1.755664999999999809e+00 -1.083698999999999968e+00
-5.549346666666666872e-01 1.751177666666666743e+00 -1.114455666666666511e+00
2.054563333333333242e-01 1.902340333333333300e+00 -1.053535000000000110e+00
1.254576333333333293e+00 1.134970999999999952e+00 -1.109183000000000030e+00
1.365202000000000027e+00 1.116193999999999908e+00 -1.110743666666666796e+00
-8.818259999999998877e-01 2.489619999999999889e-01 -1.167964999999999920e+00
-9.406006666666666405e-01 1.399615000000000054e+00 -1.273070333333333304e+00
-5.994816666666666904e-01 -1.599656666666666449e-01 -1.073546333333333491e+00
-3.147186666666666466e-01 -1.399913333333333287e-01 -1.025460000000000038e+00
-2.987146666666666284e-01 1.128028333333333411e+00 -1.069930333333333428e+00
6.321466666666666900e-02 1.626411333333333431e+00 -1.061738666666666830e+00
-7.341326666666666556e-01 4.789916666666667044e-01 -1.122993666666666668e+00
1.204644333333333428e+00 -9.255849999999998801e-01 -1.257931333333333290e+00
8.963206666666666544e-01 -8.046799999999999509e-01 -1.176791666666666680e+00
2.144800666666666356e+00 1.884341333333333202e+00 -1.079815666666666729e+00
1.843038999999999872e+00 1.012150666666666643e+00 -1.099024333333333381e+00
2.173446666666666582e-01 9.661303333333334242e-01 -1.051970000000000072e+00
2.195876666666667087e-01 7.909239999999999604e-01 -1.041996000000000144e+00
6.263343333333333263e-01 6.357669999999999710e-01 -1.052302666666666608e+00
-3.203033333333333427e-02 -9.560466666666666002e-01 -1.201749999999999874e+00
8.009313333333333285e-01 -2.998326666666666918e-01 -1.055340333333333325e+00
-7.663769999999999749e-01 8.389099999999999335e-02 -1.117107666666666610e+00
6.123673333333333746e-01 -9.592186666666666639e-01 -1.229120999999999908e+00
-3.945710000000000051e-01 1.381672666666666771e+00 -1.088339000000000167e+00
-6.590043333333334141e-01 -5.544229999999999992e-01 -1.137102999999999975e+00
1.009775666666666627e+00 1.505412666666666510e+00 -1.107249999999999845e+00
5.102686666666667037e-01 1.033085333333333411e+00 -1.067546000000000106e+00
4.510003333333333919e-01 1.096997666666666538e+00 -1.066916666666666735e+00
5.740330000000000155e-01 1.224574999999999969e+00 -1.078999333333333421e+00
9.314909999999999579e-01 1.892282000000000020e+00 -1.091095333333333306e+00
6.350536666666667385e-01 8.249313333333333498e-01 -1.063771000000000022e+00
1.971492333333333624e+00 -2.131793333333333040e-01 -1.055737333333333305e+00
1.631069333333333260e+00 1.350038666666666609e+00 -1.116799666666666635e+00
-5.587963333333333393e-01 -4.096893333333333498e-01 -1.085116666666666729e+00
1.457538000000000222e+00 -4.977333333333333609e-03 -1.063367000000000173e+00
1.851185999999999998e+00 2.091469666666666782e+00 -1.085191000000000017e+00
1.981037666666666475e+00 1.963766666666666716e-01 -1.048459333333333410e+00
2.034092333333333169e+00 1.151550000000000074e-01 -1.043026666666666769e+00
1.512667999999999902e+00 8.261699999999999600e-02 -1.063136666666666619e+00
-8.379356666666666342e-01 1.482193666666666632e+00 -1.217264333333333282e+00
-1.728860000000000119e-01 -1.070497333333333190e+00 -1.277379333333333422e+00
1.925168666666666750e+00 1.190039999999999987e+00 -1.100636333333333328e+00
4.030336666666666789e-01 1.262347333333333266e+00 -1.071019666666666703e+00
5.767939999999999179e-01 3.393856666666666411e-01 -1.033774666666666731e+00
2.204303333333333670e-01 5.339499999999999802e-02 -1.010600666666666703e+00
-4.666563333333333397e-01 1.707932333333333164e+00 -1.098370999999999986e+00
5.889553333333332752e-01 -3.568160000000000220e-01 -1.047921333333333260e+00
-2.409206666666666441e-01 9.705353333333333055e-01 -1.057421333333333324e+00
-2.492233333333333523e-01 7.991899999999999560e-01 -1.048958000000000057e+00
2.545833333333333282e-02 -4.131003333333333472e-01 -1.033897333333333224e+00
-1.032643333333333358e+00 -6.036369999999999791e-01 -1.319537666666666498e+00
1.669573999999999891e+00 -7.172333333333332783e-01 -1.169826666666666792e+00
-8.286896666666666578e-01 -6.643240000000000256e-01 -1.231603000000000003e+00
-8.584439999999999849e-01 1.831361666666666776e+00 -1.229162666666666626e+00
-8.855313333333333370e-01 1.910523666666666509e+00 -1.243112333333333375e+00
7.014859999999999429e-01 2.070326000000000111e+00 -1.065219666666666676e+00
6.571096666666665920e-01 2.121033333333333548e+00 -1.059007333333333412e+00
1.038324666666666563e+00 2.084073333333333000e+00 -1.082829000000000041e+00
-6.171223333333332173e-01 -3.389030000000000098e-01 -1.090816666666666768e+00
-3.263520000000000310e-01 9.206933333333333636e-02 -1.022222333333333344e+00
-1.457829999999999959e-01 5.783266666666667111e-02 -1.011511333333333207e+00
1.790553333333333441e-01 2.377380000000000049e-01 -1.013600000000000056e+00
-4.071270000000000167e-01 7.487446666666666140e-01 -1.060654333333333144e+00
-4.389149999999999996e-01 8.398736666666666295e-01 -1.070218666666666651e+00
-3.165960000000000441e-01 7.246236666666666659e-01 -1.049746000000000068e+00
-1.022040000000000032e-01 1.403635000000000188e+00 -1.065295666666666641e+00
9.531333333333336100e-03 1.198104666666666596e+00 -1.059364999999999890e+00
2.428996666666667081e-01 1.358283000000000129e+00 -1.067121666666666746e+00
1.319624666666666668e+00 -1.165940000000000171e-01 -1.064582666666666677e+00
1.935458666666666661e+00 2.133540333333333816e+00 -1.076120666666666725e+00
-6.356203333333333427e-01 4.547613333333333507e-01 -1.091223000000000054e+00
2.018238333333333134e+00 2.088266333333333336e+00 -1.074548666666666819e+00
3.138006666666666722e-01 7.893936666666666602e-01 -1.045279999999999987e+00
6.164473333333333471e-01 -9.392599999999999560e-02 -1.033092666666666659e+00
-6.704259999999999664e-01 -9.822166666666666268e-01 -1.317583666666666709e+00
1.670727000000000073e+00 9.153566666666666796e-02 -1.062332333333333212e+00
3.185276666666667089e-01 9.746383333333333843e-01 -1.055698999999999943e+00
-5.501010000000000622e-01 -6.728866666666666330e-02 -1.058543333333333392e+00
-8.933546666666666303e-01 1.744924333333333299e+00 -1.250536999999999788e+00
-8.563153333333333173e-01 1.660623666666666720e+00 -1.230111333333333334e+00
1.937326333333333261e+00 4.518099999999999894e-02 -1.050418666666666612e+00
-3.086456666666666515e-01 -3.093993333333333595e-01 -1.036515666666666613e+00
-8.343063333333332610e-01 9.598713333333334097e-01 -1.195108999999999755e+00
2.524236666666666573e-01 1.554996000000000045e+00 -1.068429333333333453e+00
-1.290026666666666821e-01 1.991132333333333504e+00 -1.048676666666666479e+00
1.790530000000000177e+00 1.289447999999999928e+00 -1.111267333333333385e+00
-5.991113333333333291e-01 3.489563333333333683e-01 -1.076584999999999903e+00
-1.604733333333333289e-01 5.087476666666667091e-01 -1.027188666666666750e+00
4.013759999999999550e-01 1.763003333333333478e+00 -1.068632999999999944e+00
3.528063333333333329e-01 1.833277333333333203e+00 -1.063036333333333472e+00
-8.618100000000000760e-02 1.712481000000000142e+00 -1.062634666666666616e+00
6.099580000000001112e-01 -1.023484666666666820e+00 -1.268450666666666615e+00
1.582007666666666479e+00 1.167238333333333378e+00 -1.113001333333333287e+00
5.724266666666666392e-02 1.057723333333333154e-01 -1.008339666666666856e+00
6.707253333333333956e-01 -8.264483333333333404e-01 -1.168301333333333192e+00
4.761770000000000169e-01 1.200824666666666651e+00 -1.072504333333333504e+00
4.130050000000000110e-01 1.352763999999999855e+00 -1.073714333333333437e+00
1.984099999999999753e-01 -2.967940000000000023e-01 -1.023538333333333439e+00
-7.918516666666667314e-01 4.052796666666666492e-01 -1.139002999999999988e+00
2.060029666666666426e+00 1.458129666666666546e+00 -1.096802000000000055e+00
-6.537013333333333565e-01 2.832336666666666614e-01 -1.085930333333333442e+00
-4.526746666666666141e-01 2.254553333333333409e-01 -1.040547666666666649e+00
8.722823333333332707e-01 -8.857140000000000013e-01 -1.214026999999999967e+00
-3.045333333333333226e-02 -2.001436666666666364e-01 -1.014005999999999963e+00
9.553633333333332311e-01 1.332991000000000037e+00 -1.103758999999999935e+00
1.207395666666666534e+00 1.073440666666666710e+00 -1.105179333333333291e+00
1.552467333333333199e+00 -6.115026666666666388e-01 -1.133788999999999936e+00
1.875861999999999918e+00 -4.951490000000000613e-01 -1.096084999999999976e+00
1.823861333333333334e+00 -1.452309999999999990e-01 -1.062823333333333453e+00
1.798330333333333364e+00 -2.450323333333333242e-01 -1.069395666666666633e+00
1.694984666666666584e+00 1.285217333333333212e+00 -1.114589666666666590e+00
1.654579666666666782e+00 -1.176706666666666595e-01 -1.067093999999999987e+00
1.025965666666666554e+00 2.004503000000000146e+00 -1.088729333333333216e+00
1.475533333333333585e+00 -1.860676666666666590e-01 -1.070813333333333395e+00
2.456876666666666653e-01 1.269851999999999981e+00 -1.064804333333333242e+00
5.007146666666666412e-01 -8.841533333333333466e-01 -1.179844333333333273e+00
-7.927906666666667546e-01 1.279512000000000205e+00 -1.190422666666666629e+00
8.905766666666666831e-01 3.855846666666666867e-01 -1.054186333333333225e+00
1.458327333333333087e+00 1.914894000000000096e+00 -1.106226666666666469e+00
1.281936666666666724e+00 1.623098333333333088e+00 -1.116293333333333360e+00
5.511599999999999833e-02 7.132486666666665309e-01 -1.034537999999999958e+00
7.803476666666666617e-01 1.936277999999999944e+00 -1.079302333333333364e+00
1.859734333333333156e+00 -3.206886666666666774e-01 -1.072503333333333364e+00
1.384585999999999872e+00 -2.090033333333333188e-01 -1.070589666666666773e+00
-4.978136666666666543e-01 3.201233333333333153e-01 -1.053327666666666884e+00
-5.612089999999999579e-01 9.332626666666666848e-01 -1.100214000000000025e+00
1.717093333333333527e-01 1.210625666666666822e+00 -1.060982000000000092e+00
1.601103333333333545e-01 1.051691333333333533e+00 -1.054834333333333207e+00
-9.112493333333332446e-01 -5.116969999999999574e-01 -1.225160666666666565e+00
7.553700000000000969e-01 2.667533333333333423e-01 -1.041709666666666534e+00
-8.615696666666666781e-01 1.311978333333333246e+00 -1.222833666666666597e+00
1.996611333333333294e+00 7.271436666666666326e-01 -1.073602999999999863e+00
-3.277749999999999830e-01 1.295118333333333593e+00 -1.077649999999999997e+00
2.098779666666666710e+00 -1.148623333333333302e-01 -1.039517666666666784e+00
2.360100000000000045e-02 -3.343476666666666541e-01 -1.023873999999999951e+00
-1.350530000000000064e-01 -3.036499999999999755e-01 -1.024147333333333298e+00
1.959577666666666884e+00 1.450607666666666740e+00 -1.103576666666666650e+00
2.142977666666666892e+00 1.701026666666666465e+00 -1.087164666666666557e+00
1.202091666666666780e+00 1.620700666666666789e+00 -1.114331666666666720e+00
1.619354999999999878e+00 3.626300000000000079e-01 -1.071757666666666609e+00
5.958363333333333012e-01 1.057956333333333276e+00 -1.073698000000000041e+00
1.114705666666666595e+00 1.948677666666666752e+00 -1.097160999999999831e+00
1.008174333333333283e+00 1.821654666666666644e+00 -1.099248666666666763e+00
1.855568333333333264e+00 -6.697143333333333004e-01 -1.147126333333333248e+00
1.191399999999999820e-01 -4.526603333333333867e-01 -1.040103000000000000e+00
-4.201036666666667085e-01 5.133099999999999469e-02 -1.032974333333333439e+00
1.216609333333333209e+00 1.976655333333333431e+00 -1.098919000000000201e+00
7.178566666666666429e-02 2.050193999999999850e+00 -1.041897999999999991e+00
1.712202999999999919e+00 2.001736333333333118e+00 -1.097461666666666558e+00
-5.307203333333333495e-01 -1.019537333333333295e+00 -1.295329999999999870e+00
8.221806666666666707e-01 -7.352530000000000454e-01 -1.146307666666666725e+00
3.223070000000000102e-01 5.157530000000000170e-01 -1.029429333333333307e+00
-7.984576666666667322e-01 1.860278666666666636e+00 -1.195322666666666533e+00
6.831633333333332614e-02 -1.864106666666666412e-01 -1.012682333333333462e+00
1.325510666666666504e+00 2.107787333333333013e+00 -1.091285666666666598e+00
-4.929683333333333972e-01 1.357186666666666819e-01 -1.045533999999999963e+00
-2.464376666666666660e-01 2.364366666666667394e-02 -1.016124333333333185e+00
1.694696666666666574e-01 1.402434999999999876e+00 -1.065833000000000252e+00
4.379703333333333504e-01 1.620816000000000257e+00 -1.075219666666666685e+00
-4.646976666666666755e-01 1.599102333333333403e+00 -1.100392333333333417e+00
-9.620910000000000295e-01 1.016200666666666530e+00 -1.265643999999999991e+00
-2.495496666666666419e-01 2.109790999999999972e+00 -1.044624666666666757e+00
1.751535333333333222e+00 -7.611066666666667369e-02 -1.062894666666666543e+00
6.962223333333333875e-01 -5.294633333333333830e-02 -1.035912333333333324e+00
3.213739999999999930e-01 1.226955666666666778e+00 -1.066034333333333528e+00
1.504444666666666874e+00 -8.684833333333334682e-02 -1.065507000000000204e+00
5.703829999999999734e-01 -8.131760000000000099e-01 -1.152577333333333343e+00
-4.409756666666666547e-01 4.049110000000000209e-01 -1.048782666666666641e+00
-5.713560000000000860e-01 -5.037300000000000111e-01 -1.103027666666666518e+00
1.581413000000000180e+00 1.066485666666666665e+00 -1.109367666666666752e+00
-2.092426666666666879e-01 -9.470236666666665970e-01 -1.205944666666666665e+00
7.795206666666666395e-01 1.306509333333333300e+00 -1.093343333333333334e+00
-3.966336666666666066e-01 -1.329653333333333520e-01 -1.035073333333333290e+00
-3.749509999999999788e-01 1.561158666666666583e+00 -1.088356000000000101e+00
1.105376666666666591e-01 3.271353333333333335e-01 -1.015668333333333395e+00
-2.938236666666666497e-01 2.055673000000000084e+00 -1.053733666666666791e+00
5.963243333333333451e-01 1.322908666666666733e+00 -1.082970666666666526e+00
4.442729999999999735e-01 6.742580000000000240e-01 -1.044206666666666727e+00
9.034219999999999473e-01 1.692864333333333526e+00 -1.098678000000000043e+00
-7.560940000000000438e-01 -2.547826666666666573e-01 -1.125722666666666649e+00
-2.434280000000000055e-01 -3.957663333333332756e-01 -1.040514666666666699e+00
5.084396666666667342e-01 1.389575000000000005e+00 -1.079170333333333565e+00
-9.309843333333333026e-01 5.109129999999999505e-01 -1.210642333333333376e+00
-1.016603666666666461e+00 3.688276666666666093e-01 -1.247022999999999993e+00
1.704743333333333277e+00 6.099363333333333026e-01 -1.081922666666666588e+00
9.320320000000000826e-01 2.097649999999999793e-01 -1.049753333333333316e+00
-7.221403333333332730e-01 1.583686000000000149e+00 -1.168072666666666537e+00
5.228916666666666435e-01 -9.562479999999999869e-01 -1.219284333333333192e+00
8.288676666666665582e-01 1.768769666666666573e+00 -1.091681000000000124e+00
8.383736666666666837e-01 1.809880000000000100e-01 -1.043858666666666712e+00
2.061533666666667042e+00 5.720196666666667040e-01 -1.059531999999999918e+00
3.999980000000000202e-01 1.914645000000000152e+00 -1.060515666666666634e+00
-2.771279999999999855e-01 1.616790333333333329e+00 -1.077817666666666563e+00
4.849443333333333661e-01 2.892933333333333121e-02 -1.022423666666666620e+00
2.142680333333333298e+00 2.065836999999999701e+00 -1.067095333333333285e+00
1.833136666666666414e+00 1.205143999999999993e+00 -1.107124999999999915e+00
-9.846476666666665878e-01 -6.940039999999999543e-01 -1.322914666666666461e+00
-9.363366666666667060e-02 -1.304349999999999954e-01 -1.012494666666666765e+00
2.568449999999999900e-01 1.821784000000000070e+00 -1.059823333333333339e+00
1.344657666666666529e+00 -9.616653333333333720e-01 -1.284182666666666472e+00
-6.840366666666665429e-02 1.258485999999999994e+00 -1.061690333333333403e+00
-9.733233333333332071e-01 -8.495556666666667089e-01 -1.390423333333333344e+00
2.964019999999999988e-01 6.044380000000000308e-01 -1.033627333333333453e+00
2.131480000000000041e-01 1.725467333333333242e+00 -1.062484000000000206e+00
-3.713073333333333781e-01 -9.413866666666667049e-01 -1.219177666666666715e+00
1.223609666666666707e+00 1.238155333333333274e+00 -1.111806333333333230e+00
-7.738839999999999053e-01 1.026858999999999966e+00 -1.171767666666666763e+00
6.976590000000001401e-01 1.919597333333333156e+00 -1.075345000000000217e+00
1.770155333333333303e+00 -7.430583333333333762e-01 -1.179780333333333209e+00
3.551089999999999525e-01 6.932916666666666394e-01 -1.041068333333333484e+00
1.642494666666666658e+00 -6.282446666666666735e-01 -1.138814666666666531e+00
1.709393333333333542e+00 -2.853273333333333217e-01 -1.077097666666666731e+00
3.582713333333333305e-01 1.072478666666666802e+00 -1.061635333333333264e+00
-1.184569999999999929e-01 -9.097746666666667315e-01 -1.179976000000000136e+00
5.008536666666666415e-01 1.918780999999999848e+00 -1.064902333333333395e+00
7.235303333333332754e-01 -7.476003333333333112e-01 -1.144613333333333260e+00
-5.779060000000000308e-01 5.278626666666667022e-01 -1.079790333333333407e+00
9.355850000000000000e-01 1.981643999999999961e+00 -1.085416333333333316e+00
7.218596666666665662e-01 1.141533333333333289e+00 -1.084685666666666659e+00
6.344239999999999879e-01 1.145618999999999943e+00 -1.079563666666666810e+00
2.082546000000000230e+00 1.556542333333333472e+00 -1.094673666666666767e+00
-8.889969999999999262e-01 1.568196000000000145e+00 -1.248631999999999964e+00
2.097850666666666530e+00 2.876763333333333672e-01 -1.043174333333333204e+00
1.916647333333333370e+00 -1.261393333333333255e-01 -1.055406333333333224e+00
-4.455990000000000228e-01 -9.017956666666666621e-01 -1.209847000000000117e+00
-1.908443333333333103e-01 1.151194999999999746e+00 -1.062402666666666606e+00
2.040713999999999917e+00 -5.558026666666666671e-01 -1.094914666666666703e+00
-7.762839999999999741e-01 -4.281333333333333102e-01 -1.150557333333333210e+00
-1.556800000000000371e-02 1.891083333333333505e-01 -1.010851333333333324e+00
2.048103333333333165e-01 1.128634666666666675e+00 -1.059165666666666672e+00
5.028016666666667023e-01 1.757976666666666743e+00 -1.074082666666666741e+00
4.075200000000000489e-01 -8.697070000000000078e-01 -1.168936333333333133e+00
-7.160863333333332692e-01 -3.478936666666666011e-01 -1.120781333333333185e+00
1.184903333333333503e-01 1.711777333333333262e+00 -1.060275666666666616e+00
-5.443366666666666492e-02 -2.871583333333333488e-01 -1.020380333333333445e+00
1.388111333333333475e+00 1.950197666666666718e+00 -1.103643333333333310e+00
-7.707126666666667125e-01 1.182937666666666887e+00 -1.180860999999999938e+00
2.529909999999999659e-01 1.980102999999999946e+00 -1.050148000000000081e+00
-5.767116666666666225e-01 1.449017666666666981e+00 -1.124781000000000031e+00
-2.894073333333332942e-01 -8.970843333333332614e-01 -1.186171666666666846e+00
5.490593333333333437e-01 1.993104666666666747e+00 -1.062081666666666591e+00
9.667856666666666543e-01 1.224373666666666693e+00 -1.101479333333333477e+00
-4.487053333333333449e-01 -8.139166666666666217e-01 -1.168966666666666709e+00
7.723356666666666426e-01 -1.003154666666666639e+00 -1.269603666666666575e+00
-5.385093333333333954e-01 1.270062666666666784e+00 -1.112922333333333347e+00
-6.102296666666666702e-01 -8.369683333333332032e-01 -1.218692666666666646e+00
-4.296833333333333615e-01 5.801690000000000458e-01 -1.054998000000000102e+00
1.599960333333333429e+00 2.685660000000000269e-01 -1.067816666666666636e+00
1.801857000000000042e+00 1.519101999999999952e+00 -1.112356666666666660e+00
6.437086666666665957e-01 1.994119666666666513e+00 -1.066945666666666570e+00
1.588932999999999929e+00 -5.751666666666666733e-02 -1.064866333333333470e+00
-7.191459999999999519e-01 7.110286666666666422e-01 -1.127783666666666740e+00
9.953166666666667384e-01 1.720505333333333331e+00 -1.102562666666666580e+00
1.980290000000000106e-01 -6.015333333333333643e-02 -1.010755333333333228e+00
1.097493333333333099e-01 1.887998000000000287e+00 -1.052278666666666807e+00
7.791533333333333644e-01 -1.300926666666666620e-01 -1.042670333333333366e+00
1.249776999999999916e+00 -3.209853333333334002e-01 -1.076044999999999918e+00
1.046676666666666727e-01 -2.710909999999999709e-01 -1.018906666666666627e+00
-9.938266666666666360e-01 -5.214503333333332380e-01 -1.273868000000000000e+00
3.141866666666666419e-02 -3.908333333333336573e-03 -1.007711333333333181e+00
1.290688666666666817e+00 -9.136389999999999789e-01 -1.255585333333333331e+00
1.170946000000000042e+00 1.785101333333333429e+00 -1.108162666666666629e+00
-5.571633333333333299e-02 -5.347873333333333923e-01 -1.055069999999999952e+00
3.332126666666666570e-01 -1.021827333333333199e+00 -1.246526333333333403e+00
-8.147443333333331816e-01 1.115011333333333354e+00 -1.194480666666666746e+00
1.799371333333333212e+00 3.330666666666666775e-01 -1.064793333333333480e+00
1.924041666666666650e+00 1.363191666666666579e+00 -1.104869333333333259e+00
4.295286666666666697e-01 1.536499666666666819e+00 -1.075789666666666866e+00
-8.844313333333332361e-01 1.112508333333333432e+00 -1.226215999999999973e+00
5.550876666666666459e-01 1.832386666666666386e+00 -1.072872666666666808e+00
9.865756666666666286e-01 -1.020319333333333356e+00 -1.296821333333333159e+00
9.999263333333333614e-01 -6.510333333333330648e-03 -1.049388666666666525e+00
-1.502526666666666733e-01 7.678773333333333007e-01 -1.041385000000000005e+00
1.764924999999999855e+00 1.062747000000000108e+00 -1.104625333333333348e+00
8.192496666666665428e-01 7.372433333333333616e-02 -1.041268000000000082e+00
1.629484333333333312e+00 1.950618333333333565e+00 -1.102816666666666778e+00
5.694196666666666573e-01 5.395973333333333732e-01 -1.043421333333333312e+00
-1.033160000000000051e-01 2.068578666666666788e+00 -1.042003333333333392e+00
1.086956666666666571e+00 9.015553333333333752e-01 -1.092292666666666578e+00
1.707277000000000156e+00 2.088250333333333320e+00 -1.091795666666666831e+00
1.028175333333333219e+00 8.106510000000000105e-01 -1.084722333333333566e+00
-7.919406666666667372e-01 2.409026666666666816e-01 -1.128780333333333497e+00
1.638364333333333533e+00 2.127635666666666481e+00 -1.090058333333333351e+00
4.792430000000000301e-01 -1.023275999999999852e+00 -1.257345999999999853e+00
1.473826666666666618e+00 1.805468000000000073e+00 -1.112527666666666581e+00
1.164064999999999905e+00 7.222383333333333155e-01 -1.085384666666666886e+00
1.811111000000000137e+00 6.393339999999999579e-01 -1.079884999999999984e+00
1.752500333333333549e+00 4.673926666666667340e-01 -1.072970333333333359e+00
1.900071333333333223e+00 1.529165666666666645e+00 -1.107574000000000058e+00
1.418845666666666672e+00 1.716953666666666711e+00 -1.115848666666666711e+00
-9.268969999999999709e-01 7.759116666666666662e-01 -1.230080000000000062e+00
-6.372716666666666807e-01 1.609659333333333331e+00 -1.138578666666666628e+00
1.708311333333333293e+00 -5.606909999999999394e-01 -1.119474000000000080e+00
1.147629333333333390e+00 1.696315666666666777e+00 -1.110672333333333262e+00
-9.869756666666665845e-01 8.259086666666667353e-01 -1.267305000000000126e+00
1.402743333333333453e+00 2.069453666666666525e+00 -1.095204999999999984e+00
2.734300000000000064e-01 1.652273333333333261e+00 -1.067131999999999969e+00
-5.857766666666666677e-02 1.931092333333333189e+00 -1.050604666666666631e+00
6.819856666666667122e-01 -1.044630666666666707e+00 -1.287183333333333346e+00
4.134426666666666250e-01 4.884066666666666556e-01 -1.031763999999999903e+00
1.039841666666666553e+00 -1.833489999999999842e-01 -1.056534000000000084e+00
4.580166666666666414e-02 1.957406666666666739e+00 -1.047419333333333258e+00
-3.393533333333333402e-01 5.551013333333333355e-01 -1.043277666666666770e+00
1.140325999999999951e+00 1.277871666666666739e+00 -1.110562000000000049e+00
-1.015266333333333160e+00 1.799663333333333393e-01 -1.236385666666666605e+00
-5.595459999999999878e-01 1.550293666666666681e+00 -1.120491666666666664e+00
1.853001333333333278e+00 1.825643333333333285e-01 -1.056975666666666536e+00
6.648033333333333572e-02 1.793751666666666855e+00 -1.056358666666666446e+00
-4.845590000000000175e-01 5.068453333333332589e-01 -1.060607333333333235e+00
1.594226666666666570e-01 4.278706666666666769e-01 -1.020921666666666505e+00
1.322887333333333304e+00 1.713841333333333550e+00 -1.114932333333333192e+00
1.892049000000000092e+00 5.887206666666666699e-01 -1.072462666666666564e+00
1.938252000000000086e+00 1.620168333333333210e+00 -1.104468000000000005e+00
1.412764333333333511e+00 1.033796333333333317e+00 -1.107826666666666737e+00
1.472435666666666698e+00 1.638686333333333467e+00 -1.118006000000000055e+00
1.363665333333333285e+00 -1.178733333333333543e-02 -1.062666333333333268e+00
6.202273333333333527e-01 4.424089999999999967e-01 -1.041154333333333293e+00
1.663936333333333240e+00 1.431621666666666570e+00 -1.116967333333333201e+00
7.069196666666667239e-01 4.832800000000000290e-02 -1.035035333333333307e+00
-7.716610000000000413e-01 1.664916333333333442e+00 -1.186790333333333392e+00
1.673655333333333273e+00 5.244156666666667244e-01 -1.078368999999999911e+00
1.770205666666666788e+00 8.768336666666666224e-01 -1.095324666666666502e+00
1.562259666666666602e+00 5.061963333333333592e-01 -1.079232666666666729e+00
1.073442333333333387e+00 7.263250000000001094e-01 -1.082071333333333385e+00
-9.489809999999999635e-01 6.735763333333334435e-01 -1.233238999999999974e+00
5.161986666666666945e-01 1.183706666666666657e-01 -1.024552666666666667e+00
1.547217666666666602e+00 1.995506666666666762e+00 -1.100805999999999951e+00
-2.409016666666666528e-01 1.979486333333333237e+00 -1.056482333333333301e+00
1.839317999999999786e+00 9.177486666666666570e-01 -1.094623333333333504e+00
6.908429999999999849e-01 1.360229666666666892e+00 -1.089177000000000062e+00
3.823576666666666513e-01 1.605366666666666400e-02 -1.017254333333333260e+00
1.600697000000000036e+00 -8.705346666666665678e-01 -1.237606999999999902e+00
-3.374376666666666913e-01 -1.060900333333333334e+00 -1.286224000000000034e+00
1.315543333333333287e+00 1.281001333333333436e+00 -1.115044666666666684e+00
8.741723333333334400e-01 -1.152273333333333483e-01 -1.046038000000000023e+00
1.827316666666666478e+00 1.361785999999999719e+00 -1.110241999999999951e+00
-7.050149999999999473e-01 8.618883333333333674e-01 -1.134484999999999966e+00
-6.450043333333334017e-01 1.850213333333333432e-01 -1.079850000000000199e+00
2.075838333333333452e+00 7.538613333333333832e-01 -1.068923333333333225e+00
9.420330000000000092e-01 -1.971536666666666715e-01 -1.052735333333333356e+00
9.035713333333332820e-01 -1.268466666666666354e-02 -1.045512666666666757e+00
-5.965946666666667175e-01 -9.172570000000001000e-01 -1.253593666666666495e+00
6.572436666666666705e-01 1.832187999999999706e+00 -1.078451333333333428e+00
3.017883333333333251e-01 1.140914000000000206e+00 -1.062237666666666636e+00
-1.060246333333333402e+00 2.881523333333332881e-01 -1.269510000000000138e+00
2.608136666666666659e-01 4.313883333333333181e-01 -1.023050999999999933e+00
1.511853333333333493e+00 -9.284496666666667286e-01 -1.268226000000000075e+00
2.002878666666666696e+00 2.648306666666667142e-01 -1.049024333333333336e+00
1.439084333333333410e+00 -9.045459999999999612e-01 -1.253219333333333241e+00
2.183666666666667089e-02 9.480899999999999883e-01 -1.048086333333333231e+00
-5.187803333333332878e-01 -9.480420000000000513e-01 -1.249781999999999949e+00
-3.923816666666666841e-01 -1.022521999999999931e+00 -1.269279000000000046e+00
-7.160356666666666259e-01 1.737085999999999908e+00 -1.163773666666666484e+00
-4.751186666666666891e-01 1.185985999999999985e+00 -1.097739000000000020e+00
9.450116666666666942e-01 -9.312143333333334771e-01 -1.242585666666666588e+00
-6.895510000000001360e-01 6.312339999999999618e-01 -1.113784666666666645e+00
-2.683223333333333294e-01 1.896408333333333252e+00 -1.064508666666666770e+00
6.214549999999999796e-01 1.346503333333333441e-01 -1.030654666666666719e+00
-8.583436666666667270e-01 -1.013766999999999863e+00 -1.424619999999999997e+00
1.101008333333333367e+00 1.855191333333333192e+00 -1.102001333333333166e+00
3.138619999999999743e-01 8.187366666666666404e-02 -1.014538666666666700e+00
1.821658666666666759e+00 -4.082433333333332914e-01 -1.084610333333333232e+00
-7.573809999999999709e-01 5.667659999999999920e-01 -1.134929999999999994e+00
1.346438666666666784e+00 1.374806999999999890e+00 -1.117272999999999961e+00
-6.682869999999999644e-01 7.817193333333333216e-01 -1.117226666666666590e+00
-1.709410000000000096e-01 2.111050666666666853e+00 -1.040699999999999958e+00
-6.623199999999999921e-02 -4.514419999999999544e-01 -1.040214333333333352e+00
9.050303333333333811e-01 -2.877339999999999898e-01 -1.059203333333333275e+00
1.850895999999999875e+00 8.160299999999999498e-02 -1.056198666666666730e+00
-3.480680000000000440e-01 3.777706666666666990e-01 -1.034030000000000227e+00
2.248513333333333197e-01 -8.252353333333332097e-01 -1.139674666666666836e+00
1.983269666666666708e+00 6.312389999999999946e-01 -1.068817000000000128e+00
6.905326666666665725e-01 -9.003963333333332431e-01 -1.205405000000000060e+00
1.504024999999999723e+00 1.008833666666666629e+00 -1.107164999999999955e+00
7.285486666666667332e-01 4.531649999999999845e-01 -1.048248333333333226e+00
1.229176666666666612e-01 -5.396239999999999926e-01 -1.054406333333333334e+00
3.975166666666666432e-02 -5.834093333333333353e-01 -1.063056333333333159e+00
1.372328666666666530e+00 1.703863333333333341e-01 -1.064222333333333381e+00
-7.674013333333332687e-01 -8.524833333333333707e-01 -1.280539666666666854e+00
1.635528333333333251e+00 1.578284000000000020e+00 -1.117280000000000051e+00
-1.636760000000000159e-01 3.515056666666666607e-01 -1.019771999999999901e+00
1.683139999999999858e+00 2.008796666666666786e-01 -1.064098666666666748e+00
-7.557333333333334791e-01 1.493391000000000135e+00 -1.180026000000000019e+00
7.914663333333332718e-01 9.007423333333332005e-01 -1.077021666666666544e+00
9.351833333333332554e-01 9.953969999999999763e-01 -1.089954333333333247e+00
1.658969333333333296e+00 7.690543333333333953e-01 -1.091943333333333266e+00
-8.432346666666666879e-01 -8.236933333333333607e-02 -1.150054333333333290e+00
4.415956666666666641e-01 2.056923333333333381e-01 -1.021782666666666728e+00
-7.581566666666665621e-02 9.207403333333332718e-01 -1.047985666666666482e+00
-3.461399999999999477e-01 1.467861666666666842e+00 -1.084302333333333479e+00
-8.959826666666667050e-01 -8.769323333333333137e-01 -1.355992666666666624e+00
-7.027236666666666354e-01 -8.011046666666666871e-01 -1.234953666666666727e+00
5.094333333333334046e-01 9.376019999999999355e-01 -1.062836666666666652e+00
7.869969999999999466e-01 1.209376666666666544e+00 -1.091077666666666612e+00
1.159601666666666642e+00 -6.684500000000000164e-02 -1.057379000000000069e+00
7.753916666666667012e-01 1.054564000000000057e+00 -1.084138999999999964e+00
8.857566666666666366e-01 1.162404333333333151e+00 -1.094893666666666654e+00
-8.997249999999999970e-01 2.131666666666661488e-03 -1.173353333333333248e+00
-1.173733333333333295e-01 1.082804333333333036e+00 -1.057164999999999910e+00
-6.092859999999999943e-01 1.296433333333332945e-02 -1.070257333333333394e+00
1.594735666666666773e+00 4.703566666666666313e-02 -1.062988666666666582e+00
-7.479293333333333349e-01 3.153266666666666995e-01 -1.116577666666666913e+00
-8.288869999999999294e-01 -9.670853333333333524e-01 -1.375467000000000217e+00
-7.058996666666667030e-01 5.355333333333330004e-03 -1.097148666666666550e+00
1.776398333333333523e+00 2.388486666666666813e-01 -1.062554000000000221e+00
-2.422076666666666822e-01 1.466878333333333506e+00 -1.073968666666666572e+00
1.624148333333333305e+00 6.869230000000000613e-01 -1.087839999999999918e+00
-9.318556666666667487e-01 3.408043333333333202e-01 -1.197505666666666579e+00
-7.487386666666666635e-01 -9.533066666666667466e-01 -1.328268666666666542e+00
1.961276000000000019e+00 -4.200899999999999773e-02 -1.048910666666666547e+00
7.784733333333333505e-01 -9.231863333333333310e-01 -1.227154999999999996e+00
1.864526333333333286e+00 5.022999999999999687e-01 -1.069101666666666839e+00
-5.466973333333333684e-01 -6.906223333333332270e-01 -1.145093666666666676e+00
1.740950666666666757e+00 1.588461666666666661e+00 -1.114458333333333329e+00
1.505318666666666694e+00 -3.700463333333333105e-01 -1.088573666666666773e+00
1.361412999999999984e+00 -4.781076666666666530e-01 -1.101321333333333596e+00
5.864033333333332904e-02 -9.166893333333332450e-01 -1.177740000000000009e+00
5.840399999999999064e-02 -8.380680000000001462e-01 -1.138225000000000042e+00
1.420458333333333378e+00 -5.447779999999999845e-01 -1.115640666666666725e+00
1.713023333333333342e-01 1.508229000000000042e+00 -1.066251666666666820e+00
9.514400000000000635e-02 1.346671333333333331e+00 -1.063048333333333373e+00
-1.076410000000000006e-01 1.558818999999999955e+00 -1.066560666666666712e+00
-5.506876666666666864e-01 6.899423333333333241e-01 -1.080308999999999964e+00
-2.291576666666666762e-01 1.307458999999999927e+00 -1.068861000000000061e+00
-8.551853333333333529e-01 -8.182036666666666624e-01 -1.304276333333333371e+00
-5.567926666666666025e-01 -2.405133333333333290e-01 -1.068561333333333252e+00
1.399382333333333506e+00 -3.872836666666666372e-01 -1.088549666666666527e+00
-1.450503333333333089e-01 9.865619999999998280e-01 -1.053543666666666434e+00
-1.891660000000000286e-01 5.972070000000000434e-01 -1.033382666666666561e+00
1.764638333333333309e+00 1.439138333333333408e+00 -1.113731999999999944e+00
4.767016666666666347e-01 5.580579999999999430e-01 -1.039100333333333293e+00
-9.215939999999999133e-01 1.687993333333333290e-01 -1.184358000000000022e+00
7.773370000000000557e-01 5.469050000000000855e-01 -1.056209666666666491e+00
-5.355216666666666736e-01 -7.798743333333333361e-01 -1.174000666666666692e+00
1.482767666666666484e+00 -6.712299999999999933e-01 -1.150806666666666755e+00
-4.651296666666666635e-01 6.745676666666667876e-01 -1.064074333333333344e+00
-8.640196666666666303e-01 8.286033333333332751e-02 -1.155889333333333324e+00
-5.807016666666666715e-01 1.147506666666666675e-01 -1.063674666666666768e+00
-1.150233333333332969e-02 1.106846999999999914e+00 -1.056537333333333217e+00
1.881485333333333232e+00 1.697911333333333106e+00 -1.105873666666666644e+00
-9.317790000000000239e-01 1.271654000000000062e+00 -1.261394000000000126e+00
3.924253333333333482e-01 -2.781210000000000071e-01 -1.029622333333333195e+00
-1.225226666666666686e-01 6.651390000000000358e-01 -1.034110000000000085e+00
-2.018743333333333501e-01 1.555075333333333587e+00 -1.072111999999999954e+00
-1.629083333333333217e-01 1.235619000000000023e+00 -1.064100333333333426e+00
-7.887266666666666037e-02 8.256896666666665441e-01 -1.042261333333333262e+00
-2.842686666666666695e-01 6.253790000000000182e-01 -1.041445666666666714e+00
2.020274666666666885e+00 1.640023000000000009e+00 -1.098342333333333309e+00
3.285573333333333679e-01 1.405803333333333294e+00 -1.071046333333333322e+00
3.362486666666666402e-01 1.496722333333333488e+00 -1.071935333333333462e+00
5.847299999999999720e-02 1.037954333333333423e+00 -1.053016666666666490e+00
1.401986333333333334e+00 -6.301126666666666543e-01 -1.137377666666666620e+00
1.510780666666666550e+00 -5.374586666666666401e-01 -1.115471000000000101e+00
2.064265999999999934e+00 8.915056666666666407e-01 -1.077562666666666669e+00
6.478099999999998859e-01 -2.048683333333333467e-01 -1.039968999999999921e+00
3.364766666666666600e-02 1.383928000000000047e+00 -1.062738666666666498e+00
8.929966666666666608e-02 1.539733333333333176e+00 -1.063957666666666801e+00
2.597066666666666621e-02 1.471195999999999948e+00 -1.063229333333333360e+00
2.116767666666666603e+00 1.776131333333333062e+00 -1.086929999999999952e+00
-3.858563333333333567e-01 -4.650666666666666837e-01 -1.063414666666666619e+00
1.495715999999999823e+00 -7.525506666666665900e-01 -1.179950000000000054e+00
-2.952006666666666668e-01 2.663249999999999784e-01 -1.023891000000000107e+00
5.815246666666665787e-01 -2.609886666666667021e-01 -1.039719999999999978e+00
-4.553936666666666966e-01 -2.309116666666666540e-01 -1.049230666666666645e+00
1.475136666666666541e+00 1.598023333333333518e-01 -1.064369333333333500e+00
1.092659000000000047e+00 1.095178666666666745e+00 -1.102015666666666727e+00
-4.083963333333333057e-01 -3.110363333333333036e-01 -1.048815000000000053e+00
-2.175439999999999874e-01 4.364556666666666307e-01 -1.026108333333333400e+00
-3.013213333333333299e-01 4.546373333333333377e-01 -1.034134333333333267e+00
2.052225333333333346e+00 1.746719666666666670e+00 -1.093073999999999879e+00
1.365528000000000075e+00 8.777046666666666885e-01 -1.099177333333333451e+00
-2.212159999999999960e-01 -5.416800000000000503e-01 -1.062429000000000068e+00
-1.774156666666666660e-01 -1.509363333333333390e-01 -1.016228000000000131e+00
-2.737280000000000268e-01 -2.363006666666666866e-01 -1.027318000000000175e+00
-2.513963333333333328e-01 -8.401633333333334563e-02 -1.017739666666666709e+00
5.352960000000001051e-01 -5.817733333333333090e-02 -1.027003666666666648e+00
-3.429693333333332927e-01 1.987973333333333537e-01 -1.025863666666666729e+00
-4.763830000000000009e-01 -6.418966666666666709e-01 -1.113736333333333439e+00
-3.845109999999999917e-01 -6.782343333333332724e-01 -1.109874666666666565e+00
-4.075969999999999871e-01 -5.347389999999999644e-01 -1.077662666666666658e+00
8.541223333333333168e-01 2.059394666666666485e+00 -1.075139000000000067e+00
7.862969999999999127e-01 2.039272666666666733e+00 -1.072708000000000217e+00
1.725507666666666440e+00 3.891616666666666835e-01 -1.070279000000000202e+00
1.897815333333333188e+00 3.452363333333334228e-01 -1.059779999999999944e+00
