11 19 21 22 30 31 32 33 34 35 36 37 38 39 40 41 42 43 44 45 46 47 48 49 50 51 52 53 54 55 56 57 58 59 60 61 63 67 68 69 70 71 72 73 74 75 76 77 78 79 80 81 82 83 84 85 86 87 88 89 90 91 92 93 94 98 99 100 101 102 103 104 105 106 107 108 109 110 111 112 113 114 115 116 117 118 119 120 121 122 123 124 125 126 127 128 129 130 131 136 137 138 139 140 141 142 143 144 145 146 147 148 149 150 151 152 153 154 155 156 157 158 159 160 161 162 163 164 165 170 171 172 173 174 175 176 177 178 179 180 181 182 183 184 185 186 187 188 189 190 191 192 193 194 195 196 197 198 199 200 201 202 203 204 205 207 211 212 213 214 215 216 217 218 219 220 221 222 223 224 225 226 227 228 229 230 231 232 233 234 235 236 237 239 240 242 243 244 246 247 248 249 250 251 252 253 254 255 256 257 258 259 260 261 262 263 264 265 266 267 268 269 270 271 272 273 274 275 276 277 280 282 283 284 285 286 287 288 289 290 291 292 293 294 295 296 297 298 299 300 301 302 303 304 305 306 307 308 309 310 311 312 313 314 315 316 317 319 321 323 325 326 327 328 329 330 331 332 333 334 335 336 337 338 339 340 341 342 343 344 345 346 347 348 349 350 351 352 353 354 356 358 359 360 361 362 363 364 365 366 367 368 369 370 371 372 373 374 375 376 377 378 379 380 381 382 384 387 388 389 390 391 392 393 394 395 396 397 398 399 400 401 402 403 404 405 406 407 408 409 410 413 414 415 416 417 418 419 420 421 422 423 424 425 426 427 428 429 430 431 432 433 434 435 436 437 438 439 441 443 444 445 446 447 448 449 450 451 452 453 454 455 456 457 458 459 460 461 462 463 464 465 466 467 468 469 470 471 475 476 477 478 479 480 481 482 483 484 485 486 487 488 489 490 491 492 493 494 495 496 497 498 500 502 503 504 505 506 507 508 509 510 511 512 513 514 515 516 517 518 519 520 521 524 525 526 527 528 529 530 531 532 533 534 535 536 537 538 539 540 541 542 543 544 545 547 549 555 558 561 562 563 567 568 571 
-0.12304423881761754 4.762504551660657 -2.682545198543842 1.0375774148410393 -0.7857136061250237 4.308058906802454 -3.3375066398146416 30 1 
-0.12403425795193537 4.8108254821760585 -2.7109676729690126 1.0427438915561673 -0.7964309804128934 4.284031397096239 -3.307886650242125 0 31 
-0.12560779175492873 4.692970275188948 -2.6494241943747503 1.0310551659923992 -0.6981643516623061 4.316567601361393 -3.41814635267553 32 30 
-0.12543570406795912 4.610965106522112 -2.6210371679541336 1.0277136036413714 -0.5751767069534091 4.33302297595781 -3.5001083378194537 34 32 
-0.10197483216389083 4.519258677643758 -2.6037479879289074 1.0322880098553946 -0.42464579761125465 4.3552278339002575 -3.5683699868370913 36 34 
-0.07258022018524941 4.438669950636692 -2.5966541048734855 1.0376355648263185 -0.2737447815143418 4.37792353637045 -3.611080520770411 39 36 
0.013907502505808899 4.251486325748468 -2.609934675644545 1.0451600195719373 -0.04795931714914814 4.445315582203756 -3.634248610489227 8 38 
-0.036515242387054385 4.344543365204939 -2.597548604745043 1.0419915144347303 -0.14571127204311257 4.4057767886085095 -3.6308385783084103 38 39 
0.10745227628135816 4.232238131465073 -2.611654025853619 1.0541912435718546 0.026568680351461278 4.437082255813575 -3.6411075243570723 11 42 6 
0.1716428096451423 4.072302445009784 -2.6552772719730813 1.0632765482027848 0.13948050092681172 4.496683004265637 -3.6280645185179385 10 11 
0.24526683053253664 4.054752653157696 -2.657519550270493 1.0703211485706616 0.22509920439471312 4.501361785582723 -3.628188114425685 12 43 9 
0.16937339939107718 4.201866669159478 -2.612062515210967 1.0639662381108204 0.1176586529313974 4.4295714037082465 -3.648348069878319 43 44 8 9 
0.3139866828675418 4.048996038098279 -2.65473854905271 1.0759538027599174 0.31384286452009785 4.5025325106077965 -3.6285655548303737 46 10 13 
0.4235643373836023 4.053150873684801 -2.646232790245647 1.0828762743335116 0.396248198986442 4.5044364788358395 -3.628772349444632 48 12 
0.5181442641663562 4.265111459937573 -2.5814190086102182 1.076513384076822 0.5779404677056726 4.440462172592179 -3.6405671543255362 51 15 
0.4093303024236979 4.2303924287870736 -2.59700507567547 1.0750962200746166 0.49515101522916727 4.437804019865858 -3.646752728358731 50 48 14 
0.5823068233129233 4.476244969066471 -2.5655478141703383 1.0760673856494425 0.7799332523630443 4.4034521064002465 -3.619696199479906 21 17 
0.5461222212949782 4.449879637570384 -2.5709178186801696 1.0752195368280844 0.697807831496442 4.3854484884429255 -3.6317708856523714 52 51 16 
0.594199725847587 4.565495208642729 -2.572364695419362 1.0775890239912274 0.8912586773169446 4.379894166400784 -3.590255929269248 19 21 
0.5662433998597669 4.675376380853467 -2.6036952887499982 1.083717006883806 0.9260882700025775 4.334124951599499 -3.5657794594563508 20 56 54 18 
0.5669352520625488 4.684020716341407 -2.607745685183726 1.082530883164804 0.9985280374623149 4.3619036642375 -3.5455297099456824 22 19 
0.5696206946170433 4.53638085305038 -2.573048586269466 1.0783062734442215 0.8147302609205024 4.353740309395096 -3.605718507053307 54 52 16 18 
0.5392143115221895 4.779264711706028 -2.651457226296206 1.0921524548049915 1.0327108450032152 4.3208215379582455 -3.509568410489777 23 58 56 20 
0.5360967861135907 4.784115010388083 -2.656495190979139 1.0917668484112195 1.0976750008371472 4.354123252440909 -3.4868779987016514 24 22 
0.5002882854655574 4.861088525313386 -2.7148941668621553 1.1033436140302442 1.126672740949863 4.322554606282378 -3.444721057980148 26 58 23 
0.4305306561513832 4.944220412751469 -2.846449240383957 1.1197850279413537 1.1911033183515325 4.277459786571487 -3.32413372276286 28 61 26 
0.4648961585007009 4.913268533628142 -2.779408201721773 1.1124198838274915 1.1570577187137037 4.294182782632625 -3.389850293897605 25 60 24 
0.387730566653269 4.974040346780165 -2.966413434091309 1.1301720295710236 1.2443920872200749 4.274588188844427 -3.1956728192620827 28 62 
0.399994645450422 4.967575931561395 -2.926530544548302 1.1267648760787046 1.2228190356697997 4.273259720426957 -3.25499639308706 63 25 27 
-0.11754037384506874 4.835469233535973 -2.742153883836001 1.0428632450148645 -0.7517462986855316 4.226861713299557 -3.3020292564995577 31 65 
-0.12108702832689089 4.755952492738311 -2.6802676556925045 1.0373587758754421 -0.7252707215422731 4.286969591627636 -3.379385159871395 2 33 31 0 
-0.11755336455701905 4.8028545750444644 -2.7124171602604696 1.0417404816034332 -0.742855484099878 4.255984351912072 -3.3394902999490212 29 1 30 67 
-0.12020580749005916 4.666146750795369 -2.639864719807903 1.0316501258239632 -0.6198879527211858 4.29746148074215 -3.4615923925714926 35 33 2 3 
-0.11382003830195918 4.748385863923384 -2.6807258470047213 1.0376324873972815 -0.6544332010938888 4.261255531799967 -3.4182485097343416 69 67 30 32 
-0.09502853776502522 4.544534273158109 -2.610761137559239 1.0327957401150385 -0.48074767814556546 4.31298292762785 -3.538157578743763 3 4 37 35 
-0.08022046069793097 4.629244366238704 -2.641160712784081 1.036181428456946 -0.5300919968952056 4.27057195081645 -3.500439748963548 71 69 32 34 
-0.06962437360675881 4.469900387720499 -2.6007999992382587 1.0370535763416084 -0.32840152792561594 4.331267194235285 -3.5933581635366654 37 4 5 41 
-0.06275462899998789 4.5221278560385025 -2.6119122425769676 1.0376804964642357 -0.38153625436362637 4.282236210606351 -3.5674326050428338 74 71 34 36 
0.017825087913255228 4.320138004290934 -2.598997895330589 1.0473832723001313 -0.07037079368662197 4.3882730392825025 -3.639100501067173 42 40 7 6 
-0.029921490408187982 4.4027810049183085 -2.5974952444438277 1.0423407037099017 -0.18520943762408928 4.352994259646006 -3.6253064157433537 41 5 7 40 
0.030298935838006337 4.391583931952088 -2.599885157978555 1.0475682019151409 -0.0948833414632781 4.320334908832944 -3.6355615196425046 38 78 76 39 
-0.024453125224896382 4.449347840652357 -2.603217544072424 1.0420101610860084 -0.23004272724206815 4.296049242752996 -3.610965895969467 76 74 36 39 
0.1191444644167337 4.314239849549758 -2.5990355763618007 1.0574228887308554 0.01266781084779876 4.368861302425297 -3.6479703198400415 44 78 38 8 
0.24044930870020909 4.200438598069516 -2.608622567200641 1.070395664831045 0.21231237734401254 4.424998901296494 -3.652863806502452 46 45 11 10 
0.1795549822423082 4.321631312143082 -2.598684587192799 1.0627764180014714 0.10541043094519775 4.351599824813254 -3.656454351084596 45 80 42 11 
0.2381913582089577 4.33420610604741 -2.5980203679898617 1.0662541137736758 0.20456121873694927 4.339964284473461 -3.6615968763238684 47 81 44 43 
0.3059845954403279 4.203852098794741 -2.6042187919008306 1.074816373865204 0.3094978683027046 4.4234527519847875 -3.654307345391918 48 47 43 12 
0.29489083007305356 4.350046288990733 -2.5958527411799315 1.069116366523795 0.3071935470354023 4.3352153771499715 -3.6625459734476795 49 82 45 46 
0.3935141978205566 4.210206660876096 -2.5972785056502663 1.079609580761987 0.4048773178937614 4.429400994259816 -3.652443688421137 46 13 15 49 
0.3580927017812262 4.3666950104243245 -2.5913291831287895 1.0720809525302566 0.4107797639309084 4.339848365094658 -3.6594429892899507 83 47 48 50 
0.3771327616625095 4.377840877099306 -2.590001810816458 1.0720214290885466 0.5095289084434184 4.352387158327597 -3.6513116129641263 51 84 49 15 
0.5043512800036438 4.408855948500699 -2.572246233810605 1.0768277221084166 0.6041313937075292 4.36757199406264 -3.641677758595204 14 17 53 50 
0.523909062739003 4.520727461116554 -2.581492918637569 1.077199451760671 0.7287527095305821 4.3198356404337215 -3.6178285267881156 55 53 17 21 
0.4758831074786248 4.505794199121254 -2.58963151459389 1.074581234073904 0.6305356800988211 4.278416557227784 -3.6255393603845563 85 84 51 52 
0.5243313758693728 4.6591807760906505 -2.6143045801778877 1.0822713796133738 0.8470786281472595 4.298087660531788 -3.580331578111174 59 55 21 19 
0.471882766008342 4.646428837128121 -2.628451215667964 1.0800750707425155 0.7627458742928049 4.251415352490325 -3.5883724556585017 86 85 52 54 
0.5313270715060472 4.774006677229328 -2.6531351457370107 1.0918074097293775 0.9606601746583129 4.283996891040206 -3.5273262540380608 22 57 59 19 
0.4980123220311534 4.856352223298391 -2.713812831958791 1.1021125962301221 0.9983686799446547 4.2365863004471525 -3.473112718106332 89 87 56 58 
0.505479693544622 4.863410641435929 -2.712906221390885 1.1030286200913841 1.0664700852389595 4.280415124843536 -3.4606121357263353 24 60 57 22 
0.4909220246167331 4.7514560369120655 -2.6621262280178772 1.0894203522320343 0.8835932358660449 4.240267309480836 -3.53810875831718 87 86 54 56 
0.4732864646468348 4.920443594299221 -2.7775850483331066 1.1125775367525557 1.1022560843208222 4.247089062985906 -3.398521571760017 26 61 89 58 
0.44356634547195684 4.960264450379874 -2.8470721194335145 1.1210325859334807 1.1391450156169862 4.226206083677801 -3.3274247063648215 63 93 60 25 
0.40204430743519975 4.994750022214631 -2.9722353769252687 1.1318979739435444 1.2004087457984722 4.223945044461774 -3.1891917120713966 64 63 27 
0.41369282250086903 4.9860780320112905 -2.9297500195367165 1.1281065059009794 1.17235230129589 4.219256443270392 -3.2554428217195617 28 62 94 61 
0.4206098398599551 5.01996935147057 -2.988458394129686 1.134488021362949 1.1425490614677658 4.168416250294457 -3.182017657404213 95 94 62 
-0.10540352541780819 4.828226080544253 -2.74569268708862 1.0437710114483163 -0.6956711447734629 4.191132669666798 -3.322592032980993 67 68 29 
-0.040827054101571225 4.812558146940067 -2.7967341090200977 1.044415590241576 -0.642756461665176 4.117461123051101 -3.289970459576635 68 96 
-0.10969478278452828 4.798620022866044 -2.71566979946899 1.0419222682972986 -0.679876600044439 4.224919806793699 -3.370368905570697 70 65 31 33 
-0.04859948367731058 4.788396790053963 -2.754928360950275 1.0462338553348693 -0.6313735393643726 4.150846632042714 -3.342954191020384 70 98 66 65 
-0.06600795669326098 4.70645353968612 -2.6828777004599917 1.0408865945887487 -0.572873133912762 4.227986348035312 -3.4533534211814247 33 35 72 70 
-0.05561751374146041 4.757129659664334 -2.721529712477846 1.0446674996867276 -0.607819661754796 4.1878759930916605 -3.398972077671592 73 68 67 69 
-0.04436838617874475 4.596752899681165 -2.6402592079454807 1.0402137385276853 -0.43386230732520914 4.232341603173807 -3.530620012847024 37 75 72 35 
-0.021690352908064373 4.662013166757917 -2.67891555237744 1.044289732025488 -0.4856774031098028 4.185824818147562 -3.4813941647237385 73 69 71 102 
-0.002119128066044818 4.7098745259401396 -2.71954667279778 1.048105949776886 -0.5318976946195094 4.1444093856283715 -3.4225312827004046 100 98 70 72 
-0.014861859229057998 4.493584004884913 -2.6137376451130634 1.0427319206985712 -0.28068524581110865 4.23820556285268 -3.586570006863441 75 37 41 77 
0.008257593108142492 4.54407651664564 -2.635059465449787 1.0450716920203895 -0.33824964221905135 4.183019110619132 -3.549736445760119 106 102 71 74 
0.03515428995768169 4.427028247026268 -2.605532659717622 1.046895846606629 -0.12951922949032643 4.24800419510183 -3.6212263378762173 40 79 77 41 
0.043732021011125825 4.449902755661239 -2.611250212050219 1.0479746515574935 -0.1814653255095688 4.180352144595837 -3.5957428136608773 109 106 74 76 
0.12694705269466786 4.382566947567176 -2.6027444809292564 1.055751261746041 -0.0017611991571154558 4.2863265834829765 -3.6439960421486437 80 79 40 42 
0.12384755227674632 4.392408727753809 -2.6040579961696695 1.0554654714774248 -0.025908668756772314 4.192183673012291 -3.6262658172519053 78 110 109 76 
0.1770363654257674 4.387123547079207 -2.6049058564897907 1.0591627593574027 0.09557662518683596 4.261696433154711 -3.651077362815692 110 78 44 81 
0.2270788628569097 4.39935619432963 -2.6062777515677453 1.0620938214242974 0.19895172038192677 4.248842518606224 -3.65485114451199 111 80 45 82 
0.27875835853110814 4.420853245888798 -2.6063870837950125 1.0653953258974167 0.30564348999456603 4.243069976258941 -3.6540661225105144 83 114 81 47 
0.3348649570273712 4.447066026935458 -2.6051937462681134 1.068544420450805 0.4131542612389843 4.243202064880769 -3.648602713428173 84 116 82 49 
0.34853504757310794 4.467224846060134 -2.6070238859840305 1.0692365378926656 0.5226838003212654 4.25047485025734 -3.6363889506238465 53 118 83 50 
0.4126471407852623 4.619266278899944 -2.6372889070212993 1.0771192590983842 0.6748622430160605 4.191780491303538 -3.5872453103974546 122 120 53 55 
0.4348247519236047 4.715783581902274 -2.66862549319183 1.0868449555224218 0.8068453117106011 4.187954695279483 -3.540207404597295 88 122 55 59 
0.4558726662811526 4.823363110880324 -2.7167509819251454 1.0998664296852545 0.9267326131858834 4.188818330829325 -3.4791527740935217 90 88 59 57 
0.39213568247579395 4.769801117533994 -2.7149155688794395 1.0973596835772026 0.8582913094818555 4.1354156900256145 -3.4765821008170597 125 86 87 127 
0.4691241441180434 4.91615557651644 -2.777272461900733 1.1123012890517974 1.0379151513725666 4.198164047297691 -3.4052877396917296 93 90 57 60 
0.4232159629026034 4.878405244654397 -2.7770061061846856 1.1109111978087758 0.9710160588585173 4.148329756932581 -3.4071065541278314 92 127 87 89 
0.382072432134587 4.968539384419927 -2.9451280039982635 1.128420767817187 1.0457999048507498 4.110315228097279 -3.2496585973982297 95 130 92 94 
0.39801562574835964 4.925582005639943 -2.8494406138788033 1.120589697488323 1.0118447482692348 4.121690465807102 -3.327868494012386 91 128 90 93 
0.4436280384490398 4.963315901806296 -2.8501764078782084 1.1217501073272191 1.0771693785640932 4.173407576998719 -3.3289435194602417 61 94 92 89 
0.4236109120297108 5.002663944997359 -2.9424385655013 1.1298774297263539 1.1122009081429325 4.164415609268844 -3.2529430279356015 63 64 91 93 
0.384087478775055 4.9839314458617165 -2.9800852325782667 1.131323737705406 1.0726604037121747 4.110275243553199 -3.1770066867318745 132 91 64 
0.025398261491162897 4.76610545911375 -2.8031532108705264 1.0491871590125974 -0.5875613439018044 4.074267357089631 -3.2969756889540456 66 98 99 
0.12935643291081914 4.7117466540275945 -2.879935700725533 1.0454185738741213 -0.5447314051084782 4.0002932029678115 -3.240910109243237 99 134 
0.012418171811261876 4.744028787792591 -2.759834689334439 1.0503417446676784 -0.5664020670851866 4.107056516819858 -3.359239872201604 73 101 96 68 
0.11501766029694493 4.693656129851147 -2.8088885387786466 1.0533385791084322 -0.5317358574246884 4.027130406194645 -3.3031168585742785 101 136 97 96 
0.06965331218961124 4.631393437101035 -2.7067425418939375 1.0518700068497462 -0.4578639229935366 4.094273637752842 -3.438502313044998 73 102 103 101 
0.09650393721885443 4.668297285872868 -2.7567775514896535 1.0543822771187177 -0.503155141108336 4.058645570492576 -3.370772301614024 104 99 98 100 
0.03878275134694322 4.5905804448137 -2.66644755748726 1.0484227030947557 -0.40014562475150095 4.13495317524055 -3.4996255414028594 75 105 100 72 
0.14073733117410456 4.539843450651362 -2.6868419570796793 1.056575930453783 -0.39037467945601123 4.037785258586104 -3.4470659420374705 105 139 104 100 
0.18115513217832976 4.578122910215477 -2.7454979846726073 1.0596986832643205 -0.44432664422322077 4.005441362349556 -3.378085400087724 103 138 136 101 
0.09939344939695836 4.504704576046681 -2.646860152041592 1.0529943616059652 -0.32275017480157764 4.075971865222512 -3.508210675663199 108 103 102 106 
0.06442443518590019 4.474279256658933 -2.6226454303183653 1.0501008188903536 -0.2493556354819766 4.122811130394114 -3.5582422120089596 107 105 75 77 
0.1276167024875639 4.373712254162608 -2.5996619364859366 1.057148055976293 -0.1747607661355082 4.053191594585121 -3.5577772549141176 106 109 144 108 
0.16730358230427222 4.3867833840914185 -2.61750458615129 1.0596359143522258 -0.25869520252651756 4.010025399467611 -3.5089776803668684 142 139 105 107 
0.11471034306006977 4.375757136353766 -2.598525725977324 1.0556329774015352 -0.08605395050247816 4.10987421979503 -3.5966533810684864 145 107 77 79 
0.16617259221766337 4.388284569588809 -2.6048590720849405 1.0585462240466148 0.0828883289319941 4.159269922770063 -3.6318612515749162 79 80 111 112 
0.21130688576769857 4.397958634871236 -2.6066352101444887 1.061134636232094 0.1946213916534288 4.15371753958912 -3.6364423683644453 114 113 110 81 
0.16113741556861316 4.276548604095346 -2.574545083580905 1.0635042510388804 0.08493339343865589 4.045464602170171 -3.6065253695924238 149 145 110 113 
0.19769967651599177 4.293379944039485 -2.578950842246504 1.0642192776312864 0.19386178514500926 4.0511564542856915 -3.6123132279701693 111 115 150 112 
0.2546290277143209 4.421563124908346 -2.608648420999906 1.0642220363971893 0.304815514984191 4.15161100396369 -3.6343341840620615 116 115 111 82 
0.23083010822562822 4.3117977454473095 -2.5807728411997184 1.065725907961916 0.29950994629697913 4.051440862774007 -3.60903016951805 113 114 117 151 
0.30772377082455277 4.460822083416073 -2.612196351902952 1.0675946574898705 0.4102054394940524 4.1467457872238995 -3.6248363263605468 118 117 114 83 
0.24344372190305907 4.329959643182767 -2.5835557716241913 1.066488150620374 0.3969101731986621 4.042659128964526 -3.5962621421497856 119 152 115 116 
0.33346709836814825 4.4878019968730785 -2.615368579577059 1.0695243874912412 0.5131302566238531 4.136614500986498 -3.605851836198187 84 120 119 116 
0.24631137218373442 4.347581056256305 -2.587355845216576 1.067667193996143 0.4824515897209981 4.022012092296356 -3.573653977585848 121 153 117 118 
0.2879133772850253 4.511329581552986 -2.6320532414885185 1.0733267921560081 0.6043641123817838 4.101682054722156 -3.5684301839422727 118 85 124 121 
0.1971378681677244 4.373001415626149 -2.6067012737356516 1.0725561393189729 0.5598699894636172 3.9944610283370987 -3.5396420925942027 154 155 119 120 
0.37047282063046727 4.661793313757149 -2.667555964113391 1.083090944136344 0.7370862807560882 4.124952073921327 -3.5309390314029208 125 124 85 86 
0.20443709997665263 4.571483697601255 -2.6882207165781105 1.0908690475501728 0.7437610296360038 4.010074990577462 -3.449627358646091 125 159 157 124 
0.2519351155641229 4.537241692598994 -2.6526331771853244 1.079524187755879 0.6786568437512579 4.049880673441577 -3.513236982130883 122 123 154 120 
0.32043584204946773 4.700178215668398 -2.70719822746598 1.093549365104224 0.7973934282793986 4.075841948800639 -3.46498180944988 88 126 123 122 
0.27118572669504964 4.740861755727784 -2.7635022499019506 1.1063412789002645 0.8498196309262249 4.040826209642701 -3.3922547934340885 129 159 125 127 
0.3513800086484319 4.816665729691652 -2.7718459819064907 1.109172226259343 0.9075620027496373 4.096147665963327 -3.402561212329596 90 128 126 88 
0.32156405665072235 4.8609547592595685 -2.8448031430667102 1.1188788915075083 0.9490926544683875 4.070200404885892 -3.323507785498829 92 130 129 127 
0.23313826020265804 4.782206882103541 -2.840510102026692 1.116677394708375 0.8907213929649267 4.017376212492762 -3.316120501127035 128 131 162 126 
0.30429830203785724 4.903537683252907 -2.9445763312267506 1.125594577741723 0.9800923478378911 4.057223204498858 -3.245767927478201 132 131 128 91 
0.21019547633460017 4.822267057371143 -2.9469893362219386 1.1226650818648618 0.9177646873489149 4.003758764381278 -3.2413597201868045 164 129 130 133 
0.31258817586871485 4.922741432525152 -2.980485771473141 1.1273972020735479 1.0010887755848783 4.053068459222714 -3.1742740949675747 133 130 95 
0.21712574148724537 4.839372849259271 -2.984224038638926 1.1230097733075246 0.9331768267737905 3.996761285724595 -3.1720902204192405 132 166 131 
0.23034532262815538 4.624959177171045 -2.8894976759893067 1.0526289256749717 -0.49836142758895263 3.9527382439653946 -3.239804487015604 136 135 97 
0.3545051563220086 4.495214395210188 -2.9113850468126463 1.0579900839552525 -0.4532696518186904 3.8980401311898207 -3.2394612195035175 137 170 134 
0.21099656370805403 4.608416562465665 -2.8136119007713676 1.0595231175614612 -0.47981054155094544 3.9768876991269595 -3.3072434658440604 99 104 137 134 
0.3259768807993227 4.476126211856708 -2.8121389278555986 1.0648638076934565 -0.4323673806364106 3.9207252453506074 -3.3094086686245956 136 138 141 135 
0.2785630537394785 4.445112799916785 -2.7239357540836604 1.0652321590130573 -0.39180850217877805 3.9459695856905515 -3.3815580228533397 139 140 137 104 
0.2203812049639223 4.411448808336551 -2.6566015927278075 1.0626865655327318 -0.3326808494902772 3.9752038336398314 -3.449648961781173 108 143 138 103 
0.36999274763829393 4.28963246564667 -2.7024150534343234 1.0719725920651584 -0.34797534498197713 3.879419794027201 -3.381910283187629 143 175 141 138 
0.43515933816425983 4.311138183422633 -2.8037837274487987 1.0718889415254176 -0.39161262127050767 3.857662794303969 -3.3103382768122254 172 170 137 140 
0.22650877670508102 4.253707172890443 -2.5870316673449536 1.066263297973871 -0.20940969268107174 3.936230822199304 -3.504307884735197 144 147 143 108 
0.2930938978316246 4.267391577590439 -2.6280039037467264 1.0691444722233656 -0.286307756714236 3.905195436199171 -3.4477557900086153 177 140 139 142 
0.1815633456959315 4.2523937012775725 -2.570992217013973 1.0645179909720575 -0.12062618244898238 3.973617345859367 -3.55018222774488 145 146 142 107 
0.17523983911245783 4.268679208046422 -2.574085393282488 1.0641643817594386 -0.021828241196385097 4.017600522918768 -3.5858442188684325 109 112 148 144 
0.23932918165059258 4.086026362640184 -2.540791437475506 1.0720951524952325 -0.08539806989799995 3.8827794017373036 -3.5395243035456705 147 144 148 180 
0.28973144158311576 4.080281668417468 -2.557910864791843 1.074121754389888 -0.17298390490893945 3.8543977501913544 -3.4981440352987034 179 177 142 146 
0.21637242527895156 4.100218121103823 -2.5389262808724498 1.0706155873706196 0.006334166059220287 3.90873553563549 -3.5684229861725894 146 145 149 183 
0.17491926393907306 4.111456583665031 -2.536209479037821 1.069594878484371 0.09993422439436084 3.9283060037729642 -3.584554941232068 185 148 112 150 
0.18735990174762432 4.128416637975161 -2.539995339523166 1.0691260617681024 0.1953668050920051 3.9389550204969552 -3.589426673632591 186 149 113 151 
0.19728424523128943 4.143217636561272 -2.5424347561848277 1.0689041363790117 0.28881817105752594 3.9385892469758854 -3.5848955748426508 115 152 189 150 
0.19067932646038238 4.156667661004674 -2.5461098661328267 1.0688461713370692 0.37593406675357344 3.928701287599922 -3.5711658728955564 153 191 151 117 
0.16155028328690055 4.170502628962746 -2.553931436225479 1.071129659925685 0.4546828281320337 3.9122139686959736 -3.5487766057095707 155 193 152 119 
0.15018334980717002 4.396446472231468 -2.6304222257089123 1.080069927138556 0.6321662160818702 3.9646796747460122 -3.4924819091060435 124 157 156 121 
0.10702830782445107 4.187388646454427 -2.5736740582366022 1.0758264925821837 0.5276458442596802 3.893108456409771 -3.516699231070848 121 156 194 153 
0.05072884364893123 4.204456403866175 -2.6001593379341856 1.08378498441844 0.5968293877159526 3.873895607041434 -3.473572452099793 154 158 197 155 
0.09954046631364089 4.423473436025806 -2.6653449475286886 1.0905643324637229 0.6969432170340526 3.9365063606630137 -3.4342300984147 160 158 154 123 
-0.010140298965137384 4.224714035296827 -2.639536768816906 1.0944942034500558 0.6594157365929331 3.855352452169429 -3.4201357333742006 161 199 156 157 
0.15279166984915638 4.611046672387907 -2.7448558277675095 1.1044505556163906 0.7974801966444336 3.9809404683361 -3.3800779309811677 162 160 123 126 
0.037986386662335385 4.457178385111775 -2.7265805157219316 1.1039738271707267 0.7503186733407432 3.9135180296901133 -3.3685528002277074 161 157 159 163 
-0.0808034252705565 4.250287174466384 -2.7060821769636196 1.1073604736120315 0.71151925974153 3.8386653811330302 -3.3584584445935772 202 201 158 160 
0.10412143563022357 4.65115778610977 -2.830918870943554 1.1157260414450605 0.8370087480380075 3.9602954256035416 -3.307548719549843 164 163 159 129 
-0.024692106521587594 4.4921536543229195 -2.8248453715077058 1.1159206600000815 0.7886852883565476 3.896094283673969 -3.2994316907490613 162 165 202 160 
0.06843211789674286 4.6875087673941405 -2.955619464708427 1.1214853857889873 0.8601975237770089 3.946585800198023 -3.2366275427900373 131 166 165 162 
-0.07258204178414776 4.521720359431246 -2.967940951361893 1.1217679621109635 0.8103953447816882 3.8841479299660753 -3.231536113657296 167 204 163 164 
0.07052249153733313 4.700713062019959 -3.000052283051887 1.1200122318940902 0.8702498222671813 3.937445257284466 -3.1721041335962483 167 164 133 
-0.07590879537458108 4.530733399283866 -3.0299696224521635 1.1186229721557936 0.8166660157478698 3.873349996086275 -3.171088656516793 208 165 166 
0.4872222389950971 4.333996284450125 -3.012237669037288 1.0575366511512292 -0.42476494599734127 3.825862575598324 -3.1755050175137027 170 169 
0.5900739385274406 4.122647998544799 -3.0175330222525703 1.0634112075374071 -0.39944388744551085 3.7690810532961767 -3.1742376484957044 168 171 209 
0.4840972577457436 4.329472365125945 -2.948944710369438 1.0659999381487968 -0.41527721448394006 3.8390359156060923 -3.239626135212927 141 171 168 135 
0.5845365843596616 4.124459572471925 -2.9556461410862744 1.071593052412031 -0.38675794105340244 3.7762346890238474 -3.2404967684474526 172 174 169 170 
0.5275035029191808 4.112719092485684 -2.7956913821255047 1.0776257931151625 -0.3601379071426194 3.7894475047526974 -3.3111768204880696 171 141 175 173 
0.5989918284702781 3.861064949744614 -2.792104331697071 1.085289038414364 -0.3403020930649117 3.717213840361084 -3.3133879516917015 176 212 174 172 
0.6586710458354434 3.861376159885952 -2.954991007980403 1.079257407619267 -0.36906304447703575 3.7086293491004074 -3.2425599698113556 211 209 171 173 
0.4485086957152705 4.098894972934933 -2.679648781529427 1.0784359808587938 -0.3142427025334274 3.807441821006047 -3.3815659915246576 172 140 177 176 
0.5111193019378943 3.861274414355678 -2.666735275897076 1.085924984057368 -0.29223812523950543 3.730718805775706 -3.383098981079617 178 213 173 175 
0.3614361212975928 4.085194702104574 -2.5997361447663225 1.0765280713447434 -0.25075341342077 3.8288986962095652 -3.4449560123132663 143 147 178 175 
0.4155959608666237 3.86317344353549 -2.5815083456653403 1.0843070974030176 -0.2273806683041613 3.7473022151426587 -3.444544589191288 179 216 176 177 
0.33609681353460996 3.8711061075624906 -2.53538619049166 1.0823709471067562 -0.1500983034266381 3.7659648444070286 -3.49437465868097 180 182 178 147 
0.27559973386216235 3.88474583205114 -2.5132851745611067 1.080686732489382 -0.0655214504327905 3.784710676330465 -3.531506056252252 146 183 181 179 
0.2922810911729341 3.661633991707959 -2.5003370604939756 1.0902628674241028 -0.057493979834917705 3.685491701096306 -3.5305365816013765 182 180 184 219 
0.3574931855208645 3.644586727339953 -2.5267948073095914 1.09172198960684 -0.139985549996821 3.674024039377789 -3.4959561011553664 218 216 179 181 
0.23699941816872547 3.9017767929667424 -2.5059547458003575 1.079316870743481 0.02101322311055913 3.8006587697931073 -3.5562798800348654 148 185 184 180 
0.24535571526584815 3.6789401901355987 -2.4886981668913006 1.0889180485193815 0.026269537854239654 3.695276094663219 -3.5530883030664815 220 181 183 188 
0.19144014908831933 3.9182550476094598 -2.501686403564453 1.0787271446818785 0.10784726494147881 3.8141760474735293 -3.56970412672755 183 149 186 188 
0.17834288256528755 3.9335135824088847 -2.5029660411725985 1.0785338512353662 0.19452117589091272 3.8230424327171777 -3.5732514191474474 150 189 187 185 
0.17189111535477805 3.7079019482126223 -2.482237366683668 1.087636136223431 0.19176860577668237 3.708804448121559 -3.5674834150952783 221 188 186 190 
0.19891303100711846 3.695077526727518 -2.4827140075724614 1.0880767932238846 0.10963180368815145 3.703509259445681 -3.564905425689558 185 187 222 184 
0.16341628933442806 3.945524727977532 -2.505542112990975 1.0781649290494026 0.27845369181682345 3.8230215407107844 -3.568120423691865 191 190 186 151 
0.13973898055767217 3.7166828828667304 -2.4850780858423196 1.0870658486220837 0.2711873046909276 3.7088341541886307 -3.561951787920214 192 225 187 189 
0.1334671342732987 3.9560838237092573 -2.511574063625966 1.0782711029002845 0.3580352707285419 3.8153167941317965 -3.55446131961253 189 152 193 192 
0.09902327667923252 3.7223204975609234 -2.4923740578812663 1.0870681324587388 0.3477795224418485 3.7044814217570194 -3.5483006688433267 191 195 227 190 
0.10356089847757195 3.9644543282189253 -2.519631910847376 1.0794091204497165 0.43320810912433116 3.8039617945157973 -3.5326601181524335 195 191 153 194 
0.04090890416993069 3.974873982654644 -2.542587287698322 1.083048324734667 0.5048209900938073 3.791892333546132 -3.501775945375228 197 196 193 155 
0.06334653456884039 3.72469927590635 -2.5019763121279377 1.0878461787205036 0.42187508479339686 3.6977682191142023 -3.5265805487115283 193 196 228 192 
-0.0010764960196521399 3.7268433797767386 -2.526149842127822 1.0909415160704388 0.4931166379453849 3.690605165127635 -3.4959379617551054 195 194 198 229 
-0.019759272914526192 3.984639039875568 -2.5719541859830364 1.0892608277997096 0.5722623744079847 3.779849786563384 -3.460807990695952 156 199 198 194 
-0.06561232486410001 3.7285032990080094 -2.5586897410699727 1.0962488436262183 0.5600066421587119 3.6838425051772554 -3.455615125954469 200 230 196 197 
-0.08929032337225042 3.997021907369605 -2.6176693679675815 1.0983461248552528 0.6332244746369879 3.768367436703477 -3.4103290124672574 201 200 197 158 
-0.13837684422265764 3.731329417853144 -2.6086855003055094 1.103652215434602 0.6203654345624764 3.677458495275981 -3.4060529292583848 198 199 232 231 
-0.16934239085899574 4.0127259960289345 -2.6928750088747875 1.1095605929154293 0.6844863715871503 3.757767282187408 -3.3514210635489263 161 203 232 199 
-0.154729964614122 4.27627753894549 -2.8147273983825585 1.118911876603666 0.7494009199055214 3.825329941264626 -3.2923580662405683 204 203 161 163 
-0.2490940239527472 4.027913575497838 -2.80910665348856 1.119416833857235 0.7224839353135506 3.749150410444489 -3.2870408695537354 201 202 205 234 
-0.2128179340920059 4.294346658561233 -2.9729119486688527 1.124109714663496 0.771340630805591 3.816747493851674 -3.226619251417866 205 202 165 208 
-0.3078300800600552 4.033613506680657 -2.9660668337431972 1.1228124469088616 0.7450592896453021 3.743662618104045 -3.221810573340482 203 204 207 236 
-0.32957648488415364 4.009302347924706 -3.2878708951777282 1.123633084152057 0.7448311587015342 3.7389915045622457 -3.104468369693699 238 207 
-0.337679248269565 4.01890663653084 -3.213698749969104 1.1257852603102763 0.7506133191755192 3.7395560459798904 -3.160208352429587 239 205 208 206 
-0.22723889811537765 4.300961453490536 -3.1256899580926265 1.12007368302753 0.7757252157600163 3.8062528764227674 -3.16675156586395 204 167 207 
0.6641149390102001 3.858586033566862 -3.0194783010655093 1.0709604252615348 -0.3827334942479945 3.70249354821585 -3.175359762494431 174 210 169 
0.6834449549026752 3.5937363797174813 -3.0590286737518677 1.0700759106909947 -0.3783998216321864 3.629501690009059 -3.175650266819429 209 211 243 
0.6754284373948113 3.598467420346934 -2.9479530675266328 1.083318494979019 -0.3641045332451598 3.6375412662880957 -3.2458257591914927 212 242 210 174 
0.6200405726228183 3.6067712185731704 -2.790971615074884 1.0913982009438237 -0.3332047488254325 3.642459756801412 -3.3181994767812353 213 215 211 173 
0.5333720779274624 3.6165241999923583 -2.663759391063101 1.0935945991299474 -0.2829703794273793 3.651322028582334 -3.388136735375106 216 214 212 176 
0.5178221850416056 3.3890455846992964 -2.6721280127732183 1.0991666967920903 -0.28529484626718116 3.5722998606281147 -3.397332993689578 213 217 248 215 
0.599368101576069 3.3711984722691573 -2.7983678283355062 1.0948650401297324 -0.3381082072501965 3.567441086458259 -3.3255899526937345 246 242 212 214 
0.4385458606345023 3.6291552771601596 -2.5764973479084823 1.0930321372411285 -0.21686855795477455 3.662158600951183 -3.4483446186184707 178 182 217 213 
0.4286463683024338 3.40718658932054 -2.585851061844825 1.1002508118846095 -0.21737768064634025 3.577341388671851 -3.4578151139563307 218 251 214 216 
0.35119473179155014 3.4254028888745487 -2.5352441017589373 1.1000105227628172 -0.1396861857168532 3.582679295171034 -3.504868923146746 182 219 253 217 
0.2873943658167756 3.442667430176175 -2.507015905789751 1.099211278054045 -0.05712251032278699 3.5879716597418936 -3.538592095075595 220 255 218 181 
0.24041149266372833 3.458193465476595 -2.4935809571088967 1.0982295116229426 0.02655315873125093 3.5927849591232777 -3.5602925226647395 222 257 219 184 
0.16480077999655862 3.480735163769425 -2.4854909915426946 1.0967089404145955 0.19074689261898026 3.599138370821355 -3.573411685406013 225 223 222 187 
0.19565414507250622 3.471323261652243 -2.486735909283774 1.097335874077769 0.10944047430781627 3.5968333856326073 -3.571396094030863 188 221 224 220 
0.1582794514329872 3.2744016133782523 -2.510916072358791 1.1034427899458592 0.1933774289188664 3.4946041365974487 -3.589548954926662 226 259 224 221 
0.1851493829740618 3.268899655287532 -2.51187137361687 1.104071766611102 0.1098686415505934 3.4945901475193484 -3.5879555648930253 223 260 257 222 
0.1277172544366689 3.485750585879509 -2.4883693154990523 1.0961833053672867 0.2698139730400585 3.598765941139862 -3.567344243314792 226 221 190 227 
0.12433158966292855 3.275536717011269 -2.513849087977043 1.103222711024695 0.27474702287032393 3.493457795725242 -3.5827604367342376 223 225 262 261 
0.08560615899818984 3.4868952717900896 -2.4960803605493838 1.0962747068878438 0.3467758593809726 3.5963367333973233 -3.553078745102067 228 262 225 192 
0.049032555547853254 3.4849704808889252 -2.5066179125433874 1.0969865191985062 0.42158794251686743 3.5929595286821727 -3.530668705275162 264 227 195 229 
-0.011138356863471824 3.4812080484188397 -2.5307106888430004 1.099461956074839 0.4934860592456917 3.589770668580274 -3.4993641429503723 230 265 228 196 
-0.07443337974056417 3.476805108370469 -2.5651627270235156 1.103478445591431 0.5609109581418663 3.5873985792634278 -3.4583944231085333 198 231 268 229 
-0.14451322978353867 3.472524506734721 -2.617265306871012 1.1085880318596393 0.6217466048437835 3.5858598511313176 -3.4080181676421475 233 270 230 200 
-0.21968030818027282 3.7349310500511286 -2.687771352688382 1.1123834721812567 0.6714685354627669 3.6720975397549136 -3.348003029694182 200 201 234 233 
-0.21809344850721418 3.4673714447525463 -2.6942870257364784 1.1138557829579745 0.6735297630655789 3.58556134869172 -3.3487275260419476 232 235 272 231 
-0.29844389477121624 3.7360622731283692 -2.8052665389611895 1.1196576352134913 0.7100809349504955 3.6687382903416 -3.2837333191839786 236 235 232 203 
-0.28509209022518117 3.4579884099075526 -2.8012497679670734 1.11716231583636 0.7132960805179335 3.587108636321958 -3.2823392113248646 233 234 237 274 
-0.3578501509474998 3.728224132520476 -2.9665289012520613 1.1226380469853083 0.7336112589255936 3.6672079464512217 -3.2167990399039743 239 237 234 205 
-0.3361633525078487 3.4363491777584025 -2.949844980698865 1.1178672500216469 0.7383264156867033 3.5899207562556876 -3.2117063074322556 240 276 235 236 
-0.3799017703228338 3.6826237424454824 -3.243029401521021 1.127139528656263 0.7363447559728586 3.6794491614527267 -3.0930602236377966 278 239 206 
-0.38564547050992276 3.6978214381971775 -3.1824972054983824 1.128090548456755 0.7406785115697101 3.6704617505397574 -3.1517719987045703 238 240 236 207 
-0.35662842030756386 3.3947682639458425 -3.11958060679065 1.1229649636372458 0.7466474003198416 3.5963463488290204 -3.1428426584094034 278 280 237 239 
0.6521035241689406 3.329025607641316 -3.1422503979941214 1.0663101322192385 -0.3905294264785364 3.545227169480544 -3.1067761729040595 243 245 
0.6455029342349302 3.354929501816627 -2.941130481214179 1.0847390986267544 -0.37209461699044416 3.5633280411796804 -3.2486734321357305 211 215 247 243 
0.6549840130903749 3.3339145891881623 -3.125237108192194 1.0680211505075847 -0.3870466226238718 3.5571583565506915 -3.1740576935274234 210 242 244 241 
0.6100820219670517 3.164986526106634 -3.1114106513284012 1.0686158233311502 -0.40623930592063817 3.4844473104934743 -3.1742616477987236 247 282 245 243 
0.600518008570961 3.157262203370491 -3.164713738508059 1.0619028855515045 -0.4079581707778578 3.4793099933030214 -3.1006861140126425 241 244 281 
0.5551326586729537 3.170680422373835 -2.8136135120078536 1.097779531201962 -0.3528425369165815 3.492714319873559 -3.336398286856358 248 250 247 215 
0.6000317218575789 3.1650734611987787 -2.9544240579742427 1.0853992205755565 -0.3900023742967176 3.488358926465021 -3.254317988295352 283 244 242 246 
0.47731885021225184 3.18398263768624 -2.690473036233519 1.1041196690855442 -0.2973187312988129 3.4937245764043103 -3.4110095260865845 251 249 246 214 
0.4205503229580803 3.008198173496457 -2.7113581118805934 1.1087967519781399 -0.3180809621316647 3.4139949967409713 -3.4288671108479205 252 287 250 248 
0.49580409713488843 2.9908136885563072 -2.8359910339357532 1.1005840773510198 -0.37717308757551365 3.4153736408088866 -3.3504409596600646 286 283 246 249 
0.3943315194887946 3.2033103647848833 -2.6070648296542256 1.1064397063261848 -0.22696440626681205 3.493297010022174 -3.4730846311870307 248 217 253 252 
0.34464540858851417 3.0295274430204926 -2.6318764364016918 1.1126060452181916 -0.24347364435678634 3.4100148480304178 -3.4937516647855626 251 254 291 249 
0.32344212524003246 3.223748207482741 -2.5582809420245622 1.1067328198250481 -0.14679561157391455 3.4930417147434794 -3.5210609884219606 218 255 254 251 
0.2830831954289022 3.0500514823436014 -2.587406371462101 1.1138295230410975 -0.158699059821845 3.4058175228341216 -3.5436585929095985 256 290 252 253 
0.2660652375185141 3.2420795951838146 -2.5311989887811674 1.1061525998148112 -0.06166610542798022 3.493335435318244 -3.5552547439399316 253 219 257 256 
0.23456281088024708 3.0676043740890657 -2.563157331590876 1.1137714543233161 -0.0688988529959542 3.4021582687386935 -3.57903268539036 258 293 254 255 
0.22457183388440558 3.257333098397936 -2.518277144315046 1.105142071796649 0.024567833957340808 3.493905609149773 -3.577044790386507 255 220 224 258 
0.2009185986569988 3.0811759918806345 -2.5519812741921775 1.1129698703088065 0.02195661211251773 3.399061325225861 -3.6013445683836913 256 257 260 296 
0.15086216614382522 3.094725668462714 -2.5462620475169215 1.1115609717459771 0.19942047194700074 3.3949470238237582 -3.613335803945759 223 261 300 260 
0.17281493246022442 3.0900505687054114 -2.5471119246550016 1.1121294921912424 0.11174585345070814 3.3968605898387034 -3.612248098383997 298 258 224 259 
0.12498967622402359 3.0952266268900757 -2.5486060820004917 1.1115967730468446 0.28468272009231776 3.392915144843629 -3.6055424136991556 263 301 259 226 
0.08722615873784538 3.2726428866978288 -2.521218715291434 1.1037379834784085 0.35413602283972856 3.4919736032755146 -3.5674090240254275 227 264 263 226 
0.09742616872181427 3.0920431582307955 -2.5544794910063957 1.1122151037061931 0.3677277759870796 3.3916646558045733 -3.5887777021657845 266 304 261 262 
0.05588239598486718 3.2670130027561335 -2.5310853704422938 1.1047659370963017 0.4312277785559228 3.4907690547718846 -3.543638485767045 266 262 228 265 
0.0025846632151318317 3.257535335530214 -2.554230524847288 1.1072368219494315 0.5050566561721407 3.490577865026805 -3.5107837063168503 268 267 264 229 
0.07360734118573761 3.0863477553822807 -2.5627042279563605 1.1130817399236503 0.44838478641329527 3.3915694668615948 -3.5631687914483225 307 263 264 267 
0.031239658706016044 3.0757690281946544 -2.5826817526288184 1.1150434220313787 0.5255994788741073 3.393566502900023 -3.527974526978007 269 306 266 265 
-0.05294348970658552 3.2468559010750946 -2.5874498886452955 1.110267943937587 0.574134947298606 3.491963134871666 -3.467988920900874 230 270 269 265 
-0.014457552662756988 3.0621792231820306 -2.6130102630643233 1.1169518566511392 0.5976938021988788 3.398311413941103 -3.4822673467198735 271 309 267 268 
-0.1135912963548038 3.234922575903599 -2.637348534265152 1.1132715569915959 0.6365217607446346 3.494976375313909 -3.4152931449697217 231 272 271 268 
-0.0630760139348307 3.045443273733321 -2.6582207109432145 1.1180724739198526 0.6627002277160687 3.405486486269458 -3.4260612907467243 273 312 269 270 
-0.17514763891532908 3.2210075875626503 -2.7087263520909435 1.1156211762604376 0.6897712108196068 3.499767357860796 -3.3530370415351305 274 273 270 233 
-0.11066607422712212 3.0258948256815996 -2.721233087880132 1.117972088676313 0.7180914219686244 3.414804553031285 -3.3598181119794797 275 314 271 272 
-0.22845455279156823 3.2037898990854727 -2.8029672884824097 1.116140924072239 0.7310938200283446 3.50612658264259 -3.282727104929727 235 276 275 272 
-0.15050053338141284 3.0036097172788057 -2.8023856433567707 1.1162600522427257 0.7614133763187333 3.4250510974999346 -3.2850318507433913 277 316 273 274 
-0.2694349898245192 3.1759462295823306 -2.934598982334007 1.1161995740087889 0.7576994622905799 3.512527302607118 -3.2073300253295574 280 277 274 237 
-0.18344803004142826 2.973923206084673 -2.919083325510081 1.1156636659995838 0.7896771514595354 3.4342279616475255 -3.205767028883621 319 317 275 276 
-0.35236485017360747 3.3791008701727687 -3.1636630971985644 1.1229668027822735 0.7432161491150571 3.6065657466316203 -3.082557062569477 238 279 240 
-0.2798210171637261 3.1198430368690864 -3.101363706670872 1.124200138247885 0.7666725861767121 3.526180079729785 -3.0731577430258046 318 280 278 
-0.283526822539782 3.136673128612863 -3.0612326761682396 1.1225562937817883 0.7679042384051671 3.519156751345397 -3.1352770532283687 319 276 240 279 
0.5414213495914952 2.9959990220530437 -3.1734253468404536 1.062857757376906 -0.4375815780568152 3.3987490877040933 -3.100423923578847 282 322 245 
0.5483968950827652 2.9933182881215488 -3.1115466461259143 1.070106855402445 -0.4350803057553144 3.4050546467871796 -3.179518844191037 281 244 283 285 
0.5399424881849259 2.9863251178106323 -2.981461001311245 1.0862329848646366 -0.41669151416501615 3.41139352262747 -3.2643878528446173 247 250 284 282 
0.48936025033032554 2.8572567452994355 -3.007381580365639 1.0889793013488391 -0.45357447439041054 3.326562167414569 -3.2751115563142124 283 286 325 285 
0.49625417969073793 2.866597600387373 -3.129918239613752 1.0728767952056568 -0.47332826776301606 3.317506311614696 -3.186709518770556 323 322 282 284 
0.44456153076198074 2.858983594295052 -2.8567170402557895 1.1047526164388592 -0.41087389228817406 3.3325708802757585 -3.365990353139761 287 289 284 250 
0.3688651174575882 2.873874359459076 -2.7321547362909926 1.113944295620936 -0.34581244995695243 3.3323923347671376 -3.449731111137638 291 288 286 249 
0.33240104078054056 2.7881059017969765 -2.746394600612401 1.1168645637152088 -0.37638827718714624 3.248470909218047 -3.4726554525968965 328 289 287 292 
0.4130134669071307 2.7757074294260837 -2.875730116455117 1.1070978880568771 -0.4493367139823731 3.2432323915244727 -3.383090439059111 325 286 288 326 
0.2419379931826513 2.9162234258576856 -2.6144814114888324 1.1204324482556487 -0.17319821312035033 3.320938468878146 -3.5707500334498246 293 295 291 254 
0.296656855073837 2.8947996615758718 -2.655654192755564 1.1186780563589602 -0.26446691130934896 3.3275360686371425 -3.518484660922686 290 292 287 252 
0.25934969416998904 2.8080218693949486 -2.6697611414294524 1.1230098113080385 -0.287317308818049 3.2448454755560334 -3.5450834377495495 295 329 288 291 
0.20132342097336867 2.93425126330256 -2.592890185092977 1.1206958455229692 -0.07715319753779779 3.3141227647325495 -3.607476676667302 256 296 294 290 
0.17349880970645623 2.844546773288066 -2.6120308689411553 1.1271223294966752 -0.08619834432144209 3.22789891049445 -3.6372050567939302 332 295 293 297 
0.20812250525450693 2.8282036449488634 -2.6309724452215493 1.125975047534009 -0.1889772795330108 3.2370321395716513 -3.599395316542192 333 292 290 294 
0.17652289135555257 2.9472861734277247 -2.5836711990074144 1.120171859476558 0.019704086316400457 3.3079403801959693 -3.6303218578631675 298 297 293 258 
0.1557446140037372 2.856416886563588 -2.6044656960798647 1.127213589318841 0.0169841057068679 3.219112137952672 -3.6603708500835177 296 299 336 294 
0.15896123670749968 2.955196588124858 -2.5798649693652775 1.1197534303368024 0.1148844065563083 3.3031058718023596 -3.641134907747805 300 299 296 260 
0.14617374434748417 2.8643886365382643 -2.601103920112876 1.1272682144113368 0.11773669292414198 3.211878727220159 -3.6708935262576534 303 338 297 298 
0.14343850493890994 2.958865977262285 -2.5789659307771253 1.1196537017810304 0.2072637677447941 3.2993912655983664 -3.6415494190087703 298 259 301 303 
0.12554151666034286 2.9591883257326796 -2.58024150492737 1.12024411146798 0.296894731138142 3.2966032432851913 -3.6325046642144034 261 304 302 300 
0.12537768455784218 2.8704158320389355 -2.599738857703539 1.1283558919391028 0.3089841547058572 3.2033641693554724 -3.6599671987784914 305 343 303 301 
0.13674464820691024 2.869019322004714 -2.599640954899248 1.127513653872689 0.2149268491407661 3.206616320598066 -3.670436321213656 302 340 299 300 
0.10619984019623073 2.9564917483052686 -2.584150300683337 1.1212931483577666 0.3842074168994611 3.295253705475 -3.6140877290915583 307 305 301 263 
0.11220587963529362 2.8688591503097816 -2.601998982240154 1.1294783428523205 0.40062077906520116 3.2022523127249762 -3.6397257151958735 308 342 302 304 
0.059839235572204164 2.9412548112109054 -2.605232744419817 1.123972763890014 0.5509582030249565 3.2994498351753228 -3.5482686504084064 267 309 311 307 
0.09068952494540998 2.9514573405668934 -2.5897443601246817 1.1222758311797636 0.4692320043341641 3.2958142874548564 -3.5863061306970585 304 266 306 308 
0.10356809630087598 2.865679981761603 -2.6052307405572357 1.1300494987504262 0.48997568134007463 3.2035852747929696 -3.6097169263587516 311 345 305 307 
0.024870801269549447 2.927139696735942 -2.630735577987836 1.1249867471417092 0.6273456597475874 3.3068165154715397 -3.4990606060598877 312 310 306 269 
0.051930560193674376 2.849386048573485 -2.6382517479338796 1.1304085938935529 0.6574947501828294 3.21678386168031 -3.516559140894442 311 309 313 346 
0.08049794781300039 2.8587174443541112 -2.616998496040193 1.130889610525703 0.5762423877724194 3.2082391776727555 -3.5690395638076424 310 347 308 306 
-0.013260628407904256 2.9093527291656747 -2.670275104203856 1.1245784840979172 0.6960134384054223 3.3173366280532344 -3.438858088591755 314 313 309 271 
0.01909827217074613 2.8363523584978703 -2.673291930319388 1.128061507276975 0.7311608208828879 3.2289458837994003 -3.45210684301248 315 348 310 312 
-0.05150163498766895 2.8887621673315453 -2.7268239470154527 1.1225520036516043 0.7543705830215088 3.3300815340017254 -3.3683459864572027 312 273 316 315 
-0.014189912752199716 2.8177377891649433 -2.7254626719827075 1.1240194379286887 0.794075825559116 3.243799813061561 -3.3764341112144924 313 314 350 349 
-0.08470693639397935 2.866265758717126 -2.801218971567777 1.1192498675445606 0.8002282332130821 3.3429385908293625 -3.2891668863193715 275 317 350 314 
-0.11235070715441108 2.839117297660825 -2.9031310906505725 1.1179512602773884 0.8305882790450487 3.3537579107263857 -3.2061681955914527 321 352 316 277 
-0.19766199044313804 2.927267045816776 -3.0695558788896538 1.1281102656512156 0.8031723785612872 3.444888702713027 -3.066280912876668 320 319 279 
-0.19913603335219157 2.943091006717796 -3.028002672965302 1.1240906207972385 0.8018139400668867 3.440930050111498 -3.1313667122330986 280 318 321 277 
-0.1295830651233424 2.790184313375304 -3.058370215075235 1.1347457418960056 0.8473185616498428 3.36470488379458 -3.0590390494936885 318 355 321 
-0.12784668487324152 2.808453805128552 -3.0015527883254185 1.1272518062106212 0.8445138404198883 3.361322822859601 -3.128318256253399 354 317 319 320 
0.4921135244117184 2.8741169588163067 -3.1835234463207285 1.0666360707046167 -0.476185288785733 3.3096295351015 -3.104047935361715 281 285 324 
0.46465284057765915 2.7861453901094233 -3.148201819249533 1.0766477989347567 -0.5162420668021022 3.2222368273606103 -3.1924691728805197 358 324 285 325 
0.46177054100021914 2.794661933538012 -3.1911871176484556 1.0714964922225008 -0.5163515183726011 3.219023483077676 -3.106739486964991 322 323 357 
0.4595028223356448 2.7771116393624617 -3.0306353915303696 1.0915771772079086 -0.4967504041430544 3.2314602846376363 -3.285477684183034 284 289 327 323 
0.4085813274862689 2.766820832515934 -2.876948229553856 1.1063884709423828 -0.4821750012895781 3.1509682664718777 -3.403021829680043 328 359 327 289 
0.4623785806091218 2.7846232177287935 -3.032884820689379 1.0908820900991656 -0.5360916669909324 3.1267778725234643 -3.2953670234693 360 358 325 326 
0.31871594889515503 2.7647864132700426 -2.7473268504302433 1.1164014396762076 -0.4031688989895858 3.1628640873918235 -3.4962736482641676 329 331 326 288 
0.24081082210083177 2.779681100793594 -2.670897947747436 1.1233961014618108 -0.3084487592617293 3.1612788728997696 -3.57041821484963 330 328 292 333 
0.23418487149254855 2.7980152216226366 -2.6582380406388273 1.125030024923903 -0.32615021716004755 3.077661636135241 -3.5898992546014656 335 363 331 329 
0.31553847212640734 2.7792546699281386 -2.736607602544015 1.117082133568444 -0.42190217443435196 3.0782977584609155 -3.517057561991838 361 359 328 330 
0.1583955964334428 2.8161458891397557 -2.6169115081696086 1.1281548772771819 -0.09564864583559593 3.1414192085823966 -3.6642954262133336 336 334 333 294 
0.1898416027261285 2.7990468854952604 -2.6339416948464764 1.1268670141403658 -0.2044104692645768 3.1526663539130784 -3.625848626934349 332 335 329 295 
0.15162010701120512 2.848356312149275 -2.6035932892062883 1.1316748198418562 -0.10726701673190273 3.0531809592329244 -3.6834570169492125 337 364 335 332 
0.18216792562532708 2.823972750658626 -2.6207492698038672 1.1293924459010327 -0.21947839876937558 3.0675394309538575 -3.6451077243477696 365 330 333 334 
0.14352952428607715 2.8295163582695877 -2.6102330525823674 1.1282394140287002 0.013384674759915699 3.130227111719159 -3.687444685294317 338 337 332 297 
0.13630211170358686 2.8678586422132217 -2.5963888970606903 1.1328702081329662 0.005569960160739339 3.039235074290851 -3.706119336245538 336 339 366 334 
0.13764698761879826 2.8396488531258997 -2.6070871282451042 1.1282643096987353 0.11918816111255355 3.121172546541495 -3.697256861185476 340 339 336 299 
0.13094711474097506 2.8818842732750833 -2.5931446427260565 1.133845656091985 0.11513578864867889 3.0293215603161707 -3.7149847206105218 341 367 337 338 
0.1312627335704137 2.8471798312539596 -2.6052100388517436 1.1284472658581621 0.2205082888194026 3.1153275967321017 -3.69556139705776 303 343 341 338 
0.12395986433487899 2.892317155336983 -2.5910779918773854 1.1349293233521545 0.2203089658921889 3.0242915090853275 -3.712046994456175 339 340 344 369 
0.11376257606646063 2.8526989432194876 -2.605696141304924 1.1298668615363294 0.41403670671487314 3.1118758939745406 -3.661510524108867 345 370 343 305 
0.12413109382444777 2.8516263750397823 -2.6044703604691706 1.1290101197737072 0.31847335376689845 3.1123813763793184 -3.683513463427879 340 302 342 344 
0.11812437429688633 2.899101356637834 -2.5901127507745416 1.1359311317383478 0.3224079695030028 3.0223480053326233 -3.6985922804360456 370 368 341 343 
0.10795984072135176 2.851312261503083 -2.607716174621457 1.1301009706606513 0.507029444976455 3.113882136271611 -3.6296668859165298 347 372 342 308 
0.060177175967757984 2.8352956873975597 -2.638229040626289 1.1300530467027212 0.68363744653847 3.127279589238647 -3.5316076075944416 348 374 347 310 
0.08658674133263851 2.845350337428561 -2.618271518370373 1.1307786856008046 0.5972407539776241 3.1187759528685413 -3.587004503531 346 375 345 311 
0.030614067015200332 2.8198493793218486 -2.671388688835925 1.1272111521444532 0.7635708362191437 3.1399465816182843 -3.4624305066167462 349 378 346 313 
0.0002687157363542447 2.798347021778089 -2.7214860485096555 1.1225000023104545 0.8323463634104118 3.1557178869380964 -3.3808146092008315 351 380 348 315 
-0.04247107268575462 2.793204542835839 -2.795655634692284 1.1191489489095126 0.8431404989953297 3.258859845997946 -3.292299808988569 352 351 315 316 
-0.02833400465562169 2.775283406216071 -2.7889563372401707 1.1176676961034557 0.8850877938928612 3.1712692548192862 -3.2919872923415125 350 353 381 349 
-0.06587105526141258 2.764831165493658 -2.889973299099826 1.1164576000178816 0.8755215977745087 3.2713965718401665 -3.20511504390249 354 353 350 317 
-0.0558522729009457 2.7534474574223577 -2.8820606267552815 1.114917995444004 0.9188487192631136 3.1852573399702853 -3.201277308725675 356 382 351 352 
-0.08278371021296908 2.7372071673174583 -2.983390751145259 1.1251638101635726 0.8907367227249096 3.280486122049981 -3.122364881926001 356 352 321 355 
-0.08956566924508598 2.71927369514808 -3.055489391365421 1.1357823989235398 0.8937405558459934 3.2845989110592426 -3.0477315867663473 383 354 320 
-0.07769462208175756 2.731528224251634 -2.976896208039665 1.1240599937374338 0.9341994902825417 3.197123983242585 -3.1138204040178348 383 384 353 354 
0.4588992935598942 2.788493112509723 -3.195839793867351 1.0713910065237602 -0.5506139304840576 3.1303120022976816 -3.1066333098410204 358 386 324 
0.464137844553736 2.785572963875695 -3.1548803565374928 1.0761198505887257 -0.5560497328628965 3.117607507273789 -3.1934334811563265 323 327 387 357 
0.4102543994828784 2.785196803506849 -2.867837293417297 1.1066112135647395 -0.49986656160498666 3.063225761150779 -3.427616067587646 331 362 360 326 
0.47357859578185485 2.84034640250569 -3.0110009946948626 1.0936136985826073 -0.553480107428022 3.028033511375442 -3.326411116670015 389 388 327 359 
0.3241140398171667 2.9211037284486743 -2.7059712213062768 1.1210897615445254 -0.42871341127854523 2.995575883834528 -3.530432200160282 363 393 362 331 
0.41283318575353817 2.9399775220731557 -2.8211680610094327 1.1114972552099822 -0.49850787613141073 2.9796982714888074 -3.4526446456571995 391 389 359 361 
0.24425341324723773 2.93727481826542 -2.634447247611856 1.1293416385014585 -0.337639550856374 2.9953859779151966 -3.5979507377504545 330 365 394 361 
0.16135204452981758 2.996632578689636 -2.5880523203531234 1.137792724353978 -0.12101499133754864 2.965402329764123 -3.6873293946459196 366 395 365 334 
0.19275723633815386 2.966360423774662 -2.601745744206243 1.1344175915314463 -0.23280397231850616 2.983317289821998 -3.6506298021669297 396 363 335 364 
0.140936028306911 3.023395045135316 -2.583104998962427 1.1401452957726004 -0.007230826343236076 2.9481487341136874 -3.7086640819488585 367 397 364 337 
0.12802955917843872 3.0439906483746224 -2.5821281686618485 1.1419718235099514 0.10496470914079506 2.936902666615733 -3.7165223902122206 339 369 398 366 
0.11266606350629307 3.070041384797194 -2.5836552622900517 1.144363677439846 0.32058115377417373 2.9317659493440456 -3.6982244803559436 371 399 369 344 
0.11653508093723182 3.059635525686372 -2.582561755962996 1.1436603148956603 0.21420450021803672 2.932581364662803 -3.7126835744085094 400 367 341 368 
0.1078242138962647 2.902391570952288 -2.5910491709461443 1.1370349387303875 0.4217469391919484 3.02240009762704 -3.6751558945083493 344 342 372 371 
0.10197455710482767 3.0761083988256175 -2.5860438286246406 1.1452589914410658 0.422932301364477 2.932712046190072 -3.6738326752638493 370 373 401 368 
0.10270706493670118 2.9021856496117984 -2.5927356089534657 1.1370678863010255 0.5177750170105049 3.0247504222454067 -3.6420218703020626 375 373 370 345 
0.09489883641128516 3.078344991762651 -2.5886807830823813 1.1452876285902276 0.520241306461843 2.9356023057024045 -3.6402392061458273 371 372 377 403 
0.051021046425565215 2.8901686299775804 -2.6234830985391335 1.1363540389583218 0.7018647360083338 3.038406254805836 -3.5403558182319417 376 375 346 378 
0.07997883023065795 2.8980784965124275 -2.6031213467089436 1.1375536376345614 0.6111579079441929 3.0299248109782617 -3.5979668647160374 377 372 347 374 
0.03396517758386538 3.0792830239171445 -2.6225254563663554 1.1454769958919975 0.7048252336695533 2.9500203723221485 -3.539216794262299 374 379 404 377 
0.06674918486489946 3.078800271643465 -2.600718257961399 1.1463834599792904 0.6138707702342538 2.941681109747526 -3.5963696701094543 402 373 375 376 
0.017448009280299145 2.8782970855311576 -2.6583659873588306 1.1324076590361567 0.7874550415962963 3.050643351740715 -3.4672296686033452 348 380 379 374 
-0.005503255704575005 3.08007624058016 -2.662034688751822 1.1409090770923382 0.792180711236022 2.958990333239411 -3.465084788039113 406 405 376 378 
-0.017633089083514623 2.8628268693960286 -2.7108566394494207 1.1262002869485146 0.8620295553179897 3.06464643827858 -3.3803005823133603 381 406 378 349 
-0.051012028567561075 2.8472621913827525 -2.7796633345288675 1.120719842379265 0.9183635174741729 3.0787293506828353 -3.287121143679101 351 382 408 380 
-0.08174864925529451 2.824178957311164 -2.882226361623737 1.1159911637034918 0.9531322642568525 3.0955313218385334 -3.1919979248114507 353 384 409 381 
-0.08861993025213397 2.7144680830774166 -3.059698335647574 1.1372749107237483 0.9361618078292848 3.2034888449065617 -3.0347660713818785 385 356 355 
-0.10045025684106913 2.7951438500882517 -2.978015635268481 1.1230090119377667 0.968122117223489 3.1121094969147283 -3.099334263953801 385 410 382 356 
-0.10867134675001187 2.7666062147691175 -3.0693173284855404 1.1368617896432094 0.9673784343007829 3.125155666289095 -3.016530658603286 384 383 411 
0.47590042162854534 2.8959259955172647 -3.2388065929180163 1.0677577238201041 -0.5705565256177787 3.051860919099375 -3.1049434639046503 387 357 
0.4897795542507265 2.9105386945223635 -3.1783890127918895 1.075831489237659 -0.5789004649712497 3.015182864161761 -3.1743884313564203 388 412 386 358 
0.4950601374527572 2.9372185401844977 -3.130684050494357 1.0818248134516177 -0.578153089334627 2.9577853374179655 -3.241444471211861 413 387 360 390 
0.46281742680612387 2.9916546907753574 -2.929053188990247 1.1026790104998638 -0.5433613842400353 2.942658728601586 -3.37226670913675 360 362 392 390 
0.477894213284264 3.0463848649584273 -3.012362690710662 1.0942660053060562 -0.5635277375361245 2.880122278767253 -3.2956005649056075 415 414 388 389 
0.37090501756642696 3.129175873636715 -2.782348100843021 1.1175360970125467 -0.4788206464738688 2.902585119855798 -3.4695695473399892 393 417 392 362 
0.4004354267869978 3.1550595192737036 -2.8436710508257153 1.1126215902665713 -0.5142628582930695 2.8664172863716066 -3.4043825513677684 389 391 418 415 
0.3023442818197722 3.1130008953341273 -2.695229040428301 1.1252981498481216 -0.4201939178327963 2.9173721105259434 -3.5332322990137155 416 391 361 394 
0.23961452407146602 3.127318018798684 -2.6431484772408886 1.1325497229853532 -0.3389105049155097 2.915406641166311 -3.591112661084982 396 419 393 363 
0.17078487851427723 3.187859568719987 -2.6178333677772114 1.1405310053293447 -0.1330553948127798 2.882251461706742 -3.6713613848023283 397 423 396 364 
0.19907679212452503 3.154596271773665 -2.6230820999725264 1.137017364341102 -0.24098682163711221 2.9018317663589155 -3.6381266202004228 422 394 365 395 
0.14893998695824295 3.220821885065464 -2.620283487610517 1.1432765207259274 -0.02015842061796684 2.862137063414468 -3.6900919594013155 398 426 395 366 
0.12630797130123889 3.248979948116858 -2.625553982229999 1.1457838204742523 0.09332930641893078 2.8479438052798822 -3.695871273832812 367 400 428 397 
0.1144739710568613 3.2805915794055935 -2.636893167980723 1.1469628451986655 0.3131611180556833 2.842453562567595 -3.6755897192251106 401 429 400 368 
0.11145878941936009 3.2689108050072053 -2.632136462108807 1.1473084764601624 0.20468200849822948 2.842542976715378 -3.6906821351200008 430 398 369 399 
0.10936153657935246 3.2848801232806215 -2.63942097295854 1.1474510317630202 0.41701696025692403 2.844778825099822 -3.6510376904246833 371 403 431 399 
0.07246864889526819 3.27738412492746 -2.6497317591345575 1.150913806186877 0.6048420497576278 2.8563979199505978 -3.5767799191541365 377 404 432 403 
0.10627566688427668 3.282108334604949 -2.638910306304111 1.1478060965604733 0.513860258940519 2.8485182569814596 -3.6180520355524934 433 401 373 402 
0.04806913519052678 3.2729960484115908 -2.6628167324120176 1.1516338234567023 0.6918535394830488 2.8672027875544313 -3.524640774188613 405 434 402 376 
0.012393574788630868 3.2704661190230477 -2.695670951231046 1.149314641438583 0.7728068310556047 2.872435085653886 -3.4568677397149665 407 436 404 379 
-0.041010677158450554 3.0789742441188466 -2.7134838690331895 1.1341096370192099 0.8725747486291007 2.965383377529275 -3.3704178705366012 380 408 407 379 
-0.01226771594666296 3.2754316282935942 -2.7290616901218354 1.1480762372004267 0.8434286467015878 2.86383832757641 -3.3689735223345503 465 435 405 406 
-0.0819437967346184 3.061115274047706 -2.794837143656554 1.1268794350683378 0.9344591578105556 2.9795601416448987 -3.2681486339450583 409 438 406 381 
-0.11489062669340253 3.014471965219085 -2.9123647105234025 1.1175918105652132 0.9704728017981901 3.0065427340971755 -3.1691899228890357 408 382 410 437 
-0.12921569688504245 2.973229189532369 -2.9999382143460482 1.119811481456512 0.9848097068116214 3.0326011935014194 -3.0753808333439743 384 411 439 409 
-0.1361311094418719 2.9204608437961546 -3.1115998935613396 1.1336488251719083 0.9816784535100288 3.0561659481175876 -2.991772722598408 440 410 385 
0.48384277757045346 2.96145958835718 -3.224337544877187 1.0703997007525663 -0.5813626880421248 2.9265984152556017 -3.1423072752960874 387 413 
0.4889921609918344 2.984279096785679 -3.1788132539383325 1.0755058739109125 -0.5779268599673474 2.865569392843335 -3.1844229576990304 388 414 442 412 
0.4769819601234719 3.0601734472894053 -3.0437244780016934 1.0891992742962464 -0.561353523047426 2.796688126930282 -3.227626322546082 443 441 413 390 
0.4126784692535918 3.1750779367014648 -2.8901888091944414 1.1076138843155265 -0.530537809744182 2.8086698411825664 -3.3358946530222924 390 392 444 443 
0.26302775524816324 3.2686304299053304 -2.7175524488028002 1.127606501350342 -0.40323790313702046 2.8516572189314706 -3.524569992336889 417 393 419 421 
0.30514869386134086 3.2666677781066555 -2.764266036338629 1.1222739443443412 -0.4468628213111382 2.840596417825413 -3.4786973303058355 421 418 391 416 
0.3131126583248942 3.265515482653925 -2.7747467663323424 1.1209221894459631 -0.469123653105326 2.803351490811893 -3.4289547706103516 392 417 446 444 
0.21692130047860855 3.289909326634695 -2.686832549553535 1.1335118320875612 -0.33241976372622095 2.8419048072451725 -3.569316686651172 420 416 394 422 
0.19724881747217085 3.3574047267694427 -2.7144454050804327 1.134170589467459 -0.3273961414079475 2.7780911308514944 -3.5343320871740165 425 448 421 419 
0.24549968139611997 3.3242642602947052 -2.7365998996822385 1.1275879403843776 -0.39766476148034313 2.801445232529087 -3.4996141660713977 420 446 417 416 
0.18593391318062258 3.3175305763098497 -2.6791286907827057 1.1374447576811115 -0.24313170666934358 2.8256005373319573 -3.608240559316013 419 396 423 425 
0.16546878537875181 3.347853715123175 -2.683880174865697 1.140466708223764 -0.14076922580133247 2.804863453439818 -3.636251197211363 395 426 424 422 
0.14777962263181613 3.4102748636323446 -2.7186849456273583 1.1414110927029824 -0.1435764525635484 2.7332835881575033 -3.5875060575930995 427 449 425 423 
0.1662949045569479 3.383511125409873 -2.709786923262713 1.1386331406974326 -0.2416760614147849 2.7564225427550975 -3.565767352224606 422 424 450 420 
0.15068743280439983 3.3768035260467117 -2.694809346927633 1.142452414962315 -0.030530083984138662 2.7826478880389334 -3.6507945776244077 428 427 423 397 
0.13641927975037316 3.439153935208962 -2.7375619019749267 1.1424714832522602 -0.037798822768077736 2.709392240647034 -3.5961313364319203 452 451 424 426 
0.12380591901021278 3.4049341037038423 -2.706434057600303 1.145305768960612 0.08132256781065848 2.7655404122046656 -3.6528278860227057 430 452 426 398 
0.11972522856059857 3.435062464296198 -2.726197581253479 1.145447266308353 0.2994046038071845 2.7560915421871948 -3.627837156807632 431 454 430 399 
0.10711436433271256 3.425302583385474 -2.7194420291557933 1.1465797982075112 0.191169826259485 2.75740285812306 -3.644576075630865 455 428 400 429 
0.12963401784207626 3.435078264289766 -2.724399818916607 1.144905354987505 0.40474151438064093 2.759155334426174 -3.60336846945959 433 457 429 401 
0.09402357190115306 3.4125824819367616 -2.719551643323424 1.1503789847802652 0.5893757043069039 2.776394179373285 -3.537339558111059 402 434 458 433 
0.13832189635162373 3.425433020745523 -2.7141548738582872 1.144800206081507 0.5012492529188706 2.764328428321286 -3.5725673343066227 459 431 403 432 
0.07447767362942631 3.398541136551436 -2.7198096380977725 1.1520864097572086 0.6708406907237532 2.795769920597596 -3.4974876206453267 436 460 432 404 
0.05422043517454243 3.3743562054041982 -2.7169679312819084 1.1526867450202811 0.7761989251185328 2.7745479882964226 -3.3820955085267665 407 463 461 436 
0.057827438248695746 3.383411246798497 -2.722746348152828 1.1517097848186777 0.7332345764281525 2.7990812523972246 -3.4476396126026763 405 435 460 434 
-0.11705031349820287 3.1123941603510126 -2.9485405071531905 1.121271272905134 0.9698731172635534 2.9160191979482475 -3.127108259890409 439 469 438 409 
-0.08521378954528461 3.1691371965697286 -2.838112453728082 1.1309868115199637 0.9363272919363002 2.8752123808641787 -3.2149722096689666 468 465 408 437 
-0.1302320935451678 3.0754820751042775 -3.0284282626902623 1.1222988556868867 0.9837696946206795 2.9552924326920915 -3.0439675211084145 440 472 437 410 
-0.13792563412601466 3.0269781949731986 -3.146522241282767 1.1353036546884447 0.9820590220689579 2.9928025452329794 -2.9711454533413044 439 411 
0.48286387959754773 3.037203844076611 -3.047756404739619 1.0879763112256888 -0.5423759082466455 2.7069628462479614 -3.1876314443908207 475 474 442 414 
0.4826225944493193 2.999882034977764 -3.2202030198550275 1.073171214758777 -0.5624379592610482 2.775823009871492 -3.147161946697877 441 413 
0.4223324921804359 3.1512591527901646 -2.889766614066643 1.1079057765693463 -0.5285665062387352 2.7351830399698356 -3.2719360062403364 475 414 415 445 
0.32581573964173904 3.2651720474990147 -2.7959729400213256 1.1182660630449441 -0.4809615960831927 2.7504195902688773 -3.3712860803375264 447 445 415 418 
0.3522816867190182 3.181869735604565 -2.7454768831317073 1.1261711820365905 -0.48077264767321215 2.6903588747707614 -3.3195645054162495 477 476 443 444 
0.2437088645967455 3.321279197218713 -2.731966606135924 1.1282509299092296 -0.40676467399601063 2.7557237112675166 -3.4578131473649147 448 447 418 421 
0.2507521913666603 3.3033011422709557 -2.7216714751391136 1.1296208798884109 -0.41528744377179994 2.7057903707940296 -3.408701629127834 479 477 444 446 
0.1890345110756143 3.3560941089591294 -2.70567588001938 1.1359515062595158 -0.3297721311816308 2.7218343830116405 -3.490221962002061 446 420 450 479 
0.12595282292810733 3.4054939754305655 -2.7018331067143917 1.1456036163736756 -0.14699116200031329 2.6681520311909743 -3.5323612276060756 424 451 483 450 
0.15105373616431716 3.381491258060223 -2.6967402743384725 1.141722305504438 -0.24262346398204296 2.6946372119120396 -3.5170424423636417 480 448 425 449 
0.10552544368020472 3.43153540878678 -2.7175952463453275 1.1477499055611253 -0.046355608724407624 2.640971582620542 -3.532565123154135 449 427 453 485 
0.10850178455158606 3.4712108534231905 -2.7592833771907683 1.144882983394432 0.06807087835712841 2.689826986132359 -3.591904019680162 427 428 455 453 
0.06736745645252958 3.4616699713261805 -2.740363158480407 1.1506009354049258 0.0505601071620581 2.6172138243419565 -3.5182746503906417 452 456 486 451 
0.1212407603337062 3.5031060517015007 -2.7908244142289442 1.1428230840629665 0.27805110261677657 2.6724181956263546 -3.5554648499034838 457 487 455 429 
0.09766035892288556 3.494131003079077 -2.7818778985795456 1.1448464818031514 0.17167406528810075 2.6775133488249776 -3.577119036669823 456 452 430 454 
0.05971484468731975 3.4815137009354693 -2.764922389243907 1.14952799630566 0.1458751813930698 2.6017208484648147 -3.4956125745021573 455 487 488 453 
0.15032869231635995 3.5022682945795465 -2.7855589050628105 1.1407117214286218 0.38691007650194437 2.674620573908809 -3.5294251034144883 459 489 454 431 
0.11869548212478433 3.465860488196381 -2.75929967167106 1.1461414609648688 0.5796831557353652 2.7068787295921974 -3.480753004449844 460 462 459 432 
0.18335591449135977 3.491675258472869 -2.765315003185261 1.1383748630161699 0.48725066650967436 2.6841399951173823 -3.504242704235251 433 458 490 457 
0.09538639750609391 3.43685032133592 -2.74148691180582 1.1493846817774886 0.6675240480437524 2.744149085418271 -3.4559172719438997 461 458 434 436 
0.10815380473897113 3.413083271752869 -2.7053876759899707 1.1507372822975372 0.6879729941061956 2.702806904838171 -3.396940692944396 460 435 464 462 
0.1410414441690188 3.4337422080116187 -2.7090442655324547 1.1471984242484998 0.5863319868890902 2.6458467387627147 -3.409774663285653 461 491 490 458 
0.07061724251899545 3.316044990815764 -2.646139250301334 1.1534148383226592 0.8036133896641214 2.7264472426926627 -3.3091369867784373 465 467 464 435 
0.13332449633774895 3.327990927069967 -2.598740492679379 1.1529669374088116 0.7105304803868353 2.654835184221958 -3.3319797530588353 463 492 491 461 
-0.009355273341191704 3.259823109611063 -2.713928977820836 1.148344704788851 0.880318252411125 2.8098303250000076 -3.2771636430754456 407 438 466 463 
-0.018433143911260844 3.2222108245994456 -2.700666599810651 1.1464015089333401 0.8840089103130397 2.723091074695298 -3.195752675295047 465 468 496 467 
0.06166260959341468 3.2505597232810897 -2.597844077901943 1.1534899462615105 0.8159555912095984 2.6688609516538224 -3.2449588256405715 494 492 463 466 
-0.0917693556742849 3.1290756913552107 -2.8320372524444264 1.1271006973403719 0.9313465074147258 2.774860679452274 -3.1353875711200194 469 471 466 438 
-0.12037079118869 3.067943823565713 -2.937953950244369 1.1170480902499356 0.9598169780109912 2.825393249013776 -3.069891898640616 437 472 470 468 
-0.13751251768425213 2.9859263194031587 -2.8971908928073695 1.1200282780708106 0.9467798610846488 2.740881329998338 -3.019590267231602 469 473 499 471 
-0.11989709538517056 2.996817673054171 -2.7573735806301145 1.1332964591436885 0.9216060780270194 2.6896834991202234 -3.0766005807643713 497 496 468 470 
-0.128816223657215 3.044580347121201 -3.0015578296415195 1.1170675134886865 0.973594046509872 2.8745092795036844 -3.0074746988277505 473 469 439 
-0.14158306671254925 2.9802692699575912 -2.9419430144590906 1.120098552202481 0.9619486710637677 2.79851412155843 -2.9736218596068715 472 470 
0.5177929498516398 2.782390087559966 -2.7813838790009906 1.127250758576457 -0.5256593668348212 2.626323518307262 -3.174928071592869 441 500 
0.46668844642783086 3.015583496177981 -2.8303756676685237 1.1198438604806529 -0.5134615604922184 2.659166178398659 -3.234966447500031 476 500 441 443 
0.4115585142484538 3.002978285220809 -2.664681478565232 1.1451392566649492 -0.4749455509720475 2.629402140808926 -3.2838800994341595 445 478 502 475 
0.2807888209297934 3.1806723518073876 -2.6310817946266845 1.1433672220265014 -0.41862692880924596 2.653813243286059 -3.364269894911934 478 445 447 482 
0.3155966109496139 3.014744689989219 -2.5275765395178054 1.1659501242177457 -0.42006177328712296 2.598165836822394 -3.3287163567573086 476 477 503 504 
0.1912462175044426 3.3241504488160967 -2.6747919562898135 1.1399294075777218 -0.33721325249105805 2.670815737842352 -3.4428792917414612 447 448 480 482 
0.1425801658880188 3.3451715132590887 -2.653623949602644 1.1474503774580733 -0.2507820071763708 2.6409227704229603 -3.4674879777602547 450 483 481 479 
0.13022905117957786 3.1993240770168754 -2.5061682170580597 1.1704974476394534 -0.2628718235081553 2.586590909942656 -3.4207850681632284 482 480 484 506 
0.20618313879142097 3.1844592917928947 -2.552948739986799 1.1583732977569015 -0.34493288709266684 2.6195974900355226 -3.3990340025058607 481 503 477 479 
0.10197304474377425 3.3709171968827314 -2.6531894944143324 1.1525012151954281 -0.1581388428282638 2.6112864582417847 -3.477587430571067 485 484 480 449 
0.04293094215803789 3.230115150075585 -2.4854942972481955 1.1809144709048414 -0.17614814982340096 2.5526240814353973 -3.425419202743495 508 507 481 483 
0.06420428503470588 3.4019917147628655 -2.67007278154594 1.1553936258047748 -0.062153613082945536 2.5792434138869904 -3.468503477654426 483 451 486 508 
0.008637844041466483 3.4393963373436955 -2.7035984473054246 1.1582842198875225 0.026502214201964584 2.5440538036266416 -3.433912528764841 485 453 488 510 
0.1044926479235614 3.4878429373773603 -2.771586791002954 1.1458324974772882 0.25055329372701346 2.59609369392373 -3.4715600800139836 454 489 511 456 
0.010585291341630639 3.4474483544156254 -2.7190196133332387 1.1552289916488698 0.12104015523730485 2.528126328487165 -3.4048382843799248 511 533 486 456 
0.15465905516780254 3.48288162343292 -2.757938381235922 1.1425509862174799 0.36198654428905913 2.598737267250929 -3.4467797002654423 490 512 487 457 
0.2215630565230799 3.464107174866949 -2.7175298776746013 1.1392716370350109 0.4759501237768314 2.6109534279503666 -3.4238006146303412 459 462 513 489 
0.19412452869055546 3.332604790596525 -2.5667459839603133 1.1507846940210713 0.6081663065790437 2.5906417124655032 -3.3392616163839586 464 493 514 462 
0.13750577380480755 3.227002591778937 -2.504088501629679 1.1555274772576083 0.7303892788254889 2.6095170222152007 -3.2775207500879553 467 495 493 464 
0.23532052723923128 3.230899763499137 -2.4497242669130004 1.154255866275747 0.6327469489631281 2.544268999380459 -3.2851776964715174 491 492 516 515 
0.01854729117947074 3.0278525495437356 -2.471151513325295 1.161744411081376 0.8248091589208477 2.6055375729197254 -3.190243354592048 517 495 467 496 
0.1458023924634848 3.066416242532151 -2.376190044921813 1.163960403505727 0.7469352520587896 2.5574671796961574 -3.230397155759924 492 494 518 516 
-0.07475622293997923 3.0018090623528493 -2.604671376758374 1.151885299302101 0.8817280929345161 2.646340909293609 -3.1357180111431955 466 471 498 494 
-0.1393801384977028 2.776331229402193 -2.666204664453841 1.1337648009970889 0.9172613161031445 2.620976218697589 -3.0432592068911974 499 519 498 471 
-0.09022729654918116 2.7953514939363675 -2.5133866205671214 1.1574758241223226 0.8827559029426363 2.5808941035332382 -3.100126041992014 520 517 496 497 
-0.1469647699931102 2.7762739091057624 -2.721344951490909 1.12537779438404 0.9398733222463269 2.6627233073377066 -2.9844026874030942 522 497 470 
0.5157051557443361 2.7755043161425808 -2.759416780807822 1.1324560968046196 -0.5012864531696737 2.5858748711561548 -3.2176021362957807 501 474 475 502 
0.45938329848231557 2.416736359611698 -2.523341970055968 1.185831825757495 -0.5067316952939805 2.5091390614892934 -3.2029193533651754 524 523 500 
0.45620448151971393 2.7642589822528008 -2.580465891835616 1.1683249904562503 -0.4714732119971042 2.560663580214327 -3.2591086096754163 504 524 500 476 
0.20991286747252197 3.0280570958141197 -2.429170025549906 1.1853140057045455 -0.35114956162533884 2.561740829633343 -3.3616741842006497 506 505 478 482 
0.32615429224036846 2.7910143724973566 -2.4039352734493797 1.1976932913923002 -0.42423723109701383 2.5321789165476067 -3.2990622091373796 505 525 502 478 
0.17223175933127338 2.832591432626779 -2.2778581834664555 1.227755902830427 -0.3615323448711284 2.493540670176838 -3.3286805155313317 527 526 504 503 
0.10013794506006765 3.0515623286521953 -2.3668291968023314 1.2028728895957395 -0.2757779233300468 2.52286503135571 -3.3780383165489787 507 527 503 481 
-0.03929275341732945 3.105858253573806 -2.340982606474872 1.2197179640711706 -0.20118583863435197 2.483867068750584 -3.3757744000878263 509 530 506 484 
-0.052456254605992896 3.2717168735941837 -2.49436005673783 1.1886295819348558 -0.0899935495685628 2.51614620755322 -3.4085714215984013 485 510 509 484 
-0.17883597746543828 3.181395193126443 -2.371416971010148 1.2300551529982813 -0.13182290022185505 2.448139800016896 -3.3559771814824155 531 529 507 508 
-0.22185645732129836 3.3497607867090053 -2.5649440474478697 1.2031138294164523 -0.018744717532745647 2.4779169782805797 -3.365881150313729 558 531 508 486 
0.08551407595930474 3.4598657575145677 -2.734484419744698 1.1477686917068066 0.22920857403112274 2.5334160172637303 -3.392719416420395 512 532 488 487 
0.1582661304019111 3.4600013522292983 -2.724963034845079 1.1430165004273178 0.3349339891029871 2.5374731848864513 -3.372426112638448 511 489 513 534 
0.23397382063021643 3.44338886667561 -2.685038284168708 1.1400291300782954 0.43911621590287836 2.5402695040851713 -3.3444859353762943 514 536 512 490 
0.36792480559903423 3.386707189879576 -2.571364360320411 1.144051388208017 0.5118670833286699 2.5215061902527505 -3.3016500887884224 535 513 491 515 
0.5297653024860705 3.2987180775356872 -2.4299388712457937 1.1626829114388102 0.5506919669491128 2.4820105484173416 -3.2550120738997546 538 537 514 493 
0.3132088411611116 3.0743455728579194 -2.289690132220709 1.167562310142567 0.6581864134299726 2.4949397640267663 -3.2403290190155323 495 539 538 493 
0.0026052581263345427 2.8002235132302102 -2.3637902497476215 1.1744573167121555 0.8338015181659726 2.536227233181964 -3.148440572123511 498 521 518 494 
0.1592821475853185 2.821748912691375 -2.2228592012757216 1.1879922980087072 0.7673000249735485 2.4887815413090117 -3.1853345620110862 541 539 495 517 
-0.12318931242725124 2.5688516226766778 -2.607104959279353 1.124300392440582 0.9225767084028942 2.5586470284287297 -3.016545618510383 522 546 520 497 
-0.0653676617636849 2.598252536688674 -2.425061625619196 1.1591276259301642 0.8897116392661659 2.516870982160398 -3.0745932391294852 519 543 521 498 
0.029206898379321514 2.6128077413217086 -2.2672957324434018 1.1905145511690876 0.8437551553609622 2.4701875919539997 -3.121996166977698 517 520 544 541 
-0.12377185078969045 2.574480055447533 -2.5972957614036982 1.12827571067959 0.942336836390268 2.601572954995121 -2.963379391100352 519 499 
0.34923101322300465 2.1187256945445276 -2.400420872833284 1.2266422612564298 -0.5276017264706558 2.4355277451632023 -3.1964515890981895 547 501 
0.44550623757708024 2.4197460918228075 -2.4814125145211516 1.1998978684297776 -0.48021915942024607 2.485084309766192 -3.240578553599607 525 547 501 502 
0.2708399782406352 2.488817748329522 -2.247512524014985 1.2516877117903853 -0.4399977961426266 2.4576756456934397 -3.2758362581586904 549 524 504 526 
0.06896231729452444 2.613237769260707 -2.1046653737393086 1.2951955715797543 -0.39009870114047906 2.421478604225496 -3.299314579293683 528 551 525 505 
0.020442470227941902 2.8979952726131306 -2.2136949117451743 1.2528989974679878 -0.29835362777028746 2.4532806609839204 -3.3393856822526145 530 528 505 506 
-0.08421779102277459 2.7605455196055844 -2.0781556358159046 1.3100631814795303 -0.34071101287473426 2.3888901322571883 -3.3068663427960487 527 553 552 526 
-0.27086524570220094 3.123474768054345 -2.292821958700788 1.2640922370782726 -0.18478459738312863 2.3899187994282345 -3.3173104660066257 530 509 557 554 
-0.15001217387480995 3.0124561064311473 -2.2191691529676008 1.267993045417337 -0.24124056808214267 2.417638462280844 -3.333964373639497 529 553 527 507 
-0.38685017295459034 3.3119548649983774 -2.512099683381726 1.2448659579116548 -0.07894149855290142 2.421602230252725 -3.32414933762861 555 557 509 510 
0.07685737182881444 3.5349023508581356 -2.835966337372006 1.1630272566668556 0.21989623778842798 2.4854403718817775 -3.311562746357063 534 561 533 511 
-0.025731443902235192 3.522665876095047 -2.828455909363451 1.1681619274382504 0.12242738025096327 2.4726301492462834 -3.313069275480666 488 532 562 558 
0.18788184418040027 3.5359695057908977 -2.817611863762957 1.158779695135009 0.30801890262017173 2.4886439609588358 -3.2940224499044164 536 563 532 512 
0.5049024793857108 3.4647551747637193 -2.648628387001765 1.1603016989494155 0.4426258521599593 2.4645825900626797 -3.230393021127979 537 567 536 514 
0.3056329421047818 3.521477623035093 -2.7699211467795397 1.1552835073850427 0.38247888107916367 2.4827219378664145 -3.265596850668804 535 568 534 513 
0.6697878410297363 3.4161230019987827 -2.568511754354182 1.17688908670323 0.4988769960823663 2.438947111941311 -3.1996598324920114 535 515 571 570 
0.6265268599871111 3.253916501194232 -2.3642689027986803 1.179164018722417 0.5910479073522205 2.4368000967336263 -3.211696821699576 540 571 515 516 
0.400146326818509 2.9746529420017858 -2.1786562192609398 1.1898372431725097 0.6939522140333508 2.4310215621253435 -3.193145269391209 542 540 516 518 
0.808325780350634 3.1557620996665685 -2.230561681913829 1.2290173601614758 0.6361820296719194 2.3829402475127575 -3.169073991241679 539 574 573 538 
0.2137135247070847 2.659555633257811 -2.093003567462324 1.2301446122954227 0.7948281025975441 2.4191921768715585 -3.1489218115906694 521 545 542 518 
0.506321872531514 2.877598482069678 -2.043661047621352 1.2422115428872427 0.7406016492121958 2.367118228152818 -3.150040280465274 575 574 539 541 
-0.027208102913353596 2.3962968815050476 -2.3646229632129105 1.1606071430828453 0.9076223989891322 2.4561830458681753 -3.048053043987022 520 546 578 544 
0.05260503862240282 2.510586488340909 -2.220464360404116 1.1979736932826401 0.8692121462376565 2.4110479149583766 -3.089625773101973 521 543 576 545 
0.16507493007714902 2.672183476953031 -2.1432640105153156 1.2158962915399973 0.8291019655813588 2.3611690702069383 -3.1119086653912094 541 544 577 575 
-0.05442353502341173 2.3551015064924457 -2.454779044931158 1.1390886509780482 0.9356012238646607 2.498384028342584 -2.9974707876867317 519 543 
0.35044971111226025 2.1236899785081182 -2.4036766755705044 1.2241421665669177 -0.5027022183750092 2.4135002401460555 -3.2311113993992127 524 549 548 523 
0.16558595778319377 1.7963607930566439 -2.3496399784955364 1.2568543627780675 -0.5391452158547845 2.349818352537393 -3.2298861595813038 547 550 
0.1395120409969348 2.1852746004223347 -2.116988694100822 1.313738914805951 -0.4709460723321116 2.3894801275350117 -3.261374521214142 547 525 551 550 
0.02535145479301505 1.987816472381746 -2.0783219786246336 1.338702521644881 -0.5152666690790415 2.3331936409423126 -3.2525855646706514 548 549 
-0.06754939229454665 2.4383510126698957 -1.9801117823838312 1.3512629229481055 -0.43377436608943637 2.3621341048596047 -3.2778707673744982 549 526 552 
-0.16033638637878653 2.528555372915374 -1.9634878615312092 1.3559700366524619 -0.3918326151196191 2.336661699346779 -3.2850099396227517 528 551 
-0.25748748488295814 2.9241303031474786 -2.114177197062305 1.316531652615006 -0.2914716531561088 2.363356304144517 -3.3039488342685663 528 530 554 
-0.34352485501239477 2.987798898480938 -2.152720656804994 1.3140335143625608 -0.24143486731112546 2.341712832715994 -3.291374821617061 553 529 
-0.4818677891313461 3.378693059673636 -2.6455780863615597 1.2460121280790444 -0.03663614525514185 2.40497422146523 -3.280792152732354 558 560 556 531 
-0.565521320419501 3.321666846257908 -2.5655466630288695 1.2747356825487204 -0.09228414131137275 2.362206670086889 -3.2571906334037846 555 557 
-0.4792833344546874 3.2827543219342665 -2.475278466614549 1.2716498798067044 -0.13324915753154853 2.372659905774488 -3.2919858693221253 529 531 556 
-0.3152562584996916 3.4464854309149584 -2.7254819490693194 1.2077818515471197 0.0319572958673703 2.4452806150064132 -3.3015044163808906 510 533 559 555 
-0.3155321701351713 3.4811066670363613 -2.823142174722761 1.1973880871430285 0.0722304096169626 2.426287004646115 -3.232312487506818 562 560 558 
-0.5196332854317233 3.4034844762380816 -2.7425762745506344 1.236958761211198 0.005052433784467158 2.3947929994692427 -3.227409912092665 559 555 
0.08461138636483767 3.603999121055428 -2.992857090010903 1.179901050152827 0.21609290852951518 2.456416530984486 -3.2273137497078412 563 565 562 532 
-0.04972439538577915 3.582677253143691 -2.9843672793526754 1.1798522869957158 0.1466782623747358 2.447336171301325 -3.232681461413764 566 559 533 561 
0.2417375321664591 3.6078247551400153 -2.9681765582972064 1.1769556872976508 0.28374795177109174 2.4582522413225094 -3.2110392813427406 568 564 561 534 
0.27575440613817925 3.6244415878133722 -3.0787432951531057 1.1791007836241096 0.26572463354646914 2.4477545950263506 -3.138323793997529 569 565 563 
0.11578663518018856 3.6219620792534055 -3.1148631603129253 1.180753284071407 0.21039043580864597 2.446456413171178 -3.1522341621047936 566 561 564 
-0.055899796133234314 3.598304002672304 -3.1249582113971304 1.1794506779163707 0.1599693339603719 2.440132543064312 -3.161178800755341 562 565 
0.6277788097906398 3.5376271960709307 -2.8218799084348265 1.1741489052247698 0.39923525526924913 2.4398632141629077 -3.167027328791354 570 579 568 535 
0.3872024928761896 3.5938757754432973 -2.9244632554269216 1.1726405410930176 0.34394700936502265 2.4535600622296023 -3.1900262585521624 567 569 563 536 
0.41693893053581793 3.6096605633619907 -3.0345404121085306 1.1735571756465208 0.3203795163752879 2.444110475416017 -3.119781607544434 579 564 568 
0.7141886514389129 3.47118468456106 -2.705330327670201 1.1705259430166053 0.4574201408628157 2.4187235826618396 -3.146184965535676 567 537 572 
0.8539314516552258 3.3225448151530705 -2.45814500261253 1.2015338156436493 0.5480470219785103 2.4040707998415574 -3.168279651497966 538 573 572 537 
0.9557522360791774 3.3430406941415796 -2.552680089421489 1.1990030708944692 0.5109037064402169 2.389400364871791 -3.125761247413563 571 570 
0.9530309479745364 3.2446726500482246 -2.3593319141253555 1.2311009389263905 0.5941100277039062 2.3612522322726734 -3.1368269543772955 571 540 
0.809894757266885 3.1242769000931285 -2.2000417259846614 1.2322286037319476 0.6882824142117048 2.3314629617668876 -3.1342543881180873 540 542 
0.4670473157549137 2.889460531324729 -2.080114989529707 1.2247796066138221 0.7887774385835246 2.319512393915136 -3.114376891533185 542 545 
0.04692774994854798 2.49861305807133 -2.227661031244719 1.1956675546893705 0.9019793673583938 2.364067537110896 -3.051378834032924 544 578 577 
0.15978171089262633 2.6408929358718107 -2.138420193893179 1.2146660422040931 0.8697658200306555 2.3200407630910314 -3.069287071325853 545 576 
-0.020284922327442473 2.376176842541496 -2.3565808279341645 1.1603780638610872 0.9318555686479147 2.40481272994927 -3.017782668519056 576 543 
0.7079948156751287 3.5507074287293054 -2.960012005299646 1.1770839359743057 0.37090166582912065 2.433247297868038 -3.1057740339653077 569 567 
